#dio - stats; calls; calls-DEV; calls\\\_event\\\_path; calls\\\_event\\\_path-DEV; calls\\\_process; calls\\\_process-DEV; discarded; discarded-DEV; errors; errors-DEV; handled; handled-DEV; incomplete; incomplete-DEV; incomplete\\\_event\\\_path; incomplete\\\_event\\\_path-DEV; incomplete\\\_process; incomplete\\\_process-DEV; lost; lost-DEV; lost\\\_event\\\_path; lost\\\_event\\\_path-DEV; lost\\\_process; lost\\\_process-DEV; returned; returned-DEV; returned\\\_event\\\_path; returned\\\_event\\\_path-DEV; returned\\\_process; returned\\\_process-DEV; saved; saved-DEV; saved\\\_event\\\_path; saved\\\_event\\\_path-DEV; saved\\\_process; saved\\\_process-DEV; truncated; truncated-DEV;
all; 206610145.333; 5078881.629; 13779644.0; 338595.616; 27.0; 0.0; 6.0; 0.0; 6534.0; 0.0; 55332382.333; 3782492.236; 10211111.333; 650965.711; 3405021.667; 217338.454; 0.0; 0.0; 154741433.0; 8618899.298; 10315976.333; 574294.056; 5.667; 0.577; 51868706.333; 3546368.094; 3463667.667; 236124.442; 8.333; 0.577; 51868706.333; 3546368.094; 58646.0; 19022.524; 0.0; 0.0; 0.0; 0.0;
tid\\\_filter; 24677791.0; 34899666.722; 3402153.0; 4811370.914; 1.0; 0.0; 0.0; 0.0; 0.0; 0.0; 24852612.5; 35146900.244; 3785237.0; 5353133.502; 2608578.5; 3689087.093; 0.0; 0.0; 2836167.0; 4010945.837; 391165.0; 553190.848; 0.5; 0.707; 21841624.0; 30888720.885; 3010988.0; 4258180.066; 0.5; 0.707; 21841624.0; 30888720.885; 402409.5; 569092.973; 0.0; 0.0; 0.0; 0.0;
orwc\\\_filter; 145011778.333; 3993272.779; 14506856.667; 399324.801; 27.0; 0.0; 4.0; 0.0; 1.0; 0.0; 55864655.667; 4047081.639; 0.0; 0.0; 4056273.333; 133549.816; 0.0; 0.0; 94230827.333; 7666178.12; 9423156.333; 766671.564; 5.667; 1.528; 50780947.0; 3679113.485; 5083700.333; 367966.891; 8.333; 1.528; 50780947.0; 3679113.485; 1027427.0; 480066.847; 0.0; 0.0; 0.0; 0.0;
read\\\_filter; 27250540.0; 23876.639; 6714217.333; 3228.836; 27.0; 0.0; 0.0; 0.0; 0.0; 0.0; 33964771.333; 26780.361; 0.0; 0.0; 0.0; 0.0; 0.0; 0.0; 0.0; 0.0; 0.0; 0.0; 0.0; 0.0; 27250540.0; 23876.639; 6714217.333; 3228.836; 14.0; 0.0; 27250540.0; 23876.639; 6714217.333; 3228.836; 0.0; 0.0; 0.0; 0.0;
passive\\\_filter; 0.0; 0.0; 0.0; 0.0; 27.0; 0.0; 0.0; 0.0; 0.0; 0.0; 14.0; 0.0; 0.0; 0.0; 0.0; 0.0; 0.0; 0.0; 0.0; 0.0; 0.0; 0.0; 0.0; 0.0; 0.0; 0.0; 0.0; 0.0; 14.0; 0.0; 0.0; 0.0; 0.0; 0.0; 0.0; 0.0; 0.0; 0.0;


#dio - operations\\\_per\\\_sec; AVG; DEV;
all; 126224.974; 3104.591;
tid\\\_filter; 148229.144; 14589.823;
orwc\\\_filter; 132889.845; 3660.478;
read\\\_filter; 124886.711; 109.622;
passive\\\_filter; 162189.46; 195.299;