# events called
1662509313 2962700
1662509314 986118
1662509315 7480102
1662509316 14642416
1662509317 17123876
1662509318 16339370
1662509319 16412192
1662509320 16825804
1662509321 17049888
1662509322 16894492
1662509323 16226586
1662509324 16097266
1662509325 16670408
1662509326 16158110
1662509327 17139776
1662509328 15633304
1662509329 16564408
1662509330 16236126
1662509331 15791032
1662509332 17032610
1662509333 15504514
1662509334 15498684
1662509335 16050308
1662509336 15780856
1662509337 16449398
1662509338 16414736
1662509339 14335758
1662509340 16814780
1662509341 16911028
1662509342 14084326
1662509343 16577870
1662509344 16186942
1662509345 17341070
1662509346 14491366
1662509347 16528792
1662509348 17394706
1662509349 15826860
1662509350 16709416
1662509351 13192336
1662509352 16869158
1662509353 17101298
1662509354 15563450
1662509355 16909968
1662509356 13123860
1662509357 16093556
1662509358 16487028
1662509359 15916430
1662509360 16776832
1662509361 17136596
1662509362 11922668
1662509363 15919398
1662509364 15679202
1662509365 16438904
1662509366 16746198
1662509367 17372976
1662509368 14013730
1662509369 13554962
1662509370 16712914
1662509371 17141048
1662509372 16728390
1662509373 17517984
1662509374 15948018
1662509375 16888238
1662509376 13349428
1662509377 13842752
1662509378 16800682
1662509379 15988298
1662509380 16956396
1662509381 17037062
1662509382 17173802
1662509383 16799410
1662509384 13724668
1662509385 12816566
1662509386 16520312
1662509387 16974946
1662509388 16560168
1662509389 16008120
1662509390 17668186
1662509391 16649526
1662509392 16360570
1662509393 17283406
1662509394 12971644
1662509395 12383132
1662509396 16977066
1662509397 16852410
1662509398 16734962
1662509399 15790608
1662509400 17135218
1662509401 16983744
1662509402 16777892
1662509403 16534410
1662509404 14963914
1662509405 13017436
1662509406 13110398
1662509407 16139878
1662509408 16757116
1662509409 16014692
1662509410 16410284
1662509411 16977278
1662509412 16892372
1662509413 16812660
1662509414 16563878
1662509415 17328880
1662509416 16682704
1662509417 12261232
1662509418 12236004
1662509419 15275024
1662509420 17159174
1662509421 16624934
1662509422 17495194
1662509423 16915162
1662509424 15636166
1662509425 17141154
1662509426 17060064
1662509427 16972190
1662509428 17111792
1662509429 15880814
1662509430 14606694
1662509431 12939314
1662509432 12084742
1662509433 15256262
1662509434 16017978
1662509435 17231996
1662509436 16695424
1662509437 16596526
1662509438 16916222
1662509439 15614330
1662509440 17231466
1662509441 16794534
1662509442 17144864
1662509443 17487456
1662509444 16059318
1662509445 17331848
1662509446 13297064
1662509447 13132022
1662509448 13180040
1662509449 14826962
1662509450 17183024
1662509451 17242172
1662509452 16738036
1662509453 17008018
1662509454 15898940
1662509455 16497204
1662509456 16839372
1662509457 16757116
1662509458 16538650
1662509459 15528364
1662509460 16927776
1662509461 16410602
1662509462 17338738
1662509463 16782238
1662509464 13707814
1662509465 12402212
1662509466 11684168
1662509467 12759220
1662509468 16555504
1662509469 15825482
1662509470 16714186
1662509471 16652494
1662509472 16273862
1662509473 16346790
1662509474 15556984
1662509475 15928408
1662509476 16072992
1662509477 17072360
1662509478 16628750
1662509479 15502500
1662509480 16845414
1662509481 16741852
1662509482 16541406
1662509483 16530276
1662509484 12052624
1662509485 12422776
1662509486 11825890
1662509487 11395106
1662509488 15958936
1662509489 15609030
1662509490 16433392
1662509491 16415902
1662509492 16095040
1662509493 16389508
1662509494 14818694
1662509495 16635428
1662509496 16185140
1662509497 16509924
1662509498 16411556
1662509499 15437522
1662509500 16617620
1662509501 16118254
1662509502 16352196
1662509503 16593664
1662509504 15671994
1662509505 16608080
1662509506 16735068
1662509507 12638274
1662509508 11238014
1662509509 11561102
1662509510 12614636
1662509511 12755404
1662509512 15921518
1662509513 15943036
1662509514 15324844
1662509515 16728814
1662509516 16416008
1662509517 15995082
1662509518 16203160
1662509519 14892470
1662509520 16536530
1662509521 16735280
1662509522 16278314
1662509523 15533876
1662509524 15203580
1662509525 15919928
1662509526 16722560
1662509527 16597374
1662509528 16142316
1662509529 15090054
1662509530 16644650
1662509531 16801424
1662509532 16106806
1662509533 15980560
1662509534 12137954
1662509535 11946094
1662509536 11551032
1662509537 11501000
1662509538 12057712
1662509539 14941866
1662509540 16061650
1662509541 15853148
1662509542 16050414
1662509543 15699872
1662509544 13949918
1662509545 15774814
1662509546 16182278
1662509547 16089104
1662509548 15440384
1662509549 14709090
1662509550 15533134
1662509551 15881344
1662509552 15820182
1662509553 15445260
1662509554 14528360
1662509555 16157156
1662509556 16158004
1662509557 15782870
1662509558 15331416
1662509559 14159692
1662509560 16228282
1662509561 16443886
1662509562 15363004
1662509563 14421300
1662509564 11516794
1662509565 12401576
1662509566 12372002
1662509567 11891398
1662509568 11024848
1662509569 12799712
1662509570 15437522
1662509571 16265064
1662509572 15971444
1662509573 15901590
1662509574 13922252
1662509575 15006102
1662509576 16296970
1662509577 14991792
1662509578 16253086
1662509579 13708556
1662509580 15601504
1662509581 16131716
1662509582 15826966
1662509583 16295274
1662509584 14618248
1662509585 13084958
1662509586 15442716
1662509587 15751070
1662509588 15852724
1662509589 15615920
1662509590 14507478
1662509591 14818906
1662509592 15874030
1662509593 16053912
1662509594 15816578
1662509595 13257844
1662509596 11129258
1662509597 11041172
1662509598 10572546
1662509599 11119082
1662509600 10786242
1662509601 11034812
1662509602 12730176
1662509603 13735480
1662509604 14506206
1662509605 13910274
1662509606 14021044
1662509607 14000480
1662509608 12667106
1662509609 14109766
1662509610 13741098
1662509611 13706648
1662509612 14454478
1662509613 12930834
1662509614 13988608
1662509615 13736540
1662509616 13693080
1662509617 13436666
1662509618 12549764
1662509619 13745656
1662509620 13891724
1662509621 14152060
1662509622 13856002
1662509623 12837130
1662509624 14288588
1662509625 14256470
1662509626 13731876
1662509627 13783816
1662509628 12646012
1662509629 13159582
1662509630 12564498
1662509631 11865534
1662509632 11608696
1662509633 10063216
1662509634 10977466
1662509635 10678440
1662509636 10479160
1662509637 10883126
1662509638 12688412
1662509639 15502182
1662509640 13592062
1662509641 13938576
1662509642 13839784
1662509643 12616226
1662509644 13975464
1662509645 13820068
1662509646 13901582
1662509647 14275550
1662509648 12581988
1662509649 13421190
1662509650 14231348
1662509651 14185874
1662509652 13561322
1662509653 12428500
1662509654 13999950
1662509655 14015850
1662509656 14011186
1662509657 13995074
1662509658 12773530
1662509659 14899890
1662509660 13681950
1662509661 14303746
1662509662 14323992
1662509663 12805224
1662509664 13951084
1662509665 14102770
1662509666 13773534
1662509667 14540762
1662509668 12570010
1662509669 9583990
1662509670 11069156
1662509671 10163916
1662509672 10094062
1662509673 9358952
1662509674 10220202
1662509675 11346876
1662509676 11438566
1662509677 12454152
1662509678 10200486
1662509679 12309886
1662509680 11135724
1662509681 10868180
1662509682 11019972
1662509683 9961668
1662509684 10879840
1662509685 11027922
1662509686 10983720
1662509687 10464956
1662509688 11123216
1662509689 11272676
1662509690 10669854
1662509691 10674094
1662509692 10870618
1662509693 9108580
1662509694 10631800
1662509695 10881006
1662509696 11040430
1662509697 10756880
1662509698 9521026
1662509699 10800022
1662509700 10740450
1662509701 10780730
1662509702 9876974
1662509703 8203022
1662509704 10463684
1662509705 9603282
1662509706 9709706
1662509707 9745322
1662509708 8008724
1662509709 10130632
1662509710 10518592
1662509711 10908142
1662509712 10688192
1662509713 8864780
1662509714 10971212
1662509715 10622048
1662509716 11137526
1662509717 10977254
1662509718 8975020
1662509719 11096716
1662509720 10408988
1662509721 10668158
1662509722 10672822
1662509723 9195500
1662509724 10719886
1662509725 10422344
1662509726 10787938
1662509727 11091840
1662509728 9374428
1662509729 10795040
1662509730 10686920
1662509731 10855884
1662509732 9697304
1662509733 8349196
1662509734 10506720
1662509735 9929762
1662509736 9784542
1662509737 10014668
1662509738 8457740
1662509739 9793658
1662509740 9685750
1662509741 9417994
1662509742 10061202
1662509743 9078900
1662509744 10844754
1662509745 10852704
1662509746 10560038
1662509747 10439092
1662509748 9075720
1662509749 11401996
1662509750 10627984
1662509751 10442696
1662509752 10698262
1662509753 8975126
1662509754 10777868
1662509755 10568730
1662509756 10524528
1662509757 10491562
1662509758 8603702
1662509759 10788786
1662509760 10698368
1662509761 10829702
1662509762 10595760
1662509763 8818988
1662509764 10947150
1662509765 10507038
1662509766 9949584
1662509767 9634022
1662509768 7957420
1662509769 9763130
1662509770 9713628
1662509771 9593742
1662509772 7666344
1662509773 7891276
1662509774 8994524
1662509775 7629562
1662509776 8715002
1662509777 8115360
1662509778 6884382
1662509779 9675362
1662509780 8566496
1662509781 8786340
1662509782 8683520
1662509783 7492610
1662509784 8459224
1662509785 8847290
1662509786 8929440
1662509787 9031412
1662509788 7547306
1662509789 8929334
1662509790 8749346
1662509791 9200694
1662509792 8355026
1662509793 6974376
1662509794 8838704
1662509795 8380890
1662509796 8357252
1662509797 9729528
1662509798 7340076
1662509799 7947774
1662509800 7732594
1662509801 7707472
1662509802 7988372
1662509803 6408018
1662509804 7688180
1662509805 7133800
1662509806 7695600
1662509807 7676096
1662509808 6530448
1662509809 8459224
1662509810 8383858
1662509811 8284536
1662509812 8452758
1662509813 7166660
1662509814 8509574
1662509815 10647700
1662509816 8175462
1662509817 8616528
1662509818 7060978
1662509819 8861176
1662509820 8461344
1662509821 8816656
1662509822 8650236
1662509823 6960172
1662509824 8437388
1662509825 8505864
1662509826 8191574
1662509827 8512860
1662509828 6972468
1662509829 9003004
1662509830 8814218
1662509831 8735990
1662509832 7974698
1662509833 7155742
1662509834 7868062
1662509835 8003742
1662509836 8099142
1662509837 7602002
1662509838 6426250
1662509839 7625428
1662509840 7966006
1662509841 7169204
1662509842 7584194
1662509843 6845904
1662509844 8332978
1662509845 8177264
1662509846 8678432
1662509847 8332448
1662509848 6379292
1662509849 6493454
1662509850 6883534
1662509851 8533106
1662509852 8489222
1662509853 6295552
1662509854 8077412
1662509855 7971836
1662509856 7932404
1662509857 7730686
1662509858 6422752
1662509859 8044340
1662509860 8429120
1662509861 7575502
1662509862 7212240
1662509863 6217430
1662509864 8221890
1662509865 7059176
1662509866 7500348
1662509867 7172596
1662509868 6032990
1662509869 6323960
1662509870 6754002
1662509871 6325232
1662509872 6349506
1662509873 5131248
1662509874 6109416
1662509875 5886498
1662509876 5601040
1662509877 5796822
1662509878 5134322
1662509879 6043378
1662509880 5838586
1662509881 5608460
1662509882 5564788
1662509883 4933134
1662509884 5606234
1662509885 5622770
1662509886 5645984
1662509887 5211808
1662509888 4723996
1662509889 5425398
1662509890 5090544
1662509891 5226754
1662509892 5570830
1662509893 4705552
1662509894 5690822
1662509895 5456562
1662509896 5223680
1662509897 5435574
1662509898 4619692
1662509899 5495464
1662509900 5787918
1662509901 5700362
1662509902 5815796
1662509903 4994402
1662509904 5677890
1662509905 5858938
1662509906 5452322
1662509907 5774244
1662509908 4949140
1662509909 5831908
1662509910 5253890
1662509911 4908224
1662509912 4336990
1662509913 3362850
1662509914 3103256
1662509915 3089476
1662509916 3346102
1662509917 3265966
1662509918 3218478
1662509919 5112698
1662509920 5040300
1662509921 5416176
1662509922 4405148
1662509923 4259928
1662509924 4683504
1662509925 2504674
1662509926 3145762
1662509927 3036476
1662509928 3349706
1662509929 5159656
1662509930 5200466
1662509931 4702160
1662509932 3201094
1662509933 4393488
1662509934 5068284
1662509935 2584068
1662509936 2865710
1662509937 2981250
1662509938 2629118
1662509939 3059372
1662509940 3124562
1662509941 2896238
1662509942 3102514
1662509943 2333378
1662509944 3317694
1662509945 3076544
1662509946 2981250
1662509947 3152758
1662509948 2764586
1662509949 3158270
1662509950 2716674
1662509951 3058206
1662509952 3066474
1662509953 2535520
1662509954 3008280
1662509955 3285152
1662509956 3072410
1662509957 2869632
1662509958 2767448
1662509959 3089476
1662509960 3067216
1662509961 3109616
1662509962 3272114
1662509963 2529372
1662509964 3196642
1662509965 3230350
1662509966 3055026
1662509967 2875250
1662509968 2670352
1662509969 3138236
1662509970 3074848
1662509971 3075908
1662509972 3007008
1662509973 2664204
1662509974 3442986
1662509975 3483266
1662509976 3149578
1662509977 3221552
1662509978 2886062
1662509979 3385216
1662509980 3401964
1662509981 3622444
1662509982 3598806
1662509983 3347480
1662509984 3850662
1662509985 3656046
1662509986 3530754
1662509987 3537432
1662509988 3242752
1662509989 3943306
1662509990 3829674
1662509991 3721978
1662509992 3819816
1662509993 3505420
1662509994 3817802
1662509995 4035632
1662509996 3716042
1662509997 3886702
1662509998 3830522
1662509999 3973940
1662510000 3545488
1662510001 3943518
1662510002 3754626
1662510003 3759290
1662510004 3696114
1662510005 3715936
1662510006 3978710
1662510007 3774978
1662510008 3437262
1662510009 3807732
1662510010 3534782
1662510011 3450512
1662510012 3373768
1662510013 3479556
1662510014 3604106
1662510015 3271160
1662510016 3358186
1662510017 3472454
1662510018 3442032
1662510019 4223676
1662510020 3740528
1662510021 4238940
1662510022 4016764
1662510023 3769360
1662510024 3825010
1662510025 4114390
1662510026 4056408
1662510027 4173432
1662510028 3693676
1662510029 4078774
1662510030 4171312
1662510031 3932070
1662510032 4015916
1662510033 3203532
1662510034 2878748
1662510035 3087674
1662510036 3297448
1662510037 3342498
1662510038 2794266
1662510039 3265860
1662510040 3500226
1662510041 3836352
1662510042 3717208
1662510043 3280382
1662510044 3815258
1662510045 3618628
1662510046 3351614
1662510047 3454752
1662510048 3378008
1662510049 3446484
1662510050 3692722
1662510051 3366772
1662510052 3500438
1662510053 3162828
1662510054 3675550
1662510055 3449558
1662510056 3537856
1662510057 3505526
1662510058 3094670
1662510059 3663042
1662510060 3476376
1662510061 3476906
1662510062 3405780
1662510063 3172898
1662510064 3585238
1662510065 3423906
1662510066 3399844
1662510067 3378644
1662510068 3328824
1662510069 3404826
1662510070 3428358
1662510071 3394226
1662510072 3355218
1662510073 3070396
1662510074 3542626
1662510075 3552060
1662510076 3580680
1662510077 3450724
1662510078 3195264
1662510079 3506374
1662510080 3342498
1662510081 3662194
1662510082 3924968
1662510083 3287484
1662510084 3437262
1662510085 3372072
1662510086 3558314
1662510087 3394544
1662510088 3378856
1662510089 3760350
1662510090 3427828
1662510091 3390304
1662510092 3664208
1662510093 3196748
1662510094 2895496
1662510095 3139614
1662510096 3025770
1662510097 2709996
1662510098 2721974
1662510099 2852672
1662510100 2994394
1662510101 2956870
1662510102 3068064
1662510103 2663356
1662510104 3258970
1662510105 3324372
1662510106 3170354
1662510107 3032448
1662510108 2690174
1662510109 2825430
1662510110 2864438
1662510111 478802
1662510112 1667592
1662510113 943612
1662510114 2530962
1662510115 1665896
1662510116 3257698
1662510117 3543368
1662510118 2870692
1662510119 3516444
1662510120 3647672
1662510121 3141204
1662510122 3592552
1662510123 2999376
1662510124 3686256
1662510125 3618734
1662510126 3845468
1662510127 3654138
1662510128 3199928
1662510129 3698340
1662510130 3560222
1662510131 3839002
1662510132 3174382
1662510133 3149472
1662510134 3511462
1662510135 3647778
1662510136 3408536
1662510137 3442456
1662510138 3282820
1662510139 3315892
1662510140 3558950
1662510141 3320344
1662510142 3637708
1662510143 3412034
1662510144 3516020
1662510145 4585666
1662510146 3774766
1662510147 3702474
1662510148 3108768
1662510149 3586510
1662510150 3825328
1662510151 3519836
1662510152 3641842
1662510153 3241692
1662510154 3633256
1662510155 3898256
1662510156 3674278
1662510157 3571882
1662510158 3390622
1662510159 4224948
1662510160 4654142
1662510161 4121280
1662510162 4783462
1662510163 4506378
1662510164 4749542
1662510165 4521642
1662510166 4525352
1662510167 4439386
1662510168 3817060
1662510169 4428680
1662510170 4717742
1662510171 4647252
1662510172 4551640
1662510173 3577924
1662510174 4884056
1662510175 4228234
1662510176 4587892
1662510177 4170994
1662510178 3710106
1662510179 4603898
1662510180 4233004
1662510181 4534786
1662510182 4494612
1662510183 3799994
1662510184 4626582
1662510185 4471610
1662510186 4527578
1662510187 4434616
1662510188 3742436
1662510189 4659654
1662510190 4331478
1662510191 4271270
1662510192 4768622
1662510193 3264376
1662510194 4301268
1662510195 4880664
1662510196 4186894
1662510197 4479878
1662510198 4085346
1662510199 4491538
1662510200 4455498
1662510201 4099974
1662510202 4464190
1662510203 3667494
1662510204 4601566
1662510205 4414688
1662510206 4411826
1662510207 4378966
1662510208 3463444
1662510209 4366458
1662510210 4606230
1662510211 4681066
1662510212 4417126
1662510213 3892214
1662510214 4590542
1662510215 4657640
1662510216 4773604
1662510217 4461752
1662510218 3658590
1662510219 4681490
1662510220 4655414
1662510221 4231202
1662510222 4733642
1662510223 4190286
1662510224 5134852
1662510225 4531182
1662510226 4632836
1662510227 4543054
1662510228 4037222
1662510229 4416702
1662510230 4968856
1662510231 4472988
1662510232 4710216
1662510233 3856916
1662510234 4643118
1662510235 4733960
1662510236 4742970
1662510237 4747316
1662510238 3893592
1662510239 5002458
1662510240 4831798
1662510241 4879710
1662510242 4805616
1662510243 4042734
1662510244 4679900
1662510245 4791942
1662510246 4678946
1662510247 4947126
1662510248 3869212
1662510249 4732370
1662510250 4932392
1662510251 4503516
1662510252 4691560
1662510253 4000440
1662510254 4712866
1662510255 5113970
1662510256 4646192
1662510257 4830738
1662510258 4176718
1662510259 4983802
1662510260 4633790
1662510261 5010514
1662510262 4771272
1662510263 4032028
1662510264 4747104
1662510265 4630080
1662510266 4443202
1662510267 4747846
1662510268 4263532
1662510269 4676932
1662510270 4786112
1662510271 4915326
1662510272 4755902
1662510273 4153398
1662510274 4625522
1662510275 4839006
1662510276 4359038
1662510277 4804662
1662510278 3744662
1662510279 4774134
1662510280 4679370
1662510281 4797454
1662510282 4566480
1662510283 4283248
1662510284 4798938
1662510285 4790458
1662510286 4665378
1662510287 5046236
1662510288 3814622
1662510289 5161776
1662510290 4902818
1662510291 4723572
1662510292 4553230
1662510293 4267984
1662510294 4707354
1662510295 5199300
1662510296 4878650
1662510297 4993660
1662510298 4224312
1662510299 5533200
1662510300 5045070
1662510301 5362328
1662510302 5309858
1662510303 4596584
1662510304 5565742
1662510305 5287704
1662510306 5491436
1662510307 5291202
1662510308 4922746
1662510309 5589486
1662510310 5590652
1662510311 5354696
1662510312 5428472
1662510313 5074644
1662510314 5664746
1662510315 5558640
1662510316 5415858
1662510317 5855440
1662510318 4599658
1662510319 5663686
1662510320 5804136
1662510321 5643016
1662510322 6289616
1662510323 4654036
1662510324 6359046
1662510325 5692306
1662510326 5936000
1662510327 6318766
1662510328 4864976
1662510329 5780498
1662510330 5685522
1662510331 6090972
1662510332 5709690
1662510333 5044010
1662510334 5839328
1662510335 6009564
1662510336 5966316
1662510337 5758556
1662510338 4956454
1662510339 6688070
1662510340 6418830
1662510341 6019528
1662510342 6169518
1662510343 5567756
1662510344 5996314
1662510345 6394874
1662510346 6359788
1662510347 5297774
1662510348 4838476
1662510349 6192732
1662510350 6314420
1662510351 6447132
1662510352 6086202
1662510353 5420098
1662510354 6703546
1662510355 5944162
1662510356 5545814
1662510357 6357032
1662510358 4932816
1662510359 5979354
1662510360 6103056
1662510361 6154996
1662510362 6219020
1662510363 5231100
1662510364 6272868
1662510365 6495044
1662510366 6065532
1662510367 6373674
1662510368 5513484
1662510369 6534476
1662510370 5878018
1662510371 5657008
1662510372 6186266
1662510373 4802542
1662510374 6212766
1662510375 5790992
1662510376 6600408
1662510377 6349718
1662510378 5610156
1662510379 6729198
1662510380 6361484
1662510381 6867528
1662510382 5976068
1662510383 5304770
1662510384 6244990
1662510385 5336570
1662510386 5730360
1662510387 5364342
1662510388 4897730
1662510389 5809648
1662510390 5310176
1662510391 6062352
1662510392 5560548
1662510393 5204812
1662510394 6577406
1662510395 6878764
1662510396 6006808
1662510397 6113232
1662510398 4866778
1662510399 6736512
1662510400 6875584
1662510401 6628604
1662510402 6401658
1662510403 5173966
1662510404 6140792
1662510405 5642592
1662510406 6070514
1662510407 6239584
1662510408 5231524
1662510409 6931658
1662510410 6938866
1662510411 6822690
1662510412 6580480
1662510413 5446598
1662510414 6992078
1662510415 6430596
1662510416 6541048
1662510417 5995360
1662510418 5324486
1662510419 6219550
1662510420 6162098
1662510421 5591076
1662510422 5673544
1662510423 4785900
1662510424 6013274
1662510425 5755164
1662510426 5553340
1662510427 6118426
1662510428 4783144
1662510429 6330532
1662510430 6219656
1662510431 5657750
1662510432 5352470
1662510433 4775724
1662510434 5654994
1662510435 5467586
1662510436 5582278
1662510437 5855758
1662510438 4708732
1662510439 6179694
1662510440 5840600
1662510441 5884802
1662510442 5623300
1662510443 4879604
1662510444 6278592
1662510445 5503308
1662510446 5662308
1662510447 5354802
1662510448 4615346
1662510449 6153406
1662510450 5488786
1662510451 5544754
1662510452 5471084
1662510453 4413628
1662510454 5805620
1662510455 5640048
1662510456 5807634
1662510457 4993978
1662510458 4891582
1662510459 5533306
1662510460 5423384
1662510461 5661460
1662510462 5420310
1662510463 4252084
1662510464 6050268
1662510465 5233114
1662510466 5668138
1662510467 6156692
1662510468 4652340
1662510469 5797034
1662510470 5545284
1662510471 5199618
1662510472 5872082
1662510473 4608032
1662510474 5431440
1662510475 5983700
1662510476 5760570
1662510477 5658810
1662510478 4673116
1662510479 5665170
1662510480 5483804
1662510481 5365826
1662510482 5890314
1662510483 4766502
1662510484 5915860
1662510485 5608248
1662510486 5709690
1662510487 5539878
1662510488 4603474
1662510489 6087898
1662510490 5707676
1662510491 5801910
1662510492 5449036
1662510493 4535952
1662510494 6095742
1662510495 5728770
1662510496 5252406
1662510497 5907698
1662510498 4879498
1662510499 6024510
1662510500 5294594
1662510501 5807422
1662510502 5423384
1662510503 4992812
1662510504 6101678
1662510505 5469282
1662510506 5674710
1662510507 5291732
1662510508 4891476
1662510509 5936424
1662510510 5821838
1662510511 5542422
1662510512 5733010
1662510513 4268302
1662510514 5860952
1662510515 4218906
1662510516 1590


# events submitted
1662509313 2962700
1662509314 986118
1662509315 7459962
1662509316 14599592
1662509317 17106174
1662509318 16327498
1662509319 16396080
1662509320 16817642
1662509321 17033352
1662509322 16877532
1662509323 16214502
1662509324 16078716
1662509325 16651116
1662509326 16144648
1662509327 17115396
1662509328 15627262
1662509329 16543632
1662509330 16223088
1662509331 15787428
1662509332 17018512
1662509333 15487554
1662509334 15489356
1662509335 16040662
1662509336 15766864
1662509337 16428198
1662509338 16409754
1662509339 14317632
1662509340 16804922
1662509341 16890676
1662509342 14092382
1662509343 16549780
1662509344 16171042
1662509345 17319658
1662509346 14490624
1662509347 16505790
1662509348 17369796
1662509349 15808098
1662509350 16689382
1662509351 13196788
1662509352 16856650
1662509353 17091546
1662509354 15553274
1662509355 16894598
1662509356 13117818
1662509357 16099704
1662509358 16452896
1662509359 15887068
1662509360 16783510
1662509361 17128752
1662509362 11920442
1662509363 15905936
1662509364 15657896
1662509365 16417916
1662509366 16735492
1662509367 17358030
1662509368 14005674
1662509369 13548072
1662509370 16711748
1662509371 17127268
1662509372 16714080
1662509373 17503250
1662509374 15922896
1662509375 16862692
1662509376 13349958
1662509377 13828760
1662509378 16776938
1662509379 15976426
1662509380 14238450
1662509381 11384718
1662509382 11253066
1662509383 11655972
1662509384 10355988
1662509385 12076368
1662509386 16503670
1662509387 16957986
1662509388 16540240
1662509389 15998792
1662509390 12701238
1662509391 11401678
1662509392 13185870
1662509393 11832674
1662509394 9700378
1662509395 9180978
1662509396 11501000
1662509397 11138268
1662509398 10878250
1662509399 13447160
1662509400 11773950
1662509401 12006196
1662509402 12033756
1662509403 11188618
1662509404 11994218
1662509405 12073506
1662509406 12033014
1662509407 15164572
1662509408 11666148
1662509409 12150780
1662509410 13242156
1662509411 12753284
1662509412 12845186
1662509413 12864160
1662509414 11166676
1662509415 7562888
1662509416 8609744
1662509417 3470970
1662509418 7556210
1662509419 8806162
1662509420 9048478
1662509421 8663168
1662509422 8772030
1662509423 8695392
1662509424 7898908
1662509425 7277112
1662509426 8585152
1662509427 8379406
1662509428 9474174
1662509429 7469926
1662509430 6105600
1662509431 3710106
1662509432 6215946
1662509433 5585670
1662509434 9019752
1662509435 8005968
1662509436 9030352
1662509437 7609528
1662509438 7122140
1662509439 6160084
1662509440 8908452
1662509441 9523570
1662509442 9273410
1662509443 7304354
1662509444 4043052
1662509445 4766078
1662509446 2606858
1662509447 3286000
1662509448 2281756
1662509449 3428252
1662509450 3510402
1662509451 3756322
1662509452 5204600
1662509453 3870060
1662509454 3861474
1662509455 5328726
1662509456 9152782
1662509457 7753264
1662509458 10295568
1662509459 9044556
1662509460 9051658
1662509461 10717024
1662509462 8151188
1662509463 9931034
1662509464 7207470
1662509465 9510532
1662509466 6054720
1662509467 4942356
1662509468 7260682
1662509469 8328844
1662509470 9302242
1662509471 6256862
1662509472 6865938
1662509473 9391600
1662509474 7396574
1662509475 8736626
1662509476 7168886
1662509477 7912794
1662509478 7756656
1662509479 8475654
1662509480 9866586
1662509481 8794078
1662509482 8447564
1662509483 8020702
1662509484 6556418
1662509485 6395298
1662509486 8080274
1662509487 6077510
1662509488 7174504
1662509489 7399966
1662509490 8646420
1662509491 7620870
1662509492 7472894
1662509493 8367110
1662509494 7556316
1662509495 7282518
1662509496 8956682
1662509497 8801286
1662509498 7889686
1662509499 8679492
1662509500 7834142
1662509501 8833404
1662509502 8145358
1662509503 7721570
1662509504 7346542
1662509505 7413110
1662509506 9024416
1662509507 6364982
1662509508 5971086
1662509509 5042632
1662509510 4382040
1662509511 3557042
1662509512 7092566
1662509513 6036700
1662509514 3866350
1662509515 4983378
1662509516 2074844
1662509517 3666328
1662509518 4626794
1662509519 3036264
1662509520 2515592
1662509521 6606556
1662509522 8365732
1662509523 8532682
1662509524 8433996
1662509525 7344528
1662509526 9109428
1662509527 8088966
1662509528 9575510
1662509529 8022186
1662509530 7034054
1662509531 7610058
1662509532 6059490
1662509533 6391800
1662509534 3993338
1662509535 4684458
1662509536 3553226
1662509537 7005116
1662509538 2601558
1662509539 6154890
1662509540 7547094
1662509541 8048156
1662509542 7425194
1662509543 8027698
1662509544 6379504
1662509545 5995572
1662509546 8430604
1662509547 8825242
1662509548 9135080
1662509549 6565428
1662509550 7735032
1662509551 7602850
1662509552 8790580
1662509553 6981796
1662509554 6924238
1662509555 7495472
1662509556 7513492
1662509557 7163268
1662509558 8302768
1662509559 7208212
1662509560 7374632
1662509561 7403252
1662509562 7901982
1662509563 4078138
1662509564 5872612
1662509565 8858738
1662509566 6056734
1662509567 3427510
1662509568 7839654
1662509569 7603274
1662509570 8712352
1662509571 8330752
1662509572 7834354
1662509573 6691356
1662509574 5091498
1662509575 6145986
1662509576 7315166
1662509577 5919252
1662509578 9415874
1662509579 5944268
1662509580 8178430
1662509581 7662952
1662509582 6836788
1662509583 8125960
1662509584 8061936
1662509585 5397202
1662509586 7330006
1662509587 8657020
1662509588 8170904
1662509589 6496104
1662509590 6227500
1662509591 8060134
1662509592 7310502
1662509593 7301174
1662509594 6934202
1662509595 6141216
1662509596 4189332
1662509597 6376430
1662509598 5580052
1662509599 5705768
1662509600 2386272
1662509601 2772854
1662509602 5874414
1662509603 6798522
1662509604 7060660
1662509605 6967698
1662509606 6577088
1662509607 7024620
1662509608 6923920
1662509609 6431020
1662509610 6264388
1662509611 6084930
1662509612 8137302
1662509613 5455396
1662509614 6526420
1662509615 7082708
1662509616 7181076
1662509617 7420212
1662509618 6705136
1662509619 6631572
1662509620 6940032
1662509621 6595320
1662509622 7118960
1662509623 6793116
1662509624 6125740
1662509625 6554828
1662509626 7828418
1662509627 6526950
1662509628 6617686
1662509629 6637402
1662509630 7020274
1662509631 6197926
1662509632 5160292
1662509633 3662194
1662509634 6620124
1662509635 8243938
1662509636 6480204
1662509637 5275408
1662509638 11212256
1662509639 10632012
1662509640 10587810
1662509641 10658194
1662509642 9953718
1662509643 8986256
1662509644 9353652
1662509645 11575730
1662509646 9729634
1662509647 11801828
1662509648 9109746
1662509649 9025794
1662509650 10113990
1662509651 10751580
1662509652 9834998
1662509653 10233982
1662509654 9835634
1662509655 7412792
1662509656 6856610
1662509657 6911942
1662509658 6923920
1662509659 7772874
1662509660 6558538
1662509661 6585038
1662509662 7186376
1662509663 6338058
1662509664 7229094
1662509665 6971938
1662509666 6789300
1662509667 7122882
1662509668 5529066
1662509669 6439924
1662509670 5233856
1662509671 5694638
1662509672 3830946
1662509673 4016128
1662509674 3363380
1662509675 4058316
1662509676 6728456
1662509677 5389464
1662509678 5590228
1662509679 6390740
1662509680 6778276
1662509681 4834872
1662509682 6322370
1662509683 4812294
1662509684 5815902
1662509685 7984980
1662509686 8197404
1662509687 7777114
1662509688 8708218
1662509689 8682672
1662509690 7797148
1662509691 8165710
1662509692 8645996
1662509693 7009462
1662509694 9367114
1662509695 6916712
1662509696 8182988
1662509697 8362764
1662509698 7155212
1662509699 9162958
1662509700 7607726
1662509701 9313478
1662509702 9142712
1662509703 4937056
1662509704 6811772
1662509705 7605712
1662509706 7634226
1662509707 5728028
1662509708 5308162
1662509709 8296408
1662509710 7330536
1662509711 7667934
1662509712 8476078
1662509713 7363926
1662509714 7711076
1662509715 6919468
1662509716 8670270
1662509717 10469726
1662509718 8973430
1662509719 11094172
1662509720 10407504
1662509721 10664554
1662509722 10673670
1662509723 9191260
1662509724 9908774
1662509725 7412686
1662509726 8615256
1662509727 8626492
1662509728 6561294
1662509729 8096068
1662509730 7782096
1662509731 7273402
1662509732 8333296
1662509733 7517838
1662509734 8437176
1662509735 7120762
1662509736 8855134
1662509737 7764924
1662509738 4055030
1662509739 7977030
1662509740 8536604
1662509741 8827574
1662509742 7372406
1662509743 5595104
1662509744 8039146
1662509745 8277540
1662509746 8468976
1662509747 8848668
1662509748 7096912
1662509749 9485622
1662509750 10626288
1662509751 10440364
1662509752 10698368
1662509753 8972052
1662509754 10776702
1662509755 10562582
1662509756 10525376
1662509757 10491138
1662509758 8597978
1662509759 10787302
1662509760 10699322
1662509761 10830232
1662509762 10591414
1662509763 8819836
1662509764 10941002
1662509765 10503010
1662509766 9950008
1662509767 9638792
1662509768 7959752
1662509769 9764296
1662509770 9716172
1662509771 9293232
1662509772 7245312
1662509773 5942148
1662509774 6161992
1662509775 6121076
1662509776 6725806
1662509777 6543486
1662509778 4946914
1662509779 7780930
1662509780 8050276
1662509781 8786870
1662509782 8682566
1662509783 7491126
1662509784 8458376
1662509785 8846760
1662509786 8932196
1662509787 9031518
1662509788 7546140
1662509789 8925836
1662509790 8748604
1662509791 9200482
1662509792 8354284
1662509793 6972574
1662509794 8838386
1662509795 8379088
1662509796 8357358
1662509797 9724228
1662509798 7339016
1662509799 7946078
1662509800 7731216
1662509801 7707472
1662509802 7987418
1662509803 6408654
1662509804 7689240
1662509805 7133058
1662509806 7697402
1662509807 7676838
1662509808 6530236
1662509809 8454772
1662509810 8382692
1662509811 8282734
1662509812 8449472
1662509813 7167190
1662509814 8509468
1662509815 10644626
1662509816 8173448
1662509817 8613984
1662509818 7055254
1662509819 8857784
1662509820 8458270
1662509821 8814854
1662509822 8648964
1662509823 6958688
1662509824 8434314
1662509825 8504486
1662509826 8191892
1662509827 8514980
1662509828 6973528
1662509829 9000460
1662509830 8811462
1662509831 8732492
1662509832 7973426
1662509833 7157544
1662509834 7868486
1662509835 8004908
1662509836 8098400
1662509837 7602426
1662509838 6425084
1662509839 7625958
1662509840 7960176
1662509841 7167932
1662509842 7581226
1662509843 6845268
1662509844 8329162
1662509845 8177688
1662509846 8675570
1662509847 8330328
1662509848 6375370
1662509849 6491546
1662509850 6882580
1662509851 8531516
1662509852 8487526
1662509853 6295128
1662509854 8077412
1662509855 7970988
1662509856 7932086
1662509857 7726234
1662509858 6422010
1662509859 8045082
1662509860 8427212
1662509861 7572852
1662509862 7213512
1662509863 6217536
1662509864 8215318
1662509865 7056844
1662509866 7498970
1662509867 7170900
1662509868 6030658
1662509869 6324384
1662509870 6752624
1662509871 6327246
1662509872 6351838
1662509873 5131672
1662509874 6109310
1662509875 5885968
1662509876 5600616
1662509877 5795974
1662509878 5132096
1662509879 6045604
1662509880 5837950
1662509881 5607082
1662509882 5566166
1662509883 4932816
1662509884 5605280
1662509885 5621286
1662509886 5644394
1662509887 5211384
1662509888 4723572
1662509889 5423808
1662509890 5089378
1662509891 5226542
1662509892 5570618
1662509893 4703432
1662509894 5692836
1662509895 5455396
1662509896 5222090
1662509897 5431228
1662509898 4614286
1662509899 5491860
1662509900 5781770
1662509901 5697288
1662509902 5809224
1662509903 4989526
1662509904 5672484
1662509905 5848338
1662509906 5449990
1662509907 5770216
1662509908 4948398
1662509909 5829682
1662509910 5253678
1662509911 4908224
1662509912 4335718
1662509913 3360836
1662509914 3102726
1662509915 3089688
1662509916 3345784
1662509917 3263422
1662509918 3216994
1662509919 5110790
1662509920 5036908
1662509921 5413738
1662509922 4402604
1662509923 4257596
1662509924 4681278
1662509925 2502660
1662509926 3140780
1662509927 3032130
1662509928 3344830
1662509929 5152978
1662509930 5197710
1662509931 4699828
1662509932 3198550
1662509933 4389142
1662509934 5069026
1662509935 2581842
1662509936 2859138
1662509937 2978176
1662509938 2625726
1662509939 3053330
1662509940 3120428
1662509941 2893800
1662509942 3099334
1662509943 2330940
1662509944 3313666
1662509945 3074636
1662509946 2978176
1662509947 3151698
1662509948 2762996
1662509949 3154348
1662509950 2714130
1662509951 3054390
1662509952 3062764
1662509953 2535308
1662509954 3004252
1662509955 3282290
1662509956 3069654
1662509957 2865286
1662509958 2762890
1662509959 3087038
1662509960 3066050
1662509961 3106542
1662509962 3265860
1662509963 2526298
1662509964 3194734
1662509965 3225368
1662509966 3051316
1662509967 2871858
1662509968 2666642
1662509969 3133678
1662509970 3071668
1662509971 3071880
1662509972 3002132
1662509973 2661660
1662509974 3437262
1662509975 3481676
1662509976 3147140
1662509977 3215616
1662509978 2883412
1662509979 3382566
1662509980 3398572
1662509981 3620748
1662509982 3594248
1662509983 3343452
1662509984 3848118
1662509985 3653608
1662509986 3524818
1662509987 3530754
1662509988 3241374
1662509989 3939596
1662509990 3826600
1662509991 3716572
1662509992 3816530
1662509993 3500862
1662509994 3814092
1662509995 4031816
1662509996 3711166
1662509997 3880872
1662509998 3830946
1662509999 3970442
1662510000 3542414
1662510001 3936522
1662510002 3750810
1662510003 3755792
1662510004 3693358
1662510005 3712438
1662510006 3976272
1662510007 3770738
1662510008 3431220
1662510009 3807096
1662510010 3530436
1662510011 3446696
1662510012 3372708
1662510013 3478072
1662510014 3602304
1662510015 3270630
1662510016 3354370
1662510017 3472772
1662510018 3442456
1662510019 4221980
1662510020 3740952
1662510021 4239046
1662510022 4014856
1662510023 3767558
1662510024 3823950
1662510025 4114072
1662510026 4056832
1662510027 4173750
1662510028 3693782
1662510029 4076760
1662510030 4167920
1662510031 3929420
1662510032 4015174
1662510033 3202896
1662510034 2874190
1662510035 3088840
1662510036 3295116
1662510037 3340484
1662510038 2792570
1662510039 3263104
1662510040 3495244
1662510041 3833278
1662510042 3711378
1662510043 3278474
1662510044 3815364
1662510045 3617992
1662510046 3349282
1662510047 3456766
1662510048 3375252
1662510049 3440230
1662510050 3690708
1662510051 3365182
1662510052 3497152
1662510053 3159542
1662510054 3673324
1662510055 3445848
1662510056 3536690
1662510057 3503830
1662510058 3091596
1662510059 3660710
1662510060 3473726
1662510061 3474892
1662510062 3402282
1662510063 3170460
1662510064 3584178
1662510065 3423482
1662510066 3398572
1662510067 3376736
1662510068 3325538
1662510069 3401858
1662510070 3427404
1662510071 3391470
1662510072 3353734
1662510073 3068382
1662510074 3541778
1662510075 3551848
1662510076 3579726
1662510077 3447650
1662510078 3193886
1662510079 3502240
1662510080 3339106
1662510081 3659968
1662510082 3923060
1662510083 3286530
1662510084 3434188
1662510085 3370164
1662510086 3556830
1662510087 3393590
1662510088 3377690
1662510089 3760032
1662510090 3425072
1662510091 3386276
1662510092 3662618
1662510093 3193992
1662510094 2892634
1662510095 3137706
1662510096 3023332
1662510097 2708406
1662510098 2717734
1662510099 2850976
1662510100 2989942
1662510101 2953266
1662510102 3064248
1662510103 2661554
1662510104 3256850
1662510105 3323418
1662510106 3167492
1662510107 3030752
1662510108 2686676
1662510109 2826172
1662510110 2861046
1662510111 478378
1662510112 1668122
1662510113 943188
1662510114 2529584
1662510115 1665578
1662510116 3253670
1662510117 3542944
1662510118 2869738
1662510119 3514748
1662510120 3643856
1662510121 3139826
1662510122 3594354
1662510123 2998422
1662510124 3684030
1662510125 3617356
1662510126 3844196
1662510127 3654138
1662510128 3199292
1662510129 3697280
1662510130 3560116
1662510131 3839002
1662510132 3172580
1662510133 3150320
1662510134 3509766
1662510135 3645552
1662510136 3407370
1662510137 3440548
1662510138 3279534
1662510139 3313136
1662510140 3556088
1662510141 3322358
1662510142 3634846
1662510143 3409808
1662510144 3514854
1662510145 4582698
1662510146 3773282
1662510147 3700566
1662510148 3108132
1662510149 3584178
1662510150 3823950
1662510151 3519730
1662510152 3638344
1662510153 3239042
1662510154 3633892
1662510155 3897726
1662510156 3675974
1662510157 3570398
1662510158 3387760
1662510159 4225054
1662510160 4654142
1662510161 4119584
1662510162 4785052
1662510163 4506166
1662510164 4750602
1662510165 4521006
1662510166 4524080
1662510167 4440658
1662510168 3816848
1662510169 4428998
1662510170 4716470
1662510171 4649478
1662510172 4551534
1662510173 3579408
1662510174 4879498
1662510175 4226962
1662510176 4585348
1662510177 4171312
1662510178 3705654
1662510179 4602096
1662510180 4235654
1662510181 4530228
1662510182 4491856
1662510183 3798192
1662510184 4622448
1662510185 4470020
1662510186 4525882
1662510187 4432072
1662510188 3737560
1662510189 4654672
1662510190 4330312
1662510191 4268938
1662510192 4765336
1662510193 3260136
1662510194 4300950
1662510195 4873456
1662510196 4186046
1662510197 4475214
1662510198 4083120
1662510199 4487934
1662510200 4453272
1662510201 4095946
1662510202 4465144
1662510203 3662618
1662510204 4600082
1662510205 4409282
1662510206 4412356
1662510207 4377164
1662510208 3458250
1662510209 4363914
1662510210 4602732
1662510211 4677250
1662510212 4416702
1662510213 3889140
1662510214 4586832
1662510215 4653506
1662510216 4769576
1662510217 4459208
1662510218 3654986
1662510219 4678522
1662510220 4648630
1662510221 4228340
1662510222 4728872
1662510223 4187318
1662510224 5131460
1662510225 4525882
1662510226 4634108
1662510227 4538284
1662510228 4035314
1662510229 4414264
1662510230 4965464
1662510231 4470232
1662510232 4704386
1662510233 3856386
1662510234 4643754
1662510235 4728872
1662510236 4740214
1662510237 4743818
1662510238 3891896
1662510239 4998960
1662510240 4828936
1662510241 4877696
1662510242 4805828
1662510243 4039130
1662510244 4677674
1662510245 4788550
1662510246 4675236
1662510247 4946596
1662510248 3866138
1662510249 4728448
1662510250 4930272
1662510251 4501820
1662510252 4687214
1662510253 3996306
1662510254 4706400
1662510255 5107822
1662510256 4642694
1662510257 4828194
1662510258 4177990
1662510259 4981258
1662510260 4632624
1662510261 5007440
1662510262 4770106
1662510263 4028848
1662510264 4742758
1662510265 4628914
1662510266 4434616
1662510267 4743500
1662510268 4258444
1662510269 4675448
1662510270 4780600
1662510271 4913100
1662510272 4752934
1662510273 4149264
1662510274 4621494
1662510275 4837840
1662510276 4356282
1662510277 4801270
1662510278 3742436
1662510279 4772014
1662510280 4676296
1662510281 4795016
1662510282 4564148
1662510283 4280598
1662510284 4795122
1662510285 3525136
1662510286 2083218
1662510287 1698544
1662510288 1927928
1662510289 2410546
1662510290 2305076
1662510291 2314298
1662510292 1642682
1662510293 1288006
1662510294 1209566
1662510295 1180946
1662510296 431314
1662510297 1337614
1662510298 1406196
1662510299 1688580
1662510300 1464284
1662510301 1673528
1662510302 1157308
1662510303 855844
1662510304 2252182
1662510305 2798188
1662510306 3323206
1662510307 2448176
1662510308 2892104
1662510309 2692612
1662510310 2707346
1662510311 2770416
1662510312 3091808
1662510313 2959202
1662510314 2975420
1662510315 2943090
1662510316 2660388
1662510317 2754834
1662510318 2375566
1662510319 1369308
1662510320 2724094
1662510321 2379064
1662510322 3085342
1662510323 2263630
1662510324 2816844
1662510325 3133254
1662510326 3275082
1662510327 1691442
1662510328 2090320
1662510329 2063714
1662510330 3774978
1662510331 4807100
1662510332 4161348
1662510333 3708304
1662510334 3816954
1662510335 3456872
1662510336 4672692
1662510337 5230040
1662510338 4489312
1662510339 5193576
1662510340 5040512
1662510341 4774664
1662510342 4547400
1662510343 4320454
1662510344 3811760
1662510345 4563194
1662510346 2688690
1662510347 2588520
1662510348 3957510
1662510349 4644708
1662510350 5459848
1662510351 4193042
1662510352 4855860
1662510353 5420310
1662510354 6702380
1662510355 5940028
1662510356 5544754
1662510357 6355442
1662510358 4932922
1662510359 5979036
1662510360 6101996
1662510361 6156162
1662510362 6217006
1662510363 5229192
1662510364 6274670
1662510365 6494408
1662510366 6066380
1662510367 6373674
1662510368 5514120
1662510369 6534794
1662510370 5879608
1662510371 5654994
1662510372 6187432
1662510373 4801058
1662510374 6210752
1662510375 5790780
1662510376 6600090
1662510377 6347916
1662510378 5608460
1662510379 6727820
1662510380 6360742
1662510381 6865090
1662510382 5976810
1662510383 5302014
1662510384 6237252
1662510385 5335404
1662510386 5727074
1662510387 5358194
1662510388 4889356
1662510389 5805196
1662510390 5304240
1662510391 6062246
1662510392 5560018
1662510393 5203540
1662510394 6576346
1662510395 6877174
1662510396 6006490
1662510397 6112914
1662510398 4867414
1662510399 6735028
1662510400 6875372
1662510401 6626590
1662510402 6400174
1662510403 5174602
1662510404 6140156
1662510405 5642486
1662510406 6070408
1662510407 6240326
1662510408 5229934
1662510409 6932400
1662510410 6939926
1662510411 6823326
1662510412 6579632
1662510413 5444478
1662510414 6992078
1662510415 6428158
1662510416 6538504
1662510417 5992710
1662510418 5323108
1662510419 6213296
1662510420 6157858
1662510421 5586624
1662510422 5671318
1662510423 4783462
1662510424 6007338
1662510425 5749546
1662510426 5548464
1662510427 6115352
1662510428 4782508
1662510429 6326504
1662510430 6212448
1662510431 5649588
1662510432 5348866
1662510433 4770636
1662510434 5652238
1662510435 5463982
1662510436 5572208
1662510437 5850034
1662510438 4707884
1662510439 6170366
1662510440 5838162
1662510441 5874944
1662510442 5616940
1662510443 4877590
1662510444 6273504
1662510445 5498114
1662510446 5654146
1662510447 5348654
1662510448 4608880
1662510449 6148106
1662510450 5480624
1662510451 5537970
1662510452 5465148
1662510453 4410024
1662510454 5797670
1662510455 5627434
1662510456 5802970
1662510457 4987724
1662510458 4883844
1662510459 5530550
1662510460 5418826
1662510461 5653298
1662510462 5408120
1662510463 4246678
1662510464 6032036
1662510465 5224952
1662510466 5666760
1662510467 6152028
1662510468 4644814
1662510469 5793854
1662510470 5535956
1662510471 5192834
1662510472 5865934
1662510473 4605064
1662510474 5427942
1662510475 5982004
1662510476 5753998
1662510477 5657856
1662510478 4663258
1662510479 5658068
1662510480 5474688
1662510481 5360314
1662510482 5883424
1662510483 4758446
1662510484 5911726
1662510485 5602524
1662510486 5703542
1662510487 5531080
1662510488 4600824
1662510489 6082280
1662510490 5703330
1662510491 5795762
1662510492 5440026
1662510493 4532878
1662510494 6085566
1662510495 5727392
1662510496 5247424
1662510497 5898900
1662510498 4877590
1662510499 6021436
1662510500 5289188
1662510501 5808270
1662510502 5421370
1662510503 4990586
1662510504 6097756
1662510505 5462922
1662510506 5669198
1662510507 5286644
1662510508 4884692
1662510509 5929004
1662510510 5813358
1662510511 5538712
1662510512 5727604
1662510513 4262578
1662510514 5853320
1662510515 4211486
1662510516 1590


# events lost
1662509380 2733316
1662509381 5703330
1662509382 5975114
1662509383 5180326
1662509384 3388184
1662509385 739774
1662509390 5011574
1662509391 5300318
1662509392 3194310
1662509393 5502672
1662509394 3282820
1662509395 3224626
1662509396 5531928
1662509397 5761630
1662509398 5906002
1662509399 2355002
1662509400 5400488
1662509401 5019842
1662509402 4781554
1662509403 5397520
1662509404 2992062
1662509405 951668
1662509406 1077066
1662509407 964388
1662509408 5134852
1662509409 3879176
1662509410 3186148
1662509411 4257384
1662509412 4073474
1662509413 3996942
1662509414 5445220
1662509415 9820582
1662509416 8125536
1662509417 8804572
1662509418 4702796
1662509419 6515078
1662509420 8190514
1662509421 8015614
1662509422 8785386
1662509423 8278918
1662509424 7786548
1662509425 9917784
1662509426 8539360
1662509427 8646208
1662509428 7695070
1662509429 8469294
1662509430 8530668
1662509431 9249136
1662509432 5887770
1662509433 9707480
1662509434 7056314
1662509435 9287190
1662509436 7724856
1662509437 9032472
1662509438 9847718
1662509439 9500356
1662509440 8375060
1662509441 7330006
1662509442 7930920
1662509443 10252426
1662509444 12033332
1662509445 12600538
1662509446 10692114
1662509447 9857894
1662509448 10906128
1662509449 11416730
1662509450 13684388
1662509451 13497722
1662509452 11570112
1662509453 13156402
1662509454 12050504
1662509455 11211938
1662509456 7750190
1662509457 9054308
1662509458 6298520
1662509459 6543274
1662509460 7932828
1662509461 5753150
1662509462 9253906
1662509463 6906324
1662509464 6533204
1662509465 2912456
1662509466 5653298
1662509467 7844424
1662509468 9358846
1662509469 7549002
1662509470 7473848
1662509471 10445028
1662509472 9462832
1662509473 7011794
1662509474 8215636
1662509475 7242980
1662509476 8946930
1662509477 9224862
1662509478 8937390
1662509479 7068822
1662509480 7045714
1662509481 8003000
1662509482 8150552
1662509483 8555366
1662509484 5525250
1662509485 6052812
1662509486 3762046
1662509487 5329362
1662509488 8838280
1662509489 8262170
1662509490 7836050
1662509491 8843262
1662509492 8672390
1662509493 8070628
1662509494 7311562
1662509495 9406864
1662509496 7275946
1662509497 7761744
1662509498 8566072
1662509499 6810288
1662509500 8843580
1662509501 7330112
1662509502 8263654
1662509503 8929652
1662509504 8368170
1662509505 9245320
1662509506 7766090
1662509507 6297778
1662509508 5281450
1662509509 6532356
1662509510 8253690
1662509511 9219138
1662509512 8889584
1662509513 9938772
1662509514 11490400
1662509515 11779038
1662509516 14342118
1662509517 12347198
1662509518 11597672
1662509519 11881222
1662509520 14033764
1662509521 10186176
1662509522 7964098
1662509523 7044124
1662509524 6822796
1662509525 8617694
1662509526 7672492
1662509527 8570948
1662509528 6615460
1662509529 7107724
1662509530 9659356
1662509531 9240338
1662509532 10098938
1662509533 9641866
1662509534 8163908
1662509535 7280292
1662509536 8017522
1662509537 4510618
1662509538 9467072
1662509539 8831814
1662509540 8568192
1662509541 7850254
1662509542 8671436
1662509543 7718920
1662509544 7607090
1662509545 9823338
1662509546 7796406
1662509547 7319512
1662509548 6352368
1662509549 8178854
1662509550 7840396
1662509551 8321530
1662509552 7066066
1662509553 8499822
1662509554 7647688
1662509555 8714260
1662509556 8708218
1662509557 8661896
1662509558 7078786
1662509559 6985400
1662509560 8907604
1662509561 9092786
1662509562 7498546
1662509563 10375492
1662509564 5655948
1662509565 3558314
1662509566 6330956
1662509567 8479682
1662509568 3197066
1662509569 5221030
1662509570 6756016
1662509571 7988478
1662509572 8189666
1662509573 9248712
1662509574 8867642
1662509575 8898064
1662509576 9039892
1662509577 9111866
1662509578 6882580
1662509579 7800116
1662509580 7467594
1662509581 8513814
1662509582 9047736
1662509583 8227720
1662509584 6615142
1662509585 7719132
1662509586 8152778
1662509587 7147156
1662509588 7724114
1662509589 9162746
1662509590 8325346
1662509591 6797674
1662509592 8608154
1662509593 8796410
1662509594 8932196
1662509595 7152880
1662509596 6959324
1662509597 4678840
1662509598 5006168
1662509599 5429426
1662509600 8412266
1662509601 8271816
1662509602 6882368
1662509603 6975754
1662509604 7485296
1662509605 6968864
1662509606 7479254
1662509607 7012960
1662509608 5771276
1662509609 7713514
1662509610 7515506
1662509611 7646840
1662509612 6351838
1662509613 7503846
1662509614 7493564
1662509615 6684890
1662509616 6544758
1662509617 6041364
1662509618 5875580
1662509619 7144930
1662509620 6990488
1662509621 7592674
1662509622 6765980
1662509623 6070408
1662509624 8201856
1662509625 7741922
1662509626 5935258
1662509627 7288030
1662509628 6055144
1662509629 6567442
1662509630 5567862
1662509631 5687006
1662509632 6469074
1662509633 6412788
1662509634 4372924
1662509635 2443512
1662509636 4014962
1662509637 5625420
1662509638 1481668
1662509639 4900274
1662509640 3019410
1662509641 3302218
1662509642 3905146
1662509643 3648944
1662509644 4648418
1662509645 2246564
1662509646 4202264
1662509647 2490046
1662509648 3486658
1662509649 4417868
1662509650 4145554
1662509651 3453798
1662509652 3742118
1662509653 2197698
1662509654 4188696
1662509655 6629558
1662509656 7189026
1662509657 7116734
1662509658 5879714
1662509659 7167508
1662509660 7150866
1662509661 7758670
1662509662 7191464
1662509663 6495998
1662509664 6755486
1662509665 7164010
1662509666 7008296
1662509667 7455722
1662509668 7071578
1662509669 3154136
1662509670 5853214
1662509671 4478288
1662509672 6277638
1662509673 5353000
1662509674 6868058
1662509675 7305308
1662509676 4729508
1662509677 7096488
1662509678 4626264
1662509679 5946812
1662509680 4369638
1662509681 6044968
1662509682 4711276
1662509683 5164744
1662509684 5078354
1662509685 3055980
1662509686 2796068
1662509687 2697064
1662509688 2428990
1662509689 2602300
1662509690 2883836
1662509691 2517076
1662509692 2230876
1662509693 2105902
1662509694 1263096
1662509695 3981148
1662509696 2862848
1662509697 2404610
1662509698 2377156
1662509699 1646816
1662509700 3143006
1662509701 1471492
1662509702 735216
1662509703 3274340
1662509704 3662406
1662509705 2000538
1662509706 2081098
1662509707 4026198
1662509708 2701728
1662509709 1841326
1662509710 3199928
1662509711 3246144
1662509712 2220912
1662509713 1504670
1662509714 3275188
1662509715 3708198
1662509716 2475736
1662509717 505302
1662509724 809734
1662509725 3016760
1662509726 2176074
1662509727 2467786
1662509728 2820236
1662509729 2714448
1662509730 2915742
1662509731 3590220
1662509732 1369626
1662509733 830086
1662509734 2075586
1662509735 2807092
1662509736 935768
1662509737 2255998
1662509738 4414688
1662509739 1822988
1662509740 1150630
1662509741 596144
1662509742 2694202
1662509743 3496728
1662509744 2819706
1662509745 2585340
1662509746 2097634
1662509747 1598586
1662509748 1987394
1662509749 1923158
1662509771 302630
1662509772 425166
1662509773 1956230
1662509774 2836454
1662509775 1510924
1662509776 1995662
1662509777 1575584
1662509778 1940754
1662509779 1901322
1662509780 517916
1662510285 1270940
1662510286 2581206
1662510287 3347162
1662510288 1888708
1662510289 2756000
1662510290 2601346
1662510291 2409804
1662510292 2912032
1662510293 2982840
1662510294 3500226
1662510295 4024820
1662510296 4444686
1662510297 3656788
1662510298 2820660
1662510299 3850344
1662510300 3582694
1662510301 3691556
1662510302 4153610
1662510303 3741482
1662510304 3314726
1662510305 2492696
1662510306 2172894
1662510307 2850870
1662510308 2035200
1662510309 2901326
1662510310 2887546
1662510311 2587248
1662510312 2340056
1662510313 2117456
1662510314 2692294
1662510315 2618412
1662510316 2761406
1662510317 3104740
1662510318 2227696
1662510319 4297028
1662510320 3085872
1662510321 3268086
1662510322 3209362
1662510323 2393162
1662510324 3547714
1662510325 2561914
1662510326 2665264
1662510327 4632942
1662510328 2779214
1662510329 3719010
1662510330 1913512
1662510331 1285038
1662510332 1550568
1662510333 1338674
1662510334 2026402
1662510335 2554918
1662510336 1295108
1662510337 529576
1662510338 468944
1662510339 1495766
1662510340 1381922
1662510341 1247090
1662510342 1622966
1662510343 1248362
1662510344 2187734
1662510345 1836450
1662510346 3675550
1662510347 2713282
1662510348 883192
1662510349 1550038
1662510350 854254
1662510351 2256846
1662510352 1232886
