# events called


# events submitted


# events lost
# events called
1662486932 6360
1662486933 3941928
1662486934 210834
1662486935 14807140
1662486936 15033344
1662486937 14445468
1662486938 16938694
1662486939 15591540
1662486940 16340218
1662486941 17339480
1662486942 16247044
1662486943 16443568
1662486944 16747152
1662486945 15564192
1662486946 16895658
1662486947 17458200
1662486948 15219162
1662486949 16812660
1662486950 16890146
1662486951 15618888
1662486952 16169240
1662486953 16057622
1662486954 16844354
1662486955 16067162
1662486956 15184394
1662486957 16711642
1662486958 16273650
1662486959 16579990
1662486960 16853576
1662486961 14054858
1662486962 16732630
1662486963 16607974
1662486964 16597056
1662486965 16700830
1662486966 16893538
1662486967 13814768
1662486968 15401800
1662486969 16730616
1662486970 16807890
1662486971 16982684
1662486972 16725952
1662486973 16515436
1662486974 13368614
1662486975 14589734
1662486976 16312552
1662486977 16987666
1662486978 15975260
1662486979 16648148
1662486980 16809586
1662486981 16414630
1662486982 16634368
1662486983 11609438
1662486984 15630654
1662486985 17029218
1662486986 16567270
1662486987 16937210
1662486988 16493494
1662486989 16431484
1662486990 16960636
1662486991 17330470
1662486992 16585184
1662486993 14922680
1662486994 11875180
1662486995 15651430
1662486996 16469326
1662486997 16508758
1662486998 16049460
1662486999 15699766
1662487000 17341600
1662487001 17089002
1662487002 16752558
1662487003 16765172
1662487004 15967416
1662487005 16767822
1662487006 14811910
1662487007 13474296
1662487008 14896922
1662487009 15981620
1662487010 16727648
1662487011 16980564
1662487012 15625036
1662487013 16605324
1662487014 15859296
1662487015 16496250
1662487016 17250758
1662487017 16861420
1662487018 16769094
1662487019 16206552
1662487020 16421520
1662487021 15127366
1662487022 12312112
1662487023 13181100
1662487024 14624608
1662487025 16512786
1662487026 16422156
1662487027 16003562
1662487028 16859088
1662487029 15935298
1662487030 16509924
1662487031 16618150
1662487032 16483424
1662487033 16951732
1662487034 15793682
1662487035 16924596
1662487036 16188850
1662487037 16633202
1662487038 17173378
1662487039 14520092
1662487040 11874226
1662487041 12542238
1662487042 14048180
1662487043 16558366
1662487044 15260184
1662487045 17117940
1662487046 16052110
1662487047 17380078
1662487048 16527626
1662487049 15619736
1662487050 16759342
1662487051 16262414
1662487052 16681326
1662487053 16310326
1662487054 15305658
1662487055 16520100
1662487056 16925232
1662487057 16567694
1662487058 16863858
1662487059 16220544
1662487060 16764218
1662487061 14266328
1662487062 11954680
1662487063 11325570
1662487064 12466024
1662487065 15251386
1662487066 16491692
1662487067 16410178
1662487068 16172208
1662487069 15817532
1662487070 16360040
1662487071 16319654
1662487072 16092814
1662487073 16428622
1662487074 15624400
1662487075 16580202
1662487076 16095464
1662487077 16094510
1662487078 15929892
1662487079 15006208
1662487080 16385692
1662487081 16544692
1662487082 15593978
1662487083 16624086
1662487084 15571400
1662487085 16295062
1662487086 16511090
1662487087 15533240
1662487088 12169436
1662487089 11803842
1662487090 11985526
1662487091 12346244
1662487092 14079980
1662487093 16269198
1662487094 15124610
1662487095 16209202
1662487096 16195422
1662487097 16429364
1662487098 16326756
1662487099 14732304
1662487100 15784248
1662487101 16374668
1662487102 15725312
1662487103 15899470
1662487104 15589632
1662487105 16258598
1662487106 16368096
1662487107 16348698
1662487108 16292518
1662487109 15724994
1662487110 15395122
1662487111 15992750
1662487112 16585078
1662487113 16199768
1662487114 15163300
1662487115 15781386
1662487116 15925122
1662487117 16435618
1662487118 16043312
1662487119 13668170
1662487120 11123534
1662487121 11342424
1662487122 11276280
1662487123 10666462
1662487124 11632440
1662487125 14605104
1662487126 15141146
1662487127 14961476
1662487128 14955328
1662487129 13099480
1662487130 14636586
1662487131 15386112
1662487132 15697434
1662487133 14517654
1662487134 13916952
1662487135 15785626
1662487136 16093344
1662487137 14370632
1662487138 17072254
1662487139 14581042
1662487140 15022638
1662487141 13722972
1662487142 14826220
1662487143 13997724
1662487144 12905394
1662487145 13933170
1662487146 14049876
1662487147 14738664
1662487148 14807140
1662487149 12193286
1662487150 15374240
1662487151 16255842
1662487152 14074892
1662487153 14365438
1662487154 12089194
1662487155 11461356
1662487156 12289110
1662487157 12703994
1662487158 11574034
1662487159 10794722
1662487160 12492100
1662487161 14043516
1662487162 15625036
1662487163 14712482
1662487164 13464968
1662487165 13794522
1662487166 14490836
1662487167 14136690
1662487168 14342118
1662487169 13903596
1662487170 13731558
1662487171 14891622
1662487172 14483522
1662487173 14413350
1662487174 12212790
1662487175 14388864
1662487176 15121748
1662487177 14697536
1662487178 14806186
1662487179 12707068
1662487180 15376678
1662487181 15476212
1662487182 13847098
1662487183 13973344
1662487184 12691062
1662487185 14167960
1662487186 14741526
1662487187 14266646
1662487188 14606588
1662487189 12478214
1662487190 13745656
1662487191 13780000
1662487192 13807454
1662487193 14727322
1662487194 12595132
1662487195 14296326
1662487196 12483832
1662487197 11513508
1662487198 12534924
1662487199 10095334
1662487200 11704626
1662487201 12223390
1662487202 10630316
1662487203 10529086
1662487204 11973018
1662487205 14472710
1662487206 13391828
1662487207 13236538
1662487208 13143576
1662487209 11538206
1662487210 12682264
1662487211 14132344
1662487212 13380168
1662487213 13275334
1662487214 11674310
1662487215 12833208
1662487216 13842010
1662487217 13407198
1662487218 13579236
1662487219 11276598
1662487220 14883036
1662487221 15733898
1662487222 14323250
1662487223 13038742
1662487224 11293452
1662487225 13345930
1662487226 13650892
1662487227 13261342
1662487228 12804694
1662487229 11695722
1662487230 12549658
1662487231 13723396
1662487232 13359180
1662487233 13663506
1662487234 11129046
1662487235 11863838
1662487236 12841476
1662487237 12630430
1662487238 12439206
1662487239 10640598
1662487240 12588136
1662487241 10694552
1662487242 9738114
1662487243 10546576
1662487244 8477562
1662487245 9616638
1662487246 10659784
1662487247 10098832
1662487248 10900086
1662487249 9573920
1662487250 7340288
1662487251 8640166
1662487252 8636668
1662487253 10489548
1662487254 9962728
1662487255 8243726
1662487256 10672080
1662487257 10982766
1662487258 10055902
1662487259 8880468
1662487260 7823966
1662487261 10314860
1662487262 9904852
1662487263 10747976
1662487264 9137094
1662487265 8264290
1662487266 10230060
1662487267 9786768
1662487268 9697516
1662487269 9861816
1662487270 10354610
1662487271 9878246
1662487272 10028660
1662487273 10343480
1662487274 9263446
1662487275 8043280
1662487276 11070958
1662487277 10048376
1662487278 10260800
1662487279 9807968
1662487280 7987842
1662487281 10572334
1662487282 8656384
1662487283 8238108
1662487284 7940672
1662487285 7451376
1662487286 8270968
1662487287 8028228
1662487288 8308492
1662487289 7556210
1662487290 6880142
1662487291 6483172
1662487292 6217642
1662487293 6181920
1662487294 6310392
1662487295 6725700
1662487296 6616096
1662487297 5455290
1662487298 5308904
1662487299 6091078
1662487300 6023768
1662487301 6836788
1662487302 6491546
1662487303 7044124
1662487304 6805942
1662487305 6432504
1662487306 7054088
1662487307 7059282
1662487308 6903992
1662487309 6918832
1662487310 6910352
1662487311 6880460
1662487312 6718704
1662487313 7088326
1662487314 6567442
1662487315 6926994
1662487316 7112812
1662487317 7147262
1662487318 7000770
1662487319 6809016
1662487320 6820464
1662487321 7096806
1662487322 7111752
1662487323 7240224
1662487324 6342192
1662487325 6959854
1662487326 6941304
1662487327 7531724
1662487328 7233440
1662487329 6424766
1662487330 6670898
1662487331 7003314
1662487332 6835410
1662487333 7027376
1662487334 6789936
1662487335 6551860
1662487336 6551542
1662487337 6032672
1662487338 5567014
1662487339 4718802
1662487340 4765760
1662487341 4861902
1662487342 4808796
1662487343 4687108
1662487344 4384266
1662487345 3974364
1662487346 3166326
1662487347 3112266
1662487348 2981144
1662487349 2574846
1662487350 2757378
1662487351 2775398
1662487352 2928144
1662487353 2975632
1662487354 2694838
1662487355 2879490
1662487356 2891256
1662487357 2895814
1662487358 2899312
1662487359 2675546
1662487360 2749534
1662487361 2856806
1662487362 2913410
1662487363 2900160
1662487364 2827126
1662487365 2759816
1662487366 2686570
1662487367 3000860
1662487368 2872918
1662487369 2799354
1662487370 3133148
1662487371 3175018
1662487372 3188480
1662487373 3338470
1662487374 3781232
1662487375 2816950
1662487376 2005520
1662487377 1867720
1662487378 1864752
1662487379 1747622
1662487380 2066682
1662487381 1862420
1662487382 2107810
1662487383 1775818
1662487384 1786948
1662487385 2180738
1662487386 2110778
1662487387 2061700
1662487388 1820762
1662487389 1576538
1662487390 2020466
1662487391 1967148
1662487392 2153072
1662487393 2017392
1662487394 1798290
1662487395 1815674
1662487396 1800940
1662487397 2075692
1662487398 2083218
1662487399 1825214
1662487400 2066258
1662487401 1931426
1662487402 1929836
1662487403 1814402
1662487404 1904078
1662487405 2500858
1662487406 2333272
1662487407 2192716
1662487408 2236600
1662487409 2200348
1662487410 2246140
1662487411 2217202
1662487412 2248260
1662487413 2207450
1662487414 2044104
1662487415 2163990
1662487416 2462380
1662487417 2186250
1662487418 2120212
1662487419 2107280
1662487420 2162824
1662487421 2128798
1662487422 2197380
1662487423 2187628
1662487424 2037638
1662487425 2220700
1662487426 2151906
1662487427 2178618
1662487428 2300094
1662487429 2062866
1662487430 2209040
1662487431 2285890
1662487432 2257694
1662487433 2194518
1662487434 2101874
1662487435 2144274
1662487436 2190066
1662487437 2369630
1662487438 2496512
1662487439 2486230
1662487440 2734694
1662487441 2906838
1662487442 2989306
1662487443 2548452
1662487444 2397508
1662487445 2672366
1662487446 2641732
1662487447 2669080
1662487448 2523966
1662487449 2366980
1662487450 2662614
1662487451 2615868
1662487452 2379700
1662487453 2787270
1662487454 2476478
1662487455 2688902
1662487456 2739782
1662487457 2790874
1662487458 2579616
1662487459 2307090
1662487460 2532340
1662487461 2705014
1662487462 2481354
1662487463 2829988
1662487464 2447222
1662487465 2535944
1662487466 2428884
1662487467 2635584
1662487468 2630708
1662487469 2381820
1662487470 2715614
1662487471 2987504
1662487472 3056828
1662487473 2840376
1662487474 2643746
1662487475 2771370
1662487476 3025876
1662487477 2862318
1662487478 3164100
1662487479 2494498
1662487480 2628270
1662487481 2637386
1662487482 2679998
1662487483 2854792
1662487484 2395070
1662487485 2645654
1662487486 2474252
1662487487 2435986
1662487488 2675440
1662487489 2627528
1662487490 2630390
1662487491 2694732
1662487492 2857654
1662487493 2749534
1662487494 2446056
1662487495 2707770
1662487496 2893694
1662487497 2815042
1662487498 2723034
1662487499 2711904
1662487500 2816844
1662487501 2777836
1662487502 2923586
1662487503 2717416
1662487504 2523648
1662487505 2586188
1662487506 2838362
1662487507 2693778
1662487508 2713282
1662487509 2391360
1662487510 2643958
1662487511 2637492
1662487512 2682542
1662487513 2799778
1662487514 2239674
1662487515 2550996
1662487516 2761088
1662487517 2527676
1662487518 2717416
1662487519 2740842
1662487520 2456762
1662487521 2654028
1662487522 2723882
1662487523 2665158
1662487524 2473086
1662487525 2693778
1662487526 2711056
1662487527 2733846
1662487528 2681800
1662487529 2484640
1662487530 2601028
1662487531 2769250
1662487532 2717310
1662487533 2653392
1662487534 2616928
1662487535 2591806
1662487536 2885744
1662487537 2974890
1662487538 2694944
1662487539 2646396
1662487540 2649894
1662487541 2528524
1662487542 2832744
1662487543 2711162
1662487544 2549194
1662487545 2502130
1662487546 2635478
1662487547 2659752
1662487548 2730348
1662487549 2550572
1662487550 2474994
1662487551 2705756
1662487552 2666324
1662487553 2725896
1662487554 2698866
1662487555 2514532
1662487556 2970544
1662487557 2785362
1662487558 2850870
1662487559 2441816
1662487560 2669716
1662487561 2750170
1662487562 2553222
1662487563 2667596
1662487564 2633782
1662487565 2655936
1662487566 2677030
1662487567 2736284
1662487568 2615020
1662487569 2343660
1662487570 2761300
1662487571 2920300
1662487572 2670246
1662487573 2684874
1662487574 2527676
1662487575 2623182
1662487576 3183286
1662487577 2999164
1662487578 3010824
1662487579 2852036
1662487580 2797976
1662487581 2997574
1662487582 2815784
1662487583 3142052
1662487584 2655300
1662487585 3054284
1662487586 3150108
1662487587 3427404
1662487588 3515702
1662487589 2928568
1662487590 3007326
1662487591 3660604
1662487592 3469486
1662487593 3146186
1662487594 2676394
1662487595 2669398
1662487596 3172474
1662487597 2803382
1662487598 2836772
1662487599 2712010
1662487600 3003616
1662487601 3123926
1662487602 2962488
1662487603 3024286
1662487604 3142264
1662487605 3517292
1662487606 3542096
1662487607 3254412
1662487608 3497470
1662487609 3152970
1662487610 2899418
1662487611 3369528
1662487612 3023544
1662487613 2963866
1662487614 2806244
1662487615 2981992
1662487616 3312606
1662487617 3525878
1662487618 3585238
1662487619 3398784
1662487620 3754096
1662487621 3754626
1662487622 3883946
1662487623 3787062
1662487624 3146822
1662487625 3461006
1662487626 3266390
1662487627 3683500
1662487628 3443728
1662487629 3779854
1662487630 4060118
1662487631 4178202
1662487632 3863594
1662487633 3766392
1662487634 3539128
1662487635 4054182
1662487636 3762894
1662487637 3627532
1662487638 3991960
1662487639 3446908
1662487640 3619582
1662487641 3799782
1662487642 4330630
1662487643 3760562
1662487644 3452844
1662487645 3853312
1662487646 3973622
1662487647 3854796
1662487648 4040826
1662487649 3531496
1662487650 4625734
1662487651 4289184
1662487652 4289184
1662487653 4278796
1662487654 4004468
1662487655 4353314
1662487656 4453484
1662487657 4679158
1662487658 4189968
1662487659 3669932
1662487660 4602308
1662487661 4371334
1662487662 4438750
1662487663 4519946
1662487664 3750174
1662487665 4863386
1662487666 4295968
1662487667 4540298
1662487668 4451364
1662487669 3834126
1662487670 4441824
1662487671 4739472
1662487672 4439280
1662487673 4519204
1662487674 3714346
1662487675 4621918
1662487676 4092024
1662487677 4734702
1662487678 4468960
1662487679 3847482
1662487680 4453590
1662487681 4412886
1662487682 4581002
1662487683 4635592
1662487684 3541248
1662487685 4581532
1662487686 4457406
1662487687 4392958
1662487688 4344834
1662487689 3925286
1662487690 4498428
1662487691 4468006
1662487692 4400166
1662487693 4715092
1662487694 3296706
1662487695 4869640
1662487696 4268832
1662487697 4536482
1662487698 4370168
1662487699 3695478
1662487700 4172584
1662487701 4181594
1662487702 4173114
1662487703 4469808
1662487704 3833172
1662487705 4568812
1662487706 4769046
1662487707 4897412
1662487708 4871548
1662487709 3951892
1662487710 4898260
1662487711 4857662
1662487712 4619904
1662487713 5002034
1662487714 4124460
1662487715 4875364
1662487716 4955288
1662487717 5064574
1662487718 4717530
1662487719 4315578
1662487720 4812188
1662487721 4809432
1662487722 5007652
1662487723 4790882
1662487724 4559590
1662487725 4863492
1662487726 5053126
1662487727 5070934
1662487728 4817382
1662487729 4521748
1662487730 5151388
1662487731 5233220
1662487732 5306996
1662487733 5334344
1662487734 4567964
1662487735 5260568
1662487736 5492496
1662487737 5455608
1662487738 5547510
1662487739 4640256
1662487740 6099982
1662487741 5709266
1662487742 5492072
1662487743 5937272
1662487744 5102734
1662487745 5831590
1662487746 5806786
1662487747 6159978
1662487748 5676512
1662487749 5212126
1662487750 6451266
1662487751 5374518
1662487752 5578992
1662487753 5571148
1662487754 4644390
1662487755 5752196
1662487756 6126270
1662487757 6206300
1662487758 5673226
1662487759 5603584
1662487760 5731526
1662487761 6303184
1662487762 6331062
1662487763 6347280
1662487764 5474052
1662487765 6314632
1662487766 5843038
1662487767 5768414
1662487768 5607082
1662487769 5168666
1662487770 5879714
1662487771 5781452
1662487772 6069666
1662487773 5831696
1662487774 5284100
1662487775 6369540
1662487776 6021436
1662487777 6732166
1662487778 6369222
1662487779 5554400
1662487780 6212660
1662487781 5811980
1662487782 6490486
1662487783 6751458
1662487784 4998960
1662487785 5421370
1662487786 5735660
1662487787 5590546
1662487788 6556736
1662487789 6179482
1662487790 5645030
1662487791 6783046
1662487792 6079418
1662487793 6122878
1662487794 5864768
1662487795 5685628
1662487796 6406958
1662487797 5669198
1662487798 5726332
1662487799 5618636
1662487800 5038816
1662487801 5636020
1662487802 5795020
1662487803 5781134
1662487804 4966418
1662487805 5449248
1662487806 5665594
1662487807 5456138
1662487808 5401760
1662487809 5165380
1662487810 5292474
1662487811 5666442
1662487812 6131040
1662487813 6197714
1662487814 5399852
1662487815 5955292
1662487816 6467272
1662487817 6434518
1662487818 6108356
1662487819 5296820
1662487820 5554506
1662487821 5824170
1662487822 5528748
1662487823 5644288
1662487824 5281238
1662487825 5223680
1662487826 5767354
1662487827 5479670
1662487828 5655418
1662487829 5150964
1662487830 5111638
1662487831 5799472
1662487832 5815690
1662487833 5899960
1662487834 5518784
1662487835 5508608
1662487836 5707676
1662487837 5532882
1662487838 5944692
1662487839 5275196
1662487840 5645242
1662487841 6236828
1662487842 5893388
1662487843 5632734
1662487844 5381090
1662487845 5349714
1662487846 5821308
1662487847 5955186
1662487848 5633582
1662487849 5518678
1662487850 5892010
1662487851 6892332
1662487852 5811556
1662487853 5625632
1662487854 5469494
1662487855 5525674
1662487856 6120440
1662487857 6117896
1662487858 6538292
1662487859 5610368
1662487860 5604008
1662487861 6002144
1662487862 5669092
1662487863 5562880
1662487864 5278482
1662487865 5376638
1662487866 5806680
1662487867 5664322
1662487868 5741278
1662487869 4746044
1662487870 5443418
1662487871 6028644
1662487872 5839116
1662487873 5325970
1662487874 6099558
1662487875 5210218
1662487876 5956988
1662487877 5850352
1662487878 6191672
1662487879 5682554
1662487880 5055670
1662487881 6133796
1662487882 5830424
1662487883 5585988
1662487884 5399428
1662487885 5696970
1662487886 5526416
1662487887 5717004
1662487888 6011048
1662487889 5450202
1662487890 4794062
1662487891 6102844
1662487892 6229302
1662487893 5632204
1662487894 5076552
1662487895 5326924
1662487896 5862012
1662487897 5691352
1662487898 5945646
1662487899 5789508
1662487900 4839748
1662487901 5866146
1662487902 5962818
1662487903 5335086
1662487904 5740642
1662487905 5444902
1662487906 5457940
1662487907 5901868
1662487908 5914694
1662487909 5585670
1662487910 5602418
1662487911 5722198
1662487912 6022390
1662487913 6422540
1662487914 6118532
1662487915 5611534
1662487916 6849614
1662487917 6347068
1662487918 6492182
1662487919 6777216
1662487920 5563940
1662487921 7085252
1662487922 6517834
1662487923 6669732
1662487924 6050162
1662487925 5768414
1662487926 7152032
1662487927 6651076
1662487928 6953176
1662487929 5925506
1662487930 5457304
1662487931 5877806
1662487932 6012002
1662487933 5923916
1662487934 5553552
1662487935 5674604
1662487936 5852578
1662487937 5546768
1662487938 5748698
1662487939 6016560
1662487940 5224740
1662487941 5795020
1662487942 5930594
1662487943 5350774
1662487944 5929428
1662487945 5288340
1662487946 6178316
1662487947 5344732
1662487948 5892010
1662487949 5314946
1662487950 5432712
1662487951 5777212
1662487952 5829682
1662487953 5659976
1662487954 5657538
1662487955 5217108
1662487956 5888830
1662487957 6051434
1662487958 5874202
1662487959 5511046
1662487960 5321094
1662487961 5512318
1662487962 5928050
1662487963 6073058
1662487964 5916814
1662487965 5015496
1662487966 6130510
1662487967 5908122
1662487968 5755800
1662487969 5578568
1662487970 4919566
1662487971 4853210
1662487972 5496948
1662487973 5698454
1662487974 5723682
1662487975 5668880
1662487976 4988572
1662487977 5433348
1662487978 5787706
1662487979 5469388
1662487980 5659234
1662487981 5437270
1662487982 5680222
1662487983 5445538
1662487984 5758026
1662487985 6013062
1662487986 4427408
1662487987 5916602
1662487988 6506704
1662487989 5717958
1662487990 5465254
1662487991 5047932
1662487992 5749546
1662487993 5548676
1662487994 4982742
1662487995 5175556
1662487996 4453060
1662487997 4877908
1662487998 4979350
1662487999 5339326
1662488000 5320776
1662488001 4904408
1662488002 4453378
1662488003 4522702
1662488004 1744654
1662488005 5620756
1662488006 1974144
1662488007 4499488
1662488008 5533836
1662488009 5443948
1662488010 4808266
1662488011 1057350
1662488012 2682542
1662488013 5405788
1662488014 4948186
1662488015 4880346
1662488016 1273166
1662488017 5073478
1662488018 5935152
1662488019 5456350
1662488020 5930276
1662488021 4551534
1662488022 6091608
1662488023 5434090
1662488024 5594468
1662488025 5414480
1662488026 4472458
1662488027 5722516
1662488028 5354166
1662488029 5816856
1662488030 5427730
1662488031 4755160
1662488032 5956246
1662488033 5502778
1662488034 6084188
1662488035 6288238
1662488036 5262476
1662488037 6329366
1662488038 5910454
1662488039 6454022
1662488040 6118002
1662488041 5252830
1662488042 5878124
1662488043 6146198
1662488044 6005112
1662488045 6682770
1662488046 4842610
1662488047 6625424
1662488048 7015504
1662488049 6589702
1662488050 6279440
1662488051 5162624
1662488052 6933460
1662488053 6631996
1662488054 6587158
1662488055 6537444
1662488056 5147784
1662488057 6053766
1662488058 5226860
1662488059 5680540
1662488060 5553870
1662488061 4698768
1662488062 5880668
1662488063 4587362
1662488064 6041364
1662488065 5149480
1662488066 5988258
1662488067 5906108
1662488068 4962602
1662488069 6122560
1662488070 6116730
1662488071 6124150
1662488072 6199940
1662488073 5199512
1662488074 6423176
1662488075 6522286
1662488076 6823750
1662488077 6010412
1662488078 5412254
1662488079 6864560
1662488080 6611008
1662488081 6622880
1662488082 6801490
1662488083 5187322
1662488084 7046774
1662488085 6446602
1662488086 7854282
1662488087 5993876
1662488088 5492496
1662488089 6520696
1662488090 6022178
1662488091 5981050
1662488092 7046032
1662488093 5291096
1662488094 6354382
1662488095 5994194
1662488096 7245100
1662488097 6810288
1662488098 5983276
1662488099 6361272
1662488100 6465788
1662488101 6730046
1662488102 7067762
1662488103 5493026
1662488104 6449994
1662488105 6281560
1662488106 6287390
1662488107 6691780
1662488108 5866358
1662488109 7127334
1662488110 7329688
1662488111 6596486
1662488112 5653616
1662488113 4873562
1662488114 5865934
1662488115 5876534
1662488116 5745306
1662488117 5724636
1662488118 5231418
1662488119 6109522
1662488120 6248488
1662488121 6080372
1662488122 6301382
1662488123 5783678
1662488124 6394026
1662488125 6815588
1662488126 6781138
1662488127 7206622
1662488128 5512106
1662488129 6389468
1662488130 6567230
1662488131 7804674
1662488132 7109950
1662488133 6109416
1662488134 7133482
1662488135 2004142
1662488136 1590


# events submitted
1662486932 6360
1662486933 3941928
1662486934 210092
1662486935 14763680
1662486936 14935400
1662486937 14387380
1662486938 16905198
1662486939 15567372
1662486940 16322622
1662486941 17318704
1662486942 16226904
1662486943 16423640
1662486944 16708462
1662486945 15535148
1662486946 16881666
1662486947 17442618
1662486948 15207078
1662486949 16799834
1662486950 16867144
1662486951 15594932
1662486952 16153658
1662486953 16039814
1662486954 16818702
1662486955 16052746
1662486956 15167328
1662486957 16695212
1662486958 16259234
1662486959 16566316
1662486960 16826334
1662486961 14042986
1662486962 16701042
1662486963 16588364
1662486964 16574690
1662486965 16674118
1662486966 16870748
1662486967 13797490
1662486968 15374346
1662486969 16719274
1662486970 16786690
1662486971 16970600
1662486972 16714504
1662486973 16491904
1662486974 13362996
1662486975 14596518
1662486976 16296864
1662486977 16969858
1662486978 15960738
1662486979 16622390
1662486980 16789976
1662486981 16405726
1662486982 16637866
1662486983 11603820
1662486984 15610514
1662486985 16994238
1662486986 16533986
1662486987 16905304
1662486988 16465298
1662486989 16417280
1662486990 16940602
1662486991 17300472
1662486992 16558260
1662486993 14907946
1662486994 11866806
1662486995 15643480
1662486996 16449292
1662486997 16489572
1662486998 16020416
1662486999 15685456
1662487000 17330258
1662487001 17061336
1662487002 16727012
1662487003 16753088
1662487004 15954696
1662487005 16745244
1662487006 14810532
1662487007 13478748
1662487008 14884732
1662487009 15956498
1662487010 16727966
1662487011 16956290
1662487012 15613800
1662487013 16584336
1662487014 15855162
1662487015 16472930
1662487016 12916630
1662487017 13274168
1662487018 12739080
1662487019 11015202
1662487020 15519248
1662487021 15120794
1662487022 12305222
1662487023 13179934
1662487024 14612948
1662487025 16491904
1662487026 16412086
1662487027 15986602
1662487028 14282016
1662487029 11957436
1662487030 13439952
1662487031 12361190
1662487032 12583260
1662487033 12053578
1662487034 10890228
1662487035 11895532
1662487036 11238756
1662487037 13751062
1662487038 12770562
1662487039 10484460
1662487040 10108902
1662487041 10886094
1662487042 10310302
1662487043 11098094
1662487044 11224234
1662487045 12471536
1662487046 12255296
1662487047 12542238
1662487048 11829812
1662487049 11902422
1662487050 8624160
1662487051 6420844
1662487052 7628502
1662487053 5773502
1662487054 7532254
1662487055 6923178
1662487056 9302454
1662487057 9566818
1662487058 6217748
1662487059 6554298
1662487060 5797034
1662487061 6115670
1662487062 6097650
1662487063 6189552
1662487064 6711072
1662487065 7284850
1662487066 8128822
1662487067 7727612
1662487068 9004276
1662487069 7755702
1662487070 12289534
1662487071 11952030
1662487072 12901578
1662487073 13586020
1662487074 11007676
1662487075 11869986
1662487076 10688616
1662487077 12295258
1662487078 11084526
1662487079 10315920
1662487080 14041078
1662487081 11272676
1662487082 10510430
1662487083 12640394
1662487084 11001528
1662487085 10638372
1662487086 7873574
1662487087 10553784
1662487088 5884802
1662487089 6323854
1662487090 6661888
1662487091 5612276
1662487092 7907282
1662487093 9147058
1662487094 8401772
1662487095 8739170
1662487096 8866158
1662487097 7141538
1662487098 8224434
1662487099 5565318
1662487100 7544020
1662487101 6251668
1662487102 7295238
1662487103 8568086
1662487104 7032782
1662487105 8839976
1662487106 6654150
1662487107 6219868
1662487108 7951802
1662487109 7005010
1662487110 8434632
1662487111 8852908
1662487112 8176416
1662487113 13123224
1662487114 11054846
1662487115 11941006
1662487116 10647700
1662487117 10921180
1662487118 12403378
1662487119 10596608
1662487120 8698042
1662487121 9886514
1662487122 10586220
1662487123 7802024
1662487124 9988910
1662487125 10337438
1662487126 12717880
1662487127 10796630
1662487128 9959336
1662487129 9491558
1662487130 9796520
1662487131 9854608
1662487132 9570952
1662487133 7799904
1662487134 7115780
1662487135 6489002
1662487136 9887044
1662487137 7379190
1662487138 5559488
1662487139 5158066
1662487140 7242662
1662487141 5825230
1662487142 5081958
1662487143 6608994
1662487144 6027266
1662487145 7647052
1662487146 6219444
1662487147 6198668
1662487148 7864458
1662487149 6346538
1662487150 5239580
1662487151 7357884
1662487152 10112612
1662487153 11407402
1662487154 10372100
1662487155 9629570
1662487156 9883546
1662487157 8979154
1662487158 5355862
1662487159 6028750
1662487160 6431444
1662487161 9342840
1662487162 13556446
1662487163 10567034
1662487164 9604554
1662487165 10332986
1662487166 10965276
1662487167 11304158
1662487168 11059298
1662487169 9466224
1662487170 10081342
1662487171 9672818
1662487172 9313478
1662487173 10414182
1662487174 10157026
1662487175 11874014
1662487176 10749566
1662487177 9812844
1662487178 11736320
1662487179 8802134
1662487180 10866272
1662487181 10815604
1662487182 9354606
1662487183 10486368
1662487184 8905166
1662487185 11382174
1662487186 10538308
1662487187 10442272
1662487188 6618534
1662487189 7166872
1662487190 10436866
1662487191 11680882
1662487192 11362034
1662487193 12254130
1662487194 9394992
1662487195 9920646
1662487196 9196984
1662487197 11088554
1662487198 10200486
1662487199 8015402
1662487200 8090344
1662487201 12059302
1662487202 7379614
1662487203 5649270
1662487204 7306580
1662487205 9595756
1662487206 9848778
1662487207 11312532
1662487208 11242360
1662487209 9017208
1662487210 9008622
1662487211 10201016
1662487212 9725712
1662487213 10159570
1662487214 7646204
1662487215 10476404
1662487216 9558868
1662487217 10696248
1662487218 10216386
1662487219 9291642
1662487220 10973862
1662487221 13673682
1662487222 9052294
1662487223 6887032
1662487224 8985620
1662487225 10792814
1662487226 8885980
1662487227 10499300
1662487228 9539046
1662487229 8208322
1662487230 8819518
1662487231 9696986
1662487232 9624376
1662487233 11994960
1662487234 8131578
1662487235 9035970
1662487236 9741506
1662487237 8359160
1662487238 9192532
1662487239 7987524
1662487240 9852806
1662487241 7645780
1662487242 6555252
1662487243 6003522
1662487244 8263654
1662487245 8871882
1662487246 10140172
1662487247 9198150
1662487248 9121088
1662487249 5446068
1662487250 5466950
1662487251 5366250
1662487252 5388722
1662487253 7755808
1662487254 8306266
1662487255 8239698
1662487256 10665508
1662487257 10975982
1662487258 10054418
1662487259 8875804
1662487260 7819408
1662487261 10311786
1662487262 9902096
1662487263 10739920
1662487264 9130946
1662487265 8258354
1662487266 10229000
1662487267 9778500
1662487268 9690732
1662487269 9855986
1662487270 10350688
1662487271 9876444
1662487272 8823652
1662487273 10340300
1662487274 9265248
1662487275 8044234
1662487276 11063962
1662487277 10045196
1662487278 10255500
1662487279 9801396
1662487280 7986888
1662487281 10570426
1662487282 8651296
1662487283 8240546
1662487284 7937280
1662487285 7449256
1662487286 8270120
1662487287 8023988
1662487288 8307644
1662487289 7550804
1662487290 6879082
1662487291 6481476
1662487292 6218172
1662487293 6179376
1662487294 6310604
1662487295 6726654
1662487296 6613022
1662487297 5453594
1662487298 5308162
1662487299 6088852
1662487300 6022072
1662487301 6835198
1662487302 6490274
1662487303 7041262
1662487304 6804776
1662487305 6430808
1662487306 7053346
1662487307 7057056
1662487308 6902084
1662487309 6917030
1662487310 6909186
1662487311 6877174
1662487312 6714040
1662487313 7088220
1662487314 6567124
1662487315 6926040
1662487316 7111010
1662487317 7145036
1662487318 6999180
1662487319 6806790
1662487320 6820782
1662487321 7095428
1662487322 7110798
1662487323 7240012
1662487324 6341874
1662487325 6956568
1662487326 6940032
1662487327 7529286
1662487328 7233546
1662487329 6422328
1662487330 6671746
1662487331 7000452
1662487332 6829792
1662487333 7020274
1662487334 6781244
1662487335 6545606
1662487336 6544440
1662487337 6028220
1662487338 5564788
1662487339 4714668
1662487340 4761626
1662487341 4858934
1662487342 4805192
1662487343 4686684
1662487344 4381722
1662487345 3972562
1662487346 3166326
1662487347 3111206
1662487348 2979872
1662487349 2573256
1662487350 2752926
1662487351 2771158
1662487352 2923056
1662487353 2970756
1662487354 2690704
1662487355 2873448
1662487356 2888076
1662487357 2891998
1662487358 2893164
1662487359 2670140
1662487360 2745188
1662487361 2852672
1662487362 2909382
1662487363 2896662
1662487364 2819812
1662487365 2756106
1662487366 2681376
1662487367 2995560
1662487368 2868254
1662487369 2796386
1662487370 3129120
1662487371 3171732
1662487372 3186360
1662487373 3336456
1662487374 3777098
1662487375 2813240
1662487376 2000220
1662487377 1864540
1662487378 1860618
1662487379 1744230
1662487380 2062972
1662487381 1858604
1662487382 2105266
1662487383 1771472
1662487384 1784404
1662487385 2178088
1662487386 2107386
1662487387 2059262
1662487388 1817476
1662487389 1575584
1662487390 2015378
1662487391 1962802
1662487392 2152330
1662487393 2011350
1662487394 1794368
1662487395 1814402
1662487396 1797124
1662487397 2073572
1662487398 2080992
1662487399 1823836
1662487400 2062972
1662487401 1926656
1662487402 1927610
1662487403 1808042
1662487404 1901322
1662487405 2498526
1662487406 2332106
1662487407 2192080
1662487408 2233632
1662487409 2195896
1662487410 2241370
1662487411 2216036
1662487412 2245610
1662487413 2205542
1662487414 2039970
1662487415 2159856
1662487416 2459306
1662487417 2182646
1662487418 2116502
1662487419 2104206
1662487420 2157524
1662487421 2124876
1662487422 2194412
1662487423 2184448
1662487424 2037744
1662487425 2218686
1662487426 2150104
1662487427 2177982
1662487428 2295536
1662487429 2060322
1662487430 2207238
1662487431 2283028
1662487432 2255998
1662487433 2191444
1662487434 2099330
1662487435 2141624
1662487436 2189006
1662487437 2367510
1662487438 2491742
1662487439 2482626
1662487440 2731938
1662487441 2900266
1662487442 2982840
1662487443 2544318
1662487444 2392314
1662487445 2669080
1662487446 2636326
1662487447 2665688
1662487448 2520680
1662487449 2363058
1662487450 2660706
1662487451 2611734
1662487452 2376626
1662487453 2785468
1662487454 2475842
1662487455 2685616
1662487456 2735966
1662487457 2787376
1662487458 2576966
1662487459 2303274
1662487460 2529796
1662487461 2699714
1662487462 2477220
1662487463 2824476
1662487464 2443512
1662487465 2529478
1662487466 2424750
1662487467 2632934
1662487468 2624242
1662487469 2382032
1662487470 2715508
1662487471 2985384
1662487472 3055556
1662487473 2840694
1662487474 2641308
1662487475 2770416
1662487476 3023332
1662487477 2858820
1662487478 3163146
1662487479 2493332
1662487480 2624242
1662487481 2635796
1662487482 2676182
1662487483 2851824
1662487484 2390618
1662487485 2643640
1662487486 2473404
1662487487 2432382
1662487488 2670140
1662487489 2621910
1662487490 2625832
1662487491 2689962
1662487492 2851294
1662487493 2744764
1662487494 2443618
1662487495 2704060
1662487496 2890196
1662487497 2809636
1662487498 2718582
1662487499 2707876
1662487500 2813770
1662487501 2774444
1662487502 2918922
1662487503 2711904
1662487504 2520256
1662487505 2585234
1662487506 2832002
1662487507 2687206
1662487508 2707982
1662487509 2387862
1662487510 2640354
1662487511 2634312
1662487512 2679362
1662487513 2797976
1662487514 2236070
1662487515 2548028
1662487516 2759816
1662487517 2525238
1662487518 2715508
1662487519 2737768
1662487520 2454112
1662487521 2648940
1662487522 2716886
1662487523 2661554
1662487524 2469694
1662487525 2695050
1662487526 2708936
1662487527 2730454
1662487528 2682224
1662487529 2483792
1662487530 2598696
1662487531 2766494
1662487532 2712646
1662487533 2651484
1662487534 2616398
1662487535 2589262
1662487536 2883412
1662487537 2972240
1662487538 2691976
1662487539 2643640
1662487540 2647986
1662487541 2524496
1662487542 2829670
1662487543 2707346
1662487544 2542834
1662487545 2498738
1662487546 2633358
1662487547 2656254
1662487548 2726744
1662487549 2546014
1662487550 2472450
1662487551 2702576
1662487552 2663992
1662487553 2723776
1662487554 2695474
1662487555 2512094
1662487556 2965456
1662487557 2780698
1662487558 2847266
1662487559 2439060
1662487560 2668020
1662487561 2746672
1662487562 2552586
1662487563 2665476
1662487564 2632404
1662487565 2655936
1662487566 2675122
1662487567 2734482
1662487568 2612052
1662487569 2341010
1662487570 2760134
1662487571 2918180
1662487572 2667490
1662487573 2681800
1662487574 2525344
1662487575 2622122
1662487576 3180636
1662487577 2996302
1662487578 3008916
1662487579 2849810
1662487580 2796492
1662487581 2993864
1662487582 2812392
1662487583 3139932
1662487584 2652438
1662487585 3051210
1662487586 3149896
1662487587 3426026
1662487588 3510084
1662487589 2927826
1662487590 3006584
1662487591 3658696
1662487592 3468638
1662487593 3144914
1662487594 2674062
1662487595 2666854
1662487596 3170672
1662487597 2802216
1662487598 2833486
1662487599 2711162
1662487600 2998952
1662487601 3120852
1662487602 2960580
1662487603 3021000
1662487604 3139720
1662487605 3516550
1662487606 3539446
1662487607 3253670
1662487608 3494820
1662487609 3150214
1662487610 2898994
1662487611 3368468
1662487612 3022696
1662487613 2963018
1662487614 2805184
1662487615 2983052
1662487616 3311016
1662487617 3524182
1662487618 3585980
1662487619 3398042
1662487620 3753460
1662487621 3753778
1662487622 3883734
1662487623 3784306
1662487624 3144914
1662487625 3459734
1662487626 3264482
1662487627 3682334
1662487628 3442986
1662487629 3779960
1662487630 4059906
1662487631 4176824
1662487632 3861898
1662487633 3765438
1662487634 3536054
1662487635 4052486
1662487636 3760138
1662487637 3626048
1662487638 3986978
1662487639 3444258
1662487640 3616614
1662487641 3796602
1662487642 4321832
1662487643 3757700
1662487644 3452844
1662487645 3847376
1662487646 3969170
1662487647 3849496
1662487648 4034254
1662487649 3527998
1662487650 4620752
1662487651 4287806
1662487652 4283460
1662487653 4272224
1662487654 4002984
1662487655 4348968
1662487656 4449774
1662487657 4674918
1662487658 4185940
1662487659 3662724
1662487660 4597220
1662487661 4371970
1662487662 4434828
1662487663 4512102
1662487664 3748690
1662487665 4859040
1662487666 4291304
1662487667 4538496
1662487668 4444368
1662487669 3831158
1662487670 4435676
1662487671 4734066
1662487672 4434298
1662487673 4511784
1662487674 3711166
1662487675 4619056
1662487676 4087042
1662487677 4727176
1662487678 4465356
1662487679 3843136
1662487680 4453696
1662487681 4408964
1662487682 4578670
1662487683 4630398
1662487684 3536690
1662487685 4579624
1662487686 4452212
1662487687 4388930
1662487688 4343562
1662487689 3919774
1662487690 4497580
1662487691 4467370
1662487692 4394018
1662487693 4712124
1662487694 3293420
1662487695 4862114
1662487696 4263214
1662487697 4532136
1662487698 4361370
1662487699 3691556
1662487700 4172160
1662487701 4179156
1662487702 4170252
1662487703 4464190
1662487704 3832536
1662487705 4568282
1662487706 4760990
1662487707 4892006
1662487708 4865506
1662487709 3946592
1662487710 4893278
1662487711 4852150
1662487712 4617784
1662487713 4998536
1662487714 4119796
1662487715 4873244
1662487716 4950730
1662487717 5061076
1662487718 4715304
1662487719 4309960
1662487720 4807842
1662487721 4807206
1662487722 5007228
1662487723 4785794
1662487724 4556728
1662487725 4859146
1662487726 5051430
1662487727 5064786
1662487728 4816428
1662487729 4521642
1662487730 5151494
1662487731 5233008
1662487732 5304770
1662487733 5333178
1662487734 4566692
1662487735 5260356
1662487736 5491330
1662487737 5454018
1662487738 5545602
1662487739 4640362
1662487740 6100406
1662487741 5709478
1662487742 5493344
1662487743 5935788
1662487744 5100402
1662487745 5829046
1662487746 5805302
1662487747 6160826
1662487748 5675452
1662487749 5210642
1662487750 6448192
1662487751 5371868
1662487752 5579946
1662487753 5570724
1662487754 4643012
1662487755 5749546
1662487756 6126270
1662487757 6206088
1662487758 5672378
1662487759 5600192
1662487760 5731208
1662487761 6301806
1662487762 6327352
1662487763 6345478
1662487764 5472674
1662487765 6316752
1662487766 5842296
1662487767 5768732
1662487768 5604220
1662487769 5167924
1662487770 5877806
1662487771 5780922
1662487772 6069136
1662487773 5831166
1662487774 5279542
1662487775 6366996
1662487776 6021542
1662487777 6730046
1662487778 6368480
1662487779 5550160
1662487780 6209480
1662487781 5810390
1662487782 6486670
1662487783 6748172
1662487784 4998642
1662487785 5417978
1662487786 5733858
1662487787 5591288
1662487788 6556312
1662487789 6178104
1662487790 5643970
1662487791 6781138
1662487792 6078994
1662487793 6120758
1662487794 5863920
1662487795 5683508
1662487796 6401870
1662487797 5662520
1662487798 5721986
1662487799 5605492
1662487800 5031290
1662487801 5624042
1662487802 5785374
1662487803 5769474
1662487804 4956348
1662487805 5433030
1662487806 5649800
1662487807 5448400
1662487808 5386920
1662487809 5153932
1662487810 5281980
1662487811 5656690
1662487812 6131252
1662487813 6196972
1662487814 5400700
1662487815 5955080
1662487816 6466742
1662487817 6430702
1662487818 6097756
1662487819 5288764
1662487820 5541786
1662487821 5811556
1662487822 5517724
1662487823 5634218
1662487824 5268518
1662487825 5212762
1662487826 5754634
1662487827 5472144
1662487828 5639836
1662487829 5135276
1662487830 5106656
1662487831 5783466
1662487832 5803924
1662487833 5890950
1662487834 5505216
1662487835 5496842
1662487836 5691246
1662487837 5529066
1662487838 5931866
1662487839 5269048
1662487840 5638246
1662487841 6223048
1662487842 5883000
1662487843 5620014
1662487844 5360950
1662487845 5329150
1662487846 5809860
1662487847 5935894
1662487848 5615774
1662487849 5505322
1662487850 5884908
1662487851 6886926
1662487852 5805938
1662487853 5613972
1662487854 5461332
1662487855 5522918
1662487856 6113550
1662487857 6110794
1662487858 6529070
1662487859 5600722
1662487860 5593090
1662487861 5992180
1662487862 5664640
1662487863 5555990
1662487864 5269472
1662487865 5371126
1662487866 5801592
1662487867 5655948
1662487868 5722940
1662487869 4739472
1662487870 5434302
1662487871 6022602
1662487872 5828516
1662487873 5319398
1662487874 6089806
1662487875 5199936
1662487876 5945434
1662487877 5843674
1662487878 6182768
1662487879 5681812
1662487880 5049416
1662487881 6129344
1662487882 5820566
1662487883 5582702
1662487884 5391478
1662487885 5694002
1662487886 5515816
1662487887 5707782
1662487888 6005536
1662487889 5436634
1662487890 4785688
1662487891 6098286
1662487892 6216794
1662487893 5622346
1662487894 5062242
1662487895 5320564
1662487896 5858408
1662487897 5681388
1662487898 5934940
1662487899 5782194
1662487900 4829148
1662487901 5852366
1662487902 5952112
1662487903 5320988
1662487904 5729512
1662487905 5439814
1662487906 5447658
1662487907 5896144
1662487908 5907168
1662487909 5577614
1662487910 5601040
1662487911 5720820
1662487912 6021860
1662487913 6422222
1662487914 6117048
1662487915 5610262
1662487916 6847918
1662487917 6349188
1662487918 6493242
1662487919 6775626
1662487920 5562774
1662487921 7085358
1662487922 6518788
1662487923 6669096
1662487924 6049950
1662487925 5767248
1662487926 7149488
1662487927 6648638
1662487928 6948936
1662487929 5922962
1662487930 5454018
1662487931 5873248
1662487932 6003946
1662487933 5910878
1662487934 5546026
1662487935 5665064
1662487936 5842402
1662487937 5539454
1662487938 5739582
1662487939 6004158
1662487940 5218486
1662487941 5792900
1662487942 5920206
1662487943 5342612
1662487944 5913316
1662487945 5282828
1662487946 6165490
1662487947 5332224
1662487948 5884060
1662487949 5307844
1662487950 5419356
1662487951 5767884
1662487952 5821732
1662487953 5643546
1662487954 5653298
1662487955 5206402
1662487956 5876004
1662487957 6043166
1662487958 5870068
1662487959 5501400
1662487960 5312190
1662487961 5507654
1662487962 5916920
1662487963 6062034
1662487964 5908016
1662487965 5008288
1662487966 6119380
1662487967 5907062
1662487968 5750288
1662487969 5572632
1662487970 4912040
1662487971 4848864
1662487972 5487408
1662487973 5690186
1662487974 5714566
1662487975 5658492
1662487976 4984544
1662487977 5418720
1662487978 5776470
1662487979 5462498
1662487980 5655100
1662487981 5429956
1662487982 5673650
1662487983 5439496
1662487984 5752090
1662487985 6004476
1662487986 4419246
1662487987 5913634
1662487988 6495998
1662487989 5710114
1662487990 5459636
1662487991 5039982
1662487992 5744246
1662487993 5542740
1662487994 4974474
1662487995 5165698
1662487996 4447548
1662487997 4867308
1662487998 4969068
1662487999 5326818
1662488000 5315688
1662488001 4896882
1662488002 4447336
1662488003 4517932
1662488004 1744442
1662488005 5613124
1662488006 1970116
1662488007 4491220
1662488008 5527688
1662488009 5435998
1662488010 4801164
1662488011 1055760
1662488012 2681270
1662488013 5401230
1662488014 4944582
1662488015 4871654
1662488016 1271152
1662488017 5067966
1662488018 5928580
1662488019 5448824
1662488020 5921372
1662488021 4548460
1662488022 6084400
1662488023 5423702
1662488024 5587048
1662488025 5410134
1662488026 4463872
1662488027 5710644
1662488028 4544538
1662488029 4542948
1662488030 4128382
1662488031 3820346
1662488032 4474472
1662488033 4157214
1662488034 4044642
1662488035 4158380
1662488036 3879282
1662488037 4467370
1662488038 4824272
1662488039 5051430
1662488040 4431012
1662488041 4315154
1662488042 4199932
1662488043 4826180
1662488044 4612696
1662488045 4643648
1662488046 3403236
1662488047 5310388
1662488048 5433454
1662488049 5486136
1662488050 6277002
1662488051 5161564
1662488052 6932400
1662488053 6627120
1662488054 6584402
1662488055 6535854
1662488056 5139516
1662488057 6050056
1662488058 5219016
1662488059 5673862
1662488060 5548570
1662488061 4694846
1662488062 5873884
1662488063 4581108
1662488064 6032566
1662488065 5142696
1662488066 5976068
1662488067 5901656
1662488068 4952744
1662488069 6119698
1662488070 6116412
1662488071 6125210
1662488072 6198986
1662488073 5199088
1662488074 6423918
1662488075 6517410
1662488076 6821524
1662488077 6009034
1662488078 5410452
1662488079 6861274
1662488080 6608994
1662488081 6622244
1662488082 6797356
1662488083 5049310
1662488084 5712658
1662488085 6446178
1662488086 7850254
1662488087 5991968
1662488088 5491754
1662488089 6516350
1662488090 6020800
1662488091 4357236
1662488092 4071566
1662488093 3914262
1662488094 5024188
1662488095 4384690
1662488096 5796610
1662488097 5134534
1662488098 4477864
1662488099 4715728
1662488100 4978078
1662488101 5216896
1662488102 4982000
1662488103 3908008
1662488104 4901334
1662488105 5573480
1662488106 6286860
1662488107 6688918
1662488108 5863602
1662488109 7124578
1662488110 7326614
1662488111 6589914
1662488112 5645560
1662488113 4869428
1662488114 5857878
1662488115 5872930
1662488116 5735978
1662488117 5715308
1662488118 5223468
1662488119 6108780
1662488120 6247216
1662488121 6077298
1662488122 6298838
1662488123 5783360
1662488124 6391694
1662488125 6811666
1662488126 6779230
1662488127 7203972
1662488128 5510092
1662488129 6388196
1662488130 6564792
1662488131 7801388
1662488132 7103484
1662488133 6106766
1662488134 7130620
1662488135 2002764
1662488136 1484


# events lost
1662487016 4367200
1662487017 3616508
1662487018 4043582
1662487019 5220606
1662487020 906194
1662487028 2584386
1662487029 4013266
1662487030 3081950
1662487031 4290244
1662487032 3932282
1662487033 4932604
1662487034 4947338
1662487035 5080050
1662487036 4982212
1662487037 2894436
1662487038 4440976
1662487039 4061708
1662487040 1768716
1662487041 1666956
1662487042 3749326
1662487043 5507230
1662487044 4052804
1662487045 4695058
1662487046 3822254
1662487047 4876954
1662487048 4737988
1662487049 3737136
1662487050 8161364
1662487051 9893722
1662487052 9108156
1662487053 10585584
1662487054 7816122
1662487055 9656600
1662487056 7674400
1662487057 7065218
1662487058 10712360
1662487059 9714582
1662487060 11017852
1662487061 8181822
1662487062 5869750
1662487063 5150752
1662487064 5774562
1662487065 8004590
1662487066 8405376
1662487067 8738534
1662487068 7219554
1662487069 8098612
1662487070 4088844
1662487071 4407692
1662487072 3213072
1662487073 2861894
1662487074 4648100
1662487075 4747104
1662487076 5428896
1662487077 3813562
1662487078 4872290
1662487079 4717954
1662487080 2361256
1662487081 5310918
1662487082 5109836
1662487083 4011146
1662487084 4607078
1662487085 5696228
1662487086 8692530
1662487087 5023870
1662487088 6317176
1662487089 5497372
1662487090 5339962
1662487091 6754850
1662487092 6208420
1662487093 7170476
1662487094 6771174
1662487095 7521018
1662487096 7373996
1662487097 9339554
1662487098 8146736
1662487099 9204934
1662487100 8286762
1662487101 10164022
1662487102 8474700
1662487103 7376540
1662487104 8604550
1662487105 7469184
1662487106 9764296
1662487107 10179180
1662487108 8393716
1662487109 8771394
1662487110 6998968
1662487111 7182242
1662487112 8462086
1662487113 3098910
1662487114 4138028
1662487115 3868894
1662487116 5301802
1662487117 5550160
1662487118 3666010
1662487119 3089370
1662487120 2431004
1662487121 1453684
1662487122 683382
1662487123 2872494
1662487124 1650738
1662487125 4292152
1662487126 2432806
1662487127 4186576
1662487128 5036166
1662487129 3626154
1662487130 4862856
1662487131 5562562
1662487132 6164430
1662487133 6754320
1662487134 6839968
1662487135 9339978
1662487136 6249124
1662487137 7025044
1662487138 11557604
1662487139 9469192
1662487140 7824072
1662487141 7925408
1662487142 9783376
1662487143 7421908
1662487144 6908550
1662487145 6319720
1662487146 7869016
1662487147 8573598
1662487148 6976178
1662487149 5879714
1662487150 10175894
1662487151 8951488
1662487152 3988144
1662487153 2973618
1662487154 1722606
1662487155 1838994
1662487156 2416588
1662487157 3739362
1662487158 6233860
1662487159 4779646
1662487160 6075390
1662487161 4719968
1662487162 2073042
1662487163 4172690
1662487164 3880448
1662487165 3476482
1662487166 3541248
1662487167 2835288
1662487168 3303384
1662487169 4474472
1662487170 3673536
1662487171 5244986
1662487172 5203752
1662487173 4020368
1662487174 2063502
1662487175 2532870
1662487176 4405678
1662487177 4910874
1662487178 3087568
1662487179 3922212
1662487180 4534680
1662487181 4687744
1662487182 4517614
1662487183 3506056
1662487184 3807520
1662487185 2799566
1662487186 4221874
1662487187 3832112
1662487188 8020490
1662487189 5336994
1662487190 3316104
1662487191 2096892
1662487192 2447646
1662487193 2486760
1662487194 3211164
1662487195 4404194
1662487196 3300416
1662487197 416792
1662487198 2339844
1662487199 2087776
1662487200 3627002
1662487201 157516
1662487202 3259712
1662487203 4892112
1662487204 4694952
1662487205 4910132
1662487206 3553650
1662487207 1940542
1662487208 1895810
1662487209 2523754
1662487210 3687740
1662487211 3953270
1662487212 3669614
1662487213 3129438
1662487214 4043900
1662487215 2360832
1662487216 4300208
1662487217 2719536
1662487218 3382778
1662487219 1989832
1662487220 3926346
1662487221 2049828
1662487222 5298728
1662487223 6168776
1662487224 2317266
1662487225 2560218
1662487226 4798620
1662487227 2781546
1662487228 3274022
1662487229 3503300
1662487230 3739680
1662487231 4044854
1662487232 3751976
1662487233 1678510
1662487234 3012308
1662487235 2840270
1662487236 3115552
1662487237 4291304
1662487238 3257168
1662487239 2661342
1662487240 2744340
1662487241 3055980
1662487242 3189010
1662487243 4558212
1662487244 210410
1662487245 745710
1662487246 515372
1662487247 903756
1662487248 1781330
1662487249 4136120
1662487250 1875140
1662487251 3274022
1662487252 3257168
1662487253 2742432
1662487254 1660490
1662487272 1202994
1662488028 811642
1662488029 1277088
1662488030 1307086
1662488031 934390
1662488032 1487922
1662488033 1346624
1662488034 2041454
1662488035 2131872
1662488036 1385526
1662488037 1864222
1662488038 1087984
1662488039 1403652
1662488040 1688792
1662488041 939266
1662488042 1681372
1662488043 1320548
1662488044 1396232
1662488045 2041666
1662488046 1440964
1662488047 1316520
1662488048 1586078
1662488049 1105580
1662488083 135998
1662488084 1337932
1662488091 1625510
1662488092 2978070
1662488093 1378106
1662488094 1334540
1662488095 1610988
1662488096 1451564
1662488097 1675860
1662488098 1505730
1662488099 1647770
1662488100 1489618
1662488101 1513574
1662488102 2089260
1662488103 1586608
1662488104 1550462
1662488105 708186
