# events called
1662730910 2449130
1662730911 1499158
1662730912 6174288
1662730913 14698808
1662730914 16918236
1662730915 17047450
1662730916 16697120
1662730917 17416542
1662730918 17055612
1662730919 17072360
1662730920 16955018
1662730921 16331950
1662730922 16994768
1662730923 16644968
1662730924 17352836
1662730925 16540028
1662730926 16092708
1662730927 16506850
1662730928 16640834
1662730929 17025296
1662730930 16878486
1662730931 15823892
1662730932 15787746
1662730933 16018720
1662730934 17152284
1662730935 16773970
1662730936 15597370
1662730937 16877320
1662730938 16776620
1662730939 16885270
1662730940 15996248
1662730941 15637650
1662730942 16350924
1662730943 16601084
1662730944 16598858
1662730945 16871278
1662730946 15572672
1662730947 16656734
1662730948 16284462
1662730949 16893220
1662730950 15790608
1662730951 15128002
1662730952 16307570
1662730953 16661398
1662730954 16257750
1662730955 16286688
1662730956 15720118
1662730957 16645392
1662730958 16550522
1662730959 16185776
1662730960 16753406
1662730961 16798774
1662730962 16493176
1662730963 16724574
1662730964 17297504
1662730965 16179416
1662730966 15998050
1662730967 16265382
1662730968 16186094
1662730969 16703586
1662730970 16545964
1662730971 15731672
1662730972 16304920
1662730973 16184610
1662730974 16430212
1662730975 16628750
1662730976 15848908
1662730977 16203266
1662730978 17453960
1662730979 16152810
1662730980 16312234
1662730981 15308414
1662730982 16104050
1662730983 16894704
1662730984 16866932
1662730985 16337674
1662730986 15966674
1662730987 16879016
1662730988 16818596
1662730989 16812978
1662730990 16239094
1662730991 15613800
1662730992 16877320
1662730993 17569712
1662730994 16639244
1662730995 16438056
1662730996 16529746
1662730997 16622708
1662730998 16809798
1662730999 16419718
1662731000 17154192
1662731001 16117830
1662731002 17179208
1662731003 16552960
1662731004 16840220
1662731005 16525400
1662731006 16279268
1662731007 17332166
1662731008 17335028
1662731009 16826970
1662731010 16712278
1662731011 15573414
1662731012 17121544
1662731013 16506744
1662731014 16769412
1662731015 16902760
1662731016 15919610
1662731017 17236554
1662731018 16921522
1662731019 16655568
1662731020 16440812
1662731021 15483102
1662731022 17027734
1662731023 16308418
1662731024 16434770
1662731025 17132144
1662731026 15679732
1662731027 16813614
1662731028 17320400
1662731029 17258390
1662731030 17027840
1662731031 15972928
1662731032 17109142
1662731033 17271322
1662731034 17290508
1662731035 17220972
1662731036 15971762
1662731037 16947916
1662731038 16579248
1662731039 15940280
1662731040 17165216
1662731041 15699130
1662731042 17212068
1662731043 16825380
1662731044 17508232
1662731045 16437208
1662731046 15847000
1662731047 16581898
1662731048 16877426
1662731049 17033140
1662731050 17170198
1662731051 16073204
1662731052 16394066
1662731053 16974946
1662731054 16770896
1662731055 16650374
1662731056 16401910
1662731057 17147938
1662731058 16599176
1662731059 16510030
1662731060 16740156
1662731061 16851880
1662731062 16630234
1662731063 17023600
1662731064 16867144
1662731065 16806406
1662731066 16038648
1662731067 17403822
1662731068 16631188
1662731069 17124512
1662731070 17267400
1662731071 15660440
1662731072 17281498
1662731073 16986818
1662731074 16646452
1662731075 16772910
1662731076 16516602
1662731077 16706554
1662731078 16549038
1662731079 16885694
1662731080 17319764
1662731081 16590272
1662731082 17279060
1662731083 16611790
1662731084 17279908
1662731085 17045436
1662731086 16094828
1662731087 16501338
1662731088 16813614
1662731089 15972822
1662731090 17148468
1662731091 16313612
1662731092 17052432
1662731093 16663200
1662731094 16958092
1662731095 16730722
1662731096 16284462
1662731097 17209630
1662731098 17684086
1662731099 17335134
1662731100 16824956
1662731101 15717362
1662731102 16750862
1662731103 17020208
1662731104 16982048
1662731105 16914950
1662731106 15927984
1662731107 16336190
1662731108 16934030
1662731109 16570450
1662731110 16811812
1662731111 16364916
1662731112 16830150
1662731113 16906470
1662731114 17008654
1662731115 16850184
1662731116 15801844
1662731117 16768352
1662731118 16952580
1662731119 16739520
1662731120 16821352
1662731121 15842336
1662731122 16914738
1662731123 17255846
1662731124 17339162
1662731125 17445692
1662731126 16536212
1662731127 16761568
1662731128 16311068
1662731129 17176240
1662731130 16977278
1662731131 16752558
1662731132 16514376
1662731133 17131084
1662731134 16517238
1662731135 16397246
1662731136 16234112
1662731137 16379756
1662731138 17028900
1662731139 17114336
1662731140 16572782
1662731141 15790714
1662731142 17620062
1662731143 16865236
1662731144 17004732
1662731145 16380286
1662731146 16272378
1662731147 17249804
1662731148 16673482
1662731149 17092606
1662731150 17176134
1662731151 16161078
1662731152 17342978
1662731153 17446646
1662731154 17037486
1662731155 16669454
1662731156 16264958
1662731157 16549144
1662731158 16519676
1662731159 17046496
1662731160 16829514
1662731161 16032076
1662731162 17196380
1662731163 16505684
1662731164 17003142
1662731165 16334812
1662731166 16562076
1662731167 16853682
1662731168 17086352
1662731169 17435834
1662731170 16156202
1662731171 15863006
1662731172 16289656
1662731173 16904138
1662731174 16833330
1662731175 16995298
1662731176 15585498
1662731177 16416538
1662731178 17034306
1662731179 16779694
1662731180 17002082
1662731181 16307676
1662731182 15925864
1662731183 17008760
1662731184 16840962
1662731185 16952156
1662731186 16826758
1662731187 15784778
1662731188 16742488
1662731189 17040984
1662731190 17160552
1662731191 17366616
1662731192 16102142
1662731193 17215990
1662731194 17352518
1662731195 16276618
1662731196 16496780
1662731197 17382622
1662731198 16736128
1662731199 17082112
1662731200 16042888
1662731201 17001446
1662731202 16616772
1662731203 16625676
1662731204 17029854
1662731205 15553592
1662731206 16896824
1662731207 16956714
1662731208 16178144
1662731209 17011834
1662731210 16325060
1662731211 17104902
1662731212 16599176
1662731213 17199454
1662731214 17413362
1662731215 16288490
1662731216 16637124
1662731217 16716200
1662731218 17364284
1662731219 16728390
1662731220 16360146
1662731221 17030596
1662731222 17071088
1662731223 16712384
1662731224 17301320
1662731225 15461478
1662731226 17200726
1662731227 16954064
1662731228 17296338
1662731229 17093454
1662731230 16557624
1662731231 17081158
1662731232 16928306
1662731233 16394172
1662731234 15710684
1662731235 16393218
1662731236 17121332
1662731237 17010562
1662731238 16692562
1662731239 16527732
1662731240 16201782
1662731241 17234752
1662731242 17001022
1662731243 17157054
1662731244 16459680
1662731245 16378590
1662731246 17032610
1662731247 16738990
1662731248 16956396
1662731249 16909014
1662731250 15799300
1662731251 17593774
1662731252 16927034
1662731253 17290084
1662731254 16826758
1662731255 15974624
1662731256 17049994
1662731257 17321778
1662731258 17271746
1662731259 16563348
1662731260 15952364
1662731261 16915056
1662731262 16923006
1662731263 16626948
1662731264 16831316
1662731265 15206442
1662731266 17487138
1662731267 16762204
1662731268 16467842
1662731269 17358666
1662731270 16395656
1662731271 17496360
1662731272 16300362
1662731273 16866932
1662731274 17015120
1662731275 16402228
1662731276 16271106
1662731277 17026144
1662731278 16943994
1662731279 16920568
1662731280 16334176
1662731281 16917706
1662731282 16960424
1662731283 17080204
1662731284 16961272
1662731285 16523704
1662731286 16958304
1662731287 16499430
1662731288 17248744
1662731289 17171682
1662731290 16032818
1662731291 16812130
1662731292 17634796
1662731293 17189808
1662731294 16896294
1662731295 16294956
1662731296 16386116
1662731297 16047340
1662731298 16718850
1662731299 16623026
1662731300 16331844
1662731301 17183554
1662731302 16531760
1662731303 16815628
1662731304 17129494
1662731305 16141574
1662731306 17504840
1662731307 17086246
1662731308 16974416
1662731309 17352412
1662731310 16072992
1662731311 16762416
1662731312 17631192
1662731313 16864070
1662731314 16612744
1662731315 15820924
1662731316 17145924
1662731317 17216520
1662731318 17112852
1662731319 16743972
1662731320 15786050
1662731321 17240476
1662731322 16276406
1662731323 17218004
1662731324 17499858
1662731325 15814352
1662731326 16826546
1662731327 16804074
1662731328 16574690
1662731329 17328668
1662731330 16641046
1662731331 15984906
1662731332 16978974
1662731333 17152814
1662731334 16646452
1662731335 16303966
1662731336 17219064
1662731337 16827818
1662731338 17156630
1662731339 16457878
1662731340 16053276
1662731341 17189490
1662731342 17052750
1662731343 17095892
1662731344 17347854
1662731345 16414842
1662731346 17101086
1662731347 17109990
1662731348 16661398
1662731349 16497946
1662731350 16221604
1662731351 16813932
1662731352 16740792
1662731353 16395656
1662731354 16993814
1662731355 15765168
1662731356 16580520
1662731357 16711854
1662731358 16880712
1662731359 16281176
1662731360 15604684
1662731361 17031126
1662731362 16473248
1662731363 16979504
1662731364 16097690
1662731365 16071084
1662731366 17438272
1662731367 17310012
1662731368 16981624
1662731369 17335240
1662731370 15777040
1662731371 16704328
1662731372 16852410
1662731373 16713868
1662731374 16803438
1662731375 15930846
1662731376 17572574
1662731377 17150482
1662731378 17134052
1662731379 16842022
1662731380 16057092
1662731381 16879334
1662731382 17233162
1662731383 16355482
1662731384 16945796
1662731385 15692452
1662731386 16810328
1662731387 16689170
1662731388 16599176
1662731389 17538548
1662731390 15523912
1662731391 17498268
1662731392 16787644
1662731393 17273442
1662731394 17296232
1662731395 15834916
1662731396 16149100
1662731397 17124194
1662731398 17008654
1662731399 17119954
1662731400 16142740
1662731401 17036214
1662731402 16473036
1662731403 17355062
1662731404 17050948
1662731405 15526032
1662731406 16376258
1662731407 17276092
1662731408 16708356
1662731409 17117622
1662731410 15541720
1662731411 16653130
1662731412 16552218
1662731413 17271216
1662731414 16788704
1662731415 16538226
1662731416 16783616
1662731417 16486922
1662731418 16884846
1662731419 17802700
1662731420 16482152
1662731421 17155676
1662731422 17035048
1662731423 16818384
1662731424 16751604
1662731425 16045962
1662731426 16648360
1662731427 16878910
1662731428 16827606
1662731429 16940708
1662731430 16239306
1662731431 16575008
1662731432 16450564
1662731433 17417284
1662731434 16520736
1662731435 15697116
1662731436 16997630
1662731437 17213340
1662731438 17457034
1662731439 16805558
1662731440 16043948
1662731441 16884528
1662731442 17344568
1662731443 17247154
1662731444 16388766
1662731445 16517874
1662731446 16856650
1662731447 16911240
1662731448 16483954
1662731449 16575220
1662731450 16202418
1662731451 17484700
1662731452 16904986
1662731453 16807466
1662731454 16807784
1662731455 16159276
1662731456 17519574
1662731457 16702420
1662731458 16948340
1662731459 16962756
1662731460 15760398
1662731461 17199136
1662731462 17264432
1662731463 16200086
1662731464 16720228
1662731465 16439328
1662731466 16733372
1662731467 17228816
1662731468 16522856
1662731469 17246412
1662731470 16088150
1662731471 17233480
1662731472 16938482
1662731473 16386646
1662731474 17072784
1662731475 16330678
1662731476 16907424
1662731477 16309266
1662731478 16740474
1662731479 16380816
1662731480 16388236
1662731481 16808102
1662731482 16780860
1662731483 16695424
1662731484 16497734
1662731485 15824846
1662731486 17006322
1662731487 16596208
1662731488 17061972
1662731489 17038652
1662731490 16494554
1662731491 16763158
1662731492 16621118
1662731493 17327608
1662731494 15883888
1662731495 15066416
1662731496 16654402
1662731497 17406684
1662731498 17291568
1662731499 17216308
1662731500 15978546
1662731501 16872974
1662731502 17101722
1662731503 16914208
1662731504 16995298
1662731505 15264848
1662731506 16899474
1662731507 17217156
1662731508 17210372
1662731509 17544908
1662731510 16453744
1662731511 16881242
1662731512 16877426
1662731513 17082324
1662731514 17219594
1662731515 16621648
1662731516 16768140
1662731517 16946644
1662731518 16300574
1662731519 16960424
1662731520 15883570
1662731521 17198712
1662731522 16794958
1662731523 16777468
1662731524 17119106
1662731525 15832160
1662731526 16570556
1662731527 16475792
1662731528 17197228
1662731529 16878698
1662731530 16708144
1662731531 16110092
1662731532 16709098
1662731533 17345628
1662731534 16803756
1662731535 16687898
1662731536 16830362
1662731537 16845626
1662731538 16662776
1662731539 17036744
1662731540 15672842
1662731541 16922794
1662731542 16750438
1662731543 16555504
1662731544 17085610
1662731545 15932118
1662731546 17367782
1662731547 17241006
1662731548 16896082
1662731549 16821776
1662731550 16275134
1662731551 16855696
1662731552 16967102
1662731553 16914738
1662731554 16637124
1662731555 16115286
1662731556 16628644
1662731557 16076596
1662731558 16921522
1662731559 16968268
1662731560 16609352
1662731561 17175710
1662731562 16493176
1662731563 16770472
1662731564 16344352
1662731565 15890354
1662731566 16544480
1662731567 16872020
1662731568 17190232
1662731569 16777362
1662731570 15871910
1662731571 16797926
1662731572 17109566
1662731573 16831316
1662731574 16584972
1662731575 16539286
1662731576 16553702
1662731577 16444734
1662731578 17031126
1662731579 16935620
1662731580 15738562
1662731581 16393006
1662731582 17057944
1662731583 16533986
1662731584 16740686
1662731585 15456072
1662731586 16713126
1662731587 16823578
1662731588 16644862
1662731589 16342126
1662731590 16163092
1662731591 16754042
1662731592 17291462
1662731593 16346154
1662731594 16870748
1662731595 15853148
1662731596 16313824
1662731597 17283724
1662731598 17435834
1662731599 16511938
1662731600 16223088
1662731601 16868840
1662731602 17061336
1662731603 16662034
1662731604 17201256
1662731605 15988298
1662731606 17306408
1662731607 17085504
1662731608 16958834
1662731609 16917918
1662731610 15250114
1662731611 17025614
1662731612 16974628
1662731613 17035578
1662731614 17217050
1662731615 15274918
1662731616 16937210
1662731617 16312658
1662731618 17042892
1662731619 16739520
1662731620 15610620
1662731621 16931698
1662731622 17884744
1662731623 16557518
1662731624 17249274
1662731625 15520626
1662731626 16522326
1662731627 16641046
1662731628 16976854
1662731629 16343928
1662731630 16110410
1662731631 16020946
1662731632 17308210
1662731633 17335452
1662731634 16575644
1662731635 16375410
1662731636 17034094
1662731637 16370428
1662731638 17414740
1662731639 17119318
1662731640 15983952
1662731641 16264852
1662731642 16677616
1662731643 16775560
1662731644 16887284
1662731645 16085712
1662731646 17569818
1662731647 17038228
1662731648 17421736
1662731649 17125466
1662731650 15384522
1662731651 16620588
1662731652 16998690
1662731653 16643802
1662731654 16511832
1662731655 16037694
1662731656 16781814
1662731657 16584442
1662731658 16576598
1662731659 16426502
1662731660 15707716
1662731661 16419082
1662731662 16469114
1662731663 16743972
1662731664 16608398
1662731665 15965190
1662731666 17122816
1662731667 16824850
1662731668 16712066
1662731669 17058898
1662731670 15329190
1662731671 17317008
1662731672 17024978
1662731673 17274184
1662731674 16632778
1662731675 15851558
1662731676 16204856
1662731677 17203694
1662731678 17001658
1662731679 16980246
1662731680 16333434
1662731681 17127268
1662731682 16396822
1662731683 17155782
1662731684 17103736
1662731685 16041722
1662731686 16485862
1662731687 17438802
1662731688 16858876
1662731689 16774924
1662731690 16162668
1662731691 17550102
1662731692 16773440
1662731693 16768776
1662731694 17083808
1662731695 15477484
1662731696 16794004
1662731697 17132250
1662731698 16896930
1662731699 16529216
1662731700 16395550
1662731701 16949294
1662731702 16453850
1662731703 16955018
1662731704 16421096
1662731705 16246302
1662731706 16835450
1662731707 16593134
1662731708 16712914
1662731709 16660974
1662731710 16186200
1662731711 16684718
1662731712 17224470
1662731713 16011936
1662731714 16964240
1662731715 16526672
1662731716 16497628
1662731717 16831210
1662731718 16484802
1662731719 17522436
1662731720 15342758
1662731721 16765490
1662731722 16454698
1662731723 17212704
1662731724 17179208
1662731725 16323258
1662731726 17015756
1662731727 17105856
1662731728 16771850
1662731729 16866084
1662731730 16041510
1662731731 17361634
1662731732 16390462
1662731733 16303118
1662731734 16585184
1662731735 16514058
1662731736 16695318
1662731737 16610306
1662731738 17043528
1662731739 16408058
1662731740 15983316
1662731741 16527732
1662731742 16973250
1662731743 16932228
1662731744 16329936
1662731745 16274922
1662731746 17010350
1662731747 16732842
1662731748 17072784
1662731749 16689806
1662731750 15993704
1662731751 16619952
1662731752 17379866
1662731753 17153026
1662731754 16696166
1662731755 15758172
1662731756 16794216
1662731757 16885906
1662731758 16862798
1662731759 17069074
1662731760 16157368
1662731761 16699770
1662731762 16384632
1662731763 17008654
1662731764 16658324
1662731765 16120480
1662731766 16787644
1662731767 16740792
1662731768 16382936
1662731769 17319552
1662731770 15688212
1662731771 16535152
1662731772 16586774
1662731773 17139882
1662731774 17436788
1662731775 14913458
1662731776 17244504
1662731777 16706024
1662731778 17163520
1662731779 17445056
1662731780 15266968
1662731781 16825062
1662731782 17074162
1662731783 17025508
1662731784 16522220
1662731785 15878482
1662731786 16645074
1662731787 16609034
1662731788 17196910
1662731789 16967738
1662731790 15191072
1662731791 17189490
1662731792 16821352
1662731793 16896506
1662731794 17264432
1662731795 15712910
1662731796 16991270
1662731797 17452476
1662731798 17137974
1662731799 17383258
1662731800 16630234
1662731801 17090168
1662731802 16871914
1662731803 17303864
1662731804 17142320
1662731805 16156838
1662731806 16721182
1662731807 17263796
1662731808 17243762
1662731809 16950354
1662731810 16099704
1662731811 16997524
1662731812 16707614
1662731813 17277576
1662731814 16761144
1662731815 16179840
1662731816 16783298
1662731817 16918978
1662731818 16910710
1662731819 16834178
1662731820 15929256
1662731821 16850608
1662731822 16649844
1662731823 17068226
1662731824 16486816
1662731825 16039072
1662731826 16909862
1662731827 17000068
1662731828 17095998
1662731829 16611896
1662731830 15993386
1662731831 16916328
1662731832 15836400
1662731833 16924702
1662731834 16951096
1662731835 15407206
1662731836 17200514
1662731837 16844460
1662731838 16462012
1662731839 16712066
1662731840 16074158
1662731841 16972614
1662731842 16211216
1662731843 17128222
1662731844 17157796
1662731845 16202418
1662731846 16681220
1662731847 16532502
1662731848 16867992
1662731849 16683022
1662731850 16128960
1662731851 16519782
1662731852 16195104
1662731853 17453112
1662731854 16883892
1662731855 16018508
1662731856 16976960
1662731857 17152814
1662731858 16515118
1662731859 17078720
1662731860 15926288
1662731861 16669772
1662731862 16825486
1662731863 16060166
1662731864 16933076
1662731865 15956922
1662731866 17432230
1662731867 17115184
1662731868 16270894
1662731869 16579036
1662731870 16395444
1662731871 17355698
1662731872 16942192
1662731873 16975582
1662731874 16372654
1662731875 15795696
1662731876 17049676
1662731877 16762628
1662731878 16655674
1662731879 17019254
1662731880 16437950
1662731881 16663836
1662731882 16934560
1662731883 17209418
1662731884 17031338
1662731885 15580940
1662731886 16965194
1662731887 16840856
1662731888 16977066
1662731889 17079250
1662731890 16268244
1662731891 16681962
1662731892 16800046
1662731893 16998690
1662731894 16373820
1662731895 15536314
1662731896 17051796
1662731897 16327816
1662731898 16975158
1662731899 16776408
1662731900 15749798
1662731901 16801000
1662731902 16546812
1662731903 16906046
1662731904 17088578
1662731905 16077232
1662731906 16733584
1662731907 16714292
1662731908 17049888
1662731909 17652498
1662731910 16291246
1662731911 16614228
1662731912 17216202
1662731913 17334604
1662731914 16873822
1662731915 16105852
1662731916 16690124
1662731917 16934878
1662731918 16562712
1662731919 17269202
1662731920 16235278
1662731921 16942192
1662731922 16777044
1662731923 16374562
1662731924 16767716
1662731925 16692668
1662731926 17016922
1662731927 16234324
1662731928 17562928
1662731929 16671150
1662731930 16187472
1662731931 16647088
1662731932 16961696
1662731933 17136172
1662731934 16720334
1662731935 15631820
1662731936 16439434
1662731937 17259238
1662731938 16801212
1662731939 16474626
1662731940 16065148
1662731941 16945054
1662731942 17151860
1662731943 17032186
1662731944 16186412
1662731945 16167862
1662731946 17224576
1662731947 16500384
1662731948 16835344
1662731949 16978974
1662731950 16124614
1662731951 16759448
1662731952 16237928
1662731953 16842022
1662731954 17277364
1662731955 16135532
1662731956 16490526
1662731957 16603098
1662731958 17235706
1662731959 16864176
1662731960 15903392
1662731961 16786902
1662731962 16841704
1662731963 16510878
1662731964 17596106
1662731965 16372124
1662731966 16888344
1662731967 16678358
1662731968 14721386
1662731969 14900526
1662731970 16827288
1662731971 17178784
1662731972 17436152
1662731973 15973988
1662731974 17010032
1662731975 16969328
1662731976 17038440
1662731977 16976536
1662731978 16241532
1662731979 16885058
1662731980 16301104
1662731981 16460422
1662731982 16925868
1662731983 16197966
1662731984 16776620
1662731985 16739414
1662731986 16509288
1662731987 16683340
1662731988 15940174
1662731989 16428092
1662731990 17321354
1662731991 16442720
1662731992 16764218
1662731993 16532290
1662731994 16243546
1662731995 16912830
1662731996 16399048
1662731997 16505366
1662731998 15331734
1662731999 16823366
1662732000 17051690
1662732001 16630870
1662732002 16816582
1662732003 16131186
1662732004 16506214
1662732005 16629598
1662732006 16849442
1662732007 16693940
1662732008 16291882
1662732009 17115290
1662732010 17047238
1662732011 16745774
1662732012 16910498
1662732013 16107760
1662732014 16993602
1662732015 16242486
1662732016 17296020
1662732017 16874140
1662732018 16396080
1662732019 16310220
1662732020 16476110
1662732021 16861102
1662732022 17179208
1662732023 14881446
1662732024 16943888
1662732025 16638926
1662732026 17016816
1662732027 16548720
1662732028 16077444
1662732029 17172530
1662732030 17356334
1662732031 16608080
1662732032 17513744
1662732033 16182914
1662732034 16693728
1662732035 16794746
1662732036 17301744
1662732037 17013742
1662732038 15807144
1662732039 16951944
1662732040 16928518
1662732041 16320926
1662732042 16892584
1662732043 16258492
1662732044 16749166
1662732045 17019254
1662732046 17074480
1662732047 16847004
1662732048 15843078
1662732049 16528580
1662732050 17279166
1662732051 16505366
1662732052 17105326
1662732053 15500380
1662732054 16414736
1662732055 16965194
1662732056 17417284
1662732057 16584548
1662732058 15838414
1662732059 16454062
1662732060 16850290
1662732061 17146242
1662732062 16456500
1662732063 16303860
1662732064 16301316
1662732065 17480036
1662732066 17094938
1662732067 16783404
1662732068 15887704
1662732069 17465408
1662732070 16776090
1662732071 16572888
1662732072 16851880
1662732073 16141680
1662732074 17211326
1662732075 16347108
1662732076 16615712
1662732077 16586138
1662732078 16439964
1662732079 16728390
1662732080 17320188
1662732081 16915586
1662732082 16189804
1662732083 15257958
1662732084 16459998
1662732085 17148150
1662732086 16641682
1662732087 17068120
1662732088 15878376
1662732089 16925656
1662732090 17457776
1662732091 17197334
1662732092 17065682
1662732093 15741848
1662732094 17348914
1662732095 16990740
1662732096 16637018
1662732097 17069604
1662732098 16200086
1662732099 16351878
1662732100 16558896
1662732101 17174544
1662732102 16841810
1662732103 16280010
1662732104 17225424
1662732105 17123346
1662732106 17105750
1662732107 16440282
1662732108 16015222
1662732109 17198818
1662732110 16852304
1662732111 17071618
1662732112 11629578
1662732113 1590


# events submitted
1662730910 2449130
1662730911 1499158
1662730912 6159024
1662730913 14641462
1662730914 16870218
1662730915 17015544
1662730916 16665108
1662730917 17390254
1662730918 17026674
1662730919 17051902
1662730920 16930744
1662730921 16317958
1662730922 16986924
1662730923 16629386
1662730924 17336512
1662730925 16515966
1662730926 16077868
1662730927 16489890
1662730928 16616136
1662730929 16991694
1662730930 16877320
1662730931 15797074
1662730932 15772164
1662730933 15999534
1662730934 17133416
1662730935 16756904
1662730936 15575958
1662730937 16859194
1662730938 16754254
1662730939 16854000
1662730940 15967416
1662730941 15623446
1662730942 16329512
1662730943 16573736
1662730944 16577234
1662730945 16856014
1662730946 15559952
1662730947 16633414
1662730948 16269410
1662730949 16879440
1662730950 15771210
1662730951 15111254
1662730952 16280116
1662730953 16634262
1662730954 16238034
1662730955 16268562
1662730956 15699872
1662730957 16632248
1662730958 16540134
1662730959 16165212
1662730960 16756798
1662730961 16752134
1662730962 16466464
1662730963 16719592
1662730964 17284890
1662730965 16157686
1662730966 15982362
1662730967 16257962
1662730968 16174858
1662730969 16690972
1662730970 16535046
1662730971 15697752
1662730972 16285628
1662730973 16165742
1662730974 16417068
1662730975 16599494
1662730976 15837990
1662730977 16191288
1662730978 17428414
1662730979 16141574
1662730980 16273544
1662730981 15291030
1662730982 16086348
1662730983 16538014
1662730984 13062168
1662730985 12895536
1662730986 12335538
1662730987 12420444
1662730988 12505350
1662730989 12575204
1662730990 13353350
1662730991 10503540
1662730992 12768442
1662730993 12070644
1662730994 13409106
1662730995 12307342
1662730996 8633594
1662730997 8358100
1662730998 7593734
1662730999 7224430
1662731000 10163280
1662731001 8243196
1662731002 8369018
1662731003 9317400
1662731004 7030026
1662731005 8265774
1662731006 7885870
1662731007 9275212
1662731008 8718394
1662731009 10118760
1662731010 12489556
1662731011 10864152
1662731012 12000366
1662731013 12419278
1662731014 12537468
1662731015 11733458
1662731016 14193718
1662731017 11409840
1662731018 12602870
1662731019 11212468
1662731020 12809464
1662731021 10986052
1662731022 11869244
1662731023 12495810
1662731024 11598732
1662731025 11370408
1662731026 8343896
1662731027 7848452
1662731028 9518376
1662731029 7195386
1662731030 7430812
1662731031 7708850
1662731032 9218502
1662731033 8467704
1662731034 8459436
1662731035 7234394
1662731036 7635286
1662731037 7861278
1662731038 9106460
1662731039 9591728
1662731040 7998336
1662731041 7506814
1662731042 9134444
1662731043 7045184
1662731044 7812412
1662731045 8873154
1662731046 6527904
1662731047 7073486
1662731048 8730054
1662731049 8673026
1662731050 7546564
1662731051 8075398
1662731052 6858942
1662731053 7864034
1662731054 7170794
1662731055 8123946
1662731056 9395416
1662731057 10146108
1662731058 8984030
1662731059 7979150
1662731060 8743410
1662731061 7081224
1662731062 8058120
1662731063 8557168
1662731064 9292808
1662731065 9116742
1662731066 6925086
1662731067 6693476
1662731068 8240122
1662731069 8598826
1662731070 1951990
1662731071 7681396
1662731072 9469086
1662731073 7837004
1662731074 7355976
1662731075 8274678
1662731076 7027164
1662731077 9220728
1662731078 7511690
1662731079 8122780
1662731080 8482014
1662731081 7448620
1662731082 8351528
1662731083 7657228
1662731084 9034274
1662731085 10241402
1662731086 7564266
1662731087 7541158
1662731088 6703334
1662731089 7003844
1662731090 9656812
1662731091 7229412
1662731092 9111972
1662731093 8484876
1662731094 7547306
1662731095 7936326
1662731096 8535544
1662731097 7673870
1662731098 9904534
1662731099 7857780
1662731100 8996114
1662731101 7049424
1662731102 8718182
1662731103 8085680
1662731104 9403260
1662731105 8683520
1662731106 7104756
1662731107 9653208
1662731108 7259092
1662731109 8362552
1662731110 8402302
1662731111 7814850
1662731112 8960816
1662731113 8315170
1662731114 7930284
1662731115 8041478
1662731116 7669524
1662731117 9960184
1662731118 8260474
1662731119 7865518
1662731120 8475972
1662731121 8944492
1662731122 8339126
1662731123 7420318
1662731124 8725708
1662731125 7558330
1662731126 6401022
1662731127 9327364
1662731128 7191146
1662731129 7451058
1662731130 4064464
1662731131 4575066
1662731132 4714774
1662731133 7708426
1662731134 6762800
1662731135 8510634
1662731136 8044976
1662731137 8322696
1662731138 10293024
1662731139 6727290
1662731140 9512864
1662731141 8341564
1662731142 7749766
1662731143 9533004
1662731144 9854502
1662731145 9904216
1662731146 7687756
1662731147 9389268
1662731148 9010636
1662731149 7840396
1662731150 8999400
1662731151 8611864
1662731152 9787510
1662731153 7779976
1662731154 7662740
1662731155 9143984
1662731156 6684254
1662731157 8413750
1662731158 7806052
1662731159 8817398
1662731160 8052820
1662731161 7781566
1662731162 7127970
1662731163 7593310
1662731164 7120762
1662731165 8419368
1662731166 8512542
1662731167 7884492
1662731168 8563952
1662731169 8187758
1662731170 7491868
1662731171 7455404
1662731172 7779870
1662731173 7315378
1662731174 9634552
1662731175 7723690
1662731176 7537766
1662731177 8298952
1662731178 8392444
1662731179 6502570
1662731180 7589918
1662731181 8101050
1662731182 9486788
1662731183 8631368
1662731184 8632958
1662731185 10536082
1662731186 8790050
1662731187 5672696
1662731188 6285588
1662731189 2238296
1662731190 5127326
1662731191 6855550
1662731192 9416934
1662731193 6435048
1662731194 9561094
1662731195 6935580
1662731196 6378974
1662731197 7817712
1662731198 7956784
1662731199 7610482
1662731200 6560658
1662731201 6780820
1662731202 7823542
1662731203 9639852
1662731204 6346962
1662731205 9244048
1662731206 9423400
1662731207 10155648
1662731208 7063840
1662731209 8066070
1662731210 8479364
1662731211 8143662
1662731212 7995050
1662731213 6980524
1662731214 7424346
1662731215 7435794
1662731216 8633382
1662731217 8207792
1662731218 8584410
1662731219 9845598
1662731220 8421276
1662731221 8274784
1662731222 5937060
1662731223 7320890
1662731224 7643236
1662731225 7228776
1662731226 8936966
1662731227 8137832
1662731228 7656486
1662731229 7670902
1662731230 8173978
1662731231 7098926
1662731232 7491126
1662731233 8740442
1662731234 7786760
1662731235 8054940
1662731236 7579742
1662731237 7742240
1662731238 9917572
1662731239 7854176
1662731240 8139316
1662731241 9765674
1662731242 9802032
1662731243 7665602
1662731244 7882054
1662731245 9182992
1662731246 9322382
1662731247 9001732
1662731248 7878026
1662731249 8886510
1662731250 6879612
1662731251 6231634
1662731252 3444682
1662731253 6657330
1662731254 8800226
1662731255 7377494
1662731256 8066070
1662731257 6078040
1662731258 7926150
1662731259 9519966
1662731260 7355022
1662731261 7821528
1662731262 7992612
1662731263 9529188
1662731264 7661680
1662731265 5930064
1662731266 8548582
1662731267 9584944
1662731268 7569248
1662731269 7395620
1662731270 8344744
1662731271 9001520
1662731272 8035542
1662731273 6330214
1662731274 8793230
1662731275 8835312
1662731276 9309874
1662731277 7660302
1662731278 6612492
1662731279 7570520
1662731280 8549748
1662731281 8753268
1662731282 7318982
1662731283 6545288
1662731284 9344854
1662731285 8846124
1662731286 8670058
1662731287 9151616
1662731288 10875388
1662731289 9148966
1662731290 8849728
1662731291 8651932
1662731292 7470456
1662731293 9268004
1662731294 7638572
1662731295 7965158
1662731296 7477346
1662731297 6526950
1662731298 7707896
1662731299 7526530
1662731300 8105078
1662731301 9419584
1662731302 7316862
1662731303 9081656
1662731304 7442154
1662731305 7938446
1662731306 9791538
1662731307 7779022
1662731308 7227928
1662731309 5026308
1662731310 3277520
1662731311 6455188
1662731312 9972056
1662731313 8843050
1662731314 9051340
1662731315 6737890
1662731316 9229102
1662731317 9111866
1662731318 9150450
1662731319 9050068
1662731320 8961558
1662731321 8220406
1662731322 7905480
1662731323 7183090
1662731324 7498864
1662731325 7262802
1662731326 8492084
1662731327 5837314
1662731328 9433258
1662731329 9410574
1662731330 9854502
1662731331 9741506
1662731332 8235564
1662731333 8016038
1662731334 9665292
1662731335 8068826
1662731336 8030666
1662731337 8755388
1662731338 8743092
1662731339 7165388
1662731340 8039358
1662731341 8743198
1662731342 9637096
1662731343 6945014
1662731344 7173338
1662731345 7514870
1662731346 9165078
1662731347 7339758
1662731348 8659776
1662731349 9875172
1662731350 8285490
1662731351 8176946
1662731352 9747124
1662731353 9922766
1662731354 8920854
1662731355 8194966
1662731356 9009364
1662731357 9318990
1662731358 9412376
1662731359 8675252
1662731360 6607616
1662731361 8142920
1662731362 6641960
1662731363 8542964
1662731364 8481272
1662731365 6497058
1662731366 9094800
1662731367 9674620
1662731368 8662214
1662731369 5277952
1662731370 3840486
1662731371 5261522
1662731372 4205656
1662731373 4643012
1662731374 3974576
1662731375 4504470
1662731376 8002576
1662731377 10127452
1662731378 9386830
1662731379 6258346
1662731380 7258986
1662731381 10115156
1662731382 9478838
1662731383 7541264
1662731384 7533102
1662731385 8549960
1662731386 9206100
1662731387 8432088
1662731388 7055678
1662731389 8152566
1662731390 8797894
1662731391 7681608
1662731392 8276798
1662731393 6275094
1662731394 9095542
1662731395 8693908
1662731396 7908130
1662731397 9302984
1662731398 7058646
1662731399 7337320
1662731400 8197722
1662731401 8260686
1662731402 9075720
1662731403 8170374
1662731404 9405698
1662731405 8386614
1662731406 7698568
1662731407 7053134
1662731408 7129454
1662731409 8969296
1662731410 8118328
1662731411 8853756
1662731412 7072002
1662731413 8738534
1662731414 8792170
1662731415 8440992
1662731416 8152460
1662731417 8763338
1662731418 6754214
1662731419 7535222
1662731420 6772234
1662731421 10305108
1662731422 9419372
1662731423 9156704
1662731424 6334666
1662731425 7573276
1662731426 8418308
1662731427 7929224
1662731428 9087910
1662731429 7428268
1662731430 9826094
1662731431 3148412
1662731432 4176188
1662731433 4343350
1662731434 6329154
1662731435 9799382
1662731436 7343468
1662731437 7909296
1662731438 7586526
1662731439 8035542
1662731440 6179906
1662731441 8259520
1662731442 9296518
1662731443 7680548
1662731444 8878560
1662731445 7722206
1662731446 7891594
1662731447 7814426
1662731448 7897000
1662731449 9764508
1662731450 7365092
1662731451 6248276
1662731452 9479050
1662731453 8599886
1662731454 6042742
1662731455 6916182
1662731456 8439084
1662731457 8371562
1662731458 7922864
1662731459 6874736
1662731460 7595960
1662731461 10318676
1662731462 6210964
1662731463 7823330
1662731464 7812624
1662731465 6173652
1662731466 7867320
1662731467 6736088
1662731468 7815168
1662731469 9842312
1662731470 7562358
1662731471 7758458
1662731472 6431550
1662731473 6781880
1662731474 7117688
1662731475 6576664
1662731476 7803720
1662731477 8781252
1662731478 6105918
1662731479 8015508
1662731480 6951056
1662731481 7865518
1662731482 8384600
1662731483 8138680
1662731484 7986782
1662731485 9710236
1662731486 8086846
1662731487 9281360
1662731488 5984124
1662731489 9911954
1662731490 6786226
1662731491 9023886
1662731492 12028244
1662731493 12583154
1662731494 7875906
1662731495 8394776
1662731496 8752844
1662731497 7657016
1662731498 7656168
1662731499 7317074
1662731500 5833392
1662731501 9638050
1662731502 8536074
1662731503 7874846
1662731504 8407178
1662731505 7311456
1662731506 7330536
1662731507 8648222
1662731508 9084412
1662731509 8006392
1662731510 7705670
1662731511 8062042
1662731512 9649180
1662731513 8557910
1662731514 7073486
1662731515 6966532
1662731516 9227618
1662731517 8451062
1662731518 7307322
1662731519 8296196
1662731520 8354496
1662731521 8631792
1662731522 8066388
1662731523 8416718
1662731524 7285804
1662731525 7300220
1662731526 8167830
1662731527 8822698
1662731528 8448730
1662731529 7300008
1662731530 8104442
1662731531 7974804
1662731532 7051014
1662731533 9297260
1662731534 9496964
1662731535 8563104
1662731536 8455620
1662731537 7267360
1662731538 9630842
1662731539 7919154
1662731540 8995054
1662731541 8931454
1662731542 9909092
1662731543 8268318
1662731544 9476718
1662731545 8029394
1662731546 5578462
1662731547 9355984
1662731548 9890542
1662731549 8132850
1662731550 7846438
1662731551 6216794
1662731552 5114394
1662731553 4142798
1662731554 4422850
1662731555 4631140
1662731556 4377906
1662731557 7885764
1662731558 9431562
1662731559 7270328
1662731560 7992082
1662731561 6690190
1662731562 7649596
1662731563 8011798
1662731564 6259936
1662731565 7800434
1662731566 8708006
1662731567 8397744
1662731568 8474382
1662731569 9957958
1662731570 7560662
1662731571 7702808
1662731572 9287084
1662731573 7105180
1662731574 8128186
1662731575 6989110
1662731576 7542006
1662731577 7166236
1662731578 8938662
1662731579 9179918
1662731580 8684262
1662731581 8072324
1662731582 8088012
1662731583 10208224
1662731584 6081856
1662731585 7624474
1662731586 7812836
1662731587 7583664
1662731588 7774570
1662731589 7326720
1662731590 8853438
1662731591 8935270
1662731592 7349404
1662731593 7707578
1662731594 10143776
1662731595 7966218
1662731596 8347924
1662731597 9397536
1662731598 6975542
1662731599 8422866
1662731600 7542748
1662731601 7599352
1662731602 7490702
1662731603 7448090
1662731604 7567234
1662731605 5638034
1662731606 7770012
1662731607 8084408
1662731608 8551020
1662731609 10090352
1662731610 8294500
1662731611 7379932
1662731612 9107308
1662731613 9402624
1662731614 5976068
1662731615 8455832
1662731616 9237582
1662731617 10178968
1662731618 9286872
1662731619 6829580
1662731620 6974482
1662731621 8918204
1662731622 7195068
1662731623 7588858
1662731624 10088550
1662731625 8877182
1662731626 6211282
1662731627 7003102
1662731628 8460390
1662731629 8493462
1662731630 8709066
1662731631 8012858
1662731632 8719560
1662731633 8431558
1662731634 8723482
1662731635 6854702
1662731636 6798204
1662731637 9281890
1662731638 9236734
1662731639 8070522
1662731640 8103806
1662731641 6558962
1662731642 10271612
1662731643 8431240
1662731644 8956894
1662731645 7631682
1662731646 7883114
1662731647 7644190
1662731648 7030450
1662731649 9688400
1662731650 8919794
1662731651 8061512
1662731652 6972150
1662731653 7336154
1662731654 7673976
1662731655 7043700
1662731656 8946824
1662731657 9199316
1662731658 8861494
1662731659 8809660
1662731660 6173440
1662731661 9514560
1662731662 9109322
1662731663 8520280
1662731664 8246588
1662731665 6617792
1662731666 7328946
1662731667 7419258
1662731668 5867948
1662731669 10454568
1662731670 7371346
1662731671 6972892
1662731672 5162518
1662731673 5978930
1662731674 9760480
1662731675 8047096
1662731676 6863394
1662731677 7863080
1662731678 8329904
1662731679 8839022
1662731680 7240012
1662731681 9638792
1662731682 6873782
1662731683 8293546
1662731684 8440992
1662731685 6335090
1662731686 6722838
1662731687 10060248
1662731688 6768948
1662731689 8150128
1662731690 8170374
1662731691 8626916
1662731692 7454238
1662731693 9434318
1662731694 8364778
1662731695 7158286
1662731696 8325452
1662731697 9277968
1662731698 7070518
1662731699 8042644
1662731700 7711712
1662731701 9916088
1662731702 7175034
1662731703 9937712
1662731704 8542540
1662731705 8493250
1662731706 8947672
1662731707 8774256
1662731708 9869766
1662731709 7002784
1662731710 8535650
1662731711 10309454
1662731712 9666670
1662731713 6250502
1662731714 8188182
1662731715 7506496
1662731716 9214686
1662731717 9418524
1662731718 6867528
1662731719 7502680
1662731720 5986456
1662731721 6790572
1662731722 9235568
1662731723 7195916
1662731724 8604232
1662731725 7752522
1662731726 8743304
1662731727 7411202
1662731728 6433458
1662731729 5786540
1662731730 4430800
1662731731 5582914
1662731732 6530766
1662731733 7131150
1662731734 6300640
1662731735 6409502
1662731736 6760680
1662731737 9166350
1662731738 8195072
1662731739 8871458
1662731740 7161678
1662731741 8122462
1662731742 7912582
1662731743 8146524
1662731744 7262484
1662731745 7699310
1662731746 8039252
1662731747 9338918
1662731748 8509892
1662731749 7624262
1662731750 7637300
1662731751 9449158
1662731752 8886510
1662731753 9357468
1662731754 6498966
1662731755 7150972
1662731756 9571800
1662731757 8199206
1662731758 9568832
1662731759 9263552
1662731760 8190514
1662731761 8006180
1662731762 9966226
1662731763 9672818
1662731764 8696452
1662731765 7239482
1662731766 6950102
1662731767 8942160
1662731768 5318868
1662731769 7643236
1662731770 6526844
1662731771 7027270
1662731772 8556744
1662731773 7472258
1662731774 8782630
1662731775 7630410
1662731776 8904424
1662731777 8744576
1662731778 9631054
1662731779 10023466
1662731780 7217752
1662731781 9237158
1662731782 9090348
1662731783 6794070
1662731784 9935168
1662731785 7370816
1662731786 8346652
1662731787 8916932
1662731788 7645144
1662731789 8745954
1662731790 8741396
1662731791 7256018
1662731792 7736198
1662731793 9235886
1662731794 6709376
1662731795 7496320
1662731796 8433678
1662731797 6876856
1662731798 7759624
1662731799 7073168
1662731800 6432610
1662731801 8552080
1662731802 8470672
1662731803 9183946
1662731804 8348242
1662731805 7743936
1662731806 7455298
1662731807 8590028
1662731808 8156912
1662731809 9763236
1662731810 6466530
1662731811 7707472
1662731812 6018680
1662731813 7131786
1662731814 8255916
1662731815 7042534
1662731816 8290154
1662731817 9556642
1662731818 8897110
1662731819 6814528
1662731820 7990068
1662731821 8598084
1662731822 8719030
1662731823 7996216
1662731824 7951908
1662731825 7940672
1662731826 9711190
1662731827 9371566
1662731828 10167308
1662731829 9274258
1662731830 8264714
1662731831 9534912
1662731832 8522718
1662731833 8559818
1662731834 7463566
1662731835 7113236
1662731836 9509684
1662731837 8537770
1662731838 8868914
1662731839 8616528
1662731840 8008088
1662731841 8657550
1662731842 6526420
1662731843 7078680
1662731844 7756126
1662731845 8358630
1662731846 8100626
1662731847 9191790
1662731848 7374208
1662731849 10290374
1662731850 7952332
1662731851 7414912
1662731852 7954558
1662731853 9712250
1662731854 3319390
1662731855 4594252
1662731856 5282616
1662731857 3003934
1662731858 6530130
1662731859 6327034
1662731860 8169208
1662731861 8249238
1662731862 7534056
1662731863 8262912
1662731864 8239062
1662731865 6989958
1662731866 9116212
1662731867 8809554
1662731868 8495476
1662731869 7316438
1662731870 7632424
1662731871 10414500
1662731872 6412046
1662731873 7590448
1662731874 8453924
1662731875 8196662
1662731876 6772446
1662731877 8406436
1662731878 7500136
1662731879 7418940
1662731880 7948092
1662731881 8694226
1662731882 7410884
1662731883 9100418
1662731884 8300224
1662731885 8442158
1662731886 8553034
1662731887 8599674
1662731888 7587162
1662731889 9151192
1662731890 8317184
1662731891 9200906
1662731892 9579114
1662731893 7220614
1662731894 10130632
1662731895 7124578
1662731896 10156390
1662731897 8583562
1662731898 7547412
1662731899 7734926
1662731900 7037128
1662731901 10467182
1662731902 9350154
1662731903 6795130
1662731904 9393720
1662731905 5774350
1662731906 9533958
1662731907 7434416
1662731908 8095326
1662731909 9155962
1662731910 5314734
1662731911 8415552
1662731912 4104638
1662731913 4634426
1662731914 7734926
1662731915 7348132
1662731916 9016148
1662731917 7131786
1662731918 7714150
1662731919 7434204
1662731920 8914388
1662731921 7670584
1662731922 7908448
1662731923 6892756
1662731924 8643028
1662731925 7168038
1662731926 8618224
1662731927 8514874
1662731928 8032998
1662731929 9036182
1662731930 9536926
1662731931 8062148
1662731932 9597876
1662731933 7649490
1662731934 6187008
1662731935 8831708
1662731936 9335420
1662731937 8194224
1662731938 8606352
1662731939 6374204
1662731940 8495794
1662731941 7475226
1662731942 9689460
1662731943 8435374
1662731944 6618004
1662731945 8195920
1662731946 7106028
1662731947 6551436
1662731948 9425414
1662731949 8168360
1662731950 8500034
1662731951 7624156
1662731952 5988576
1662731953 7719132
1662731954 9185112
1662731955 9043496
1662731956 9968452
1662731957 8977352
1662731958 9906442
1662731959 7716588
1662731960 6540200
1662731961 8373576
1662731962 8088012
1662731963 9125964
1662731964 8527382
1662731965 6770962
1662731966 6422540
1662731967 5775092
1662731968 5961334
1662731969 7514234
1662731970 8723270
1662731971 8092464
1662731972 7765878
1662731973 8045082
1662731974 7419682
1662731975 9039786
1662731976 9008834
1662731977 8106350
1662731978 7465792
1662731979 8126490
1662731980 8845806
1662731981 9207160
1662731982 8550702
1662731983 7202806
1662731984 6825446
1662731985 8795456
1662731986 7285804
1662731987 8535332
1662731988 6717644
1662731989 9491452
1662731990 9126600
1662731991 9892768
1662731992 7967384
1662731993 7725704
1662731994 6908656
1662731995 8605928
1662731996 9139214
1662731997 8619178
1662731998 8449154
1662731999 8840612
1662732000 8529290
1662732001 8716274
1662732002 7376858
1662732003 5920100
1662732004 7776796
1662732005 6789194
1662732006 8696028
1662732007 6712980
1662732008 7312834
1662732009 10204302
1662732010 8378028
1662732011 7850360
1662732012 7812094
1662732013 6670580
1662732014 8380254
1662732015 6892756
1662732016 10314436
1662732017 6712238
1662732018 8587272
1662732019 6986990
1662732020 7832128
1662732021 7838594
1662732022 6672594
1662732023 7388942
1662732024 9158082
1662732025 7989962
1662732026 7509994
1662732027 9211294
1662732028 7507980
1662732029 9016466
1662732030 8946400
1662732031 4194102
1662732032 9005548
1662732033 7961978
1662732034 9611762
1662732035 8301284
1662732036 7459750
1662732037 9382272
1662732038 7880994
1662732039 9045404
1662732040 8772242
1662732041 7439292
1662732042 8111120
1662732043 8645996
1662732044 10279668
1662732045 10708226
1662732046 7860960
1662732047 6898374
1662732048 7610588
1662732049 7979362
1662732050 10366058
1662732051 6870284
1662732052 7017836
1662732053 8517736
1662732054 7974592
1662732055 7225596
1662732056 6691144
1662732057 8120448
1662732058 7505542
1662732059 6923708
1662732060 9154478
1662732061 8424244
1662732062 9393614
1662732063 9383120
1662732064 8027380
1662732065 9568726
1662732066 7859158
1662732067 8381314
1662732068 7474166
1662732069 9078370
1662732070 7889580
1662732071 6582706
1662732072 8683732
1662732073 7216162
1662732074 6763118
1662732075 7491762
1662732076 6941410
1662732077 9325668
1662732078 8188818
1662732079 7370498
1662732080 7036916
1662732081 8337536
1662732082 9129568
1662732083 7297676
1662732084 6765556
1662732085 9024628
1662732086 8285066
1662732087 8232384
1662732088 9070950
1662732089 7100304
1662732090 5146406
1662732091 4344198
1662732092 4477228
1662732093 8820472
1662732094 9902944
1662732095 6849296
1662732096 8805314
1662732097 7398164
1662732098 7504588
1662732099 7722630
1662732100 8515192
1662732101 5894448
1662732102 9590774
1662732103 8958166
1662732104 11013294
1662732105 9922342
1662732106 10001100
1662732107 7230896
1662732108 7313046
1662732109 8266304
1662732110 9101372
1662732111 8647904
1662732112 7088432
1662732113 1484


# events lost
1662730983 334112
1662730984 3828614
1662730985 3466942
1662730986 3649792
1662730987 4486238
1662730988 4337308
1662730989 4269786
1662730990 2904188
1662730991 5142696
1662730992 4144070
1662730993 5555566
1662730994 3239148
1662730995 4147992
1662730996 7960706
1662730997 8313050
1662730998 9262492
1662730999 9250726
1662731000 7046456
1662731001 7931238
1662731002 8870398
1662731003 7281882
1662731004 9862240
1662731005 8310824
1662731006 8448412
1662731007 8116632
1662731008 8675252
1662731009 6759726
1662731010 4256324
1662731011 4746362
1662731012 5171846
1662731013 4099550
1662731014 4252614
1662731015 5201950
1662731016 1736174
1662731017 5878336
1662731018 4337626
1662731019 5495994
1662731020 3651276
1662731021 4541464
1662731022 5205872
1662731023 3841334
1662731024 4864234
1662731025 5808376
1662731026 7377494
1662731027 9022508
1662731028 7856296
1662731029 10120668
1662731030 9653208
1662731031 8316124
1662731032 7944806
1662731033 8865522
1662731034 8883966
1662731035 10040214
1662731036 8392338
1662731037 9134762
1662731038 7525576
1662731039 6389574
1662731040 9223908
1662731041 8239804
1662731042 8142602
1662731043 9823126
1662731044 9755180
1662731045 7621188
1662731046 9361178
1662731047 9553886
1662731048 8200054
1662731049 8425092
1662731050 9680026
1662731051 8044234
1662731052 9587382
1662731053 9173240
1662731054 9655116
1662731055 8576566
1662731056 7056526
1662731057 7066066
1662731058 7675566
1662731059 8578580
1662731060 8054622
1662731061 9830016
1662731062 8622464
1662731063 8524944
1662731064 7632000
1662731065 7728672
1662731066 9162110
1662731067 10762498
1662731068 8454030
1662731069 8580064
1662731070 15317848
1662731071 8026956
1662731072 7862550
1662731073 9215004
1662731074 9345278
1662731075 8553352
1662731076 9547208
1662731077 7537448
1662731078 9077204
1662731079 8821956
1662731080 8894460
1662731081 9199104
1662731082 8985938
1662731083 9008092
1662731084 8305524
1662731085 6858942
1662731086 8576778
1662731087 9019010
1662731088 10170488
1662731089 9013180
1662731090 7550380
1662731091 9140380
1662731092 7999502
1662731093 8222208
1662731094 9471206
1662731095 8849410
1662731096 7810716
1662731097 9597664
1662731098 7838276
1662731099 9532050
1662731100 7883008
1662731101 8715532
1662731102 8081864
1662731103 8988376
1662731104 7632106
1662731105 8287186
1662731106 8871882
1662731107 6735240
1662731108 9725288
1662731109 8263336
1662731110 8463252
1662731111 8600840
1662731112 7928376
1662731113 8644406
1662731114 9131794
1662731115 8860434
1662731116 8178324
1662731117 6862228
1662731118 8745106
1662731119 8927320
1662731120 8408768
1662731121 6953282
1662731122 8620768
1662731123 9899022
1662731124 8685322
1662731125 9943754
1662731126 10187660
1662731127 7478300
1662731128 9167622
1662731129 9783482
1662731130 12941752
1662731131 12208444
1662731132 11835324
1662731133 9475340
1662731134 9804152
1662731135 7932298
1662731136 8242030
1662731137 8096810
1662731138 6792056
1662731139 10442060
1662731140 7110374
1662731141 7496638
1662731142 9943648
1662731143 7387246
1662731144 7209590
1662731145 6524194
1662731146 8631156
1662731147 7915656
1662731148 7717542
1662731149 9309238
1662731150 8233338
1662731151 7598080
1662731152 7617796
1662731153 9733768
1662731154 9433788
1662731155 7572322
1662731156 9634234
1662731157 8199736
1662731158 8758144
1662731159 8289942
1662731160 8834040
1662731161 8304358
1662731162 10114202
1662731163 8965586
1662731164 9947252
1662731165 7966536
1662731166 8104124
1662731167 9017632
1662731168 8589392
1662731169 9309238
1662731170 8716698
1662731171 8456574
1662731172 8568086
1662731173 9639958
1662731174 7246160
1662731175 9321428
1662731176 8092146
1662731177 8165604
1662731178 8704614
1662731179 10332456
1662731180 9466118
1662731181 8265138
1662731182 6491228
1662731183 8436116
1662731184 8278070
1662731185 6473314
1662731186 8082606
1662731187 10155012
1662731188 10499936
1662731189 14816150
1662731190 12064920
1662731191 10569048
1662731192 6729092
1662731193 10825038
1662731194 7856826
1662731195 9395416
1662731196 10165718
1662731197 9628934
1662731198 8824712
1662731199 9521026
1662731200 9530990
1662731201 10275534
1662731202 8838916
1662731203 7041898
1662731204 10746280
1662731205 6354382
1662731206 7527060
1662731207 6851204
1662731208 9169212
1662731209 9007880
1662731210 7901982
1662731211 9024204
1662731212 8653946
1662731213 10279774
1662731214 10044772
1662731215 8909406
1662731216 8070522
1662731217 8564482
1662731218 8844852
1662731219 6940668
1662731220 7989114
1662731221 8814642
1662731222 11183106
1662731223 9435802
1662731224 9715218
1662731225 8277328
1662731226 8323862
1662731227 8873154
1662731228 9713416
1662731229 9479580
1662731230 8435268
1662731231 10040002
1662731232 9496328
1662731233 7700582
1662731234 7973426
1662731235 8394670
1662731236 9599996
1662731237 9319308
1662731238 6827990
1662731239 8725072
1662731240 8116632
1662731241 7536812
1662731242 7251142
1662731243 9557914
1662731244 8630838
1662731245 7249976
1662731246 7767998
1662731247 7798632
1662731248 9134020
1662731249 8070098
1662731250 8966434
1662731251 11406660
1662731252 13508216
1662731253 10669324
1662731254 8090026
1662731255 8647374
1662731256 9045828
1662731257 11297692
1662731258 9404426
1662731259 7089810
1662731260 8645890
1662731261 9140592
1662731262 8984984
1662731263 7148004
1662731264 9226240
1662731265 9318990
1662731266 8992404
1662731267 7226974
1662731268 8948626
1662731269 10028236
1662731270 8102746
1662731271 8551974
1662731272 8309870
1662731273 10590566
1662731274 8266410
1662731275 7629880
1662731276 7005964
1662731277 9412058
1662731278 10384608
1662731279 9401458
1662731280 7834884
1662731281 8223056
1662731282 9702604
1662731283 10596502
1662731284 7672916
1662731285 7732064
1662731286 8340080
1662731287 7397634
1662731288 6434200
1662731289 8076776
1662731290 7244146
1662731291 8215742
1662731292 10220520
1662731293 7979256
1662731294 9314856
1662731295 8381950
1662731296 8954456
1662731297 9574556
1662731298 9056110
1662731299 9159566
1662731300 8278918
1662731301 7822164
1662731302 9270124
1662731303 7791636
1662731304 9752742
1662731305 8259626
1662731306 7777962
1662731307 9363828
1662731308 9800548
1662731309 12362462
1662731310 12811160
1662731311 10346130
1662731312 7717224
1662731313 8076458
1662731314 7616524
1662731315 9127554
1662731316 7975758
1662731317 8161894
1662731318 8025366
1662731319 7747858
1662731320 6870496
1662731321 9077416
1662731322 8417566
1662731323 10089292
1662731324 10063746
1662731325 8600416
1662731326 8395836
1662731327 11015838
1662731328 7190934
1662731329 7978302
1662731330 6841664
1662731331 6288238
1662731332 8802240
1662731333 9193380
1662731334 7043700
1662731335 8298316
1662731336 9239596
1662731337 8125430
1662731338 8477350
1662731339 9339342
1662731340 8057696
1662731341 8510422
1662731342 7471728
1662731343 10206104
1662731344 10237268
1662731345 8953396
1662731346 7996746
1662731347 9830334
1662731348 8060346
1662731349 6682558
1662731350 7979362
1662731351 8692212
1662731352 7047410
1662731353 6520272
1662731354 8128292
1662731355 7610270
1662731356 7631364
1662731357 7446182
1662731358 7516884
1662731359 7659560
1662731360 9044238
1662731361 8957742
1662731362 9894782
1662731363 8493568
1662731364 7656804
1662731365 9621408
1662731366 8401666
1662731367 7682774
1662731368 8390536
1662731369 12095660
1662731370 11967930
1662731371 11476090
1662731372 12670392
1662731373 12108910
1662731374 12870732
1662731375 11459554
1662731376 9629040
1662731377 7081648
1662731378 7809126
1662731379 10637100
1662731380 8845700
1662731381 6815482
1662731382 7810716
1662731383 8860116
1662731384 9471418
1662731385 7188284
1662731386 7663058
1662731387 8307114
1662731388 9595438
1662731389 9448522
1662731390 6772446
1662731391 9883864
1662731392 8571690
1662731393 11049864
1662731394 8258990
1662731395 7197294
1662731396 8284748
1662731397 7872832
1662731398 10004916
1662731399 9839344
1662731400 7991128
1662731401 8841990
1662731402 7450528
1662731403 9238960
1662731404 7699628
1662731405 7181394
1662731406 8724224
1662731407 10275958
1662731408 9633280
1662731409 8211926
1662731410 7477876
1662731411 7852268
1662731412 9539470
1662731413 8586212
1662731414 8057166
1662731415 8150022
1662731416 8683838
1662731417 7762592
1662731418 10182890
1662731419 10335530
1662731420 9762176
1662731421 6912048
1662731422 7682668
1662731423 7717224
1662731424 10463472
1662731425 8531728
1662731426 8284006
1662731427 9004170
1662731428 7789092
1662731429 9550812
1662731430 6462608
1662731431 13444404
1662731432 12305010
1662731433 13112094
1662731434 10219036
1662731435 5945646
1662731436 9710766
1662731437 9368492
1662731438 9924780
1662731439 8827680
1662731440 9919268
1662731441 8678856
1662731442 8118646
1662731443 9633916
1662731444 7564902
1662731445 8835418
1662731446 9018586
1662731447 9149708
1662731448 8636244
1662731449 6855868
1662731450 8881316
1662731451 11289318
1662731452 7477452
1662731453 8256764
1662731454 10826098
1662731455 9292490
1662731456 9138684
1662731457 8382480
1662731458 9081868
1662731459 10136038
1662731460 8207686
1662731461 6938230
1662731462 11122156
1662731463 8433572
1662731464 8964844
1662731465 10326414
1662731466 8918098
1662731467 10548908
1662731468 8758992
1662731469 7466004
1662731470 8575082
1662731471 9540636
1662731472 10556964
1662731473 9659992
1662731474 10019438
1662731475 9810406
1662731476 9155326
1662731477 7584300
1662731478 10684376
1662731479 8418626
1662731480 9488590
1662731481 8997810
1662731482 8460496
1662731483 8595328
1662731484 8565012
1662731485 6160084
1662731486 8976292
1662731487 7374102
1662731488 11127880
1662731489 7171960
1662731490 9763766
1662731491 7778174
1662731492 4638136
1662731493 4782720
1662731494 8052290
1662731495 6718068
1662731496 7954240
1662731497 9814328
1662731498 9693594
1662731499 9951916
1662731500 10190946
1662731501 7287076
1662731502 8624690
1662731503 9087698
1662731504 8649918
1662731505 8003742
1662731506 9633598
1662731507 8630944
1662731508 8178324
1662731509 9601692
1662731510 8802982
1662731511 8875274
1662731512 7291422
1662731513 8579428
1662731514 10203666
1662731515 9720306
1662731516 7598928
1662731517 8549112
1662731518 9049856
1662731519 8720726
1662731520 7584724
1662731521 8625962
1662731522 8769804
1662731523 8415870
1662731524 9896690
1662731525 8583880
1662731526 8457846
1662731527 7704504
1662731528 8811144
1662731529 9629570
1662731530 8666984
1662731531 8185002
1662731532 9708116
1662731533 8105290
1662731534 7359580
1662731535 8184684
1662731536 8436752
1662731537 9626708
1662731538 7092884
1662731539 9169848
1662731540 6722202
1662731541 8048368
1662731542 6895300
1662731543 8338596
1662731544 7667828
1662731545 7951484
1662731546 11842850
1662731547 7942898
1662731548 7066278
1662731549 8732068
1662731550 8477880
1662731551 10681620
1662731552 11875816
1662731553 12812008
1662731554 12217560
1662731555 11521882
1662731556 12286248
1662731557 8235882
1662731558 7550698
1662731559 9752212
1662731560 8679598
1662731561 10541912
1662731562 8903470
1662731563 8813900
1662731564 10138370
1662731565 8139528
1662731566 7885764
1662731567 8521128
1662731568 8772030
1662731569 6879082
1662731570 8362764
1662731571 9152358
1662731572 7872408
1662731573 9782528
1662731574 8523354
1662731575 9596074
1662731576 9059290
1662731577 9321958
1662731578 8150340
1662731579 7816122
1662731580 7108254
1662731581 8354920
1662731582 9019964
1662731583 6378444
1662731584 10708968
1662731585 7877390
1662731586 8950322
1662731587 9292066
1662731588 8917356
1662731589 9068830
1662731590 7359686
1662731591 7861596
1662731592 10002902
1662731593 8693166
1662731594 6785272
1662731595 7938764
1662731596 8010102
1662731597 7951166
1662731598 10536612
1662731599 8139210
1662731600 8733022
1662731601 9326622
1662731602 9626178
1662731603 9261008
1662731604 9686704
1662731605 10396162
1662731606 9598618
1662731607 9055792
1662731608 8460814
1662731609 6874948
1662731610 6998332
1662731611 9697304
1662731612 7929012
1662731613 7677898
1662731614 11303098
1662731615 6867422
1662731616 7758988
1662731617 6175454
1662731618 7811670
1662731619 9965696
1662731620 8687336
1662731621 8065964
1662731622 10757198
1662731623 9020706
1662731624 7216268
1662731625 6680862
1662731626 10358744
1662731627 9691262
1662731628 8574234
1662731629 7896364
1662731630 7464414
1662731631 8061512
1662731632 8645784
1662731633 8966752
1662731634 7909508
1662731635 9574768
1662731636 10293660
1662731637 7140902
1662731638 8239910
1662731639 9102856
1662731640 7927528
1662731641 9755180
1662731642 6455718
1662731643 8396154
1662731644 7992188
1662731645 8507772
1662731646 9750622
1662731647 9433152
1662731648 10447784
1662731649 7497486
1662731650 6513382
1662731651 8621086
1662731652 10085582
1662731653 9366584
1662731654 8897640
1662731655 9046782
1662731656 7907494
1662731657 7434310
1662731658 7773086
1662731659 7669842
1662731660 9585262
1662731661 6953706
1662731662 7409294
1662731663 8275844
1662731664 8410146
1662731665 9398066
1662731666 9860650
1662731667 9457320
1662731668 10897542
1662731669 6667082
1662731670 8003530
1662731671 10398176
1662731672 11897122
1662731673 11357158
1662731674 6934626
1662731675 7861808
1662731676 9387784
1662731677 9403366
1662731678 8734612
1662731679 8204930
1662731680 9152782
1662731681 7543914
1662731682 9572648
1662731683 8912904
1662731684 8726132
1662731685 9757724
1662731686 9814328
1662731687 7436854
1662731688 10139324
1662731689 8683732
1662731690 8040312
1662731691 8994842
1662731692 9381212
1662731693 7387988
1662731694 8774044
1662731695 8372940
1662731696 8524944
1662731697 7914384
1662731698 9883334
1662731699 8539678
1662731700 8738428
1662731701 7088538
1662731702 9333194
1662731703 7074334
1662731704 7939506
1662731705 7814002
1662731706 7942580
1662731707 7874528
1662731708 6898056
1662731709 9711932
1662731710 7706836
1662731711 6425402
1662731712 7612814
1662731713 9805000
1662731714 8834782
1662731715 9074660
1662731716 7334776
1662731717 7475756
1662731718 9667412
1662731719 10087066
1662731720 9399550
1662731721 10029826
1662731722 7261636
1662731723 10070424
1662731724 8638152
1662731725 8621510
1662731726 8334674
1662731727 9762070
1662731728 10375386
1662731729 11126608
1662731730 11648764
1662731731 11830342
1662731732 9904110
1662731733 9222954
1662731734 10330760
1662731735 10155966
1662731736 9977568
1662731737 7495048
1662731738 8896474
1662731739 7596384
1662731740 8876334
1662731741 8452546
1662731742 9110594
1662731743 8842520
1662731744 9114834
1662731745 8627552
1662731746 9029504
1662731747 7446712
1662731748 8621934
1662731749 9117378
1662731750 8411206
1662731751 7222310
1662731752 8548264
1662731753 7855448
1662731754 10235678
1662731755 8661578
1662731756 7279126
1662731757 8747226
1662731758 7349086
1662731759 7872620
1662731760 8019854
1662731761 8747332
1662731762 6479462
1662731763 7385868
1662731764 8012858
1662731765 8936330
1662731766 9900612
1662731767 7843470
1662731768 11106680
1662731769 9734086
1662731770 9200482
1662731771 9554416
1662731772 8085574
1662731773 9735888
1662731774 8718288
1662731775 7321314
1662731776 8403680
1662731777 8002258
1662731778 7594900
1662731779 7487098
1662731780 8096068
1662731781 7645462
1662731782 8033846
1662731783 10277760
1662731784 6630724
1662731785 8545190
1662731786 8356298
1662731787 7746586
1662731788 9585580
1662731789 8280508
1662731790 6485610
1662731791 9993680
1662731792 9116742
1662731793 7716058
1662731794 10613356
1662731795 8271180
1662731796 8623630
1662731797 10637948
1662731798 9435484
1662731799 10373266
1662731800 10257408
1662731801 8591724
1662731802 8454666
1662731803 8176098
1662731804 8847184
1662731805 8468552
1662731806 9320792
1662731807 8741396
1662731808 9140698
1662731809 7244146
1662731810 9686174
1662731811 9359906
1662731812 10736528
1662731813 10199426
1662731814 8556214
1662731815 9195924
1662731816 8550384
1662731817 7419364
1662731818 8070098
1662731819 10072120
1662731820 7993778
1662731821 8310294
1662731822 7983496
1662731823 9127236
1662731824 8583350
1662731825 8156700
1662731826 7257078
1662731827 7688710
1662731828 6981584
1662731829 7395196
1662731830 7780294
1662731831 7430070
1662731832 7357566
1662731833 8415764
1662731834 9538410
1662731835 8342200
1662731836 7750614
1662731837 8360114
1662731838 7638572
1662731839 8153626
1662731840 8113770
1662731841 8369760
1662731842 9726878
1662731843 10105086
1662731844 9457108
1662731845 7900286
1662731846 8635396
1662731847 7399648
1662731848 9543392
1662731849 6445754
1662731850 8236200
1662731851 9154160
1662731852 8297786
1662731853 7815380
1662731854 13574042
1662731855 11463582
1662731856 11723706
1662731857 14164992
1662731858 10036822
1662731859 10812212
1662731860 7810292
1662731861 8463782
1662731862 9346338
1662731863 7847074
1662731864 8750512
1662731865 9013710
1662731866 8370184
1662731867 8371350
1662731868 7823012
1662731869 9322170
1662731870 8819836
1662731871 7003314
1662731872 10583146
1662731873 9445130
1662731874 7968868
1662731875 7650126
1662731876 10318146
1662731877 8415340
1662731878 9198786
1662731879 9638474
1662731880 8554306
1662731881 8007134
1662731882 9577948
1662731883 8166346
1662731884 8789520
1662731885 7195280
1662731886 8465478
1662731887 8298952
1662731888 9451596
1662731889 7975334
1662731890 8002682
1662731891 7528226
1662731892 7271812
1662731893 9833302
1662731894 6290146
1662731895 8461238
1662731896 6950208
1662731897 7794816
1662731898 9490498
1662731899 9089924
1662731900 8771288
1662731901 6395086
1662731902 7246902
1662731903 10164764
1662731904 7750402
1662731905 10354504
1662731906 7248492
1662731907 9341144
1662731908 9000036
1662731909 8562574
1662731910 11034388
1662731911 8243302
1662731912 13142728
1662731913 12739928
1662731914 9187126
1662731915 8815490
1662731916 7722100
1662731917 9860120
1662731918 8900184
1662731919 9894146
1662731920 7370710
1662731921 9332770
1662731922 8930924
1662731923 9538516
1662731924 8173448
1662731925 9580492
1662731926 8451380
1662731927 7775736
1662731928 9604872
1662731929 7688286
1662731930 6701532
1662731931 8633170
1662731932 7420424
1662731933 9540848
1662731934 10584948
1662731935 6850356
1662731936 7150972
1662731937 9115152
1662731938 8247330
1662731939 10148228
1662731940 7626170
1662731941 9531096
1662731942 7524728
1662731943 8655536
1662731944 9612292
1662731945 8024942
1662731946 10181618
1662731947 9993150
1662731948 7468654
1662731949 8873578
1662731950 7683198
1662731951 9172922
1662731952 10300656
1662731953 9174088
1662731954 8156488
1662731955 7137192
1662731956 6578996
1662731957 7683410
1662731958 7385020
1662731959 9199528
1662731960 9406228
1662731961 8481060
1662731962 8798636
1662731963 7435900
1662731964 9129356
1662731965 9653208
1662731966 10517320
1662731967 10952980
1662731968 8799696
1662731969 7413852
1662731970 8152672
1662731971 9143242
1662731972 9719988
1662731973 7979044
1662731974 9637096
1662731975 7987312
1662731976 8084196
1662731977 8925094
1662731978 8829694
1662731979 8810296
1662731980 7498228
1662731981 7306474
1662731982 8421276
1662731983 9051658
1662731984 9998980
1662731985 7995156
1662731986 9273728
1662731987 8197828
1662731988 9281890
1662731989 6979994
1662731990 8258142
1662731991 6599030
1662731992 8847714
1662731993 8854074
1662731994 9386300
1662731995 8356298
1662731996 7310820
1662731997 7916398
1662731998 6921164
1662731999 8029500
1662732000 8570842
1662732001 7956784
1662732002 9490180
1662732003 10268856
1662732004 8777648
1662732005 9886620
1662732006 8210760
1662732007 10026540
1662732008 9024204
1662732009 6973210
1662732010 8720408
1662732011 8945976
1662732012 9152782
1662732013 9499932
1662732014 8664758
1662732015 9404214
1662732016 7045926
1662732017 10213948
1662732018 7854600
1662732019 9369658
1662732020 8699526
1662732021 9085472
1662732022 10568412
1662732023 7536070
1662732024 7841880
1662732025 8700056
1662732026 9555900
1662732027 7387670
1662732028 8628188
1662732029 8209912
1662732030 8456892
1662732031 12436768
1662732032 8565330
1662732033 8277434
1662732034 7132952
1662732035 8544448
1662732036 9896796
1662732037 7692950
1662732038 7985828
1662732039 7968550
1662732040 8213198
1662732041 8931560
1662732042 8843368
1662732043 7670478
1662732044 6519106
1662732045 6363604
1662732046 9278604
1662732047 10002584
1662732048 8284854
1662732049 8609638
1662732050 6984022
1662732051 9685538
1662732052 10142716
1662732053 7029920
1662732054 8493250
1662732055 9794718
1662732056 10784546
1662732057 8519220
1662732058 8382904
1662732059 9581128
1662732060 7757080
1662732061 8775952
1662732062 7116204
1662732063 6987096
1662732064 8334038
1662732065 7967808
1662732066 9279664
1662732067 8451804
1662732068 8460920
1662732069 8445232
1662732070 8941948
1662732071 10038412
1662732072 8213304
1662732073 8976292
1662732074 10509900
1662732075 8899336
1662732076 9727408
1662732077 7315908
1662732078 8319198
1662732079 9417464
1662732080 10340194
1662732081 8633700
1662732082 7112706
1662732083 8012328
1662732084 9735040
1662732085 8176204
1662732086 8406860
1662732087 8904424
1662732088 6860532
1662732089 9880578
1662732090 12353982
1662732091 12880696
1662732092 12618452
1662732093 6968864
1662732094 7506602
1662732095 10196882
1662732096 7884810
1662732097 9723910
1662732098 8739700
1662732099 8678114
1662732100 8097446
1662732101 11344650
1662732102 7307534
1662732103 7372088
1662732104 6269158
1662732105 7260576
1662732106 7164010
1662732107 9262916
1662732108 8747968
1662732109 8976292
1662732110 7801388
1662732111 8487420
1662732112 4583440
1662732113 212
