# events called
1662510676 869938
1662510677 2259784
1662510678 1670678
1662510679 10571956
1662510680 12011622
1662510681 13371336
1662510682 12102486
1662510683 13023082
1662510684 12808778
1662510685 12654102
1662510686 13133892
1662510687 11818090
1662510688 12224150
1662510689 13009254
1662510690 12426426
1662510691 13304718
1662510692 11804570
1662510693 12629790
1662510694 11734444
1662510695 13302296
1662510696 11545802
1662510697 12517928
1662510698 11724252
1662510699 12358806
1662510700 12885866
1662510701 11925362
1662510702 11654502
1662510703 12839280
1662510704 12168202
1662510705 11733430
1662510706 13112834
1662510707 12352166
1662510708 10288814
1662510709 12688708
1662510710 12933200
1662510711 13114318
1662510712 10497994
1662510713 12544754
1662510714 13080808
1662510715 12648318
1662510716 13021512
1662510717 9908582
1662510718 13141332
1662510719 12803614
1662510720 12985508
1662510721 12973230
1662510722 10089084
1662510723 12223298
1662510724 12768274
1662510725 13048890
1662510726 13040920
1662510727 11732868
1662510728 9710182
1662510729 13028076
1662510730 12848272
1662510731 13259774
1662510732 12251564
1662510733 12876620
1662510734 10080718
1662510735 11035828
1662510736 12634444
1662510737 12160488
1662510738 13002690
1662510739 12557162
1662510740 12700186
1662510741 11312224
1662510742 9789366
1662510743 12908592
1662510744 12955012
1662510745 13028290
1662510746 13024158
1662510747 12431578
1662510748 12878774
1662510749 10418664
1662510750 9951336
1662510751 11972662
1662510752 12017294
1662510753 12689504
1662510754 12778724
1662510755 12900384
1662510756 12846672
1662510757 12657050
1662510758 11742558
1662510759 9590206
1662510760 10552580
1662510761 12926354
1662510762 12842142
1662510763 12802180
1662510764 12940212
1662510765 12755942
1662510766 12960194
1662510767 12237110
1662510768 10542294
1662510769 9277448
1662510770 11486318
1662510771 13075646
1662510772 12111194
1662510773 12549012
1662510774 12915654
1662510775 12550396
1662510776 13321018
1662510777 12492406
1662510778 13093064
1662510779 12392630
1662510780 9224088
1662510781 9463366
1662510782 11572704
1662510783 13017204
1662510784 12708664
1662510785 13081846
1662510786 12702702
1662510787 12168898
1662510788 13254670
1662510789 12721750
1662510790 12783812
1662510791 12446414
1662510792 9628696
1662510793 9062142
1662510794 9973256
1662510795 12811860
1662510796 12795120
1662510797 11776428
1662510798 13003858
1662510799 12663130
1662510800 12987056
1662510801 13322034
1662510802 12093792
1662510803 12653120
1662510804 12436582
1662510805 12998722
1662510806 11681406
1662510807 9250910
1662510808 10089010
1662510809 11118138
1662510810 13399222
1662510811 12879566
1662510812 11853086
1662510813 13048744
1662510814 13092764
1662510815 13244436
1662510816 12911414
1662510817 11685332
1662510818 13004118
1662510819 12692682
1662510820 12600490
1662510821 12925702
1662510822 10443916
1662510823 8678368
1662510824 9305780
1662510825 10281560
1662510826 12798068
1662510827 12186808
1662510828 12798486
1662510829 12607392
1662510830 13095360
1662510831 12365078
1662510832 11670218
1662510833 13044370
1662510834 12542490
1662510835 12415310
1662510836 12897116
1662510837 12048894
1662510838 12766358
1662510839 12365740
1662510840 8823104
1662510841 8660650
1662510842 8685868
1662510843 10633704
1662510844 13064552
1662510845 12809924
1662510846 12389884
1662510847 12199588
1662510848 12869140
1662510849 12905014
1662510850 12736692
1662510851 12726642
1662510852 11838756
1662510853 12712068
1662510854 12748926
1662510855 12539188
1662510856 12308044
1662510857 12373756
1662510858 12549064
1662510859 12610632
1662510860 10867114
1662510861 9244132
1662510862 8641134
1662510863 8908074
1662510864 10528396
1662510865 11687308
1662510866 12920704
1662510867 12474380
1662510868 12972054
1662510869 12706400
1662510870 11399884
1662510871 12526280
1662510872 12770062
1662510873 12214996
1662510874 12547508
1662510875 11230256
1662510876 12934350
1662510877 12052988
1662510878 12218460
1662510879 12227958
1662510880 11009952
1662510881 12408838
1662510882 11189772
1662510883 9026506
1662510884 9582736
1662510885 7684152
1662510886 8884508
1662510887 10994222
1662510888 12448904
1662510889 12693396
1662510890 11623836
1662510891 12853308
1662510892 12626454
1662510893 12422454
1662510894 12486438
1662510895 11210892
1662510896 11758510
1662510897 12774618
1662510898 12480310
1662510899 13084258
1662510900 11206974
1662510901 12304582
1662510902 12500600
1662510903 12494220
1662510904 12178716
1662510905 11028490
1662510906 12252634
1662510907 12329620
1662510908 9607950
1662510909 8652864
1662510910 8199624
1662510911 9021460
1662510912 9153896
1662510913 11419640
1662510914 10944666
1662510915 10068284
1662510916 11267398
1662510917 11310024
1662510918 10985680
1662510919 11173920
1662510920 10268576
1662510921 11510790
1662510922 11983394
1662510923 10938996
1662510924 10946332
1662510925 9686952
1662510926 11150946
1662510927 11741382
1662510928 11308530
1662510929 11231446
1662510930 9204912
1662510931 11220830
1662510932 11051350
1662510933 9145506
1662510934 9489112
1662510935 7874630
1662510936 9168494
1662510937 7627164
1662510938 8753128
1662510939 11618210
1662510940 10641990
1662510941 11822220
1662510942 12319924
1662510943 11426720
1662510944 11327228
1662510945 9798168
1662510946 10814280
1662510947 11270074
1662510948 11057136
1662510949 11890524
1662510950 10050900
1662510951 11787744
1662510952 11004674
1662510953 11510570
1662510954 11291910
1662510955 10859738
1662510956 12349728
1662510957 11877544
1662510958 11906888
1662510959 11979174
1662510960 9749046
1662510961 12050786
1662510962 9446766
1662510963 9515036
1662510964 8818124
1662510965 7408834
1662510966 8249448
1662510967 7808110
1662510968 9257870
1662510969 12230262
1662510970 10911480
1662510971 12081554
1662510972 12043648
1662510973 12266322
1662510974 12493348
1662510975 10003538
1662510976 10916044
1662510977 11216996
1662510978 11519268
1662510979 11000826
1662510980 9742838
1662510981 12432688
1662510982 11240490
1662510983 10944710
1662510984 10953790
1662510985 9839634
1662510986 10902956
1662510987 11150642
1662510988 11329186
1662510989 10989460
1662510990 9594980
1662510991 11013036
1662510992 11028874
1662510993 11599174
1662510994 10959216
1662510995 10462222
1662510996 9982696
1662510997 9102348
1662510998 8802530
1662510999 9371318
1662511000 7396118
1662511001 7715496
1662511002 8282446
1662511003 8254560
1662511004 10037642
1662511005 9269536
1662511006 10355854
1662511007 10606986
1662511008 9725882
1662511009 9828876
1662511010 8620430
1662511011 10831220
1662511012 9580346
1662511013 10678584
1662511014 9802834
1662511015 10011980
1662511016 11676522
1662511017 10541072
1662511018 10671376
1662511019 10484878
1662511020 8680950
1662511021 10882082
1662511022 10253270
1662511023 10404908
1662511024 10280202
1662511025 8734920
1662511026 10472548
1662511027 10494640
1662511028 9847242
1662511029 10307196
1662511030 7232434
1662511031 8786776
1662511032 8314606
1662511033 8128886
1662511034 7860388
1662511035 6453628
1662511036 7939384
1662511037 7203188
1662511038 8107466
1662511039 8035804
1662511040 6763280
1662511041 8768332
1662511042 7882650
1662511043 8087758
1662511044 8299092
1662511045 6863292
1662511046 8411536
1662511047 7960310
1662511048 8690372
1662511049 8350562
1662511050 6926068
1662511051 8352882
1662511052 8173072
1662511053 7800492
1662511054 8431910
1662511055 7068686
1662511056 8465896
1662511057 8171166
1662511058 8190370
1662511059 9453434
1662511060 7616222
1662511061 8085940
1662511062 7877408
1662511063 7287184
1662511064 8059766
1662511065 6663800
1662511066 7074910
1662511067 8468020
1662511068 6971116
1662511069 8399138
1662511070 7323712
1662511071 8244972
1662511072 8229314
1662511073 8390938
1662511074 7347114
1662511075 7179926
1662511076 7874588
1662511077 8284576
1662511078 7666584
1662511079 7890898
1662511080 7028242
1662511081 8185858
1662511082 7997806
1662511083 8004710
1662511084 7606494
1662511085 7073958
1662511086 8548996
1662511087 7546966
1662511088 8355348
1662511089 7552126
1662511090 7085480
1662511091 7341702
1662511092 7391170
1662511093 7733292
1662511094 7197472
1662511095 6569506
1662511096 7088328
1662511097 7308848
1662511098 7859354
1662511099 7344826
1662511100 7122020
1662511101 8198730
1662511102 7818136
1662511103 7642216
1662511104 8466166
1662511105 7795660
1662511106 8535338
1662511107 7882072
1662511108 7797230
1662511109 8309352
1662511110 5753714
1662511111 7821462
1662511112 8340686
1662511113 7956238
1662511114 8360716
1662511115 6099520
1662511116 7796852
1662511117 8293816
1662511118 7672242
1662511119 7486738
1662511120 6846754
1662511121 7299796
1662511122 6765272
1662511123 6178680
1662511124 7124402
1662511125 5310802
1662511126 6241020
1662511127 5988810
1662511128 5962906
1662511129 5478720
1662511130 5470094
1662511131 7189974
1662511132 6956752
1662511133 6736518
1662511134 6594424
1662511135 5535142
1662511136 6783056
1662511137 6724950
1662511138 6542886
1662511139 8155714
1662511140 5553682
1662511141 7053512
1662511142 6446298
1662511143 6353090
1662511144 6816952
1662511145 5038178
1662511146 6880560
1662511147 6675060
1662511148 6856996
1662511149 6073082
1662511150 5627956
1662511151 6911600
1662511152 6096662
1662511153 6070672
1662511154 6222214
1662511155 5270188
1662511156 5734888
1662511157 5730862
1662511158 5480960
1662511159 5770934
1662511160 5329014
1662511161 6813972
1662511162 5895140
1662511163 6429670
1662511164 6358914
1662511165 5638924
1662511166 6578694
1662511167 6544318
1662511168 6680972
1662511169 6603550
1662511170 6977358
1662511171 6670556
1662511172 6534658
1662511173 6466256
1662511174 6620470
1662511175 5688196
1662511176 6895794
1662511177 6645090
1662511178 6541426
1662511179 6584608
1662511180 5518578
1662511181 6629950
1662511182 6963700
1662511183 6215670
1662511184 5491018
1662511185 4910990
1662511186 6149002
1662511187 5970424
1662511188 5643540
1662511189 5926872
1662511190 5742096
1662511191 5870110
1662511192 5393366
1662511193 5955584
1662511194 5980596
1662511195 4118066
1662511196 5761574
1662511197 6130046
1662511198 5259922
1662511199 6152404
1662511200 4427628
1662511201 6663390
1662511202 5565336
1662511203 5582878
1662511204 5816570
1662511205 4525546
1662511206 6102842
1662511207 6108510
1662511208 5633414
1662511209 6347360
1662511210 4256382
1662511211 6080492
1662511212 5590294
1662511213 5389034
1662511214 5748824
1662511215 4120984
1662511216 4780686
1662511217 5211872
1662511218 5015248
1662511219 4838886
1662511220 3929060
1662511221 4710958
1662511222 4877324
1662511223 4468860
1662511224 4522822
1662511225 4288752
1662511226 5236312
1662511227 5117544
1662511228 4825964
1662511229 4564050
1662511230 5224496
1662511231 5384664
1662511232 4975224
1662511233 4753900
1662511234 4770990
1662511235 4134310
1662511236 4736454
1662511237 4991816
1662511238 4689944
1662511239 4529778
1662511240 4079642
1662511241 4901752
1662511242 4812602
1662511243 4810058
1662511244 4994984
1662511245 4462240
1662511246 4826626
1662511247 4714472
1662511248 4814658
1662511249 4503758
1662511250 4177898
1662511251 4294220
1662511252 4005624
1662511253 3396736
1662511254 2938110
1662511255 2382838
1662511256 3231956
1662511257 3798874
1662511258 2521802
1662511259 2761846
1662511260 2351380
1662511261 2668056
1662511262 2662550
1662511263 2671044
1662511264 2748728
1662511265 2332404
1662511266 2576856
1662511267 2671864
1662511268 2698652
1662511269 2675418
1662511270 2412822
1662511271 2616242
1662511272 2725642
1662511273 2529382
1662511274 2742602
1662511275 2372256
1662511276 2584388
1662511277 2748682
1662511278 2538708
1662511279 2501516
1662511280 2960790
1662511281 3407756
1662511282 2629952
1662511283 2404194
1662511284 2334368
1662511285 2130928
1662511286 2096756
1662511287 1752480
1662511288 1539400
1662511289 1847430
1662511290 1453698
1662511291 1501530
1662511292 1641488
1662511293 1533746
1662511294 1618788
1662511295 1402264
1662511296 1605214
1662511297 1675604
1662511298 1535644
1662511299 1656266
1662511300 1432346
1662511301 1527176
1662511302 1581636
1662511303 1655026
1662511304 1515522
1662511305 1450596
1662511306 1515978
1662511307 1589934
1662511308 1592398
1662511309 1640610
1662511310 1343562
1662511311 1583696
1662511312 1648452
1662511313 1610096
1662511314 1461944
1662511315 1382438
1662511316 1595934
1662511317 1510916
1662511318 1594122
1662511319 1572384
1662511320 1362750
1662511321 1451822
1662511322 1576362
1662511323 1532824
1662511324 1561400
1662511325 1441598
1662511326 1540156
1662511327 1589826
1662511328 1540866
1662511329 1623574
1662511330 1476556
1662511331 1522132
1662511332 1521252
1662511333 1456046
1662511334 1564068
1662511335 1441286
1662511336 1513378
1662511337 1629088
1662511338 1510154
1662511339 1561512
1662511340 1488478
1662511341 1490276
1662511342 1614522
1662511343 1485888
1662511344 1667380
1662511345 1491730
1662511346 1315270
1662511347 1615700
1662511348 1608360
1662511349 1523444
1662511350 1373660
1662511351 1545548
1662511352 1569178
1662511353 1607474
1662511354 1554170
1662511355 1481104
1662511356 1604022
1662511357 1386526
1662511358 1700802
1662511359 1674554
1662511360 1215918
1662511361 1478564
1662511362 1568084
1662511363 1593776
1662511364 1414146
1662511365 1409594
1662511366 1517384
1662511367 1507188
1662511368 1640948
1662511369 1549032
1662511370 1280290
1662511371 1699220
1662511372 1541942
1662511373 1603088
1662511374 1455842
1662511375 1366362
1662511376 1596480
1662511377 1496246
1662511378 1498000
1662511379 1535042
1662511380 1175902
1662511381 1699988
1662511382 1605098
1662511383 1559564
1662511384 1368612
1662511385 1422302
1662511386 1560564
1662511387 1458182
1662511388 1595954
1662511389 1581732
1662511390 1283610
1662511391 1607642
1662511392 1576004
1662511393 1462636
1662511394 1686026
1662511395 1364218
1662511396 1573420
1662511397 1487722
1662511398 1532478
1662511399 1626612
1662511400 1309258
1662511401 1594280
1662511402 1627978
1662511403 1321686
1662511404 1625340
1662511405 1372152
1662511406 1431820
1662511407 1637198
1662511408 1581658
1662511409 1637946
1662511410 1561968
1662511411 1619862
1662511412 1796864
1662511413 1740684
1662511414 1603636
1662511415 1530564
1662511416 1723238
1662511417 1734040
1662511418 1646050
1662511419 1603250
1662511420 1258054
1662511421 1599000
1662511422 1441728
1662511423 1660484
1662511424 1631382
1662511425 1392368
1662511426 1541918
1662511427 1389930
1662511428 1443214
1662511429 1639156
1662511430 1282050
1662511431 1546978
1662511432 1612038
1662511433 1444324
1662511434 1778002
1662511435 1686884
1662511436 1795708
1662511437 1834776
1662511438 1619886
1662511439 1540228
1662511440 1278272
1662511441 1905434
1662511442 1971834
1662511443 1745874
1662511444 1889962
1662511445 1701632
1662511446 1623872
1662511447 1763146
1662511448 2030116
1662511449 1828534
1662511450 1850210
1662511451 1890780
1662511452 1826032
1662511453 1959652
1662511454 1846544
1662511455 1858360
1662511456 2266088
1662511457 1997716
1662511458 2282996
1662511459 2353458
1662511460 2021052
1662511461 2261068
1662511462 1934036
1662511463 2346550
1662511464 2163256
1662511465 1678150
1662511466 2296604
1662511467 2372094
1662511468 2160430
1662511469 2205730
1662511470 1864228
1662511471 2427232
1662511472 2530184
1662511473 2242170
1662511474 2179900
1662511475 2002384
1662511476 2080920
1662511477 2433232
1662511478 2286522
1662511479 2336990
1662511480 2165932
1662511481 2128238
1662511482 2246090
1662511483 2333778
1662511484 2115958
1662511485 1968746
1662511486 2409184
1662511487 2214980
1662511488 2504018
1662511489 2510070
1662511490 1827816
1662511491 2294758
1662511492 2242102
1662511493 2311564
1662511494 2449780
1662511495 1963466
1662511496 2676330
1662511497 2589700
1662511498 2452968
1662511499 2925930
1662511500 2580258
1662511501 3130812
1662511502 2522518
1662511503 3175022
1662511504 2882942
1662511505 2864966
1662511506 2978730
1662511507 2885544
1662511508 3117344
1662511509 3112348
1662511510 2872892
1662511511 3168314
1662511512 2987788
1662511513 3319756
1662511514 3017608
1662511515 2841844
1662511516 3351742
1662511517 3524230
1662511518 3019616
1662511519 3546378
1662511520 2460494
1662511521 2820776
1662511522 2890602
1662511523 2796328
1662511524 2955970
1662511525 2473068
1662511526 2976916
1662511527 2680390
1662511528 3150406
1662511529 2746116
1662511530 2664252
1662511531 3085024
1662511532 3015574
1662511533 2946650
1662511534 2917478
1662511535 2675060
1662511536 3105676
1662511537 2796012
1662511538 2944356
1662511539 2882242
1662511540 2789236
1662511541 2914416
1662511542 2916400
1662511543 2707136
1662511544 2954990
1662511545 2948814
1662511546 2897762
1662511547 3158358
1662511548 2831292
1662511549 3168544
1662511550 2662200
1662511551 3581290
1662511552 3489754
1662511553 3159396
1662511554 3140184
1662511555 3316060
1662511556 3672578
1662511557 3666086
1662511558 3516116
1662511559 3790382
1662511560 2899142
1662511561 3470564
1662511562 3433892
1662511563 3222898
1662511564 3495992
1662511565 2904894
1662511566 3848918
1662511567 3250696
1662511568 3747122
1662511569 3367354
1662511570 3095488
1662511571 3713888
1662511572 3550488
1662511573 3639106
1662511574 3463694
1662511575 2856426
1662511576 3441080
1662511577 3497550
1662511578 3571078
1662511579 3223840
1662511580 3134114
1662511581 3864044
1662511582 3465760
1662511583 3386340
1662511584 3697994
1662511585 3031180
1662511586 3336230
1662511587 3699144
1662511588 3562746
1662511589 3728760
1662511590 3068936
1662511591 3471926
1662511592 3666720
1662511593 3608198
1662511594 3316332
1662511595 3074210
1662511596 3298396
1662511597 3751328
1662511598 3561004
1662511599 3699278
1662511600 2833078
1662511601 3736444
1662511602 3578248
1662511603 3196930
1662511604 3674964
1662511605 2905610
1662511606 3687722
1662511607 3572998
1662511608 3516846
1662511609 3661810
1662511610 2899486
1662511611 3867214
1662511612 3569264
1662511613 3628564
1662511614 3579404
1662511615 2910442
1662511616 3597758
1662511617 3558974
1662511618 3451284
1662511619 3565392
1662511620 3119740
1662511621 3631326
1662511622 3666302
1662511623 3799018
1662511624 3549464
1662511625 3127598
1662511626 3697760
1662511627 3550698
1662511628 3445756
1662511629 3498116
1662511630 3116498
1662511631 3486020
1662511632 3594456
1662511633 3829620
1662511634 3818578
1662511635 2791628
1662511636 4035932
1662511637 3754210
1662511638 3673280
1662511639 3853300
1662511640 3279278
1662511641 3784894
1662511642 3986312
1662511643 3860996
1662511644 4135532
1662511645 3466572
1662511646 4182238
1662511647 4235556
1662511648 4273048
1662511649 3922102
1662511650 3525544
1662511651 4072568
1662511652 3923734
1662511653 4279038
1662511654 4223684
1662511655 3718826
1662511656 4509528
1662511657 4174598
1662511658 4539544
1662511659 4104736
1662511660 4600472
1662511661 4884590
1662511662 4469672
1662511663 4653960
1662511664 4437786
1662511665 3941782
1662511666 5036718
1662511667 4849056
1662511668 4773666
1662511669 4610992
1662511670 4172952
1662511671 4673198
1662511672 4472004
1662511673 4320994
1662511674 4679868
1662511675 3476346
1662511676 4736044
1662511677 5148886
1662511678 4659630
1662511679 4786420
1662511680 4124488
1662511681 4636992
1662511682 4923500
1662511683 4289020
1662511684 4200730
1662511685 3966630
1662511686 4545450
1662511687 4515534
1662511688 4312100
1662511689 4402584
1662511690 3804930
1662511691 4775212
1662511692 4613172
1662511693 4706176
1662511694 4217560
1662511695 4208966
1662511696 4794424
1662511697 4807608
1662511698 4672516
1662511699 4905954
1662511700 3979142
1662511701 4520000
1662511702 4548498
1662511703 4594180
1662511704 4255530
1662511705 3947388
1662511706 4977384
1662511707 4993478
1662511708 5230254
1662511709 4837854
1662511710 4189546
1662511711 5315236
1662511712 4843848
1662511713 4851920
1662511714 4441964
1662511715 3881500
1662511716 4597564
1662511717 4528834
1662511718 4601488
1662511719 4295726
1662511720 3774884
1662511721 4185488
1662511722 4687010
1662511723 4273248
1662511724 4377970
1662511725 3833628
1662511726 4257484
1662511727 4645458
1662511728 4373650
1662511729 4527196
1662511730 3408918
1662511731 4550434
1662511732 4334584
1662511733 4638772
1662511734 4584356
1662511735 3902890
1662511736 4866520
1662511737 4276016
1662511738 4419204
1662511739 4293718
1662511740 3835220
1662511741 4512332
1662511742 4430764
1662511743 4522176
1662511744 4126914
1662511745 4104658
1662511746 5630504
1662511747 4741838
1662511748 4642854
1662511749 4247434
1662511750 3774732
1662511751 4751850
1662511752 4514696
1662511753 4347668
1662511754 4670636
1662511755 3620140
1662511756 4791442
1662511757 4240840
1662511758 4775450
1662511759 4209094
1662511760 4202688
1662511761 4881006
1662511762 4506338
1662511763 4569908
1662511764 5139540
1662511765 3615028
1662511766 4961908
1662511767 4738496
1662511768 4599102
1662511769 5026486
1662511770 3710014
1662511771 4807054
1662511772 4611376
1662511773 4579696
1662511774 4366616
1662511775 3732890
1662511776 5105408
1662511777 4657082
1662511778 4912242
1662511779 5084612
1662511780 4373844
1662511781 4869186
1662511782 4733054
1662511783 4971572
1662511784 4891818
1662511785 4107756
1662511786 5044888
1662511787 4181636
1662511788 4494778
1662511789 4332402
1662511790 4287820
1662511791 5050380
1662511792 4926846
1662511793 5131084
1662511794 4759742
1662511795 4478396
1662511796 5194280
1662511797 4701796
1662511798 4959556
1662511799 4455170
1662511800 3554762
1662511801 4360064
1662511802 4823270
1662511803 4367578
1662511804 4203826
1662511805 3902978
1662511806 4639022
1662511807 5037894
1662511808 4391958
1662511809 5082924
1662511810 4214688
1662511811 5084880
1662511812 4630970
1662511813 4635582
1662511814 4626940
1662511815 4192032
1662511816 4766818
1662511817 4700812
1662511818 4288476
1662511819 4590546
1662511820 3975374
1662511821 5359048
1662511822 4991698
1662511823 4797148
1662511824 4956892
1662511825 3867054
1662511826 5163610
1662511827 5255724
1662511828 4788900
1662511829 4859650
1662511830 3949496
1662511831 4440304
1662511832 4607982
1662511833 4583350
1662511834 4843934
1662511835 4082934
1662511836 4436490
1662511837 4185938
1662511838 4455270
1662511839 3992220
1662511840 3853264
1662511841 4758476
1662511842 4825158
1662511843 4259702
1662511844 4333748
1662511845 3705444
1662511846 4837200
1662511847 4252490
1662511848 4158420
1662511849 4256932
1662511850 3795740
1662511851 4680320
1662511852 4292968
1662511853 4759312
1662511854 4562002
1662511855 3368856
1662511856 4674868
1662511857 4553602
1662511858 4470516
1662511859 4443198
1662511860 3705526
1662511861 4804080
1662511862 4319254
1662511863 4224464
1662511864 4505808
1662511865 3571942
1662511866 4512756
1662511867 4567744
1662511868 4437716
1662511869 4755830
1662511870 3341032
1662511871 4605830
1662511872 4194560
1662511873 4540456
1662511874 4158802
1662511875 3825116
1662511876 4915090
1662511877 5024230
1662511878 4792178
1662511879 825310
1662511880 558


# events submitted
1662510676 869938
1662510677 2259784
1662510678 1662444
1662510679 10533466
1662510680 11975384
1662510681 13350776
1662510682 12077044
1662510683 13017390
1662510684 12795438
1662510685 12633446
1662510686 13111530
1662510687 11807926
1662510688 12205230
1662510689 12999432
1662510690 12410112
1662510691 13285978
1662510692 11795700
1662510693 12612054
1662510694 11725400
1662510695 13282366
1662510696 11535570
1662510697 12504222
1662510698 11716208
1662510699 12345378
1662510700 12870702
1662510701 11917310
1662510702 11638958
1662510703 12824950
1662510704 12155676
1662510705 11713504
1662510706 13095094
1662510707 12329498
1662510708 10282100
1662510709 12678074
1662510710 12915750
1662510711 13120912
1662510712 10494362
1662510713 12535794
1662510714 13063956
1662510715 12631326
1662510716 12997594
1662510717 9910034
1662510718 13126050
1662510719 12794252
1662510720 12973540
1662510721 12966368
1662510722 10084414
1662510723 12211580
1662510724 12750884
1662510725 13037772
1662510726 13026404
1662510727 11718378
1662510728 9708094
1662510729 13006894
1662510730 12833200
1662510731 13228396
1662510732 12234984
1662510733 12862214
1662510734 10078922
1662510735 11023046
1662510736 12619382
1662510737 12144664
1662510738 12985564
1662510739 12543154
1662510740 12687462
1662510741 11308074
1662510742 9782850
1662510743 12902804
1662510744 12944596
1662510745 13008286
1662510746 12994236
1662510747 12431290
1662510748 12862458
1662510749 10412170
1662510750 9948174
1662510751 11954218
1662510752 11995842
1662510753 12675260
1662510754 12766012
1662510755 12882744
1662510756 12831864
1662510757 10968294
1662510758 9267802
1662510759 7679162
1662510760 8045412
1662510761 8897952
1662510762 10235772
1662510763 9311964
1662510764 9205642
1662510765 9577392
1662510766 9486218
1662510767 8857146
1662510768 7577008
1662510769 8420722
1662510770 9293420
1662510771 10653320
1662510772 8164822
1662510773 10576752
1662510774 7116692
1662510775 6031274
1662510776 7456246
1662510777 5962636
1662510778 6768828
1662510779 7528606
1662510780 6187774
1662510781 3754842
1662510782 5006644
1662510783 8010670
1662510784 8400232
1662510785 10463878
1662510786 8598414
1662510787 8460522
1662510788 9279462
1662510789 8455008
1662510790 8950706
1662510791 10899004
1662510792 6822088
1662510793 8590772
1662510794 9787098
1662510795 8956528
1662510796 7786432
1662510797 5361278
1662510798 6930774
1662510799 6239122
1662510800 6743922
1662510801 6144148
1662510802 5861598
1662510803 4517720
1662510804 5919008
1662510805 6920030
1662510806 5053968
1662510807 3142762
1662510808 4448752
1662510809 4627936
1662510810 5945504
1662510811 4960170
1662510812 6480448
1662510813 5984272
1662510814 6635230
1662510815 6368308
1662510816 6151168
1662510817 5445522
1662510818 5979708
1662510819 6725792
1662510820 6224874
1662510821 6419758
1662510822 6403228
1662510823 5764102
1662510824 3779136
1662510825 4707022
1662510826 6622288
1662510827 5374480
1662510828 5556370
1662510829 5148744
1662510830 5130902
1662510831 6091510
1662510832 5234786
1662510833 5957348
1662510834 6778036
1662510835 6119934
1662510836 5804306
1662510837 5118758
1662510838 6609714
1662510839 4595656
1662510840 4168182
1662510841 3896228
1662510842 3274762
1662510843 5739452
1662510844 6546794
1662510845 5261814
1662510846 4213488
1662510847 6579684
1662510848 4654404
1662510849 5015272
1662510850 6442024
1662510851 7442778
1662510852 5015208
1662510853 6084278
1662510854 6608856
1662510855 7229592
1662510856 6923596
1662510857 4207830
1662510858 3666982
1662510859 3753140
1662510860 3164782
1662510861 1819254
1662510862 1920416
1662510863 2698760
1662510864 2558498
1662510865 2937774
1662510866 843592
1662510867 3008412
1662510868 2804914
1662510869 4029812
1662510870 2640182
1662510871 2790278
1662510872 2443250
1662510873 3457422
1662510874 3851014
1662510875 5239858
1662510876 5881982
1662510877 6586436
1662510878 6426020
1662510879 5238806
1662510880 6231072
1662510881 4451136
1662510882 5317744
1662510883 3864424
1662510884 4769920
1662510885 4826930
1662510886 5026860
1662510887 6656598
1662510888 7148688
1662510889 6193678
1662510890 5386030
1662510891 5970088
1662510892 5505678
1662510893 6279758
1662510894 6433820
1662510895 5077214
1662510896 5220118
1662510897 5013448
1662510898 5403052
1662510899 4294110
1662510900 6110552
1662510901 5858488
1662510902 6062022
1662510903 6357654
1662510904 6668780
1662510905 5223532
1662510906 6004648
1662510907 5099022
1662510908 3441176
1662510909 4369092
1662510910 2205266
1662510911 4365184
1662510912 6056060
1662510913 4223776
1662510914 5424130
1662510915 4643566
1662510916 6746168
1662510917 4969546
1662510918 5439128
1662510919 4737892
1662510920 4179144
1662510921 6086030
1662510922 5721846
1662510923 5312968
1662510924 5765892
1662510925 5348992
1662510926 5334688
1662510927 4917328
1662510928 6464752
1662510929 5264386
1662510930 4228766
1662510931 6188870
1662510932 6484814
1662510933 4368364
1662510934 2408000
1662510935 4171092
1662510936 6046006
1662510937 3806012
1662510938 4305320
1662510939 5686144
1662510940 4714458
1662510941 6289282
1662510942 5757192
1662510943 5300030
1662510944 5206548
1662510945 4663840
1662510946 5938836
1662510947 5307348
1662510948 4785010
1662510949 4847988
1662510950 4231100
1662510951 6632094
1662510952 5708064
1662510953 6129090
1662510954 4968666
1662510955 5078996
1662510956 8455562
1662510957 8647044
1662510958 8468644
1662510959 8654388
1662510960 7982622
1662510961 6875998
1662510962 4683602
1662510963 3023048
1662510964 5510684
1662510965 3256752
1662510966 4585082
1662510967 2743552
1662510968 4879156
1662510969 6891122
1662510970 5027986
1662510971 6846068
1662510972 5715962
1662510973 6477646
1662510974 4644218
1662510975 5625756
1662510976 5786260
1662510977 6128270
1662510978 6243958
1662510979 5477760
1662510980 4440598
1662510981 7115770
1662510982 6522978
1662510983 6084572
1662510984 5096372
1662510985 4503120
1662510986 6166348
1662510987 5695614
1662510988 5957788
1662510989 5507882
1662510990 5776350
1662510991 4602756
1662510992 4889982
1662510993 6068990
1662510994 5713622
1662510995 4869836
1662510996 5653880
1662510997 3409230
1662510998 3847396
1662510999 5513660
1662511000 4382626
1662511001 3730132
1662511002 3525658
1662511003 3459180
1662511004 4293770
1662511005 4689520
1662511006 6038222
1662511007 5000954
1662511008 4056438
1662511009 4968910
1662511010 4754902
1662511011 6045842
1662511012 5043388
1662511013 5535946
1662511014 4978596
1662511015 4378658
1662511016 4939686
1662511017 6425746
1662511018 6213146
1662511019 5165278
1662511020 4117822
1662511021 5163466
1662511022 4857224
1662511023 5032568
1662511024 5416544
1662511025 5162166
1662511026 4798186
1662511027 5150872
1662511028 4882140
1662511029 5640134
1662511030 3689442
1662511031 3355722
1662511032 5191990
1662511033 6169086
1662511034 5706024
1662511035 4061196
1662511036 7163010
1662511037 7132614
1662511038 5869220
1662511039 6350478
1662511040 4902274
1662511041 6410792
1662511042 6060372
1662511043 5952598
1662511044 6749662
1662511045 5521026
1662511046 5713202
1662511047 5132360
1662511048 6973200
1662511049 4701432
1662511050 3223738
1662511051 4219082
1662511052 3319680
1662511053 4417844
1662511054 3827456
1662511055 3488414
1662511056 4019416
1662511057 3913792
1662511058 4622438
1662511059 4272076
1662511060 4339176
1662511061 3085784
1662511062 4301628
1662511063 5332442
1662511064 3600406
1662511065 2675146
1662511066 3614312
1662511067 4183046
1662511068 3776686
1662511069 4454658
1662511070 4218406
1662511071 4281218
1662511072 4494298
1662511073 4191374
1662511074 3768434
1662511075 3479430
1662511076 3943344
1662511077 3608190
1662511078 4807918
1662511079 5612566
1662511080 5518990
1662511081 6750398
1662511082 5464840
1662511083 6934378
1662511084 5194844
1662511085 4527130
1662511086 6662530
1662511087 5025254
1662511088 6330702
1662511089 5918374
1662511090 6561858
1662511091 7045138
1662511092 6023464
1662511093 6967236
1662511094 5387186
1662511095 5705074
1662511096 4760974
1662511097 4242408
1662511098 5953984
1662511099 5252898
1662511100 5168074
1662511101 6306450
1662511102 6225524
1662511103 5934496
1662511104 6186992
1662511105 5227460
1662511106 5861724
1662511107 5440816
1662511108 6120190
1662511109 5533928
1662511110 4624728
1662511111 5140414
1662511112 6447104
1662511113 5770910
1662511114 5920022
1662511115 4329816
1662511116 5199638
1662511117 6451092
1662511118 5989648
1662511119 7168682
1662511120 6841514
1662511121 7301556
1662511122 6763892
1662511123 6177968
1662511124 7123674
1662511125 5307312
1662511126 6240178
1662511127 5989002
1662511128 5961220
1662511129 5478116
1662511130 5468258
1662511131 7185320
1662511132 6955798
1662511133 6732988
1662511134 6593770
1662511135 5537088
1662511136 6778262
1662511137 6725348
1662511138 6542020
1662511139 8153014
1662511140 5553568
1662511141 7051198
1662511142 6445646
1662511143 6352342
1662511144 6818162
1662511145 5036490
1662511146 6879186
1662511147 6673850
1662511148 6854758
1662511149 6071510
1662511150 5058748
1662511151 3960938
1662511152 3525808
1662511153 4039050
1662511154 4945756
1662511155 3049622
1662511156 4044282
1662511157 4140176
1662511158 4269656
1662511159 4023388
1662511160 4147640
1662511161 6815788
1662511162 5894364
1662511163 6428348
1662511164 6358300
1662511165 5639116
1662511166 6576300
1662511167 6542540
1662511168 6680102
1662511169 6602054
1662511170 6977680
1662511171 6669434
1662511172 6533258
1662511173 6464370
1662511174 6619826
1662511175 5687960
1662511176 6892966
1662511177 6644634
1662511178 6542166
1662511179 6583836
1662511180 5517944
1662511181 6629614
1662511182 6962360
1662511183 6213784
1662511184 5489156
1662511185 4910952
1662511186 6149272
1662511187 5969958
1662511188 5644104
1662511189 5926246
1662511190 5740846
1662511191 5869816
1662511192 5392602
1662511193 5954514
1662511194 5980248
1662511195 4116696
1662511196 5759140
1662511197 6126470
1662511198 5258900
1662511199 6151754
1662511200 4427294
1662511201 6660828
1662511202 5563696
1662511203 5579914
1662511204 5813604
1662511205 4525254
1662511206 6099838
1662511207 6106076
1662511208 5632534
1662511209 6345482
1662511210 4255280
1662511211 6079312
1662511212 5591184
1662511213 5388004
1662511214 5747484
1662511215 4121376
1662511216 4780668
1662511217 5212636
1662511218 5016176
1662511219 4838788
1662511220 3928950
1662511221 4710446
1662511222 4877432
1662511223 4468588
1662511224 4523354
1662511225 4288378
1662511226 5236334
1662511227 5117304
1662511228 4824250
1662511229 4563144
1662511230 5224944
1662511231 5382400
1662511232 4975416
1662511233 4752252
1662511234 4770210
1662511235 4133938
1662511236 4735888
1662511237 4991108
1662511238 4689772
1662511239 4529460
1662511240 4078008
1662511241 4901068
1662511242 4811158
1662511243 4809212
1662511244 4994520
1662511245 4461172
1662511246 4826550
1662511247 4714420
1662511248 4815216
1662511249 4503276
1662511250 4177380
1662511251 4293652
1662511252 4006050
1662511253 3396732
1662511254 2937464
1662511255 2382236
1662511256 3231582
1662511257 3798730
1662511258 2520444
1662511259 2761378
1662511260 2351756
1662511261 2667494
1662511262 2661314
1662511263 2670752
1662511264 2748284
1662511265 2332136
1662511266 2576064
1662511267 2670478
1662511268 2698538
1662511269 2674626
1662511270 2411282
1662511271 2615684
1662511272 2724544
1662511273 2527710
1662511274 2741906
1662511275 2371320
1662511276 2583452
1662511277 2747300
1662511278 2537760
1662511279 2501364
1662511280 2959250
1662511281 3405178
1662511282 2628678
1662511283 2403642
1662511284 2331838
1662511285 2129946
1662511286 2096760
1662511287 1751102
1662511288 1538098
1662511289 1846542
1662511290 1452276
1662511291 1500524
1662511292 1639118
1662511293 1532650
1662511294 1615982
1662511295 1400798
1662511296 1602766
1662511297 1673432
1662511298 1532506
1662511299 1654252
1662511300 1430804
1662511301 1526446
1662511302 1579342
1662511303 1650788
1662511304 1513470
1662511305 1448640
1662511306 1514484
1662511307 1588064
1662511308 1589932
1662511309 1637502
1662511310 1342238
1662511311 1581832
1662511312 1645894
1662511313 1607918
1662511314 1458732
1662511315 1379566
1662511316 1593370
1662511317 1508228
1662511318 1591856
1662511319 1569434
1662511320 1360626
1662511321 1449166
1662511322 1574004
1662511323 1530970
1662511324 1560736
1662511325 1438820
1662511326 1538228
1662511327 1587326
1662511328 1539726
1662511329 1621902
1662511330 1473978
1662511331 1518954
1662511332 1519414
1662511333 1452552
1662511334 1562286
1662511335 1439874
1662511336 1509944
1662511337 1625584
1662511338 1507442
1662511339 1558692
1662511340 1485816
1662511341 1487706
1662511342 1611714
1662511343 1483322
1662511344 1664570
1662511345 1489958
1662511346 1313816
1662511347 1612776
1662511348 1605716
1662511349 1521000
1662511350 1372158
1662511351 1542808
1662511352 1565418
1662511353 1604776
1662511354 1552436
1662511355 1479676
1662511356 1602176
1662511357 1384286
1662511358 1696772
1662511359 1671164
1662511360 1214082
1662511361 1477424
1662511362 1566402
1662511363 1592540
1662511364 1412116
1662511365 1407990
1662511366 1514440
1662511367 1504120
1662511368 1637540
1662511369 1545762
1662511370 1278562
1662511371 1698788
1662511372 1539590
1662511373 1600902
1662511374 1454356
1662511375 1365042
1662511376 1594562
1662511377 1495160
1662511378 1495322
1662511379 1532156
1662511380 1174652
1662511381 1698100
1662511382 1603198
1662511383 1555624
1662511384 1366502
1662511385 1420548
1662511386 1557030
1662511387 1456648
1662511388 1593624
1662511389 1579608
1662511390 1282318
1662511391 1604590
1662511392 1573644
1662511393 1460958
1662511394 1683660
1662511395 1362874
1662511396 1571162
1662511397 1485336
1662511398 1531830
1662511399 1622642
1662511400 1307708
1662511401 1592852
1662511402 1624710
1662511403 1319756
1662511404 1624294
1662511405 1370394
1662511406 1430248
1662511407 1635252
1662511408 1579378
1662511409 1636148
1662511410 1560816
1662511411 1619600
1662511412 1795922
1662511413 1740616
1662511414 1602814
1662511415 1530612
1662511416 1722598
1662511417 1732962
1662511418 1645154
1662511419 1600676
1662511420 1256498
1662511421 1596186
1662511422 1440698
1662511423 1657866
1662511424 1629170
1662511425 1390592
1662511426 1539754
1662511427 1387614
1662511428 1441354
1662511429 1636268
1662511430 1279852
1662511431 1543584
1662511432 1609168
1662511433 1442134
1662511434 1774530
1662511435 1684472
1662511436 1793656
1662511437 1832154
1662511438 1618194
1662511439 1537708
1662511440 1276002
1662511441 1901412
1662511442 1969716
1662511443 1743588
1662511444 1887198
1662511445 1699526
1662511446 1622472
1662511447 1760074
1662511448 2029302
1662511449 1826310
1662511450 1848930
1662511451 1887886
1662511452 1821920
1662511453 1956884
1662511454 1842708
1662511455 1855028
1662511456 2262468
1662511457 1995548
1662511458 2281196
1662511459 2351070
1662511460 2020618
1662511461 2259120
1662511462 1930932
1662511463 2343472
1662511464 2159986
1662511465 1676202
1662511466 2293458
1662511467 2367342
1662511468 2157198
1662511469 2202194
1662511470 1860466
1662511471 2425790
1662511472 2526908
1662511473 2236660
1662511474 2176836
1662511475 2000542
1662511476 2077876
1662511477 2428898
1662511478 2282894
1662511479 2333400
1662511480 2164830
1662511481 2124910
1662511482 2242292
1662511483 2330056
1662511484 2112266
1662511485 1966724
1662511486 2406774
1662511487 2210740
1662511488 2500136
1662511489 2507804
1662511490 1823452
1662511491 2290462
1662511492 2238440
1662511493 2306298
1662511494 2446062
1662511495 1961342
1662511496 2672700
1662511497 2586938
1662511498 2449572
1662511499 2921632
1662511500 2577698
1662511501 3128000
1662511502 2520168
1662511503 3171202
1662511504 2879348
1662511505 2864248
1662511506 2978650
1662511507 2884354
1662511508 3117080
1662511509 3110618
1662511510 2873132
1662511511 3168310
1662511512 2987792
1662511513 3319616
1662511514 3016990
1662511515 2842714
1662511516 3350858
1662511517 3524330
1662511518 3017400
1662511519 3544476
1662511520 2457118
1662511521 2818728
1662511522 2887738
1662511523 2794050
1662511524 2952944
1662511525 2469516
1662511526 2976090
1662511527 2676224
1662511528 3145656
1662511529 2742986
1662511530 2660860
1662511531 3084820
1662511532 3012974
1662511533 2942666
1662511534 2916644
1662511535 2674538
1662511536 3102824
1662511537 2793384
1662511538 2940800
1662511539 2879916
1662511540 2785072
1662511541 2911796
1662511542 2915736
1662511543 2702984
1662511544 2954002
1662511545 2947670
1662511546 2894736
1662511547 3158578
1662511548 2828536
1662511549 3164210
1662511550 2659998
1662511551 3580718
1662511552 3485664
1662511553 3157956
1662511554 3136910
1662511555 3312372
1662511556 3668876
1662511557 3664162
1662511558 3511296
1662511559 3789264
1662511560 2896730
1662511561 3468212
1662511562 3431402
1662511563 3223206
1662511564 3492790
1662511565 2902988
1662511566 3846246
1662511567 3248362
1662511568 3745624
1662511569 3364978
1662511570 3093122
1662511571 3711460
1662511572 3548976
1662511573 3636714
1662511574 3461928
1662511575 2853700
1662511576 3437992
1662511577 3494538
1662511578 3570912
1662511579 3220146
1662511580 3130884
1662511581 3862536
1662511582 3463048
1662511583 3382810
1662511584 3696190
1662511585 3028232
1662511586 3331858
1662511587 3696884
1662511588 3558558
1662511589 3724744
1662511590 3065764
1662511591 3468894
1662511592 3661960
1662511593 3606090
1662511594 3313258
1662511595 3069768
1662511596 3295718
1662511597 3746582
1662511598 3558716
1662511599 3695292
1662511600 2828588
1662511601 3730036
1662511602 3574754
1662511603 3192174
1662511604 3670614
1662511605 2904130
1662511606 3685652
1662511607 3567940
1662511608 3513646
1662511609 3659088
1662511610 2897676
1662511611 3864082
1662511612 3561404
1662511613 3625570
1662511614 3576750
1662511615 2909144
1662511616 3593992
1662511617 3553424
1662511618 3446838
1662511619 3561334
1662511620 3115776
1662511621 3629694
1662511622 3661952
1662511623 3796948
1662511624 3545714
1662511625 3122776
1662511626 3694150
1662511627 3547374
1662511628 3443638
1662511629 3494214
1662511630 3110664
1662511631 3483256
1662511632 3590008
1662511633 3825794
1662511634 3815628
1662511635 2790898
1662511636 4035642
1662511637 3754074
1662511638 3671614
1662511639 3853310
1662511640 3278110
1662511641 3783860
1662511642 3986164
1662511643 3861080
1662511644 4134652
1662511645 3465710
1662511646 4181744
1662511647 4235838
1662511648 4272694
1662511649 3921852
1662511650 3523838
1662511651 4072450
1662511652 3923502
1662511653 4278772
1662511654 4223322
1662511655 3718000
1662511656 4509468
1662511657 4172890
1662511658 4538220
1662511659 4103366
1662511660 4599400
1662511661 4883988
1662511662 4470002
1662511663 4653450
1662511664 4436284
1662511665 3941204
1662511666 5033974
1662511667 4848826
1662511668 4772264
1662511669 4611356
1662511670 4171826
1662511671 4673070
1662511672 4471192
1662511673 4321032
1662511674 4680530
1662511675 3475690
1662511676 4735668
1662511677 5148366
1662511678 4658692
1662511679 4784772
1662511680 4124274
1662511681 4636174
1662511682 4918552
1662511683 4283396
1662511684 4198652
1662511685 3963346
1662511686 4538862
1662511687 4508014
1662511688 4306102
1662511689 4397296
1662511690 3802770
1662511691 4773792
1662511692 4612412
1662511693 4707316
1662511694 4215710
1662511695 4208796
1662511696 4794798
1662511697 4808770
1662511698 4672454
1662511699 4905862
1662511700 3978544
1662511701 4519614
1662511702 4548316
1662511703 4594292
1662511704 4255426
1662511705 3948072
1662511706 4977078
1662511707 4993144
1662511708 5228912
1662511709 4837690
1662511710 4189490
1662511711 5315724
1662511712 4844700
1662511713 4850730
1662511714 4433516
1662511715 3875532
1662511716 4590618
1662511717 4525396
1662511718 4593562
1662511719 4291542
1662511720 3771976
1662511721 4179118
1662511722 4679346
1662511723 4264670
1662511724 4371746
1662511725 3828324
1662511726 4254122
1662511727 4638924
1662511728 4365940
1662511729 4517462
1662511730 3406062
1662511731 4546520
1662511732 4326034
1662511733 4631884
1662511734 4580094
1662511735 3901676
1662511736 4858102
1662511737 4271064
1662511738 4409142
1662511739 4288786
1662511740 3828368
1662511741 4507520
1662511742 4422494
1662511743 4515328
1662511744 4121644
1662511745 4101292
1662511746 5627758
1662511747 4739294
1662511748 4634676
1662511749 4241504
1662511750 3770308
1662511751 4749658
1662511752 4508010
1662511753 4342164
1662511754 4668100
1662511755 3614340
1662511756 4784966
1662511757 4237182
1662511758 4771518
1662511759 4205328
1662511760 4202122
1662511761 4881128
1662511762 4505244
1662511763 4568670
1662511764 5140406
1662511765 3614042
1662511766 4961264
1662511767 4737610
1662511768 4598080
1662511769 5026458
1662511770 3709084
1662511771 4807242
1662511772 4610586
1662511773 4579624
1662511774 4367648
1662511775 3731968
1662511776 5104514
1662511777 4655944
1662511778 4912120
1662511779 5085898
1662511780 4372034
1662511781 4868650
1662511782 4733240
1662511783 4970154
1662511784 4891152
1662511785 4106580
1662511786 5044402
1662511787 4182228
1662511788 4495658
1662511789 4331132
1662511790 4287120
1662511791 5049836
1662511792 4925682
1662511793 5130092
1662511794 4759158
1662511795 4476844
1662511796 5193322
1662511797 4700888
1662511798 4956970
1662511799 4449240
1662511800 3548732
1662511801 4360950
1662511802 4822684
1662511803 4366742
1662511804 4204034
1662511805 3902472
1662511806 4640538
1662511807 5036680
1662511808 4391408
1662511809 5081992
1662511810 4214314
1662511811 5084792
1662511812 4630610
1662511813 4635122
1662511814 4626838
1662511815 4191478
1662511816 4765952
1662511817 4700734
1662511818 4289678
1662511819 4591956
1662511820 3975476
1662511821 5359708
1662511822 4992448
1662511823 4797044
1662511824 4958440
1662511825 3866612
1662511826 5162786
1662511827 5254942
1662511828 4787986
1662511829 4858918
1662511830 3946166
1662511831 4435602
1662511832 4604568
1662511833 4581078
1662511834 4837770
1662511835 4077108
1662511836 4429694
1662511837 4184056
1662511838 4446836
1662511839 3987832
1662511840 3849638
1662511841 4754284
1662511842 4821272
1662511843 4255340
1662511844 4329106
1662511845 3701728
1662511846 4831638
1662511847 4248934
1662511848 4154124
1662511849 4253378
1662511850 3791074
1662511851 4671652
1662511852 4287720
1662511853 4751926
1662511854 4557534
1662511855 3364762
1662511856 4668648
1662511857 4546010
1662511858 4466128
1662511859 4435078
1662511860 3702656
1662511861 4795290
1662511862 4312036
1662511863 4216116
1662511864 4500380
1662511865 3568316
1662511866 4508278
1662511867 4559546
1662511868 4433558
1662511869 4746284
1662511870 3336422
1662511871 4601304
1662511872 4188016
1662511873 4533622
1662511874 4153770
1662511875 3821258
1662511876 4911852
1662511877 5024944
1662511878 4793288
1662511879 824786
1662511880 558


# events lost
1662510757 1686762
1662510758 2481616
1662510759 1917360
1662510760 2517018
1662510761 4052496
1662510762 2622112
1662510763 3510828
1662510764 3757558
1662510765 3193612
1662510766 3495142
1662510767 3402966
1662510768 2982892
1662510769 859614
1662510770 2202018
1662510771 2434204
1662510772 3967744
1662510773 1975030
1662510774 5826636
1662510775 6545204
1662510776 5904478
1662510777 6560726
1662510778 6354754
1662510779 4893094
1662510780 3049074
1662510781 5730832
1662510782 6591064
1662510783 5040744
1662510784 4337232
1662510785 2623408
1662510786 4116170
1662510787 3729136
1662510788 3994894
1662510789 4294984
1662510790 3857486
1662510791 1544972
1662510792 2823840
1662510793 470492
1662510794 181864
1662510795 3881104
1662510796 5022488
1662510797 6444206
1662510798 6106922
1662510799 6455466
1662510800 6279546
1662510801 7213010
1662510802 6269162
1662510803 8163846
1662510804 6552024
1662510805 6113120
1662510806 6653366
1662510807 6123152
1662510808 5653898
1662510809 6516308
1662510810 7494520
1662510811 7956306
1662510812 5402794
1662510813 7094936
1662510814 6500212
1662510815 6917276
1662510816 6793034
1662510817 6270100
1662510818 7057288
1662510819 5996388
1662510820 6400994
1662510821 6537408
1662510822 4064030
1662510823 2923518
1662510824 5533336
1662510825 5594754
1662510826 6210612
1662510827 6841128
1662510828 7270456
1662510829 7488722
1662510830 8002310
1662510831 6300402
1662510832 6466878
1662510833 7119636
1662510834 5795528
1662510835 6322524
1662510836 7125652
1662510837 6958866
1662510838 6187810
1662510839 7801682
1662510840 4666076
1662510841 4775216
1662510842 5419998
1662510843 4912924
1662510844 6558060
1662510845 7581190
1662510846 8204182
1662510847 5646736
1662510848 8243934
1662510849 7923330
1662510850 6323184
1662510851 5312244
1662510852 6856250
1662510853 6656908
1662510854 6169472
1662510855 5336314
1662510856 5411214
1662510857 8187820
1662510858 8893204
1662510859 8870782
1662510860 7717674
1662510861 7430864
1662510862 6727944
1662510863 6213976
1662510864 7978050
1662510865 8757694
1662510866 12074878
1662510867 9480296
1662510868 10176458
1662510869 8695326
1662510870 8765356
1662510871 9747804
1662510872 10336420
1662510873 8771810
1662510874 8721772
1662510875 6011026
1662510876 7084598
1662510877 5497228
1662510878 5819214
1662510879 7016030
1662510880 4803352
1662510881 7986016
1662510882 5897122
1662510883 5175486
1662510884 4829008
1662510885 2861342
1662510886 3867672
1662510887 4363796
1662510888 5329194
1662510889 6524752
1662510890 6271730
1662510891 6916758
1662510892 7150512
1662510893 6167844
1662510894 6080170
1662510895 6157168
1662510896 6565126
1662510897 7796402
1662510898 7103902
1662510899 8824098
1662510900 5121890
1662510901 6476136
1662510902 6467836
1662510903 6167428
1662510904 5539704
1662510905 5828316
1662510906 6274228
1662510907 7264218
1662510908 6181860
1662510909 4291278
1662510910 6004124
1662510911 4666552
1662510912 3105410
1662510913 7216258
1662510914 5539384
1662510915 5449318
1662510916 4545786
1662510917 6364618
1662510918 5565918
1662510919 6458624
1662510920 6107494
1662510921 5449792
1662510922 6287946
1662510923 5646924
1662510924 5192414
1662510925 4352474
1662510926 5839214
1662510927 6845586
1662510928 4866020
1662510929 5985130
1662510930 4992258
1662510931 5051880
1662510932 4583266
1662510933 4792536
1662510934 7093048
1662510935 3712340
1662510936 3133086
1662510937 3828152
1662510938 4455974
1662510939 5947744
1662510940 5953832
1662510941 5559414
1662510942 6596740
1662510943 6148528
1662510944 6143310
1662510945 5153108
1662510946 4895142
1662510947 5979892
1662510948 6288652
1662510949 7066296
1662510950 5840562
1662510951 5182520
1662510952 5313242
1662510953 5402378
1662510954 6344814
1662510955 5797162
1662510956 3914240
1662510957 3244050
1662510958 3454088
1662510959 3337902
1662510960 1764518
1662510961 5194420
1662510962 4778576
1662510963 6502672
1662510964 3318316
1662510965 4158682
1662510966 3671224
1662510967 5073450
1662510968 4394124
1662510969 5371398
1662510970 5908274
1662510971 5260024
1662510972 6348786
1662510973 5811636
1662510974 7873090
1662510975 4400074
1662510976 5154496
1662510977 5114202
1662510978 5300660
1662510979 5547294
1662510980 5319432
1662510981 5340220
1662510982 4740626
1662510983 4878448
1662510984 5877434
1662510985 5356146
1662510986 4755540
1662510987 5475144
1662510988 5392626
1662510989 5504304
1662510990 3835982
1662510991 6430232
1662510992 6161012
1662510993 5556972
1662510994 5261696
1662510995 5611758
1662510996 4348680
1662510997 5709228
1662510998 4967974
1662510999 3871216
1662511000 3023206
1662511001 3993954
1662511002 4766406
1662511003 4805922
1662511004 5760188
1662511005 4597644
1662511006 4337522
1662511007 5627186
1662511008 5685416
1662511009 4876434
1662511010 3877946
1662511011 4804872
1662511012 4553334
1662511013 5159658
1662511014 4840006
1662511015 5652416
1662511016 6757360
1662511017 4132988
1662511018 4479598
1662511019 5339672
1662511020 4574082
1662511021 5738528
1662511022 5411074
1662511023 5393734
1662511024 4882742
1662511025 3586176
1662511026 5694596
1662511027 5360166
1662511028 4977092
1662511029 4684030
1662511030 3555642
1662511031 5438616
1662511032 3134414
1662511033 1963214
1662511034 2156314
1662511035 2396124
1662511036 778762
1662511037 72100
1662511038 2244678
1662511039 1690142
1662511040 1868334
1662511041 2368556
1662511042 1825282
1662511043 2140366
1662511044 1553836
1662511045 1345462
1662511046 2706984
1662511047 2833800
1662511048 1717664
1662511049 3658852
1662511050 3710444
1662511051 4144856
1662511052 4863132
1662511053 3395838
1662511054 4615800
1662511055 3591450
1662511056 4457814
1662511057 4268388
1662511058 3574996
1662511059 5191712
1662511060 3285212
1662511061 5005800
1662511062 3582750
1662511063 1960822
1662511064 4470378
1662511065 3995356
1662511066 3467636
1662511067 4296160
1662511068 3201698
1662511069 3953844
1662511070 3112330
1662511071 3975390
1662511072 3747770
1662511073 4211422
1662511074 3585326
1662511075 3709550
1662511076 3942994
1662511077 4686390
1662511078 2865100
1662511079 2288980
1662511080 1512576
1662511081 1439500
1662511082 2539282
1662511083 1074392
1662511084 2417574
1662511085 2553360
1662511086 1890128
1662511087 2532694
1662511088 2032068
1662511089 1638180
1662511090 525744
1662511091 298012
1662511092 1369498
1662511093 768206
1662511094 1817840
1662511095 867942
1662511096 2331232
1662511097 3073986
1662511098 1910726
1662511099 2097132
1662511100 1959810
1662511101 1898732
1662511102 1597014
1662511103 1712506
1662511104 2285000
1662511105 2575134
1662511106 2684704
1662511107 2449724
1662511108 1682306
1662511109 2783976
1662511110 1130562
1662511111 2686976
1662511112 1899462
1662511113 2193258
1662511114 2450022
1662511115 1773240
1662511116 2603552
1662511117 1847470
1662511118 1687654
1662511119 316436
1662511150 569368
1662511151 2957230
1662511152 2575754
1662511153 2033666
1662511154 1277962
1662511155 2224202
1662511156 1693748
1662511157 1593428
1662511158 1212672
1662511159 1748490
1662511160 1184386
