# events called
1662537163 2508782
1662537164 621064
1662537165 6212604
1662537166 13536080
1662537167 18389452
1662537168 18341376
1662537169 17564218
1662537170 16375366
1662537171 15800432
1662537172 14882930
1662537173 18098286
1662537174 14226100
1662537175 15210678
1662537176 17049774
1662537177 15983694
1662537178 16545060
1662537179 15449446
1662537180 16434830
1662537181 15061186
1662537182 17533440
1662537183 15223392
1662537184 15899444
1662537185 14972064
1662537186 17921892
1662537187 15564668
1662537188 15708822
1662537189 13716428
1662537190 17300694
1662537191 16326306
1662537192 15269872
1662537193 16190370
1662537194 16935430
1662537195 15909064
1662537196 15305096
1662537197 16835100
1662537198 16751784
1662537199 15575694
1662537200 13757574
1662537201 15916984
1662537202 17435868
1662537203 17782856
1662537204 15318498
1662537205 13865470
1662537206 15598386
1662537207 17426910
1662537208 16290226
1662537209 14851820
1662537210 12966304
1662537211 16150718
1662537212 16203902
1662537213 17921802
1662537214 15849826
1662537215 13796684
1662537216 15554476
1662537217 17492674
1662537218 16323006
1662537219 15034958
1662537220 16435754
1662537221 14238810
1662537222 17648084
1662537223 16094656
1662537224 17360778
1662537225 16720340
1662537226 18698184
1662537227 16286996
1662537228 13349458
1662537229 17037068
1662537230 16945308
1662537231 15852562
1662537232 16980202
1662537233 15538622
1662537234 15385756
1662537235 16926284
1662537236 15938778
1662537237 17763040
1662537238 18302636
1662537239 13790002
1662537240 13130466
1662537241 18019922
1662537242 15867792
1662537243 17787984
1662537244 16053368
1662537245 17414966
1662537246 13772108
1662537247 16679926
1662537248 16900068
1662537249 16386556
1662537250 18228392
1662537251 15747202
1662537252 18170314
1662537253 12772466
1662537254 17636016
1662537255 16552386
1662537256 18618908
1662537257 16680372
1662537258 15983946
1662537259 16384038
1662537260 15664486
1662537261 14013872
1662537262 16821024
1662537263 18699750
1662537264 15848380
1662537265 16715854
1662537266 14718336
1662537267 15753214
1662537268 15518566
1662537269 16247016
1662537270 15379558
1662537271 18625004
1662537272 15968524
1662537273 17931776
1662537274 12495170
1662537275 16356430
1662537276 16594324
1662537277 17480730
1662537278 16722650
1662537279 15074670
1662537280 16956430
1662537281 13207964
1662537282 16957924
1662537283 18343494
1662537284 16621678
1662537285 15611958
1662537286 16273576
1662537287 18731762
1662537288 16469514
1662537289 16595252
1662537290 11604166
1662537291 16729714
1662537292 18260654
1662537293 17047774
1662537294 15865692
1662537295 17431796
1662537296 18416616
1662537297 17283680
1662537298 13516656
1662537299 13507202
1662537300 17622892
1662537301 16982608
1662537302 17145436
1662537303 17008708
1662537304 16405230
1662537305 16947788
1662537306 16854156
1662537307 15899606
1662537308 12882060
1662537309 16620016
1662537310 16354782
1662537311 17644384
1662537312 16144764
1662537313 18635918
1662537314 13571706
1662537315 18625762
1662537316 16645634
1662537317 18789334
1662537318 10743032
1662537319 15766312
1662537320 18668284
1662537321 16852594
1662537322 17424388
1662537323 16937036
1662537324 17438176
1662537325 16484744
1662537326 16967410
1662537327 11390202
1662537328 16262460
1662537329 15443502
1662537330 16725486
1662537331 17106596
1662537332 16776350
1662537333 17341048
1662537334 16165898
1662537335 17042626
1662537336 14665872
1662537337 13211226
1662537338 17004266
1662537339 16411412
1662537340 17085320
1662537341 17002194
1662537342 16919112
1662537343 17853282
1662537344 16118980
1662537345 17001990
1662537346 12836226
1662537347 14700692
1662537348 16469230
1662537349 16723958
1662537350 16564460
1662537351 15971372
1662537352 18654596
1662537353 16956342
1662537354 15117856
1662537355 17127312
1662537356 18311424
1662537357 11953342
1662537358 16172178
1662537359 15189156
1662537360 16882384
1662537361 16856298
1662537362 16852506
1662537363 16748128
1662537364 15715302
1662537365 16514880
1662537366 10608014
1662537367 16825370
1662537368 16995362
1662537369 16483868
1662537370 16799540
1662537371 16597076
1662537372 17342542
1662537373 15587726
1662537374 15975044
1662537375 16526932
1662537376 18577560
1662537377 11802286
1662537378 13094010
1662537379 15354006
1662537380 17442064
1662537381 15229510
1662537382 18418072
1662537383 17915788
1662537384 15522672
1662537385 15515392
1662537386 16131030
1662537387 17940720
1662537388 18653508
1662537389 13037072
1662537390 9907906
1662537391 15959758
1662537392 16813044
1662537393 18447262
1662537394 15315396
1662537395 15660060
1662537396 17024822
1662537397 18378440
1662537398 16971166
1662537399 13969498
1662537400 10846934
1662537401 17836484
1662537402 17026332
1662537403 16561494
1662537404 14758422
1662537405 17082132
1662537406 16637686
1662537407 17147922
1662537408 16965578
1662537409 15418390
1662537410 17861198
1662537411 18643916
1662537412 15526818
1662537413 10231862
1662537414 14100780
1662537415 18032396
1662537416 16927222
1662537417 15417478
1662537418 16982330
1662537419 17119108
1662537420 16688232
1662537421 15781038
1662537422 15642786
1662537423 18694428
1662537424 13539024
1662537425 10269940
1662537426 16461124
1662537427 16286070
1662537428 15992710
1662537429 17792648
1662537430 15677034
1662537431 17431908
1662537432 15726874
1662537433 17205224
1662537434 16933638
1662537435 18148924
1662537436 17018852
1662537437 15678778
1662537438 12807986
1662537439 11405486
1662537440 16998414
1662537441 16565722
1662537442 15365286
1662537443 18305702
1662537444 18636340
1662537445 16324322
1662537446 14622936
1662537447 16549642
1662537448 15372514
1662537449 17756794
1662537450 14090082
1662537451 10751686
1662537452 15539108
1662537453 16807068
1662537454 16981402
1662537455 17228484
1662537456 16246990
1662537457 15364754
1662537458 16867254
1662537459 16775024
1662537460 16850666
1662537461 16797892
1662537462 15900454
1662537463 16048000
1662537464 10658012
1662537465 16153096
1662537466 14942364
1662537467 15322704
1662537468 18535082
1662537469 16462560
1662537470 18507672
1662537471 15504526
1662537472 15109320
1662537473 18465618
1662537474 16628328
1662537475 18036380
1662537476 15339594
1662537477 12792660
1662537478 10606654
1662537479 16921216
1662537480 17112314
1662537481 17268712
1662537482 14824256
1662537483 16689102
1662537484 18546200
1662537485 16713674
1662537486 15645120
1662537487 15529814
1662537488 18364912
1662537489 16608440
1662537490 15766868
1662537491 13871366
1662537492 10805442
1662537493 16373642
1662537494 16965160
1662537495 17225900
1662537496 15185336
1662537497 17040968
1662537498 18429510
1662537499 15875094
1662537500 14849412
1662537501 17695522
1662537502 16832600
1662537503 16825542
1662537504 15432890
1662537505 10408634
1662537506 14336916
1662537507 16417074
1662537508 18212836
1662537509 14765252
1662537510 15991572
1662537511 18008618
1662537512 15244958
1662537513 17628294
1662537514 16074880
1662537515 18054398
1662537516 15741966
1662537517 16189442
1662537518 15869264
1662537519 16031010
1662537520 10339214
1662537521 13013466
1662537522 16643010
1662537523 16892498
1662537524 18142060
1662537525 16745360
1662537526 15728062
1662537527 16023984
1662537528 16746660
1662537529 17985350
1662537530 16288054
1662537531 15663768
1662537532 16518544
1662537533 14135402
1662537534 10707582
1662537535 15934116
1662537536 15653288
1662537537 14896380
1662537538 16786616
1662537539 18046740
1662537540 16734746
1662537541 15409744
1662537542 14938722
1662537543 16691146
1662537544 16721958
1662537545 16674346
1662537546 12240222
1662537547 9844644
1662537548 16581878
1662537549 16945272
1662537550 16744402
1662537551 16881928
1662537552 14749196
1662537553 17105954
1662537554 16824424
1662537555 17110992
1662537556 17922676
1662537557 16694522
1662537558 16690588
1662537559 15385078
1662537560 17207916
1662537561 13506228
1662537562 11535030
1662537563 14654174
1662537564 15980152
1662537565 17132812
1662537566 18042384
1662537567 16700322
1662537568 16637572
1662537569 15387080
1662537570 17092884
1662537571 18179396
1662537572 16356462
1662537573 16905308
1662537574 15248312
1662537575 12696326
1662537576 11228556
1662537577 14719972
1662537578 16602130
1662537579 16864686
1662537580 17046434
1662537581 16764434
1662537582 15873320
1662537583 17034960
1662537584 18006544
1662537585 16862704
1662537586 16922452
1662537587 14471430
1662537588 14289954
1662537589 10737232
1662537590 15683380
1662537591 16788840
1662537592 14064980
1662537593 17053912
1662537594 18092526
1662537595 17122582
1662537596 15339384
1662537597 15332184
1662537598 16914910
1662537599 18070090
1662537600 16883612
1662537601 14937586
1662537602 9284176
1662537603 13441306
1662537604 16886710
1662537605 16585302
1662537606 16937204
1662537607 14896654
1662537608 16970832
1662537609 16910520
1662537610 16616842
1662537611 16858632
1662537612 15151866
1662537613 16911276
1662537614 16871310
1662537615 16429190
1662537616 18120866
1662537617 9175058
1662537618 12367258
1662537619 15412680
1662537620 16934790
1662537621 18267732
1662537622 15652598
1662537623 15552474
1662537624 17308134
1662537625 16625062
1662537626 18449748
1662537627 15667864
1662537628 15621440
1662537629 16863444
1662537630 14950656
1662537631 9908972
1662537632 14657604
1662537633 15651078
1662537634 17023094
1662537635 17045676
1662537636 16838874
1662537637 14267026
1662537638 16859348
1662537639 16848862
1662537640 16791288
1662537641 16766548
1662537642 16307994
1662537643 16779950
1662537644 11477238
1662537645 11368752
1662537646 15542586
1662537647 14667894
1662537648 17211718
1662537649 17806144
1662537650 16832086
1662537651 15666048
1662537652 15188698
1662537653 16857098
1662537654 18229788
1662537655 17016006
1662537656 15420442
1662537657 15106774
1662537658 16963372
1662537659 10186820
1662537660 12000208
1662537661 15498650
1662537662 15069050
1662537663 16894738
1662537664 16789090
1662537665 16854856
1662537666 16910388
1662537667 14013026
1662537668 16915668
1662537669 16902470
1662537670 16794280
1662537671 16749120
1662537672 10576430
1662537673 10087522
1662537674 16952402
1662537675 16835148
1662537676 18238370
1662537677 15280538
1662537678 16191398
1662537679 16583164
1662537680 16904490
1662537681 18194358
1662537682 15424574
1662537683 15720384
1662537684 17083516
1662537685 16476142
1662537686 18388798
1662537687 12499066
1662537688 10065378
1662537689 12143660
1662537690 17255518
1662537691 15258494
1662537692 16955226
1662537693 15585634
1662537694 17674786
1662537695 15698052
1662537696 17624628
1662537697 15587182
1662537698 17811816
1662537699 15901154
1662537700 17423624
1662537701 16360006
1662537702 13909872
1662537703 8758568
1662537704 12423356
1662537705 17939046
1662537706 17001444
1662537707 14487434
1662537708 16892716
1662537709 16745872
1662537710 18390674
1662537711 16872866
1662537712 14756566
1662537713 18217268
1662537714 16629154
1662537715 16055332
1662537716 17049558
1662537717 13323070
1662537718 9582390
1662537719 12456486
1662537720 16819936
1662537721 16935504
1662537722 15842666
1662537723 16978482
1662537724 16874266
1662537725 16939826
1662537726 17099974
1662537727 14846528
1662537728 16540398
1662537729 17094118
1662537730 16376884
1662537731 17363172
1662537732 10025050
1662537733 10834204
1662537734 15381178
1662537735 16431800
1662537736 16069198
1662537737 15624022
1662537738 16944476
1662537739 16596774
1662537740 15611862
1662537741 16875774
1662537742 16715788
1662537743 16706098
1662537744 16625950
1662537745 15647178
1662537746 16816838
1662537747 11189570
1662537748 9402970
1662537749 15831248
1662537750 16773392
1662537751 16926782
1662537752 14754850
1662537753 16601732
1662537754 16936374
1662537755 16815402
1662537756 16406440
1662537757 16344248
1662537758 16552010
1662537759 16983196
1662537760 16217374
1662537761 11305226
1662537762 8951052
1662537763 17128458
1662537764 15059450
1662537765 18420054
1662537766 15173924
1662537767 17099352
1662537768 15048770
1662537769 18289036
1662537770 16705976
1662537771 18253400
1662537772 13491260
1662537773 16581888
1662537774 18121670
1662537775 16924364
1662537776 18412500
1662537777 9560940
1662537778 9474048
1662537779 13841874
1662537780 17257882
1662537781 16418444
1662537782 14940978
1662537783 16434696
1662537784 17603744
1662537785 16296978
1662537786 17261826
1662537787 15631260
1662537788 17185378
1662537789 16768756
1662537790 16410728
1662537791 9965282
1662537792 9838674
1662537793 18148158
1662537794 17311428
1662537795 15048192
1662537796 16835528
1662537797 16393616
1662537798 16606866
1662537799 16940070
1662537800 14896364
1662537801 18282888
1662537802 15509176
1662537803 15114292
1662537804 14758214
1662537805 10879846
1662537806 10332476
1662537807 16266404
1662537808 16051920
1662537809 17403422
1662537810 15887084
1662537811 18547834
1662537812 15132352
1662537813 16895236
1662537814 16562202
1662537815 16848458
1662537816 16880210
1662537817 16134218
1662537818 16560922
1662537819 17007112
1662537820 16809818
1662537821 13395274
1662537822 9283306
1662537823 12709330
1662537824 16706298
1662537825 16924706
1662537826 18166722
1662537827 16144294
1662537828 16901352
1662537829 15589824
1662537830 18205024
1662537831 16750140
1662537832 14897528
1662537833 18111890
1662537834 16814402
1662537835 15506012
1662537836 12754354
1662537837 9369898
1662537838 14481406
1662537839 16849560
1662537840 15034720
1662537841 16686284
1662537842 16999230
1662537843 15530922
1662537844 16701370
1662537845 16338702
1662537846 18381392
1662537847 16520042
1662537848 18423450
1662537849 15479770
1662537850 16637338
1662537851 16692742
1662537852 16605708
1662537853 11419186
1662537854 9835550
1662537855 12825916
1662537856 15367924
1662537857 15364084
1662537858 18150370
1662537859 16860216
1662537860 15606422
1662537861 16889348
1662537862 14435588
1662537863 18186512
1662537864 16716314
1662537865 15360422
1662537866 17031262
1662537867 12547822
1662537868 9914634
1662537869 11941650
1662537870 15732722
1662537871 17157822
1662537872 14231006
1662537873 17398090
1662537874 16811146
1662537875 16802498
1662537876 17355290
1662537877 15917294
1662537878 16736148
1662537879 16942472
1662537880 18429942
1662537881 12860150
1662537882 9462470
1662537883 13301634
1662537884 16785484
1662537885 18340900
1662537886 16392094
1662537887 17543306
1662537888 15532758
1662537889 15940660
1662537890 18115652
1662537891 16266918
1662537892 16848384
1662537893 17967192
1662537894 15583516
1662537895 16943756
1662537896 16660976
1662537897 14695940
1662537898 11059216
1662537899 10951214
1662537900 13430724
1662537901 16767122
1662537902 16145520
1662537903 18543818
1662537904 15449478
1662537905 16520112
1662537906 16821978
1662537907 16338420
1662537908 15380556
1662537909 16983272
1662537910 16690560
1662537911 18266724
1662537912 12705386
1662537913 9915300
1662537914 10762174
1662537915 15907440
1662537916 16545644
1662537917 16990094
1662537918 16928514
1662537919 17189054
1662537920 16485500
1662537921 16446136
1662537922 15395726
1662537923 16651340
1662537924 18039150
1662537925 14627654
1662537926 16729000
1662537927 15214286
1662537928 10236802
1662537929 10088628
1662537930 12800992
1662537931 16848480
1662537932 16082144
1662537933 15281284
1662537934 16246154
1662537935 16944622
1662537936 18537154
1662537937 15093566
1662537938 16130888
1662537939 16651550
1662537940 17197378
1662537941 16144372
1662537942 15552512
1662537943 10267842
1662537944 9898384
1662537945 14025834
1662537946 17935036
1662537947 15668430
1662537948 15010074
1662537949 16152390
1662537950 17678986
1662537951 17159388
1662537952 14995288
1662537953 14940870
1662537954 18086872
1662537955 17391322
1662537956 14839170
1662537957 9638632
1662537958 9566994
1662537959 14218904
1662537960 16766268
1662537961 16666158
1662537962 16014068
1662537963 16887082
1662537964 17368870
1662537965 17711992
1662537966 15584450
1662537967 15942068
1662537968 15474534
1662537969 18304260
1662537970 15077054
1662537971 18424630
1662537972 14148616
1662537973 10327902
1662537974 9881142
1662537975 14820002
1662537976 16685886
1662537977 14918724
1662537978 17034394
1662537979 16630064
1662537980 18327596
1662537981 14567288
1662537982 14637354
1662537983 18309378
1662537984 17604772
1662537985 15696918
1662537986 15805526
1662537987 16427230
1662537988 13515666
1662537989 10375972
1662537990 9534058
1662537991 16845186
1662537992 13290254
1662537993 17769524
1662537994 15611620
1662537995 17306302
1662537996 15819442
1662537997 15405142
1662537998 16163636
1662537999 17139010
1662538000 16501780
1662538001 17047174
1662538002 15871332
1662538003 16723234
1662538004 9543280
1662538005 10191870
1662538006 14173632
1662538007 15395158
1662538008 17740124
1662538009 15151814
1662538010 15815910
1662538011 18270276
1662538012 15631808
1662538013 18179508
1662538014 14342282
1662538015 17802830
1662538016 18366270
1662538017 14692164
1662538018 14103844
1662538019 10724472
1662538020 10751464
1662538021 18551714
1662538022 17112552
1662538023 18331082
1662538024 15247358
1662538025 16923742
1662538026 18380784
1662538027 15777990
1662538028 15584800
1662538029 16699180
1662538030 18512934
1662538031 15886682
1662538032 15423262
1662538033 16741288
1662538034 18496452
1662538035 16385592
1662538036 12857108
1662538037 8804886
1662538038 11491816
1662538039 18050346
1662538040 15824176
1662538041 16462838
1662538042 15486374
1662538043 18544546
1662538044 16945642
1662538045 16528006
1662538046 15757910
1662538047 14938310
1662538048 16845686
1662538049 16271782
1662538050 17234750
1662538051 13329678
1662538052 9494600
1662538053 10118064
1662538054 16480476
1662538055 16043130
1662538056 17216380
1662538057 15265284
1662538058 17625570
1662538059 15388150
1662538060 17853496
1662538061 15294050
1662538062 16540338
1662538063 16316484
1662538064 18521062
1662538065 15262182
1662538066 16633494
1662538067 16164254
1662538068 9496354
1662538069 9880604
1662538070 10794904
1662538071 15829278
1662538072 16186242
1662538073 16784206
1662538074 17903800
1662538075 16747344
1662538076 15566814
1662538077 14809286
1662538078 16632180
1662538079 16322886
1662538080 16714110
1662538081 16681316
1662538082 16368178
1662538083 13442482
1662538084 9776392
1662538085 9802888
1662538086 15763254
1662538087 15416838
1662538088 17362354
1662538089 15362106
1662538090 18085648
1662538091 15729412
1662538092 16120664
1662538093 16709296
1662538094 18160048
1662538095 18303170
1662538096 18478230
1662538097 17024672
1662538098 18104246
1662538099 16624970
1662538100 15334794
1662538101 17069538
1662538102 17524494
1662538103 16403424
1662538104 11721648
1662538105 9683348
1662538106 10686004
1662538107 15028708
1662538108 16541728
1662538109 15684548
1662538110 17949058
1662538111 15769418
1662538112 17677610
1662538113 16649610
1662538114 16866998
1662538115 17674642
1662538116 16284244
1662538117 15569784
1662538118 16335580
1662538119 16799760
1662538120 11906362
1662538121 9959694
1662538122 9380590
1662538123 17855614
1662538124 16779442
1662538125 17144848
1662538126 14882566
1662538127 17287554
1662538128 18365042
1662538129 15812214
1662538130 13553674
1662538131 17453444
1662538132 14576656
1662538133 16668132
1662538134 17706004
1662538135 16438746
1662538136 15834208
1662538137 12245256
1662538138 9014498
1662538139 9792754
1662538140 15702294
1662538141 16552102
1662538142 16003310
1662538143 17737184
1662538144 15594878
1662538145 17155218
1662538146 15123068
1662538147 18709750
1662538148 15370328
1662538149 18148478
1662538150 14344900
1662538151 18115574
1662538152 15212702
1662538153 9193820
1662538154 10460888
1662538155 13554914
1662538156 16276698
1662538157 18487470
1662538158 15689264
1662538159 16633142
1662538160 16055932
1662538161 18334606
1662538162 16586012
1662538163 15337326
1662538164 17384160
1662538165 14180118
1662538166 18414568
1662538167 16365692
1662538168 15582338
1662538169 10625242
1662538170 9853002
1662538171 14802152
1662538172 18465624
1662538173 18410620
1662538174 16632674
1662538175 17125468
1662538176 16395250
1662538177 15513790
1662538178 16806960
1662538179 16591110
1662538180 15955256
1662538181 16462664
1662538182 16884950
1662538183 16389624
1662538184 18405062
1662538185 13927636
1662538186 11448122
1662538187 10021060
1662538188 10789446
1662538189 16327316
1662538190 15489142
1662538191 17169846
1662538192 16482306
1662538193 16853444
1662538194 16984624
1662538195 15936536
1662538196 18490346
1662538197 15305510
1662538198 15881690
1662538199 18207648
1662538200 13898536
1662538201 10361142
1662538202 10304722
1662538203 13168344
1662538204 15296802
1662538205 16566198
1662538206 15295188
1662538207 18291234
1662538208 15477846
1662538209 17776690
1662538210 15214840
1662538211 17089718
1662538212 16374046
1662538213 16960688
1662538214 16627564
1662538215 16426888
1662538216 13739052
1662538217 10291656
1662538218 9030850
1662538219 14022868
1662538220 15827246
1662538221 15876678
1662538222 18239366
1662538223 16484950
1662538224 18034682
1662538225 13676304
1662538226 16961422
1662538227 17777472
1662538228 18540582
1662538229 16802860
1662538230 14005248
1662538231 17434686
1662538232 11138004
1662538233 10285086
1662538234 10311024
1662538235 14457416
1662538236 17580722
1662538237 15671246
1662538238 17692100
1662538239 15194558
1662538240 16171508
1662538241 15315094
1662538242 18472614
1662538243 15611180
1662538244 17991514
1662538245 16398066
1662538246 18202326
1662538247 18512522
1662538248 18435964
1662538249 17075602
1662538250 17264090
1662538251 14645756
1662538252 9456478
1662538253 9813342
1662538254 12863340
1662538255 17193978
1662538256 14902182
1662538257 15941946
1662538258 17924218
1662538259 18263286
1662538260 14730870
1662538261 16425228
1662538262 17011008
1662538263 16819808
1662538264 18192242
1662538265 13591102
1662538266 13744872
1662538267 10282016
1662538268 10268462
1662538269 12037400
1662538270 13510960
1662538271 16923486
1662538272 16960540
1662538273 18078776
1662538274 16767888
1662538275 13742110
1662538276 16458758
1662538277 16893474
1662538278 18265046
1662538279 16900402
1662538280 14041426
1662538281 16235240
1662538282 16433232
1662538283 10432422
1662538284 10872302
1662538285 11260856
1662538286 16777482
1662538287 16750034
1662538288 17023968
1662538289 15843688
1662538290 15695084
1662538291 17984800
1662538292 16682538
1662538293 15245364
1662538294 16700452
1662538295 16643530
1662538296 16748046
1662538297 13270938
1662538298 10299646
1662538299 9959012
1662538300 11683216
1662538301 18297560
1662538302 15098618
1662538303 18197516
1662538304 15362714
1662538305 16181636
1662538306 16662142
1662538307 17861302
1662538308 14482854
1662538309 18145128
1662538310 15502246
1662538311 15184718
1662538312 18040898
1662538313 16437634
1662538314 11483244
1662538315 8812510
1662538316 9775160
1662538317 16937806
1662538318 16074806
1662538319 18557774
1662538320 16463232
1662538321 18505944
1662538322 18356912
1662538323 15578048
1662538324 17989726
1662538325 14230782
1662538326 18443374
1662538327 15568108
1662538328 18271920
1662538329 15332910
1662538330 17528782
1662538331 14804650
1662538332 10864206
1662538333 9859802
1662538334 13579446
1662538335 14442546
1662538336 15415330
1662538337 18300582
1662538338 16728112
1662538339 18286976
1662538340 14795328
1662538341 15411766
1662538342 16796108
1662538343 17017218
1662538344 17758858
1662538345 15681746
1662538346 13816900
1662538347 10324674
1662538348 9612918
1662538349 13087068
1662538350 15177418
1662538351 15880070
1662538352 17227844
1662538353 15824668
1662538354 18561160
1662538355 14654850
1662538356 18156976
1662538357 15081366
1662538358 18177634
1662538359 14998908
1662538360 17096362
1662538361 14456506
1662538362 9393308
1662538363 9660620
1662538364 14581920
1662538365 7839020
1662538366 1164


# events submitted
1662537163 2508782
1662537164 621064
1662537165 6185990
1662537166 13462824
1662537167 18281160
1662537168 18240964
1662537169 17460324
1662537170 16304156
1662537171 15744602
1662537172 14827568
1662537173 17963196
1662537174 14170580
1662537175 15139930
1662537176 16977064
1662537177 15916382
1662537178 16463716
1662537179 15371212
1662537180 16348792
1662537181 15024540
1662537182 17445112
1662537183 15170094
1662537184 15792792
1662537185 14933246
1662537186 17822070
1662537187 15506382
1662537188 15646690
1662537189 13658418
1662537190 17208602
1662537191 16230930
1662537192 15213056
1662537193 16145556
1662537194 16864150
1662537195 15840966
1662537196 15237002
1662537197 16769282
1662537198 16678962
1662537199 15520602
1662537200 13712482
1662537201 15837412
1662537202 17352384
1662537203 17655182
1662537204 15205572
1662537205 13818988
1662537206 15539050
1662537207 17267266
1662537208 16214076
1662537209 14787956
1662537210 12924244
1662537211 16084264
1662537212 16116768
1662537213 17838124
1662537214 15776074
1662537215 13765438
1662537216 15496460
1662537217 17414374
1662537218 16254596
1662537219 14966212
1662537220 14740328
1662537221 9686320
1662537222 10919598
1662537223 4174668
1662537224 4256292
1662537225 3043942
1662537226 4587822
1662537227 4415886
1662537228 2981398
1662537229 4229188
1662537230 4605786
1662537231 3761190
1662537232 4616666
1662537233 3196638
1662537234 3696784
1662537235 3726882
1662537236 2813330
1662537237 4132984
1662537238 4102596
1662537239 1164370
1662537240 1980218
1662537241 1046554
1662537242 1371458
1662537243 725216
1662537244 1048596
1662537245 1049040
1662537246 1045028
1662537247 1050928
1662537248 1046098
1662537249 1049364
1662537251 2098558
1662537252 34818
1662537253 1609152
1662537254 451852
1662537255 1048746
1662537257 1049142
1662537258 2097638
1662537259 742
1662537260 1047724
1662537261 1453516
1662537262 1690990
1662537264 360284
1662537265 1737790
1662537266 789970
1662537267 1305766
1662537268 1998682
1662537269 97544
1662537270 1884626
1662537271 211992
1662537272 1414344
1662537273 681474
1662537274 289380
1662537275 1808796
1662537276 1098910
1662537277 998682
1662537278 1048168
1662537279 1047720
1662537280 1049316
1662537281 1047674
1662537282 1048038
1662537283 774
1662537284 191872
1662537285 1910674
1662537286 1496536
1662537287 593512
1662537288 867396
1662537289 212388
1662537290 1380260
1662537291 1764456
1662537292 26022
1662537293 1048186
1662537294 1175572
1662537295 921458
1662537297 1048678
1662537298 2096946
1662537299 1138256
1662537300 958472
1662537301 1014668
1662537302 1082578
1662537303 1048170
1662537304 1048510
1662537305 766464
1662537306 1330760
1662537307 154608
1662537308 1920790
1662537309 518296
1662537310 1600452
1662537311 205946
1662537312 1890832
1662537314 1678562
1662537315 418612
1662537316 1063414
1662537318 13452
1662537319 3200770
1662537321 1062514
1662537322 1034642
1662537323 51596
1662537324 997824
1662537325 1246464
1662537326 1007452
1662537327 1940456
1662537328 1048374
1662537329 1047958
1662537330 1048090
1662537331 1048710
1662537332 1048784
1662537333 1048150
1662537334 1048482
1662537335 1048680
1662537336 418978
1662537337 1675042
1662537338 1048610
1662537339 1048590
1662537340 990450
1662537341 1106456
1662537342 1048524
1662537343 429594
1662537344 1048418
1662537345 1048560
1662537346 576710
1662537347 1520914
1662537348 1048700
1662537350 1048210
1662537351 2097212
1662537352 174
1662537353 1048594
1662537354 2097450
1662537355 1048300
1662537356 790
1662537357 1048248
1662537358 732948
1662537359 2412844
1662537360 1048648
1662537361 1048510
1662537362 1048434
1662537363 1047872
1662537364 1048690
1662537365 1048204
1662537366 1048104
1662537367 1048336
1662537368 1048122
1662537369 1048568
1662537370 1047954
1662537371 1048748
1662537372 1047958
1662537373 1572500
1662537374 524394
1662537375 1049316
1662537377 932274
1662537378 2214084
1662537379 586490
1662537380 1510878
1662537381 1448974
1662537382 647934
1662537383 182210
1662537384 942268
1662537385 1818380
1662537386 1780682
1662537387 595140
1662537389 683738
1662537390 2392516
1662537391 2166008
1662537392 820630
1662537393 228246
1662537394 816720
1662537395 2009518
1662537396 1017856
1662537397 349158
1662537398 1048594
1662537399 2096462
1662537400 400684
1662537401 647444
1662537402 901392
1662537403 1196476
1662537404 819518
1662537405 1276980
1662537406 1051946
1662537407 350934
1662537408 1745990
1662537409 1436668
1662537410 661026
1662537412 12738
1662537413 1867344
1662537414 2761492
1662537415 600250
1662537416 1000416
1662537417 2048178
1662537418 1127012
1662537419 18990
1662537420 1048344
1662537421 2097298
1662537422 1048132
1662537424 771422
1662537425 1981134
1662537426 1441278
1662537427 139052
1662537428 1957866
1662537429 241286
1662537430 1855112
1662537431 602748
1662537432 1494074
1662537433 863884
1662537434 1233112
1662537435 740
1662537436 1048494
1662537437 464554
1662537438 1861356
1662537439 839408
1662537440 1048734
1662537441 1125798
1662537442 2019992
1662537443 186
1662537445 1327442
1662537446 2366396
1662537447 499316
1662537448 2096612
1662537449 217230
1662537450 1880266
1662537451 282878
1662537452 1814132
1662537453 1048450
1662537454 1048770
1662537455 237954
1662537456 1859226
1662537457 845130
1662537458 1251940
1662537459 1048320
1662537460 1048622
1662537461 1048816
1662537462 1048656
1662537463 86944
1662537464 1017342
1662537466 2199846
1662537467 1564244
1662537468 430998
1662537469 1049458
1662537471 2097684
1662537472 1261808
1662537473 836588
1662537474 1050234
1662537475 33828
1662537476 2135038
1662537477 1180674
1662537478 13482
1662537479 1881466
1662537480 1048948
1662537481 1049336
1662537482 1527736
1662537483 1284596
1662537484 333480
1662537485 1048970
1662537486 2096330
1662537487 1048412
1662537489 1048684
1662537490 2096702
1662537491 476596
1662537492 570648
1662537493 1049862
1662537494 1049540
1662537495 603876
1662537496 2542060
1662537497 58692
1662537499 1220038
1662537500 2484428
1662537501 683640
1662537502 857730
1662537503 467796
1662537504 1754216
1662537505 8862
1662537506 1966774
1662537507 1055204
1662537509 2047226
1662537510 1998860
1662537511 259642
1662537512 1987624
1662537513 314966
1662537514 1782954
1662537515 73636
1662537516 2023756
1662537517 306418
1662537518 1791040
1662537519 124810
1662537520 1103326
1662537521 1917014
1662537522 1049434
1662537523 1048486
1662537524 696
1662537525 1049080
1662537526 2097600
1662537527 1048196
1662537528 1048452
1662537529 696
1662537530 1062290
1662537531 2083544
1662537532 1048654
1662537533 1048962
1662537534 21962
1662537535 1048970
1662537536 2097250
1662537537 1049080
1662537538 1049162
1662537539 9848
1662537540 1047908
1662537541 2097016
1662537542 1049188
1662537543 550210
1662537544 930750
1662537545 1664062
1662537546 1047474
1662537547 1048658
1662537548 1050806
1662537549 1050488
1662537550 1048896
1662537551 1048798
1662537552 1048656
1662537553 1049088
1662537554 1048916
1662537555 1048572
1662537556 760
1662537557 1048934
1662537558 1049252
1662537559 2097678
1662537560 1048874
1662537561 28386
1662537562 1049754
1662537563 1155802
1662537564 1990018
1662537565 1047770
1662537566 636
1662537567 1048636
1662537568 1049052
1662537569 2096196
1662537570 1048274
1662537571 636
1662537572 1048836
1662537573 1049172
1662537574 2098026
1662537575 1046504
1662537577 1708438
1662537578 1439204
1662537579 1049146
1662537580 529104
1662537581 1568242
1662537582 1044456
1662537583 1053718
1662537584 822
1662537585 1048760
1662537586 852206
1662537587 2294386
1662537588 1048258
1662537590 713176
1662537591 1385648
1662537592 2097390
1662537593 930562
1662537594 139552
1662537595 670278
1662537596 2475480
1662537597 1048640
1662537598 910944
1662537599 139176
1662537600 1048806
1662537601 1279842
1662537602 1462916
1662537603 1043726
1662537604 932964
1662537605 1573084
1662537606 949998
1662537607 1147178
1662537608 747334
1662537609 1350468
1662537610 1004020
1662537611 1093620
1662537612 1049402
1662537613 1049432
1662537614 1048368
1662537615 1049130
1662537616 654
1662537617 149250
1662537618 1949224
1662537619 2097718
1662537620 1048274
1662537621 726
1662537622 1054210
1662537623 2096288
1662537624 1044214
1662537625 1049786
1662537627 1048734
1662537628 2097752
1662537629 1048460
1662537630 197320
1662537631 885856
1662537632 1049030
1662537633 2097934
1662537634 1048408
1662537635 1048744
1662537636 1048414
1662537637 906036
1662537638 1191802
1662537639 1048798
1662537640 1048490
1662537641 1048644
1662537642 1048880
1662537643 1049382
1662537644 7358
1662537645 1048384
1662537646 2097294
1662537647 1049022
1662537648 625396
1662537649 423260
1662537650 910456
1662537651 1839932
1662537652 1446392
1662537653 806762
1662537654 242578
1662537655 483046
1662537656 2478860
1662537657 1234662
1662537658 364650
1662537659 648676
1662537660 696842
1662537661 2523078
1662537662 1048554
1662537663 1049166
1662537664 1049268
1662537665 1049376
1662537666 1048478
1662537667 1049158
1662537668 1048956
1662537669 1048722
1662537670 1048688
1662537671 862974
1662537672 839330
1662537673 1444432
1662537674 1048030
1662537675 1048202
1662537676 646
1662537677 1060988
1662537678 1316872
1662537679 1817448
1662537680 1048392
1662537681 678
1662537682 1048962
1662537683 2097886
1662537684 1048584
1662537685 1048564
1662537686 726
1662537687 830446
1662537688 1979520
1662537689 1048914
1662537690 1048754
1662537691 2096614
1662537692 10284
1662537693 2087584
1662537695 2097606
1662537696 370998
1662537697 1725768
1662537698 187674
1662537699 1909874
1662537700 576692
1662537701 1521190
1662537702 859142
1662537703 1237982
1662537704 627926
1662537705 421826
1662537706 1049072
1662537707 1383776
1662537708 1764924
1662537709 1048360
1662537710 442
1662537711 1049684
1662537712 2097552
1662537713 270
1662537714 1048682
1662537715 2097836
1662537716 1049166
1662537719 1466368
1662537720 2729300
1662537721 1048412
1662537722 1047948
1662537723 1048610
1662537724 982500
1662537725 1115210
1662537726 961828
1662537727 1135744
1662537728 1049108
1662537729 1048900
1662537730 1111114
1662537731 986902
1662537732 380748
1662537733 1718630
1662537734 126
1662537735 1049552
1662537736 2096878
1662537737 744
1662537738 1048962
1662537739 1049234
1662537740 2098444
1662537741 1048924
1662537743 880572
1662537744 1218388
1662537745 2097902
1662537746 1049102
1662537747 639902
1662537748 104430
1662537749 2402898
1662537750 783838
1662537751 1314344
1662537752 986948
1662537753 1110470
1662537754 817566
1662537755 1280016
1662537756 1048384
1662537757 1048540
1662537758 1049688
1662537759 1048714
1662537760 1185536
1662537761 350682
1662537762 96454
1662537763 2532210
1662537764 2004350
1662537765 92564
1662537766 1759320
1662537767 337846
1662537768 1996508
1662537769 100282
1662537770 1049614
1662537772 2675340
1662537773 784750
1662537774 736020
1662537775 766456
1662537776 281880
1662537777 937026
1662537778 1496578
1662537779 2577102
1662537780 187792
1662537781 1911084
1662537782 1049022
1662537783 1048404
1662537784 389532
1662537785 1708434
1662537786 614558
1662537787 1483736
1662537789 2098256
1662537790 333682
1662537791 1763834
1662537792 1044492
1662537793 5536
1662537794 532048
1662537795 2592758
1662537796 1071400
1662537797 726
1662537798 1048238
1662537799 524520
1662537800 2422662
1662537801 200834
1662537802 230684
1662537803 2419994
1662537804 1397752
1662537805 146034
1662537807 2353026
1662537808 1842378
1662537809 500182
1662537810 1596922
1662537812 1048456
1662537813 1048646
1662537814 1049488
1662537815 1048810
1662537816 1048334
1662537817 1048662
1662537818 1049554
1662537819 1049452
1662537820 699952
1662537821 1397760
1662537822 154514
1662537823 1944208
1662537824 1048632
1662537825 1048472
1662537826 744
1662537827 1049494
1662537828 1049164
1662537829 2098180
1662537830 350
1662537831 1049444
1662537832 2098258
1662537833 298
1662537834 1048438
1662537835 2097028
1662537836 1048610
1662537837 31032
1662537838 1048644
1662537839 1048412
1662537840 2098016
1662537841 1049390
1662537842 4100
1662537843 2092888
1662537844 1049308
1662537845 955860
1662537846 92972
1662537849 1581774
1662537850 1564996
1662537851 1048614
1662537853 906048
1662537854 176974
1662537855 1983228
1662537856 2179542
1662537857 873360
1662537858 176112
1662537859 1048412
1662537860 2098398
1662537861 1048652
1662537862 1048466
1662537863 782
1662537864 1048826
1662537865 2097154
1662537866 1048698
1662537868 1043456
1662537869 1105388
1662537870 2087454
1662537871 1048968
1662537872 1136960
1662537873 961620
1662537874 1049072
1662537875 1048588
1662537876 225994
1662537877 1871220
1662537878 1048790
1662537879 1048658
1662537881 1049954
1662537882 1048892
1662537883 1048788
1662537884 1048574
1662537886 1049228
1662537888 1687222
1662537889 1458636
1662537890 1049514
1662537891 1084568
1662537893 26016
1662537894 2071546
1662537895 1049122
1662537896 1048838
1662537897 915528
1662537898 191382
1662537899 413656
1662537900 2732482
1662537901 1048844
1662537902 1049044
1662537904 1717876
1662537905 1427382
1662537906 1048918
1662537908 1715086
1662537909 1431322
1662537910 1048428
1662537912 1811852
1662537913 290010
1662537914 1053800
1662537915 1592290
1662537916 1549602
1662537917 444
1662537918 1048964
1662537919 645400
1662537920 1453190
1662537921 1445682
1662537922 653014
1662537923 1049108
1662537924 81914
1662537925 1623990
1662537926 2464032
1662537927 223680
1662537928 1106728
1662537929 791136
1662537930 1769288
1662537931 1377984
1662537933 1610532
1662537934 1534476
1662537935 1049378
1662537937 1395616
1662537938 1750036
1662537939 1048336
1662537940 240772
1662537941 1856786
1662537942 1048168
1662537943 90846
1662537944 376554
1662537945 2580464
1662537946 188370
1662537947 94684
1662537948 2428634
1662537949 1162366
1662537950 737256
1662537951 850600
1662537952 508282
1662537953 1942186
1662537954 724214
1662537955 361934
1662537956 2471280
1662537957 1057438
1662537958 638762
1662537959 1762306
1662537960 1049018
1662537961 1048510
1662537962 1048940
1662537963 572042
1662537964 839132
1662537965 686948
1662537966 1591020
1662537967 505468
1662537968 1788486
1662537969 307840
1662537970 2034484
1662537971 63216
1662537972 1257766
1662537973 839880
1662537974 1225796
1662537975 873046
1662537976 959448
1662537977 894798
1662537978 1292064
1662537979 1049478
1662537981 2565594
1662537982 1629750
1662537984 52308
1662537985 1972398
1662537986 1270152
1662537987 901030
1662537988 1571524
1662537989 526086
1662537990 1118188
1662537991 980426
1662537992 2097946
1662537993 253122
1662537994 1844128
1662537995 40422
1662537996 2058456
1662537997 14718
1662537998 1988408
1662537999 529272
1662538000 1662454
1662538001 561004
1662538002 1538740
1662538004 1004490
1662538005 97504
1662538006 3123312
1662538007 22968
1662538008 2640
1662538009 1950014
1662538010 2071378
1662538011 171146
1662538012 1049032
1662538014 2579620
1662538015 568572
1662538017 2128930
1662538018 1017300
1662538019 458398
1662538020 590388
1662538024 1973524
1662538025 1173286
1662538027 1056738
1662538028 2089016
1662538029 1048984
1662538031 1402064
1662538032 1744066
1662538033 1049290
1662538035 961986
1662538036 1135246
1662538037 912968
1662538038 1182768
1662538039 3090
1662538040 1711242
1662538041 1375906
1662538042 1106614
1662538044 754164
1662538045 1343818
1662538046 2098286
1662538047 1048130
1662538048 1048246
1662538049 543018
1662538050 1554430
1662538051 1048248
1662538052 1048520
1662538053 1047788
1662538054 1048762
1662538055 1049608
1662538056 1049066
1662538057 1276658
1662538058 820278
1662538059 1281370
1662538060 816346
1662538061 1083620
1662538062 1013724
1662538063 1050050
1662538065 1595618
1662538066 1553582
1662538068 1072340
1662538069 1430362
1662538070 1057846
1662538071 1928828
1662538072 802160
1662538073 574702
1662538074 475764
1662538075 1047886
1662538076 2097682
1662538077 1048856
1662538078 679006
1662538079 1418574
1662538080 771608
1662538081 1326698
1662538083 1441896
1662538084 654692
1662538085 1567568
1662538086 528620
1662538087 1160700
1662538088 937070
1662538089 1048032
1662538090 1049464
1662538091 1227698
1662538092 870756
1662538093 1048612
1662538094 606
1662538099 1048554
1662538100 2097854
1662538101 1048788
1662538102 906
1662538103 1048978
1662538104 889222
1662538105 1208830
1662538106 1746074
1662538107 1048944
1662538108 1048940
1662538109 2097558
1662538110 82764
1662538111 2015620
1662538113 1048002
1662538114 1048642
1662538115 396530
1662538116 1700430
1662538117 630386
1662538118 1466578
1662538119 796440
1662538120 1300122
1662538121 166900
1662538122 1898756
1662538123 32994
1662538124 1047964
1662538125 596418
1662538126 2549690
1662538127 504
1662538129 1099260
1662538130 1591274
1662538131 457548
1662538132 1893240
1662538133 1825578
1662538134 478762
1662538136 1048616
1662538137 1160832
1662538138 1721816
1662538139 1312858
1662538140 1049222
1662538141 1049010
1662538142 1413820
1662538143 683904
1662538144 1274236
1662538145 824592
1662538146 2082722
1662538147 15288
1662538148 1687630
1662538149 409284
1662538150 1774074
1662538151 322356
1662538152 1049930
1662538153 1049386
1662538154 1265286
1662538155 831366
1662538156 649972
1662538157 399642
1662538158 1515782
1662538159 1631476
1662538160 1050210
1662538162 897006
1662538163 1311438
1662538164 1986876
1662538165 1049744
1662538167 1048794
1662538168 2098310
1662538169 1048770
1662538174 1048962
1662538175 114
1662538176 1050046
1662538177 2098036
1662538178 1048670
1662538179 1048644
1662538180 1049484
1662538181 1049428
1662538182 1048654
1662538183 1049394
1662538185 1063684
1662538186 1982652
1662538187 829962
1662538188 377388
1662538189 988130
1662538190 325286
1662538191 1772520
1662538192 859948
1662538193 1238606
1662538194 1048344
1662538195 1064924
1662538197 1773966
1662538198 2054152
1662538199 366960
1662538200 1742240
1662538202 757168
1662538203 1713852
1662538204 2080530
1662538206 2097208
1662538207 84
1662538208 2097506
1662538209 214332
1662538210 1882832
1662538211 592732
1662538212 1504894
1662538213 748564
1662538214 1348592
1662538215 872
1662538216 658074
1662538218 559744
1662538219 3628954
1662538220 665638
1662538221 1835888
1662538222 23562
1662538223 1048666
1662538224 121330
1662538225 2467790
1662538226 1208166
1662538227 398122
1662538229 1048514
1662538230 1484480
1662538231 1661592
1662538232 336296
1662538233 550710
1662538235 2607740
1662538236 1748904
1662538237 1502126
1662538238 594812
1662538239 1353740
1662538240 744368
1662538241 2007036
1662538242 89874
1662538243 1648136
1662538244 448366
1662538249 288052
1662538250 766952
1662538251 1675838
1662538252 1497916
1662538253 1021408
1662538254 796602
1662538255 300482
1662538256 1819092
1662538257 1671258
1662538258 703948
1662538259 828
1662538260 1109898
1662538261 1696236
1662538262 1388160
1662538263 1049154
1662538264 710
1662538265 1048978
1662538266 2099090
1662538267 1048090
1662538268 353766
1662538269 1743984
1662538270 1048460
1662538271 1049386
1662538272 424670
1662538273 624880
1662538274 935006
1662538275 2211466
1662538276 1049146
1662538277 1048412
1662538278 258
1662538279 1048306
1662538280 2097688
1662538281 1049008
1662538282 822886
1662538283 253118
1662538284 469824
1662538285 2120120
1662538286 1048230
1662538287 1048932
1662538288 1049052
1662538289 1251700
1662538290 1435286
1662538291 459512
1662538292 985698
1662538293 1906534
1662538294 1171658
1662538295 132552
1662538296 1049712
1662538297 1116490
1662538298 1043818
1662538299 987048
1662538300 2065708
1662538301 31380
1662538302 2099026
1662538304 2101504
1662538305 732
1662538306 1049044
1662538308 3041252
1662538309 105768
1662538310 485020
1662538311 2210336
1662538312 452124
1662538313 284422
1662538314 1015298
1662538315 109606
1662538316 1228514
1662538317 1885598
1662538318 1793398
1662538323 1695072
1662538324 401766
1662538325 1976208
1662538326 122508
1662538327 1769034
1662538328 329020
1662538329 1354628
1662538330 742158
1662538331 1716542
1662538332 381190
1662538333 342744
1662538334 716058
1662538335 2157092
1662538336 1532776
1662538337 505398
1662538338 1048928
1662538339 1168
1662538340 954410
1662538341 1958418
1662538342 1283052
1662538343 725300
1662538344 324294
1662538345 809502
1662538346 1742106
1662538347 1246110
1662538348 523748
1662538349 983786
1662538350 1049138
1662538351 1163846
1662538352 1185432
1662538353 1848630
1662538355 1694992
1662538356 403478
1662538357 1622740
1662538358 474496
1662538359 2096742
1662538360 408
1662538361 1864218
1662538362 232864
1662538363 1167816
1662538364 209170
1662538365 1048684
1662538366 186


# events lost
1662537220 1642588
1662537221 4591668
1662537222 6784112
1662537223 11947568
1662537224 13146860
1662537225 13706738
1662537226 14125140
1662537227 11920076
1662537228 10378450
1662537229 12815610
1662537230 12376874
1662537231 12115322
1662537232 12397124
1662537233 12362310
1662537234 11702870
1662537235 13228458
1662537236 13131598
1662537237 13659172
1662537238 14224348
1662537239 12602692
1662537240 11144080
1662537241 16910332
1662537242 14460672
1662537243 17001644
1662537244 14958116
1662537245 16346694
1662537246 12681350
1662537247 15558244
1662537248 15807576
1662537249 15285342
1662537250 18157294
1662537251 13648626
1662537252 18060518
1662537253 11149464
1662537254 17101970
1662537255 15475290
1662537256 18505926
1662537257 15598830
1662537258 13867344
1662537259 16314666
1662537260 14581958
1662537261 12529308
1662537262 15090202
1662537263 18637372
1662537264 15435700
1662537265 14972374
1662537266 13893142
1662537267 14412128
1662537268 13495568
1662537269 16070468
1662537270 13487086
1662537271 18328430
1662537272 14514638
1662537273 17141134
1662537274 12174516
1662537275 14504034
1662537276 15469268
1662537277 16407206
1662537278 15621654
1662537279 13988962
1662537280 15861344
1662537281 12142750
1662537282 15867952
1662537283 18261664
1662537284 16351842
1662537285 13690312
1662537286 14760242
1662537287 18079298
1662537288 15544852
1662537289 16311268
1662537290 10213998
1662537291 14935818
1662537292 18133656
1662537293 15977338
1662537294 14633698
1662537295 16452578
1662537296 18334636
1662537297 16164268
1662537298 11409402
1662537299 12358294
1662537300 16624162
1662537301 15923416
1662537302 16007622
1662537303 15893076
1662537304 15267354
1662537305 16112218
1662537306 15476106
1662537307 15669564
1662537308 10965774
1662537309 16036786
1662537310 14731530
1662537311 17344986
1662537312 14217408
1662537313 18525618
1662537314 11891778
1662537315 18095004
1662537316 15551376
1662537317 18721616
1662537318 10710634
1662537319 12566880
1662537320 18564888
1662537321 15745574
1662537322 16333618
1662537323 16822318
1662537324 16360606
1662537325 15208654
1662537326 15895930
1662537327 9453732
1662537328 15181498
1662537329 14373310
1662537330 15658372
1662537331 16014600
1662537332 15674764
1662537333 16243634
1662537334 15058792
1662537335 15915316
1662537336 14205146
1662537337 11520326
1662537338 15925074
1662537339 15328790
1662537340 16045054
1662537341 15841598
1662537342 15826184
1662537343 17355728
1662537344 14992740
1662537345 15901746
1662537346 12224686
1662537347 13156458
1662537348 15372668
1662537349 16646306
1662537350 15465904
1662537351 13849182
1662537352 18586646
1662537353 15871098
1662537354 13011676
1662537355 16034432
1662537356 18221882
1662537357 10889112
1662537358 15393290
1662537359 12772570
1662537360 15803560
1662537361 15770584
1662537362 15778442
1662537363 15656074
1662537364 14655886
1662537365 15438088
1662537366 9553986
1662537367 15735118
1662537368 15876664
1662537369 15385602
1662537370 15691612
1662537371 15499012
1662537372 16247078
1662537373 13980428
1662537374 15371054
1662537375 15434528
1662537376 18487642
1662537377 10854172
1662537378 10884014
1662537379 14715652
1662537380 15916710
1662537381 13755540
1662537382 17701930
1662537383 17662398
1662537384 14545828
1662537385 13680018
1662537386 14320082
1662537387 17275556
1662537388 18565022
1662537389 12321038
1662537390 7518900
1662537391 13774700
1662537392 15925928
1662537393 18139124
1662537394 14460924
1662537395 13650236
1662537396 15950550
1662537397 17946134
1662537398 15872514
1662537399 11864752
1662537400 10444328
1662537401 17137388
1662537402 16097692
1662537403 15328034
1662537404 13916372
1662537405 15774496
1662537406 15538526
1662537407 16745290
1662537408 15161072
1662537409 13948580
1662537410 17154394
1662537411 18548780
1662537412 15440516
1662537413 8360624
1662537414 11346746
1662537415 17354148
1662537416 15893142
1662537417 13362358
1662537418 15800046
1662537419 17020192
1662537420 15606592
1662537421 13675444
1662537422 14554244
1662537423 18605210
1662537424 12722692
1662537425 8288006
1662537426 14974626
1662537427 16075614
1662537428 14019068
1662537429 17487480
1662537430 13805518
1662537431 16771638
1662537432 14192774
1662537433 16278244
1662537434 15669914
1662537435 18076400
1662537436 15905208
1662537437 15153690
1662537438 10939112
1662537439 10553742
1662537440 15901298
1662537441 15392938
1662537442 13315852
1662537443 18217060
1662537444 18559372
1662537445 14935844
1662537446 12244676
1662537447 15985882
1662537448 13260478
1662537449 17465060
1662537450 12209306
1662537451 10465746
1662537452 13710226
1662537453 15727652
1662537454 15915018
1662537455 16931954
1662537456 14365674
1662537457 14497948
1662537458 15597710
1662537459 15699916
1662537460 15779910
1662537461 15720708
1662537462 14834120
1662537463 15931516
1662537464 9622952
1662537465 16096398
1662537466 12736720
1662537467 13733352
1662537468 18045922
1662537469 15385840
1662537470 18441098
1662537471 13398818
1662537472 13821084
1662537473 17563440
1662537474 15536108
1662537475 17921830
1662537476 13200300
1662537477 11591008
1662537478 10578884
1662537479 15013872
1662537480 16026194
1662537481 16182354
1662537482 13267454
1662537483 15367754
1662537484 18153438
1662537485 15618484
1662537486 13539700
1662537487 14442152
1662537488 18308562
1662537489 15522122
1662537490 13640210
1662537491 13363442
1662537492 10226720
1662537493 15283932
1662537494 15857844
1662537495 16577564
1662537496 12637580
1662537497 16906756
1662537498 18319036
1662537499 14625520
1662537500 12347872
1662537501 16958624
1662537502 15927708
1662537503 16292072
1662537504 13655698
1662537505 10388492
1662537506 12386988
1662537507 15305242
1662537508 18078202
1662537509 12699194
1662537510 13977028
1662537511 17681050
1662537512 13236382
1662537513 17237564
1662537514 14260008
1662537515 17889680
1662537516 13698516
1662537517 15795938
1662537518 14058636
1662537519 15851480
1662537520 9236434
1662537521 11091414
1662537522 15559580
1662537523 15801460
1662537524 18058750
1662537525 15644470
1662537526 13603864
1662537527 14938572
1662537528 15653366
1662537529 17906620
1662537530 15176122
1662537531 13555202
1662537532 15448472
1662537533 13049984
1662537534 10677182
1662537535 14853748
1662537536 13563926
1662537537 13815514
1662537538 15713826
1662537539 17968342
1662537540 15643518
1662537541 13299516
1662537542 13864012
1662537543 16114772
1662537544 15758416
1662537545 14985814
1662537546 11186718
1662537547 8795702
1662537548 15498174
1662537549 15866006
1662537550 15640802
1662537551 15784222
1662537552 13650392
1662537553 16013918
1662537554 15748652
1662537555 16021802
1662537556 17842726
1662537557 15591834
1662537558 15584096
1662537559 13258350
1662537560 16106322
1662537561 13452066
1662537562 10493778
1662537563 13465346
1662537564 13967998
1662537565 16033532
1662537566 17963368
1662537567 15594790
1662537568 15559544
1662537569 13265732
1662537570 15977844
1662537571 18094478
1662537572 15262626
1662537573 15829252
1662537574 13142644
1662537575 11637012
1662537576 11223756
1662537577 12975266
1662537578 15135370
1662537579 15783242
1662537580 16450656
1662537581 15168646
1662537582 14783194
1662537583 15922538
1662537584 17947410
1662537585 15784882
1662537586 16003332
1662537587 12155760
1662537588 13211850
1662537589 10732366
1662537590 14942124
1662537591 15373718
1662537592 11962774
1662537593 16083412
1662537594 17883072
1662537595 16378862
1662537596 12852264
1662537597 14246914
1662537598 15959946
1662537599 17850458
1662537600 15780278
1662537601 13629712
1662537602 7823296
1662537603 12371054
1662537604 15909592
1662537605 14972304
1662537606 15943926
1662537607 13721134
1662537608 16185924
1662537609 15526830
1662537610 15569518
1662537611 15719096
1662537612 14068704
1662537613 15805104
1662537614 15781654
1662537615 15344882
1662537616 18051366
1662537617 9022838
1662537618 10388738
1662537619 13294220
1662537620 15836322
1662537621 18206846
1662537622 14564960
1662537623 13434036
1662537624 16208350
1662537625 15537798
1662537626 18371588
1662537627 14602294
1662537628 13515326
1662537629 15754946
1662537630 14695514
1662537631 9021586
1662537632 13570202
1662537633 13538436
1662537634 15930952
1662537635 15950658
1662537636 15738704
1662537637 13321832
1662537638 15624068
1662537639 15735710
1662537640 15693766
1662537641 15666636
1662537642 15225080
1662537643 15690008
1662537644 11430222
1662537645 10306048
1662537646 13424728
1662537647 13586522
1662537648 16535182
1662537649 17267390
1662537650 15835696
1662537651 13817330
1662537652 13730116
1662537653 16001798
1662537654 17897730
1662537655 16471180
1662537656 12924910
1662537657 13851374
1662537658 16545834
1662537659 9535572
1662537660 11293666
1662537661 12974584
1662537662 13984546
1662537663 15808568
1662537664 15674372
1662537665 15733118
1662537666 15818816
1662537667 12940956
1662537668 15835774
1662537669 15812440
1662537670 15699350
1662537671 15836186
1662537672 9740342
1662537673 8639348
1662537674 15876310
1662537675 15736794
1662537676 18111220
1662537677 14187378
1662537678 14846442
1662537679 14733912
1662537680 15799472
1662537681 18137424
1662537682 14355826
1662537683 13593302
1662537684 15997054
1662537685 15378306
1662537686 18321274
1662537687 11658626
1662537688 8086630
1662537689 11087666
1662537690 16161880
1662537691 13139980
1662537692 16837376
1662537693 13469612
1662537694 17600670
1662537695 13582150
1662537696 17175626
1662537697 13828942
1662537698 17536716
1662537699 13962920
1662537700 16778648
1662537701 14817094
1662537702 13001180
1662537703 7520526
1662537704 11779260
1662537705 17463734
1662537706 15906184
1662537707 13094484
1662537708 15095584
1662537709 15644036
1662537710 18290470
1662537711 15756592
1662537712 12653538
1662537713 18162666
1662537714 15513140
1662537715 13948120
1662537716 15938036
1662537717 13297246
1662537718 9565650
1662537719 10993510
1662537720 14104164
1662537721 15828726
1662537722 14782342
1662537723 15881724
1662537724 15848028
1662537725 15779156
1662537726 16098194
1662537727 13680108
1662537728 15448022
1662537729 15996266
1662537730 15228734
1662537731 16318698
1662537732 9634654
1662537733 9124098
1662537734 15334630
1662537735 15317698
1662537736 13956616
1662537737 15563684
1662537738 15861408
1662537739 15506766
1662537740 13491140
1662537741 15791930
1662537742 16655530
1662537743 15751742
1662537744 15379790
1662537745 13526750
1662537746 15741380
1662537747 10523676
1662537748 9296018
1662537749 13405270
1662537750 15935544
1662537751 15576846
1662537752 13725708
1662537753 15460306
1662537754 16086432
1662537755 15497514
1662537756 15333124
1662537757 15266432
1662537758 15467876
1662537759 15891114
1662537760 14997438
1662537761 10949796
1662537762 8843888
1662537763 14580388
1662537764 13042506
1662537765 18247994
1662537766 13404990
1662537767 16691210
1662537768 13028646
1662537769 18084302
1662537770 15602336
1662537771 18165238
1662537772 10821428
1662537773 15745052
1662537774 17329476
1662537775 16119474
1662537776 18047494
1662537777 8627024
1662537778 7978690
1662537779 11255122
1662537780 17025544
1662537781 14511010
1662537782 13864844
1662537783 15355588
1662537784 17118500
1662537785 14568966
1662537786 16586096
1662537787 14130990
1662537788 17123340
1662537789 14658138
1662537790 16023916
1662537791 8202548
1662537792 8800430
1662537793 18069534
1662537794 16718694
1662537795 12447984
1662537796 15731536
1662537797 16337994
1662537798 15495550
1662537799 16360108
1662537800 12471816
1662537801 18014928
1662537802 15212590
1662537803 12683256
1662537804 13332680
1662537805 10731262
1662537806 10315060
1662537807 13901506
1662537808 14200176
1662537809 16836744
1662537810 14272004
1662537811 18454510
1662537812 14047606
1662537813 15807590
1662537814 15466400
1662537815 15762694
1662537816 15788728
1662537817 15030328
1662537818 15457376
1662537819 15925626
1662537820 16057412
1662537821 11979216
1662537822 9129618
1662537823 10755756
1662537824 15614518
1662537825 15834476
1662537826 18114740
1662537827 15055042
1662537828 15784894
1662537829 13481812
1662537830 18124418
1662537831 15658560
1662537832 12774312
1662537833 18036252
1662537834 15724444
1662537835 13394186
1662537836 11686028
1662537837 9333294
1662537838 13414670
1662537839 15767380
1662537840 12931916
1662537841 15609018
1662537842 16944112
1662537843 13422492
1662537844 15611540
1662537845 15345126
1662537846 18251752
1662537847 16442942
1662537848 18367276
1662537849 13882518
1662537850 15038892
1662537851 15599008
1662537852 16536808
1662537853 10502080
1662537854 9657364
1662537855 10845506
1662537856 13173068
1662537857 14453722
1662537858 17904470
1662537859 15778216
1662537860 13492724
1662537861 15787036
1662537862 13352150
1662537863 18103188
1662537864 15624560
1662537865 13264732
1662537866 15928512
1662537867 12527436
1662537868 8870564
1662537869 10831376
1662537870 13623034
1662537871 16070928
1662537872 13066048
1662537873 16395346
1662537874 15724634
1662537875 15703142
1662537876 17065504
1662537877 14024282
1662537878 15633338
1662537879 15843584
1662537880 18363014
1662537881 11796092
1662537882 8408996
1662537883 12241780
1662537884 15693824
1662537885 18282744
1662537886 15304446
1662537887 17463376
1662537888 13824108
1662537889 14465270
1662537890 17008486
1662537891 15143248
1662537892 16790194
1662537893 17867930
1662537894 13484624
1662537895 15852142
1662537896 15580272
1662537897 13732912
1662537898 10866922
1662537899 10537360
1662537900 10693782
1662537901 15673624
1662537902 15035676
1662537903 18462916
1662537904 13715828
1662537905 15038542
1662537906 15735318
1662537907 16263274
1662537908 13648974
1662537909 15514166
1662537910 15608724
1662537911 18178986
1662537912 10887020
1662537913 9619462
1662537914 9701792
1662537915 14295196
1662537916 14961576
1662537917 16935662
1662537918 15830430
1662537919 16504896
1662537920 14999938
1662537921 14966200
1662537922 14699776
1662537923 15561888
1662537924 17887112
1662537925 12995444
1662537926 14249746
1662537927 14943292
1662537928 9131662
1662537929 9300120
1662537930 11035590
1662537931 15452744
1662537932 16017808
1662537933 13644874
1662537934 14694434
1662537935 15854702
1662537936 18441858
1662537937 13678332
1662537938 14328954
1662537939 15561468
1662537940 16891164
1662537941 14288222
1662537942 14469574
1662537943 10157842
1662537944 9507640
1662537945 11449064
1662537946 17695412
1662537947 15541000
1662537948 12582276
1662537949 14922494
1662537950 16899958
1662537951 16258256
1662537952 14409856
1662537953 12986862
1662537954 17305380
1662537955 16971166
1662537956 12354698
1662537957 8582292
1662537958 8927046
1662537959 12447328
1662537960 15679022
1662537961 15586848
1662537962 14919434
1662537963 16228322
1662537964 16473590
1662537965 16954336
1662537966 13950086
1662537967 15399628
1662537968 13674938
1662537969 17937614
1662537970 13025276
1662537971 18290354
1662537972 12868254
1662537973 9477748
1662537974 8655988
1662537975 13902736
1662537976 15690504
1662537977 13979050
1662537978 15700234
1662537979 15516110
1662537980 18229728
1662537981 11999684
1662537982 12986100
1662537983 18245988
1662537984 17481586
1662537985 13713100
1662537986 14494260
1662537987 15487406
1662537988 11940448
1662537989 9849354
1662537990 8416324
1662537991 15828616
1662537992 11189254
1662537993 17461504
1662537994 13745084
1662537995 17203318
1662537996 13736546
1662537997 15336890
1662537998 14166076
1662537999 16549620
1662538000 14814660
1662538001 16439910
1662538002 14303266
1662538003 16676800
1662538004 8531568
1662538005 10092604
1662538006 11070250
1662538007 15329842
1662538008 17669018
1662538009 13192132
1662538010 13737960
1662538011 18034546
1662538012 14540088
1662538013 18091950
1662538014 11771422
1662538015 17172618
1662538016 18286134
1662538017 12557484
1662538018 13067666
1662538019 10263682
1662538020 10156708
1662538021 18471360
1662538022 17028758
1662538023 18239088
1662538024 13242344
1662538025 15705796
1662538026 18319000
1662538027 14684740
1662538028 13480516
1662538029 15603450
1662538030 18449030
1662538031 14452980
1662538032 13656928
1662538033 15660512
1662538034 18429134
1662538035 15389406
1662538036 11708096
1662538037 7897086
1662538038 10303214
1662538039 17986196
1662538040 14084806
1662538041 15068108
1662538042 14351174
1662538043 18466232
1662538044 16146082
1662538045 15154142
1662538046 13644124
1662538047 13853726
1662538048 15763442
1662538049 15694756
1662538050 15653770
1662538051 12249556
1662538052 8445250
1662538053 9072258
1662538054 15377934
1662538055 14953882
1662538056 16101828
1662538057 13967890
1662538058 16745092
1662538059 14075466
1662538060 16979576
1662538061 14185024
1662538062 15483368
1662538063 15226790
1662538064 18447914
1662538065 13666394
1662538066 15046658
1662538067 16092808
1662538068 8422014
1662538069 8451856
1662538070 9740702
1662538071 13892990
1662538072 15345088
1662538073 16142430
1662538074 17353010
1662538075 15650696
1662538076 13446576
1662538077 13736112
1662538078 15923902
1662538079 14873582
1662538080 15921342
1662538081 15298614
1662538082 16326464
1662538083 11994812
1662538084 9116044
1662538085 8235030
1662538086 15193134
1662538087 14211976
1662538088 16369978
1662538089 14291064
1662538090 16992370
1662538091 14482352
1662538092 15205344
1662538093 15622904
1662538094 18078350
1662538095 18232224
1662538096 18377344
1662538097 16938182
1662538098 18021752
1662538099 15526424
1662538100 13230198
1662538101 15970656
1662538102 17448096
1662538103 15310348
1662538104 10818090
1662538105 8473674
1662538106 8941716
1662538107 13951432
1662538108 15469740
1662538109 13563654
1662538110 17792684
1662538111 13725508
1662538112 17577344
1662538113 15553322
1662538114 15763794
1662538115 17231734
1662538116 14558940
1662538117 14892826
1662538118 14835494
1662538119 15948178
1662538120 10588920
1662538121 9785002
1662538122 7493300
1662538123 17761362
1662538124 15687232
1662538125 16493984
1662538126 12328400
1662538127 17204598
1662538128 18308548
1662538129 14670448
1662538130 11958626
1662538131 16946102
1662538132 12678900
1662538133 14813558
1662538134 17165550
1662538135 16381518
1662538136 14757092
1662538137 11075618
1662538138 7290472
1662538139 8480774
1662538140 14617866
1662538141 15442252
1662538142 14564346
1662538143 16971146
1662538144 14289192
1662538145 16271382
1662538146 13035996
1662538147 18587454
1662538148 13666374
1662538149 17674272
1662538150 12559778
1662538151 17718652
1662538152 14128132
1662538153 8146974
1662538154 9197300
1662538155 12691856
1662538156 15585572
1662538157 18034726
1662538158 14131082
1662538159 14971816
1662538160 14957370
1662538161 18252322
1662538162 15643612
1662538163 13986484
1662538164 15381342
1662538165 13095292
1662538166 18312432
1662538167 15286914
1662538168 13471794
1662538169 9576732
1662538170 9845922
1662538171 14782232
1662538172 18385174
1662538173 18350390
1662538174 15557998
1662538175 17073392
1662538176 15328702
1662538177 13415400
1662538178 15744218
1662538179 15505978
1662538180 14889600
1662538181 15395302
1662538182 15797926
1662538183 15307742
1662538184 18330208
1662538185 12856616
1662538186 9464094
1662538187 9189698
1662538188 10402024
1662538189 15306230
1662538190 15134024
1662538191 15382938
1662538192 15578102
1662538193 15556754
1662538194 15891768
1662538195 14838780
1662538196 18417134
1662538197 13511814
1662538198 13810132
1662538199 17765636
1662538200 12149808
1662538201 10353696
1662538202 9550442
1662538203 11438338
1662538204 13191974
1662538205 16503494
1662538206 13180852
1662538207 18217318
1662538208 13378304
1662538209 17492664
1662538210 13321622
1662538211 16434212
1662538212 14845842
1662538213 16119268
1662538214 15233762
1662538215 16348028
1662538216 13035030
1662538217 10286396
1662538218 8467826
1662538219 10417906
1662538220 15122198
1662538221 14019994
1662538222 18132786
1662538223 15379674
1662538224 17835854
1662538225 11211540
1662538226 15697276
1662538227 17290748
1662538228 18463212
1662538229 15702956
1662538230 12510348
1662538231 15741846
1662538232 10788732
1662538233 9719662
1662538234 10290196
1662538235 11855646
1662538236 15797152
1662538237 14118548
1662538238 17029654
1662538239 13818480
1662538240 15382846
1662538241 13299966
1662538242 18307740
1662538243 13943708
1662538244 17448090
1662538245 16352008
1662538246 18116740
1662538247 18431460
1662538248 18353156
1662538249 16696004
1662538250 16424306
1662538251 12941260
1662538252 7959044
1662538253 8793824
1662538254 12055058
1662538255 16814900
1662538256 13066538
1662538257 14248728
1662538258 17161656
1662538259 18163528
1662538260 13599754
1662538261 14685890
1662538262 15579684
1662538263 15727800
1662538264 18091776
1662538265 12515228
1662538266 11642254
1662538267 9230912
1662538268 9913456
1662538269 10285068
1662538270 12435256
1662538271 15831464
1662538272 16478524
1662538273 17404842
1662538274 15787502
1662538275 11531456
1662538276 15382276
1662538277 15803662
1662538278 18174864
1662538279 15808504
1662538280 11928426
1662538281 15160052
1662538282 15555872
1662538283 10176000
1662538284 10405192
1662538285 9144606
1662538286 15694930
1662538287 15661366
1662538288 15944440
1662538289 14563996
1662538290 14217992
1662538291 17480738
1662538292 15647970
1662538293 13313548
1662538294 15492676
1662538295 16444768
1662538296 15665598
1662538297 12137532
1662538298 9255378
1662538299 8969988
1662538300 9618592
1662538301 18181446
1662538302 12976372
1662538303 18129936
1662538304 13229250
1662538305 16108100
1662538306 15587356
1662538307 17765708
1662538308 11445612
1662538309 17973128
1662538310 14968962
1662538311 12963016
1662538312 17513000
1662538313 16119016
1662538314 10461292
1662538315 8697402
1662538316 8542120
1662538317 15031406
1662538318 14269978
1662538319 18484766
1662538320 16398070
1662538321 18429684
1662538322 18269504
1662538323 13867294
1662538324 17504174
1662538325 12244244
1662538326 18239062
1662538327 13804810
1662538328 17879538
1662538329 13961064
1662538330 16731074
1662538331 13074408
1662538332 10476190
1662538333 9515800
1662538334 12836558
1662538335 12281060
1662538336 13862980
1662538337 17743662
1662538338 15657868
1662538339 18240176
1662538340 13816796
1662538341 13439620
1662538342 15491942
1662538343 16254530
1662538344 17388356
1662538345 14835200
1662538346 12058764
1662538347 9083460
1662538348 9091398
1662538349 12090066
1662538350 14075468
1662538351 14695374
1662538352 15984264
1662538353 13945292
1662538354 18478108
1662538355 12946762
1662538356 17662982
1662538357 13438678
1662538358 17646068
1662538359 12892828
1662538360 17020048
1662538361 12584224
1662538362 9155208
1662538363 8492688
1662538364 14334182
1662538365 6783244
1662538366 978
