# events called
1662539671 758646
1662539672 2501666
1662539673 383892
1662539674 11110386
1662539675 14452872
1662539676 18696144
1662539677 17826552
1662539678 16594566
1662539679 14749704
1662539680 15633132
1662539681 18520512
1662539682 14782254
1662539683 15858072
1662539684 16702188
1662539685 15430110
1662539686 17332434
1662539687 15004494
1662539688 14764284
1662539689 16239834
1662539690 18198696
1662539691 15794748
1662539692 13477236
1662539693 15682278
1662539694 18041244
1662539695 14295222
1662539696 16508946
1662539697 15369102
1662539698 16336440
1662539699 16120110
1662539700 14525088
1662539701 16134492
1662539702 14897142
1662539703 14372304
1662539704 15675912
1662539705 17883432
1662539706 16293900
1662539707 16206768
1662539708 13123122
1662539709 16963128
1662539710 16261236
1662539711 16222062
1662539712 13002726
1662539713 15926028
1662539714 16503432
1662539715 15841680
1662539716 14398572
1662539717 17349798
1662539718 16122720
1662539719 16011522
1662539720 14264412
1662539721 14779560
1662539722 14097738
1662539723 16281540
1662539724 15238302
1662539725 17979612
1662539726 12320940
1662539727 16711812
1662539728 14868174
1662539729 17409006
1662539730 12058272
1662539731 17381556
1662539732 16052628
1662539733 18851196
1662539734 15608628
1662539735 17279880
1662539736 12452730
1662539737 17151354
1662539738 17553834
1662539739 14707422
1662539740 13405014
1662539741 17766078
1662539742 15972684
1662539743 15796512
1662539744 17053548
1662539745 14592372
1662539746 15080700
1662539747 17522994
1662539748 15245514
1662539749 18007470
1662539750 12103626
1662539751 17526864
1662539752 14521014
1662539753 16449012
1662539754 16640856
1662539755 16435302
1662539756 13197954
1662539757 16993308
1662539758 16041846
1662539759 17749122
1662539760 15958380
1662539761 17125770
1662539762 10884684
1662539763 16597860
1662539764 18654336
1662539765 16546446
1662539766 15330228
1662539767 17747694
1662539768 13249206
1662539769 13766394
1662539770 17248566
1662539771 18680742
1662539772 15093708
1662539773 15995802
1662539774 12395466
1662539775 16545420
1662539776 18956370
1662539777 14755518
1662539778 15318492
1662539779 18046512
1662539780 11278716
1662539781 16463880
1662539782 14041050
1662539783 17361534
1662539784 15737226
1662539785 17821404
1662539786 12993114
1662539787 15613470
1662539788 14975370
1662539789 17714574
1662539790 15428640
1662539791 18087270
1662539792 15183510
1662539793 18782184
1662539794 10963488
1662539795 14814324
1662539796 16353768
1662539797 15553338
1662539798 16217880
1662539799 18604248
1662539800 12160986
1662539801 15646230
1662539802 14048622
1662539803 18467958
1662539804 16523268
1662539805 15196884
1662539806 11549556
1662539807 15857514
1662539808 16854228
1662539809 16822578
1662539810 18989982
1662539811 18954150
1662539812 18012462
1662539813 18447540
1662539814 16835802
1662539815 16503084
1662539816 17380032
1662539817 13208214
1662539818 14055792
1662539819 15546828
1662539820 18296520
1662539821 16719678
1662539822 17923638
1662539823 14668860
1662539824 15647178
1662539825 18012738
1662539826 14006532
1662539827 13932084
1662539828 14955264
1662539829 16171368
1662539830 17981616
1662539831 16209060
1662539832 15951360
1662539833 12709230
1662539834 15936024
1662539835 15946176
1662539836 16802106
1662539837 16467324
1662539838 16353240
1662539839 14234970
1662539840 11372610
1662539841 17804580
1662539842 14477616
1662539843 18406986
1662539844 14923080
1662539845 17903550
1662539846 15958986
1662539847 16596132
1662539848 11660418
1662539849 15109572
1662539850 15722904
1662539851 16671006
1662539852 17905140
1662539853 16362546
1662539854 16809078
1662539855 16995468
1662539856 16764540
1662539857 15693618
1662539858 10726722
1662539859 14083224
1662539860 16833864
1662539861 16013850
1662539862 14625108
1662539863 15991494
1662539864 18852420
1662539865 14942364
1662539866 13051266
1662539867 11746506
1662539868 18096390
1662539869 15303156
1662539870 16927080
1662539871 17027622
1662539872 17339214
1662539873 15358296
1662539874 16112778
1662539875 17745102
1662539876 15901704
1662539877 9577446
1662539878 14979024
1662539879 18292746
1662539880 16576098
1662539881 18878562
1662539882 18002712
1662539883 18785478
1662539884 18272202
1662539885 18271212
1662539886 14501658
1662539887 14586048
1662539888 17875530
1662539889 17303568
1662539890 18470250
1662539891 10880850
1662539892 11241138
1662539893 16338720
1662539894 16091694
1662539895 17677962
1662539896 16950324
1662539897 16802826
1662539898 16940616
1662539899 17083794
1662539900 15961350
1662539901 18124944
1662539902 13338654
1662539903 10642326
1662539904 15910218
1662539905 16914438
1662539906 17007072
1662539907 15824376
1662539908 17521104
1662539909 15618438
1662539910 18037890
1662539911 15874782
1662539912 18183198
1662539913 13449780
1662539914 11427048
1662539915 16511742
1662539916 17133828
1662539917 14409318
1662539918 17155206
1662539919 17079870
1662539920 18753636
1662539921 17034078
1662539922 14266020
1662539923 18573822
1662539924 15030690
1662539925 10667556
1662539926 12728874
1662539927 16001580
1662539928 16143672
1662539929 17688960
1662539930 15794820
1662539931 16706388
1662539932 17078778
1662539933 16878840
1662539934 16912386
1662539935 16992690
1662539936 14112618
1662539937 10354650
1662539938 14215806
1662539939 17382726
1662539940 15316116
1662539941 15881568
1662539942 15816018
1662539943 17707068
1662539944 17026242
1662539945 17389440
1662539946 15348834
1662539947 17088198
1662539948 11291994
1662539949 11819094
1662539950 17443038
1662539951 15082488
1662539952 15482472
1662539953 18241662
1662539954 18717780
1662539955 16921326
1662539956 18697782
1662539957 18727494
1662539958 16573872
1662539959 18428040
1662539960 13414194
1662539961 15641190
1662539962 18235356
1662539963 11203710
1662539964 11880504
1662539965 14748702
1662539966 17224128
1662539967 16370694
1662539968 17251752
1662539969 16660146
1662539970 15394848
1662539971 16766214
1662539972 18120096
1662539973 15590796
1662539974 18420078
1662539975 15485412
1662539976 18188610
1662539977 9966138
1662539978 10438590
1662539979 16796142
1662539980 14810952
1662539981 17627250
1662539982 16020246
1662539983 15975882
1662539984 15293910
1662539985 17423700
1662539986 16204926
1662539987 18217680
1662539988 14490348
1662539989 15555696
1662539990 10414680
1662539991 11795544
1662539992 14671116
1662539993 16375944
1662539994 18676158
1662539995 12342228
1662539996 16439934
1662539997 16380258
1662539998 18346734
1662539999 14877096
1662540000 14221566
1662540001 10785324
1662540002 10675356
1662540003 14879322
1662540004 18899046
1662540005 13525938
1662540006 14891664
1662540007 17363946
1662540008 16285368
1662540009 18561090
1662540010 14109222
1662540011 16377318
1662540012 18224148
1662540013 14517246
1662540014 11158752
1662540015 9434742
1662540016 16255404
1662540017 18384984
1662540018 14695218
1662540019 15264570
1662540020 15223968
1662540021 15159036
1662540022 17680404
1662540023 15808788
1662540024 17944590
1662540025 16595214
1662540026 18547560
1662540027 18824226
1662540028 18761322
1662540029 16942638
1662540030 16522458
1662540031 9877032
1662540032 10878882
1662540033 16727436
1662540034 14908374
1662540035 15868650
1662540036 16281474
1662540037 18356904
1662540038 14938170
1662540039 17082906
1662540040 16174488
1662540041 15212616
1662540042 14495592
1662540043 10573980
1662540044 13372188
1662540045 16258608
1662540046 16361892
1662540047 14742048
1662540048 16518324
1662540049 16716180
1662540050 15580884
1662540051 14856114
1662540052 16937628
1662540053 17174814
1662540054 15514194
1662540055 9679746
1662540056 9941208
1662540057 17408778
1662540058 14583354
1662540059 18580932
1662540060 14194914
1662540061 18495846
1662540062 14918214
1662540063 18414612
1662540064 16813866
1662540065 15575286
1662540066 15182262
1662540067 16280280
1662540068 18469836
1662540069 9961032
1662540070 8985420
1662540071 15838536
1662540072 17141058
1662540073 15191160
1662540074 15988884
1662540075 17548752
1662540076 14715144
1662540077 15143316
1662540078 18399678
1662540079 15498726
1662540080 17467608
1662540081 15940734
1662540082 10791660
1662540083 10367958
1662540084 15282030
1662540085 13069626
1662540086 17928354
1662540087 14956494
1662540088 18516096
1662540089 15049362
1662540090 17339472
1662540091 14993250
1662540092 18117114
1662540093 16937172
1662540094 17725692
1662540095 13190778
1662540096 10152114
1662540097 10679904
1662540098 15867852
1662540099 18815472
1662540100 17456424
1662540101 18735888
1662540102 18721956
1662540103 15595134
1662540104 16951092
1662540105 16877976
1662540106 16800474
1662540107 14607936
1662540108 18589554
1662540109 16778100
1662540110 13745616
1662540111 16832868
1662540112 15531768
1662540113 9513840
1662540114 10746750
1662540115 15690918
1662540116 16824966
1662540117 18494184
1662540118 14765172
1662540119 16771932
1662540120 14554224
1662540121 17564766
1662540122 15782586
1662540123 16889658
1662540124 18426024
1662540125 15363486
1662540126 16065690
1662540127 10967646
1662540128 10967274
1662540129 13346838
1662540130 13654794
1662540131 16825410
1662540132 15977424
1662540133 15577866
1662540134 16740426
1662540135 16038330
1662540136 17909238
1662540137 15206586
1662540138 15070434
1662540139 16005972
1662540140 10026834
1662540141 9869664
1662540142 15062778
1662540143 16545078
1662540144 16924410
1662540145 15002910
1662540146 16851378
1662540147 15444546
1662540148 17747682
1662540149 14808978
1662540150 16300356
1662540151 14447436
1662540152 18646338
1662540153 16060098
1662540154 11184648
1662540155 9716112
1662540156 13402716
1662540157 17453088
1662540158 16771080
1662540159 17409960
1662540160 13611036
1662540161 16220298
1662540162 18244980
1662540163 16597338
1662540164 16701138
1662540165 13194498
1662540166 16422192
1662540167 13892706
1662540168 10059294
1662540169 10539510
1662540170 15458760
1662540171 16725576
1662540172 18018186
1662540173 17162214
1662540174 18798432
1662540175 17550054
1662540176 18688812
1662540177 16444542
1662540178 16185120
1662540179 17206734
1662540180 14808048
1662540181 15169920
1662540182 16841694
1662540183 18354864
1662540184 16341558
1662540185 16220550
1662540186 10386888
1662540187 10004784
1662540188 11610186
1662540189 15952524
1662540190 15296838
1662540191 18132336
1662540192 18590766
1662540193 15225654
1662540194 16501938
1662540195 16052712
1662540196 15042396
1662540197 18259686
1662540198 14766492
1662540199 17920380
1662540200 10055898
1662540201 10228554
1662540202 11667918
1662540203 16782054
1662540204 17202780
1662540205 14729412
1662540206 16658052
1662540207 16560978
1662540208 16531656
1662540209 16742934
1662540210 15174432
1662540211 16059990
1662540212 18196428
1662540213 16523358
1662540214 14724618
1662540215 9108882
1662540216 10296084
1662540217 14736486
1662540218 16007142
1662540219 15690468
1662540220 16138806
1662540221 16562868
1662540222 16646328
1662540223 14553210
1662540224 16350870
1662540225 16487094
1662540226 15153744
1662540227 13771290
1662540228 9629928
1662540229 11787426
1662540230 13761108
1662540231 16083390
1662540232 16522056
1662540233 16882854
1662540234 15685956
1662540235 15219360
1662540236 16871238
1662540237 16606068
1662540238 14719716
1662540239 15852744
1662540240 9481080
1662540241 10268100
1662540242 14545140
1662540243 17892714
1662540244 18734964
1662540245 14444730
1662540246 18603306
1662540247 18374034
1662540248 18628974
1662540249 16271616
1662540250 13638888
1662540251 18010566
1662540252 14104884
1662540253 15963156
1662540254 18353742
1662540255 14317680
1662540256 17561790
1662540257 12422100
1662540258 10154784
1662540259 10646358
1662540260 13411788
1662540261 16746084
1662540262 14640318
1662540263 16411752
1662540264 16292610
1662540265 16080408
1662540266 15069918
1662540267 15851556
1662540268 16635972
1662540269 16455558
1662540270 10341438
1662540271 9965040
1662540272 13759584
1662540273 16612206
1662540274 15239796
1662540275 15562230
1662540276 16136742
1662540277 16464678
1662540278 16387674
1662540279 18661812
1662540280 14846058
1662540281 14670072
1662540282 16560876
1662540283 13883082
1662540284 10578534
1662540285 9233466
1662540286 14027010
1662540287 17212194
1662540288 16459524
1662540289 16376952
1662540290 14112864
1662540291 16520004
1662540292 18260592
1662540293 15952986
1662540294 15089148
1662540295 13383222
1662540296 10419762
1662540297 9620490
1662540298 17520828
1662540299 16580658
1662540300 14935398
1662540301 16484760
1662540302 18102654
1662540303 16143126
1662540304 15948972
1662540305 14617860
1662540306 15935262
1662540307 18459690
1662540308 16176036
1662540309 14837748
1662540310 10901520
1662540311 10217082
1662540312 12469944
1662540313 15174996
1662540314 14991888
1662540315 15306528
1662540316 16134408
1662540317 18603078
1662540318 16579500
1662540319 18687348
1662540320 16485414
1662540321 18707796
1662540322 17319282
1662540323 14994474
1662540324 18020490
1662540325 16133046
1662540326 16879380
1662540327 15186162
1662540328 10377354
1662540329 10997604
1662540330 10492188
1662540331 17320128
1662540332 16778940
1662540333 16025070
1662540334 18320232
1662540335 13772940
1662540336 18840960
1662540337 16493640
1662540338 14923380
1662540339 18511548
1662540340 16085484
1662540341 18133416
1662540342 16455192
1662540343 16489428
1662540344 11712204
1662540345 9966666
1662540346 10058364
1662540347 16369650
1662540348 14487498
1662540349 16533594
1662540350 13804530
1662540351 18198906
1662540352 16114314
1662540353 15614772
1662540354 16676994
1662540355 15796794
1662540356 16330860
1662540357 12854166
1662540358 10070988
1662540359 10010910
1662540360 13885980
1662540361 14765112
1662540362 18385272
1662540363 16458636
1662540364 18044244
1662540365 13412358
1662540366 15276810
1662540367 17524710
1662540368 17163450
1662540369 17311242
1662540370 13405410
1662540371 15234750
1662540372 10351032
1662540373 10782042
1662540374 14462916
1662540375 14257842
1662540376 14367426
1662540377 17825586
1662540378 16007712
1662540379 17860212
1662540380 13897446
1662540381 15136422
1662540382 17769888
1662540383 14853150
1662540384 18042846
1662540385 11148948
1662540386 10495560
1662540387 10308270
1662540388 12800712
1662540389 16624146
1662540390 14824842
1662540391 15429414
1662540392 17062518
1662540393 18240858
1662540394 18604734
1662540395 16686606
1662540396 18501744
1662540397 16450848
1662540398 16640244
1662540399 18368394
1662540400 14211366
1662540401 15443892
1662540402 11589540
1662540403 10737270
1662540404 10081134
1662540405 13702722
1662540406 14753016
1662540407 17240838
1662540408 16656462
1662540409 14831916
1662540410 16458156
1662540411 17657646
1662540412 16786404
1662540413 16433052
1662540414 14444040
1662540415 11288046
1662540416 10006818
1662540417 9628050
1662540418 15554676
1662540419 16411536
1662540420 15241830
1662540421 16894590
1662540422 15912174
1662540423 18733218
1662540424 15023412
1662540425 14760450
1662540426 17625762
1662540427 16897380
1662540428 18094434
1662540429 13939026
1662540430 8982000
1662540431 10088016
1662540432 11037396
1662540433 14774166
1662540434 18432948
1662540435 15574836
1662540436 15138426
1662540437 16607556
1662540438 18568392
1662540439 15053904
1662540440 15113844
1662540441 16526910
1662540442 18038430
1662540443 13852320
1662540444 10304190
1662540445 9468624
1662540446 10794270
1662540447 16701696
1662540448 15807990
1662540449 17385360
1662540450 14346072
1662540451 17725128
1662540452 14873460
1662540453 18086238
1662540454 15279120
1662540455 15822750
1662540456 15017760
1662540457 10630512
1662540458 10234422
1662540459 10257648
1662540460 9774744
1662540461 18038298
1662540462 14151390
1662540463 15222768
1662540464 18419778
1662540465 16323084
1662540466 18680322
1662540467 18622416
1662540468 17628294
1662540469 15565758
1662540470 14796216
1662540471 16226310
1662540472 16665480
1662540473 16536576
1662540474 16335786
1662540475 8828640
1662540476 10127382
1662540477 10788642
1662540478 16154718
1662540479 16923984
1662540480 15557538
1662540481 16132536
1662540482 18529584
1662540483 14812878
1662540484 18169938
1662540485 15009096
1662540486 17405586
1662540487 14017626
1662540488 17919990
1662540489 18643482
1662540490 14277750
1662540491 9777606
1662540492 9874692
1662540493 9605892
1662540494 14986326
1662540495 14353296
1662540496 16577526
1662540497 17584182
1662540498 15374100
1662540499 16198524
1662540500 14422800
1662540501 16414578
1662540502 14411586
1662540503 16279032
1662540504 10399836
1662540505 9334500
1662540506 9496266
1662540507 15317994
1662540508 17370492
1662540509 15539568
1662540510 15093714
1662540511 15881394
1662540512 16041738
1662540513 16659576
1662540514 18246636
1662540515 13690380
1662540516 17006772
1662540517 13702806
1662540518 17518032
1662540519 16577286
1662540520 10096110
1662540521 10835694
1662540522 10817076
1662540523 11098152
1662540524 12075828
1662540525 15174474
1662540526 18432756
1662540527 16332096
1662540528 14512782
1662540529 16441542
1662540530 15781014
1662540531 16245006
1662540532 16470108
1662540533 16411200
1662540534 16196226
1662540535 11262918
1662540536 9945888
1662540537 9946416
1662540538 15910800
1662540539 18444390
1662540540 15635742
1662540541 16337658
1662540542 16161408
1662540543 16352832
1662540544 16157784
1662540545 15354630
1662540546 14557770
1662540547 16463052
1662540548 16231872
1662540549 17728476
1662540550 15581736
1662540551 16371420
1662540552 11582628
1662540553 10269858
1662540554 10533762
1662540555 11117802
1662540556 15214242
1662540557 17531868
1662540558 17027700
1662540559 15404094
1662540560 13893384
1662540561 15332682
1662540562 17279802
1662540563 15117570
1662540564 17675946
1662540565 14392194
1662540566 17530410
1662540567 10978062
1662540568 10150686
1662540569 9992220
1662540570 10698462
1662540571 15299622
1662540572 16298274
1662540573 18370254
1662540574 14902224
1662540575 16566336
1662540576 16376784
1662540577 16395414
1662540578 16508754
1662540579 14858844
1662540580 15594492
1662540581 12889470
1662540582 10076310
1662540583 9970824
1662540584 10539102
1662540585 15335346
1662540586 15207570
1662540587 15704634
1662540588 16430166
1662540589 16216038
1662540590 14003418
1662540591 16006710
1662540592 16272402
1662540593 17014308
1662540594 15625194
1662540595 16164312
1662540596 11723556
1662540597 10076382
1662540598 10596798
1662540599 11530800
1662540600 14649540
1662540601 17416602
1662540602 14777790
1662540603 18011838
1662540604 16226220
1662540605 15802620
1662540606 13547760
1662540607 17961318
1662540608 16953078
1662540609 14576886
1662540610 16060656
1662540611 18105450
1662540612 18316140
1662540613 18668094
1662540614 16027344
1662540615 9681306
1662540616 9282006
1662540617 10934922
1662540618 14282196
1662540619 18167538
1662540620 13269912
1662540621 15214020
1662540622 15082890
1662540623 17159136
1662540624 15422226
1662540625 14116596
1662540626 16337958
1662540627 13491000
1662540628 9275004
1662540629 8613132
1662540630 10391742
1662540631 16313808
1662540632 18120048
1662540633 16407708
1662540634 16598178
1662540635 15935706
1662540636 14803974
1662540637 17671920
1662540638 16394856
1662540639 17027370
1662540640 13730550
1662540641 12323052
1662540642 10297308
1662540643 10397358
1662540644 11914896
1662540645 13826352
1662540646 16298112
1662540647 18255708
1662540648 14140080
1662540649 15850932
1662540650 15621240
1662540651 15964122
1662540652 16482978
1662540653 15347604
1662540654 10415628
1662540655 9190362
1662540656 10072002
1662540657 12195450
1662540658 17315640
1662540659 15001674
1662540660 16116546
1662540661 14218614
1662540662 17996928
1662540663 16551462
1662540664 18007800
1662540665 13771638
1662540666 16766268
1662540667 18094980
1662540668 13152042
1662540669 9294528
1662540670 9605100
1662540671 9776328
1662540672 15400644
1662540673 15758814
1662540674 17091114
1662540675 14586792
1662540676 16341432
1662540677 14535396
1662540678 16671540
1662540679 18626640
1662540680 14893080
1662540681 15272880
1662540682 16547574
1662540683 10710012
1662540684 9210360
1662540685 10637904
1662540686 18441948
1662540687 18309720
1662540688 16301406
1662540689 17526570
1662540690 12485898
1662540691 16828458
1662540692 15586998
1662540693 18260658
1662540694 16289484
1662540695 13842948
1662540696 14111082
1662540697 18096696
1662540698 18376770
1662540699 14728800
1662540700 9625470
1662540701 10078002
1662540702 9969396
1662540703 11769846
1662540704 15662382
1662540705 15460218
1662540706 16233090
1662540707 18148014
1662540708 14512458
1662540709 14804784
1662540710 15350022
1662540711 14708334
1662540712 17806740
1662540713 12527892
1662540714 10186686
1662540715 8789856
1662540716 10276854
1662540717 14091054
1662540718 16568166
1662540719 16241340
1662540720 13270464
1662540721 16216374
1662540722 16430280
1662540723 16430394
1662540724 18209028
1662540725 15715998
1662540726 16150434
1662540727 11706798
1662540728 9506970
1662540729 10423512
1662540730 10469154
1662540731 14323524
1662540732 17694972
1662540733 16305258
1662540734 16194336
1662540735 14755122
1662540736 14517276
1662540737 16389162
1662540738 16191660
1662540739 16030854
1662540740 9444150
1662540741 10465650
1662540742 10186002
1662540743 10816566
1662540744 15238476
1662540745 10614492
1662540746 15494982
1662540747 17095632
1662540748 15463746
1662540749 17682324
1662540750 13822314
1662540751 18183924
1662540752 14283852
1662540753 18487746
1662540754 15818754
1662540755 13111002
1662540756 4892760
1662540757 8136456
1662540758 13546014
1662540759 18668634
1662540760 14154216
1662540761 14800770
1662540762 17660610
1662540763 16539708
1662540764 17467968
1662540765 13175190
1662540766 15800394
1662540767 17525982
1662540768 17105502
1662540769 17183874
1662540770 11604120
1662540771 7841802
1662540772 10028310
1662540773 10103988
1662540774 15841284
1662540775 13946178
1662540776 16535478
1662540777 16295490
1662540778 16892454
1662540779 16005732
1662540780 14129280
1662540781 16510410
1662540782 16488414
1662540783 18023370
1662540784 13559796
1662540785 9162288
1662540786 9648018
1662540787 9810690
1662540788 13929120
1662540789 14958210
1662540790 14133354
1662540791 18013428
1662540792 16565880
1662540793 14704956
1662540794 18535530
1662540795 13218624
1662540796 15192804
1662540797 15448398
1662540798 10110186
1662540799 9949242
1662540800 7302546
1662540801 13716600
1662540802 16672230
1662540803 15893808
1662540804 16402080
1662540805 15552096
1662540806 15948804
1662540807 16307388
1662540808 16164294
1662540809 16700040
1662540810 14300130
1662540811 16643280
1662540812 12487206
1662540813 9665238
1662540814 10368894
1662540815 8615778
1662540816 14708994
1662540817 15947964
1662540818 16171836
1662540819 17700234
1662540820 15831948
1662540821 16025286
1662540822 14609610
1662540823 18119862
1662540824 16169904
1662540825 14096496
1662540826 16490562
1662540827 15317424
1662540828 9867678
1662540829 9767022
1662540830 9523992
1662540831 17974248
1662540832 18353610
1662540833 16287492
1662540834 16336878
1662540835 15735096
1662540836 16665864
1662540837 15074784
1662540838 16443912
1662540839 16735416
1662540840 14746290
1662540841 16991010
1662540842 16804656
1662540843 17575056
1662540844 12887244
1662540845 7494792
1662540846 9849084
1662540847 10226208
1662540848 11417094
1662540849 16860222
1662540850 16157706
1662540851 16641210
1662540852 14941686
1662540853 14297826
1662540854 15780270
1662540855 15514230
1662540856 15327498
1662540857 17293950
1662540858 12028116
1662540859 10792332
1662540860 9285396
1662540861 10102608
1662540862 11459634
1662540863 17659224
1662540864 14771820
1662540865 16625760
1662540866 14655540
1662540867 17056776
1662540868 15305820
1662540869 17017890
1662540870 14709060
1662540871 16080186
1662540872 16317690
1662540873 15764064
1662540874 1226076
1662540875 1184


# events submitted
1662539671 758646
1662539672 2501666
1662539673 382044
1662539674 11034588
1662539675 14368776
1662539676 18592470
1662539677 17699742
1662539678 16495158
1662539679 14687508
1662539680 15576036
1662539681 18422076
1662539682 14716710
1662539683 15750162
1662539684 16616868
1662539685 15363180
1662539686 17240376
1662539687 14941644
1662539688 14706846
1662539689 16164276
1662539690 18068316
1662539691 15748302
1662539692 13425732
1662539693 15587148
1662539694 17923488
1662539695 14238336
1662539696 16479600
1662539697 15291228
1662539698 16244304
1662539699 16061190
1662539700 14446566
1662539701 16130862
1662539702 14822598
1662539703 14283942
1662539704 15594078
1662539705 17786724
1662539706 16191648
1662539707 16118202
1662539708 13068894
1662539709 16942926
1662539710 16170624
1662539711 16134426
1662539712 12976458
1662539713 15855018
1662539714 16391976
1662539715 15748296
1662539716 14346348
1662539717 17221932
1662539718 16038564
1662539719 15924564
1662539720 14206902
1662539721 14737620
1662539722 14085708
1662539723 16148658
1662539724 15183498
1662539725 17879682
1662539726 12289182
1662539727 16605012
1662539728 14793636
1662539729 17252694
1662539730 12020562
1662539731 15255216
1662539732 9966876
1662539733 9335622
1662539734 3506148
1662539735 4354536
1662539736 3675234
1662539737 4489992
1662539738 4483998
1662539739 3260658
1662539740 1787970
1662539741 4034676
1662539742 4412934
1662539743 4571904
1662539744 3879252
1662539745 3169974
1662539746 4220604
1662539747 4227510
1662539748 2248968
1662539749 4328184
1662539750 4481850
1662539751 4302816
1662539752 4207266
1662539753 3069798
1662539754 1735482
1662539755 73086
1662539756 2258760
1662539757 495522
1662539758 2362074
1662539759 517722
1662539760 2077506
1662539761 245136
1662539762 2348982
1662539763 1296324
1662539764 7008
1662539765 1301328
1662539766 2591862
1662539768 1297350
1662539769 2124354
1662539770 1768716
1662539771 522
1662539772 1637520
1662539773 1400754
1662539774 2150940
1662539775 1297932
1662539777 1816512
1662539778 2527494
1662539779 845166
1662539780 1544070
1662539781 1048752
1662539782 2595180
1662539783 406278
1662539784 2188722
1662539785 68256
1662539786 2510082
1662539787 16764
1662539788 1365090
1662539789 1230348
1662539790 1557636
1662539791 1036842
1662539792 1304844
1662539794 1678908
1662539795 2278254
1662539796 1461036
1662539797 1390530
1662539798 1828452
1662539799 966
1662539800 1297116
1662539801 1446732
1662539802 2446134
1662539804 1297290
1662539805 2594586
1662539806 1296522
1662539807 1297650
1662539808 1297398
1662539809 1297920
1662539814 1297662
1662539815 1349664
1662539816 1245630
1662539817 1296978
1662539818 1296522
1662539819 1806630
1662539820 787698
1662539821 1313964
1662539823 1766538
1662539824 2528094
1662539825 895632
1662539826 636
1662539827 1297134
1662539828 1807134
1662539829 2148138
1662539830 390126
1662539831 2204034
1662539832 1297338
1662539833 171378
1662539834 2138970
1662539835 1798596
1662539836 1273956
1662539837 1148844
1662539838 1297530
1662539839 1626912
1662539840 1385010
1662539841 879042
1662539842 2119110
1662539843 505080
1662539844 2565096
1662539845 511656
1662539846 2084064
1662539847 549102
1662539848 117858
1662539849 2310126
1662539850 2211798
1662539851 1297044
1662539853 1212126
1662539854 1404240
1662539855 1298538
1662539856 1297272
1662539857 1298382
1662539858 1133394
1662539859 1521468
1662539860 1296882
1662539861 1553508
1662539862 2338818
1662539863 1297590
1662539865 2594970
1662539866 1297248
1662539867 1296828
1662539869 2594784
1662539870 1296726
1662539871 1297440
1662539872 354408
1662539873 2255400
1662539874 1639806
1662539875 940548
1662539876 479946
1662539877 1942098
1662539878 2115444
1662539879 652218
1662539880 1297710
1662539884 162
1662539886 2632326
1662539887 2535714
1662539888 206970
1662539889 1112718
1662539890 94818
1662539891 1996968
1662539892 1798482
1662539893 1295724
1662539894 1590732
1662539895 1033602
1662539896 1297032
1662539897 1297446
1662539898 720750
1662539899 1874592
1662539900 1296936
1662539901 72
1662539902 1395240
1662539903 2065416
1662539904 1730496
1662539905 1297260
1662539906 1298070
1662539907 1308954
1662539908 1286058
1662539909 1689708
1662539910 905436
1662539911 1774776
1662539912 1812
1662539913 2191044
1662539914 415746
1662539915 1545468
1662539916 1297092
1662539917 1820538
1662539918 2071368
1662539919 806490
1662539920 491712
1662539921 1297554
1662539922 2594622
1662539923 1014
1662539924 1145712
1662539925 1491642
1662539926 1359864
1662539927 2490354
1662539928 1405014
1662539929 1189596
1662539930 1519422
1662539931 1075338
1662539932 1186548
1662539933 1409292
1662539934 660312
1662539935 1935018
1662539936 1195818
1662539937 1398954
1662539938 1534566
1662539939 1059300
1662539940 1715988
1662539941 881358
1662539942 1694304
1662539943 902130
1662539944 631092
1662539945 762468
1662539946 1318836
1662539947 1373934
1662539948 2509800
1662539949 954
1662539950 1298556
1662539951 1358640
1662539952 3090870
1662539953 742638
1662539958 1150680
1662539959 214644
1662539960 2799960
1662539961 2362572
1662539962 148110
1662539963 701244
1662539964 1918770
1662539965 2456076
1662539966 936474
1662539967 1659954
1662539968 667590
1662539969 1928856
1662539970 1111818
1662539971 1483326
1662539972 89358
1662539973 2221086
1662539974 286512
1662539975 1353792
1662539976 55200
1662539977 14838
1662539978 852444
1662539979 3365730
1662539980 2115882
1662539981 368760
1662539982 1453218
1662539983 2158968
1662539984 1773150
1662539985 821592
1662539986 527142
1662539987 772506
1662539988 2356866
1662539989 1907748
1662539990 927438
1662539991 1349808
1662539992 1868934
1662539993 1972392
1662539995 2086272
1662539996 1807350
1662539997 1299882
1662539998 2856
1662539999 2501976
1662540000 1388478
1662540001 1195014
1662540002 1201458
1662540003 1520358
1662540005 1454052
1662540006 2532810
1662540007 1206750
1662540008 1299054
1662540010 2326524
1662540011 1566426
1662540012 83760
1662540013 2250270
1662540014 1936290
1662540015 921888
1662540016 1360692
1662540018 2357382
1662540019 2835210
1662540020 246660
1662540021 2350068
1662540022 537462
1662540023 1613226
1662540024 670200
1662540025 1075884
1662540029 1297926
1662540030 249258
1662540031 1475148
1662540032 757050
1662540033 1842192
1662540034 2168754
1662540035 480936
1662540036 1245516
1662540037 207564
1662540038 2544894
1662540039 1141944
1662540040 170304
1662540041 2420292
1662540042 1436004
1662540043 1170288
1662540044 62370
1662540045 1238202
1662540046 1297170
1662540047 2601324
1662540048 1300398
1662540049 1298574
1662540050 305322
1662540051 2283420
1662540052 1438548
1662540053 1166538
1662540054 1600266
1662540055 994524
1662540056 1433856
1662540057 1159938
1662540058 2596284
1662540059 13350
1662540060 2584200
1662540062 2101602
1662540063 585966
1662540064 1298148
1662540065 401736
1662540066 2516208
1662540067 1296192
1662540068 50616
1662540069 1502238
1662540070 1333416
1662540071 1096728
1662540072 1216434
1662540073 1874178
1662540074 2022852
1662540076 1580490
1662540077 3212076
1662540078 405474
1662540079 1273758
1662540080 1322652
1662540081 1306140
1662540082 465858
1662540083 202842
1662540084 3006306
1662540085 1887660
1662540086 919734
1662540087 2519046
1662540088 75342
1662540089 2041386
1662540090 552624
1662540091 2595432
1662540092 176892
1662540093 1121250
1662540094 355308
1662540095 1272018
1662540096 2676798
1662540097 887052
1662540098 1333242
1662540103 2114256
1662540104 1014864
1662540105 765366
1662540106 1007934
1662540107 1515810
1662540108 1371528
1662540109 1020324
1662540110 2007870
1662540111 2164356
1662540112 179604
1662540113 2416464
1662540114 915744
1662540115 1679658
1662540116 1298220
1662540117 40728
1662540118 2555742
1662540119 1297656
1662540120 1298742
1662540121 120270
1662540122 2477202
1662540123 1298286
1662540124 948
1662540125 625032
1662540126 1970172
1662540127 468156
1662540128 1528740
1662540129 1929798
1662540130 555258
1662540131 2039532
1662540132 1497942
1662540133 1302330
1662540134 2392902
1662540135 83208
1662540136 142890
1662540137 2452458
1662540138 2595036
1662540139 1048944
1662540140 1214670
1662540142 2926746
1662540143 1297794
1662540144 1298736
1662540145 1301916
1662540146 1293042
1662540147 1495410
1662540148 1102734
1662540149 2020056
1662540150 575340
1662540151 2595462
1662540153 1008834
1662540154 288744
1662540155 1832640
1662540156 1863624
1662540157 1497738
1662540158 1297368
1662540159 633174
1662540160 2310648
1662540161 2195286
1662540162 52812
1662540163 1298100
1662540164 1134960
1662540165 2759340
1662540166 1301442
1662540167 776964
1662540168 1210200
1662540169 1024692
1662540170 2180040
1662540171 1296372
1662540172 57498
1662540173 1241358
1662540177 1297296
1662540178 1296804
1662540179 1297626
1662540180 1125060
1662540181 2024106
1662540182 1453044
1662540183 587682
1662540184 1299648
1662540186 1166910
1662540187 1980144
1662540188 1801782
1662540189 2110638
1662540190 1697262
1662540191 563886
1662540192 1218
1662540193 1752636
1662540194 1439226
1662540195 2000214
1662540196 2295234
1662540197 299136
1662540198 2210772
1662540199 387246
1662540200 1722954
1662540201 872310
1662540202 2594814
1662540203 1298730
1662540204 502302
1662540205 2091942
1662540206 1297272
1662540207 1297338
1662540208 1047948
1662540209 1549206
1662540210 607992
1662540211 1987476
1662540212 38256
1662540213 1297542
1662540214 1298544
1662540215 1298238
1662540216 434454
1662540217 2726514
1662540218 1811778
1662540219 2080680
1662540220 714
1662540221 1298250
1662540222 865116
1662540223 1367976
1662540224 2960112
1662540226 635316
1662540227 1306452
1662540228 326262
1662540229 2844276
1662540230 2674752
1662540231 1297146
1662540232 1297752
1662540233 211158
1662540234 2402610
1662540235 1388706
1662540236 1189710
1662540237 1171158
1662540238 1700472
1662540239 1240440
1662540240 1082238
1662540241 763890
1662540242 2337630
1662540243 790908
1662540247 26994
1662540249 1305828
1662540250 2588676
1662540252 3125376
1662540253 2065362
1662540254 3318
1662540255 1226598
1662540256 422952
1662540257 1588134
1662540258 718686
1662540259 1632924
1662540260 2206110
1662540261 145476
1662540262 2571426
1662540263 2475714
1662540264 534420
1662540265 763344
1662540266 1650474
1662540267 2242386
1662540268 1298502
1662540269 1104444
1662540270 1490592
1662540271 256056
1662540272 1135494
1662540273 1298382
1662540274 2595546
1662540275 1298736
1662540276 1297614
1662540277 1298106
1662540278 1298238
1662540279 7506
1662540280 1297392
1662540281 2595408
1662540282 1297920
1662540283 1212648
1662540284 73872
1662540285 1122768
1662540286 2881494
1662540287 1221684
1662540288 1298472
1662540289 1297674
1662540290 1794798
1662540291 1867164
1662540292 231306
1662540293 1331934
1662540294 2560998
1662540295 1283514
1662540296 14160
1662540297 1297950
1662540299 747582
1662540300 1846554
1662540301 1298634
1662540302 660
1662540303 1068828
1662540304 1626390
1662540305 2496606
1662540306 1307028
1662540308 1297686
1662540309 2593368
1662540310 1297758
1662540311 1211256
1662540312 107100
1662540313 1472886
1662540314 2649612
1662540315 1068900
1662540316 1298460
1662540318 1298526
1662540322 392934
1662540323 2540304
1662540324 961062
1662540325 1297110
1662540326 1297500
1662540327 1366368
1662540328 1181676
1662540329 746604
1662540330 751656
1662540331 2440284
1662540332 917838
1662540333 1677762
1662540334 1812
1662540335 1298556
1662540337 1297764
1662540338 2594934
1662540340 1297410
1662540341 35910
1662540342 1299456
1662540343 1298718
1662540344 468324
1662540345 2430978
1662540346 866556
1662540347 1507710
1662540348 2595996
1662540349 1297122
1662540350 1297698
1662540351 678
1662540352 1470030
1662540353 2425890
1662540354 1297956
1662540355 1298466
1662540356 1296546
1662540357 1137708
1662540358 1457328
1662540359 1296810
1662540360 1298922
1662540361 2444718
1662540362 150846
1662540363 1299546
1662540364 111012
1662540365 2105820
1662540366 2072118
1662540367 1268232
1662540368 1018992
1662540369 426990
1662540370 3010542
1662540371 1410714
1662540372 343440
1662540373 1338258
1662540374 1686
1662540375 1953432
1662540376 1950222
1662540377 1283484
1662540378 1298286
1662540379 275514
1662540380 2100960
1662540381 2341458
1662540382 474348
1662540383 1343616
1662540384 1255674
1662540385 1350168
1662540386 883416
1662540387 989880
1662540388 2875458
1662540389 1653540
1662540390 453336
1662540391 2175816
1662540392 423828
1662540393 875778
1662540397 1297782
1662540398 1297092
1662540399 37206
1662540400 1297674
1662540401 2593866
1662540402 528498
1662540403 482616
1662540404 1615524
1662540405 1776816
1662540406 2418576
1662540407 984378
1662540408 1297848
1662540409 2089164
1662540410 505422
1662540411 1488
1662540412 1297608
1662540413 1189296
1662540414 2702478
1662540415 678144
1662540416 619512
1662540417 1464630
1662540418 2428908
1662540419 1296696
1662540420 1297398
1662540421 1297932
1662540422 1298568
1662540424 2210778
1662540425 2338428
1662540426 644310
1662540427 68160
1662540428 1230840
1662540429 2020146
1662540430 1758006
1662540431 200796
1662540432 1697088
1662540433 2550822
1662540434 942972
1662540435 1298766
1662540436 1643688
1662540437 2249094
1662540439 1952898
1662540440 1942608
1662540441 1298616
1662540442 114666
1662540443 1998492
1662540444 817476
1662540445 530238
1662540446 1708332
1662540447 2622606
1662540448 1350054
1662540449 1244280
1662540450 1835916
1662540451 759372
1662540452 2069550
1662540453 527226
1662540454 1615500
1662540455 981318
1662540456 1999584
1662540457 297822
1662540459 14706
1662540460 2627016
1662540461 1552164
1662540462 2322654
1662540463 2568792
1662540464 302790
1662540468 306930
1662540469 2289090
1662540470 875172
1662540471 1720014
1662540472 1022796
1662540473 1573722
1662540474 313632
1662540475 1723578
1662540476 593220
1662540477 1932060
1662540478 1927788
1662540479 1298298
1662540480 1298412
1662540481 1298400
1662540483 2279826
1662540484 315150
1662540485 206082
1662540486 1512240
1662540487 2082828
1662540488 1391340
1662540490 2034798
1662540491 1621566
1662540492 1149594
1662540493 1792440
1662540494 1047786
1662540495 2456892
1662540496 1685412
1662540497 119562
1662540498 2476566
1662540499 1368042
1662540500 1227066
1662540501 1065024
1662540502 2272740
1662540503 1696428
1662540504 155592
1662540505 1384368
1662540506 1766598
1662540507 2040576
1662540508 347784
1662540509 2243754
1662540510 590268
1662540511 2005704
1662540512 1298022
1662540513 1297296
1662540514 1002
1662540515 1049058
1662540516 636906
1662540517 2096124
1662540518 1450038
1662540519 153432
1662540520 1692930
1662540521 737874
1662540522 1282176
1662540523 1364172
1662540524 1607658
1662540525 2244750
1662540527 1076616
1662540528 2281776
1662540529 1830156
1662540530 1299060
1662540531 1296858
1662540532 606750
1662540533 1988214
1662540534 1297842
1662540535 1065846
1662540536 233016
1662540537 1294854
1662540541 1296600
1662540542 1038
1662540543 1297410
1662540544 899964
1662540545 1696134
1662540546 1871250
1662540547 1815090
1662540548 1504866
1662540549 936
1662540550 1297626
1662540551 993978
1662540552 1202892
1662540553 937884
1662540554 2058780
1662540555 1297398
1662540556 2423172
1662540557 234564
1662540558 1235226
1662540559 1635240
1662540560 959640
1662540561 1321332
1662540562 1275282
1662540563 1913160
1662540564 681480
1662540565 1792446
1662540566 803208
1662540567 1195092
1662540568 1399980
1662540569 601602
1662540570 2188650
1662540571 2401560
1662540572 1297578
1662540574 1516734
1662540575 1081356
1662540576 1297746
1662540577 1298016
1662540578 1297416
1662540579 2596416
1662540580 1297416
1662540581 54558
1662540582 1298238
1662540583 756126
1662540584 1666590
1662540585 1469982
1662540586 1818240
1662540587 2057778
1662540588 1314762
1662540589 1297686
1662540590 1297998
1662540591 1298802
1662540592 1326582
1662540593 1268166
1662540594 1419516
1662540595 1177806
1662540596 1326000
1662540597 1268838
1662540598 1433250
1662540599 1162104
1662540600 1744416
1662540601 851286
1662540602 1760088
1662540603 836070
1662540604 1201704
1662540605 175740
1662540606 2891430
1662540607 970878
1662540609 2230776
1662540610 1664820
1662540614 1199688
1662540615 98916
1662540616 1297422
1662540617 666294
1662540618 3218268
1662540619 90510
1662540620 1174482
1662540621 1859322
1662540622 2156550
1662540623 513912
1662540624 2082072
1662540625 1248204
1662540626 1345512
1662540627 388368
1662540628 882492
1662540629 1838286
1662540630 2078256
1662540631 1297668
1662540632 3702
1662540633 1296564
1662540634 1002114
1662540635 1593984
1662540636 1444776
1662540637 1151964
1662540638 1296942
1662540639 831618
1662540640 2787846
1662540641 1062534
1662540642 597594
1662540643 1158300
1662540644 1296960
1662540645 2737428
1662540646 1297398
1662540648 2261892
1662540649 1630614
1662540650 1298424
1662540651 1297896
1662540652 1297560
1662540653 1544226
1662540654 1051644
1662540655 1068504
1662540656 1181562
1662540657 2286516
1662540658 654120
1662540659 2004126
1662540660 590250
1662540661 2594898
1662540662 167214
1662540663 1132092
1662540664 156678
1662540665 2591382
1662540666 1145712
1662540667 130176
1662540668 2310732
1662540669 1786560
1662540670 975564
1662540671 1080708
1662540672 1506372
1662540673 1491750
1662540674 1111050
1662540675 1186614
1662540676 1409466
1662540677 2323368
1662540678 1497822
1662540679 72906
1662540680 1649814
1662540681 2140956
1662540682 1019124
1662540683 383022
1662540684 707694
1662540685 589482
1662540688 1294398
1662540689 392640
1662540690 2007702
1662540691 442854
1662540692 2354670
1662540693 690
1662540694 1297512
1662540695 651048
1662540696 3080952
1662540697 161724
1662540699 1487094
1662540700 1476834
1662540702 2211864
1662540703 1706538
1662540704 1595058
1662540705 1925466
1662540706 740340
1662540707 567870
1662540708 2107464
1662540709 2343882
1662540710 751512
1662540711 1875360
1662540712 769740
1662540713 1770714
1662540714 836370
1662540715 2494626
1662540716 184212
1662540717 2512818
1662540718 1108398
1662540719 1489596
1662540720 1090332
1662540721 1505346
1662540722 1281210
1662540723 1315524
1662540724 270
1662540725 1297800
1662540726 1312992
1662540727 1568406
1662540728 670302
1662540729 396576
1662540730 2274246
1662540731 2916456
1662540732 270
1662540733 1297374
1662540734 1298376
1662540735 1298538
1662540736 2595894
1662540737 1155036
1662540738 1440102
1662540739 1297104
1662540740 1298148
1662540741 785412
1662540742 1531638
1662540743 1430538
1662540744 2033352
1662540745 705570
1662540746 1591842
1662540747 1005192
1662540748 1298304
1662540749 1297746
1662540750 1880760
1662540751 715392
1662540752 1963632
1662540753 632448
1662540754 1297698
1662540756 523398
1662540757 774834
1662540760 202836
1662540761 2910174
1662540762 865692
1662540763 1210212
1662540764 324318
1662540765 3059604
1662540766 1806696
1662540767 216246
1662540768 1082658
1662540769 537894
1662540770 1807974
1662540771 1334190
1662540772 873510
1662540773 940038
1662540774 2293116
1662540775 2044650
1662540776 1367076
1662540777 1780788
1662540778 906318
1662540779 1687434
1662540780 1228650
1662540781 1367832
1662540782 1297122
1662540783 114
1662540785 922434
1662540786 1239042
1662540787 127944
1662540788 3660366
1662540789 3602382
1662540790 917766
1662540791 30816
1662540792 1297932
1662540793 2439528
1662540794 157428
1662540795 2583468
1662540796 2187036
1662540797 1457880
1662540798 278190
1662540799 1661688
1662540800 1206348
1662540801 2307420
1662540802 300672
1662540803 2296104
1662540804 1300302
1662540805 1298970
1662540806 1297464
1662540807 1298118
1662540808 1298004
1662540809 1299084
1662540810 1308078
1662540811 1289616
1662540812 1027152
1662540813 280272
1662540814 913944
1662540815 2361108
1662540816 1861338
1662540817 1770486
1662540818 1296648
1662540819 31392
1662540820 1298406
1662540821 1297320
1662540822 2595114
1662540823 62562
1662540824 1298220
1662540825 2478294
1662540826 1417368
1662540827 789078
1662540828 1569114
1662540829 235584
1662540833 711318
1662540834 1883850
1662540835 1297482
1662540836 775602
1662540837 1964424
1662540838 1229802
1662540839 1220118
1662540840 1442376
1662540841 1154208
1662540842 509850
1662540843 788238
1662540844 1807332
1662540845 917352
1662540846 1443366
1662540847 1145112
1662540848 1211478
1662540849 2556774
1662540850 59742
1662540851 790290
1662540852 2160576
1662540853 2241630
1662540854 1430070
1662540855 1162548
1662540856 1469442
1662540857 1126830
1662540858 1507932
1662540859 1087902
1662540860 1727466
1662540861 609378
1662540862 1703778
1662540863 1228236
1662540864 2518950
1662540865 134958
1662540866 2461386
1662540867 479742
1662540868 2115756
1662540869 626634
1662540870 1971126
1662540871 986376
1662540872 1608858
1662540873 640548
1662540874 306990
1662540875 124


# events lost
1662539731 2063436
1662539732 6117564
1662539733 9608370
1662539734 12093462
1662539735 12917166
1662539736 8793330
1662539737 12687360
1662539738 13087452
1662539739 11451276
1662539740 11602146
1662539741 13745370
1662539742 11575236
1662539743 11248146
1662539744 13174374
1662539745 11426394
1662539746 10878696
1662539747 13302342
1662539748 12983286
1662539749 13686876
1662539750 7643436
1662539751 13240026
1662539752 10341942
1662539753 13367556
1662539754 14865798
1662539755 16283382
1662539756 10942308
1662539757 16430820
1662539758 13666482
1662539759 17148654
1662539760 13857600
1662539761 16792116
1662539762 8540730
1662539763 15251562
1662539764 18577326
1662539765 15204168
1662539766 12724914
1662539767 17640222
1662539768 11924124
1662539769 11609874
1662539770 15431256
1662539771 18583560
1662539772 13426914
1662539773 14545938
1662539774 10249794
1662539775 15179778
1662539776 18857478
1662539777 12921318
1662539778 12772032
1662539779 17107392
1662539780 9733854
1662539781 15363678
1662539782 11446194
1662539783 16854618
1662539784 13528794
1662539785 17628486
1662539786 10481082
1662539787 15503268
1662539788 13588812
1662539789 16427136
1662539790 13846164
1662539791 17015214
1662539792 13846068
1662539793 18706512
1662539794 9286326
1662539795 12514710
1662539796 14864898
1662539797 14137020
1662539798 14351166
1662539799 18493452
1662539800 10855740
1662539801 14146242
1662539802 11588184
1662539803 18355752
1662539804 15176460
1662539805 12587160
1662539806 10242648
1662539807 14520318
1662539808 15499758
1662539809 15475248
1662539810 18871812
1662539811 18844248
1662539812 17913558
1662539813 18317196
1662539814 15443358
1662539815 15097524
1662539816 16067880
1662539817 11879574
1662539818 12709836
1662539819 13702878
1662539820 17427546
1662539821 15360510
1662539822 17813898
1662539823 12885984
1662539824 13093410
1662539825 17050932
1662539826 13961076
1662539827 12597234
1662539828 13114134
1662539829 13992006
1662539830 17507208
1662539831 13975434
1662539832 14597178
1662539833 12518478
1662539834 13762356
1662539835 14112672
1662539836 15466662
1662539837 15268764
1662539838 14989164
1662539839 12592614
1662539840 9993324
1662539841 16865286
1662539842 12350982
1662539843 17793834
1662539844 12343560
1662539845 17296500
1662539846 13840542
1662539847 15984198
1662539848 11527686
1662539849 12757062
1662539850 13471200
1662539851 15321582
1662539852 17806968
1662539853 15092358
1662539854 15352098
1662539855 15642636
1662539856 15418716
1662539857 14328750
1662539858 9589836
1662539859 12533472
1662539860 15487872
1662539861 14426352
1662539862 12269214
1662539863 14659950
1662539864 18744264
1662539865 12342810
1662539866 11738214
1662539867 10437324
1662539868 17994450
1662539869 12690156
1662539870 15569952
1662539871 15684936
1662539872 16922454
1662539873 13086276
1662539874 14425860
1662539875 16741440
1662539876 15365052
1662539877 7633794
1662539878 12840456
1662539879 17562726
1662539880 15226530
1662539881 18759660
1662539882 17906574
1662539883 18649368
1662539884 18158970
1662539885 18134652
1662539886 11857800
1662539887 12038850
1662539888 17575710
1662539889 16131468
1662539890 18264972
1662539891 8886480
1662539892 9427770
1662539893 14987298
1662539894 14468568
1662539895 16570164
1662539896 15593244
1662539897 15446250
1662539898 16156446
1662539899 15154554
1662539900 14615256
1662539901 18027630
1662539902 11925876
1662539903 8583420
1662539904 14159160
1662539905 15584208
1662539906 15630918
1662539907 14458086
1662539908 16163022
1662539909 13890804
1662539910 17070336
1662539911 14067198
1662539912 18057930
1662539913 11246850
1662539914 11001174
1662539915 14911956
1662539916 15761460
1662539917 12575334
1662539918 15049656
1662539919 16195650
1662539920 18191868
1662539921 15667950
1662539922 11666196
1662539923 18480072
1662539924 13837374
1662539925 9173952
1662539926 11363496
1662539927 13468824
1662539928 14699946
1662539929 16441446
1662539930 14224956
1662539931 15573366
1662539932 15825456
1662539933 15406860
1662539934 16184496
1662539935 14993418
1662539936 12890238
1662539937 8960382
1662539938 12665868
1662539939 16254828
1662539940 13580940
1662539941 14936262
1662539942 14102496
1662539943 16709160
1662539944 16341624
1662539945 16548114
1662539946 14005530
1662539947 15659484
1662539948 8786496
1662539949 11792844
1662539950 16105926
1662539951 13693680
1662539952 12385428
1662539953 17437302
1662539954 18586302
1662539955 16826346
1662539956 18573858
1662539957 18600942
1662539958 15351144
1662539959 18115062
1662539960 10609632
1662539961 13246908
1662539962 17989806
1662539963 10497528
1662539964 9958938
1662539965 12278172
1662539966 16230780
1662539967 14672334
1662539968 16479348
1662539969 14690202
1662539970 14235618
1662539971 15235122
1662539972 17946132
1662539973 13327644
1662539974 18065688
1662539975 14090790
1662539976 18042348
1662539977 9940176
1662539978 9570042
1662539979 13446426
1662539980 12683190
1662539981 17180976
1662539982 14498988
1662539983 13780428
1662539984 13491858
1662539985 16548192
1662539986 15634122
1662539987 17359284
1662539988 12123948
1662539989 13608156
1662539990 9485616
1662539991 10448850
1662539992 12785814
1662539993 14391048
1662539994 18599394
1662539995 10245882
1662539996 14609628
1662539997 15042294
1662539998 18276174
1662539999 12372474
1662540000 12803436
1662540001 9584796
1662540002 9477210
1662540003 13333158
1662540004 18828324
1662540005 12045966
1662540006 12348378
1662540007 16102740
1662540008 14937288
1662540009 18499896
1662540010 11782776
1662540011 14763444
1662540012 18066372
1662540013 12247494
1662540014 9217644
1662540015 8514144
1662540016 14870634
1662540017 18295176
1662540018 12346098
1662540019 12414912
1662540020 14930952
1662540021 12784950
1662540022 17081232
1662540023 14155596
1662540024 17212440
1662540025 15469812
1662540026 18458610
1662540027 18708786
1662540028 18660810
1662540029 15588756
1662540030 16202016
1662540031 8398542
1662540032 10120722
1662540033 14860134
1662540034 12720480
1662540035 15311850
1662540036 14994426
1662540037 18039294
1662540038 12393390
1662540039 15908526
1662540040 15949428
1662540041 12759648
1662540042 13039002
1662540043 9396720
1662540044 13286388
1662540045 14985246
1662540046 15036558
1662540047 12137970
1662540048 15186456
1662540049 15379788
1662540050 15237126
1662540051 12564642
1662540052 15482352
1662540053 15966342
1662540054 13906914
1662540055 8681106
1662540056 8505372
1662540057 16201368
1662540058 11994168
1662540059 18474228
1662540060 11596932
1662540061 18369942
1662540062 12784632
1662540063 17750142
1662540064 15453270
1662540065 15110244
1662540066 12652914
1662540067 14940648
1662540068 18339900
1662540069 8458920
1662540070 7655334
1662540071 14710056
1662540072 15888096
1662540073 13271814
1662540074 13944300
1662540075 17469882
1662540076 13120686
1662540077 11943852
1662540078 17903118
1662540079 14205336
1662540080 16084650
1662540081 14589516
1662540082 10312506
1662540083 10140156
1662540084 12277914
1662540085 11171826
1662540086 16980750
1662540087 12442254
1662540088 18348282
1662540089 12982770
1662540090 16715832
1662540091 12390792
1662540092 17859522
1662540093 15756012
1662540094 17302482
1662540095 11912778
1662540096 7477902
1662540097 9787560
1662540098 14495958
1662540099 18726822
1662540100 17359188
1662540101 18643332
1662540102 18623844
1662540103 13435680
1662540104 15874056
1662540105 16055148
1662540106 15737562
1662540107 13076136
1662540108 17140698
1662540109 15703788
1662540110 11729730
1662540111 14647236
1662540112 15298716
1662540113 7100208
1662540114 9831894
1662540115 13982484
1662540116 15491970
1662540117 18377250
1662540118 12188442
1662540119 15428652
1662540120 13216866
1662540121 17346078
1662540122 13300908
1662540123 15569208
1662540124 18341280
1662540125 14693052
1662540126 14074146
1662540127 10484094
1662540128 9439380
1662540129 11411106
1662540130 13065330
1662540131 14740038
1662540132 14454612
1662540133 14256714
1662540134 14335686
1662540135 15900546
1662540136 17675796
1662540137 12759324
1662540138 12455982
1662540139 14923014
1662540140 8807562
1662540141 9853680
1662540142 12130122
1662540143 15214632
1662540144 15576822
1662540145 13665486
1662540146 15517872
1662540147 13913328
1662540148 16566930
1662540149 12775170
1662540150 15636150
1662540151 11843574
1662540152 18544518
1662540153 15004026
1662540154 10876932
1662540155 7879200
1662540156 11527140
1662540157 15921282
1662540158 15425406
1662540159 16719138
1662540160 11295696
1662540161 14025114
1662540162 18136956
1662540163 15244464
1662540164 15516054
1662540165 10436244
1662540166 15088254
1662540167 13071186
1662540168 8846958
1662540169 9514812
1662540170 13248792
1662540171 15399414
1662540172 17880660
1662540173 15875856
1662540174 18718440
1662540175 17449152
1662540176 18604476
1662540177 15105858
1662540178 14845536
1662540179 15845214
1662540180 13641186
1662540181 13123956
1662540182 15348678
1662540183 17659728
1662540184 15014556
1662540185 16159698
1662540186 9218364
1662540187 8021448
1662540188 9803196
1662540189 13827978
1662540190 13575486
1662540191 17502492
1662540192 18516792
1662540193 13443534
1662540194 15025422
1662540195 14028840
1662540196 12736980
1662540197 17901516
1662540198 12539358
1662540199 17456556
1662540200 8331924
1662540201 9344394
1662540202 9073764
1662540203 15443622
1662540204 16629546
1662540205 12616614
1662540206 15318606
1662540207 15219282
1662540208 15424122
1662540209 15162360
1662540210 14505552
1662540211 14059428
1662540212 18082818
1662540213 15181434
1662540214 13397994
1662540215 7814178
1662540216 9854094
1662540217 12007008
1662540218 14156946
1662540219 13589880
1662540220 16061178
1662540221 15216264
1662540222 15742752
1662540223 13176198
1662540224 13371528
1662540225 16418688
1662540226 14488392
1662540227 12446208
1662540228 9296112
1662540229 8936880
1662540230 11083140
1662540231 14760786
1662540232 15204960
1662540233 16614954
1662540234 13274070
1662540235 13814184
1662540236 15649806
1662540237 15393576
1662540238 13014708
1662540239 14575824
1662540240 8398470
1662540241 9496554
1662540242 12194712
1662540243 17018958
1662540244 18655278
1662540245 14352450
1662540246 18503304
1662540247 18272220
1662540248 18507672
1662540249 14932434
1662540250 11060886
1662540251 17904588
1662540252 10991838
1662540253 13880154
1662540254 18267186
1662540255 13050018
1662540256 17076000
1662540257 10825602
1662540258 9430320
1662540259 9020730
1662540260 11195970
1662540261 16544052
1662540262 12069630
1662540263 13922916
1662540264 15714396
1662540265 15274164
1662540266 13398696
1662540267 13574568
1662540268 15301080
1662540269 15295038
1662540270 8837058
1662540271 9705840
1662540272 12609036
1662540273 15268416
1662540274 12627984
1662540275 14202948
1662540276 14806392
1662540277 15124134
1662540278 15048660
1662540279 18554706
1662540280 13518816
1662540281 12064014
1662540282 15183618
1662540283 12650808
1662540284 10501422
1662540285 8109258
1662540286 11152062
1662540287 15930684
1662540288 15112368
1662540289 15034692
1662540290 12316734
1662540291 14623566
1662540292 17962656
1662540293 14583684
1662540294 12513120
1662540295 12062610
1662540296 10396380
1662540297 8325246
1662540298 17440998
1662540299 15795552
1662540300 13061820
1662540301 15160836
1662540302 18031422
1662540303 15033612
1662540304 14290350
1662540305 12120126
1662540306 14605380
1662540307 18408018
1662540308 14824188
1662540309 12242202
1662540310 9594318
1662540311 9000840
1662540312 12336588
1662540313 13681572
1662540314 12310386
1662540315 14195040
1662540316 14799558
1662540317 18505218
1662540318 15226248
1662540319 18603270
1662540320 16393542
1662540321 18592248
1662540322 16847190
1662540323 12441030
1662540324 16995366
1662540325 14799534
1662540326 15547362
1662540327 13789890
1662540328 9194424
1662540329 10248636
1662540330 9730266
1662540331 14873616
1662540332 15806802
1662540333 14312268
1662540334 18228132
1662540335 12445308
1662540336 18733632
1662540337 15152550
1662540338 12331038
1662540339 18419964
1662540340 14745552
1662540341 17998662
1662540342 15117462
1662540343 15128664
1662540344 11229924
1662540345 7537860
1662540346 9181872
1662540347 14821872
1662540348 11875212
1662540349 15186120
1662540350 12462144
1662540351 18125856
1662540352 14613864
1662540353 13181922
1662540354 15336810
1662540355 14462886
1662540356 15001152
1662540357 11706702
1662540358 8612670
1662540359 8720634
1662540360 12560484
1662540361 12317868
1662540362 18166788
1662540363 15114822
1662540364 17836278
1662540365 11308026
1662540366 13193418
1662540367 16206426
1662540368 16095024
1662540369 16819458
1662540370 10395432
1662540371 13793742
1662540372 10001226
1662540373 9441984
1662540374 14424810
1662540375 12305124
1662540376 12416418
1662540377 16510848
1662540378 14673576
1662540379 17531034
1662540380 11795472
1662540381 12794418
1662540382 17241708
1662540383 13492314
1662540384 16756380
1662540385 9796848
1662540386 9610200
1662540387 9317022
1662540388 9936786
1662540389 14946846
1662540390 14321454
1662540391 13246824
1662540392 16568370
1662540393 17282562
1662540394 18502302
1662540395 16624482
1662540396 18401622
1662540397 15125316
1662540398 15291102
1662540399 18246678
1662540400 12882006
1662540401 12839694
1662540402 11037570
1662540403 10243398
1662540404 8477472
1662540405 11902182
1662540406 12336048
1662540407 16204350
1662540408 15331458
1662540409 12736266
1662540410 15901614
1662540411 17579400
1662540412 15435306
1662540413 15207420
1662540414 11727696
1662540415 10580394
1662540416 9381846
1662540417 8161014
1662540418 13105824
1662540419 15051144
1662540420 13911768
1662540421 15558324
1662540422 14578656
1662540423 18639888
1662540424 12796632
1662540425 12412668
1662540426 16925832
1662540427 16764792
1662540428 16808970
1662540429 11908362
1662540430 7226688
1662540431 9885570
1662540432 9347688
1662540433 12228606
1662540434 17435928
1662540435 14241150
1662540436 13488444
1662540437 14343498
1662540438 18491424
1662540439 13067412
1662540440 13128198
1662540441 15194340
1662540442 17849028
1662540443 11835444
1662540444 9472764
1662540445 8925372
1662540446 9090510
1662540447 14058054
1662540448 14438034
1662540449 16101390
1662540450 12481998
1662540451 16919946
1662540452 12789930
1662540453 17502450
1662540454 13645464
1662540455 14799198
1662540456 13007112
1662540457 10319328
1662540458 10213110
1662540459 10217214
1662540460 7163244
1662540461 16459470
1662540462 11823186
1662540463 12637548
1662540464 18046884
1662540465 16278210
1662540466 18583974
1662540467 18516168
1662540468 17249892
1662540469 13255728
1662540470 13878390
1662540471 14477466
1662540472 15578928
1662540473 14912442
1662540474 15942936
1662540475 7105542
1662540476 9531528
1662540477 8862300
1662540478 14209884
1662540479 15580002
1662540480 14230068
1662540481 14799474
1662540482 18434268
1662540483 12506502
1662540484 17745672
1662540485 14748018
1662540486 15853524
1662540487 11924544
1662540488 16480578
1662540489 18576732
1662540490 12234780
1662540491 8151396
1662540492 8723628
1662540493 7812426
1662540494 13919298
1662540495 11894724
1662540496 14871774
1662540497 17401476
1662540498 12884094
1662540499 14806932
1662540500 13156800
1662540501 15312036
1662540502 12138216
1662540503 14551734
1662540504 10235448
1662540505 7948260
1662540506 7730046
1662540507 13250952
1662540508 16973760
1662540509 13277946
1662540510 14438682
1662540511 13861020
1662540512 14698518
1662540513 15310092
1662540514 18169398
1662540515 12618738
1662540516 16296990
1662540517 11598630
1662540518 16022706
1662540519 16364142
1662540520 8404944
1662540521 10092786
1662540522 9534606
1662540523 9739548
1662540524 10465608
1662540525 12913758
1662540526 18357570
1662540527 15218280
1662540528 12219582
1662540529 14584404
1662540530 14448510
1662540531 14899218
1662540532 15813444
1662540533 14411292
1662540534 14846664
1662540535 10170222
1662540536 9714240
1662540537 8650992
1662540538 15867234
1662540539 18383460
1662540540 15587304
1662540541 15011922
1662540542 16088166
1662540543 15023874
1662540544 15216774
1662540545 13651074
1662540546 12669684
1662540547 14638008
1662540548 14685630
1662540549 17671788
1662540550 14252268
1662540551 15334764
1662540552 10370148
1662540553 9320076
1662540554 8478438
1662540555 9817734
1662540556 12776376
1662540557 17231736
1662540558 15752532
1662540559 13761888
1662540560 12894042
1662540561 13977312
1662540562 15975012
1662540563 13192578
1662540564 16919046
1662540565 12581622
1662540566 16648680
1662540567 9780978
1662540568 8752152
1662540569 9384330
1662540570 8505984
1662540571 12887736
1662540572 14968818
1662540573 18285360
1662540574 13367766
1662540575 15439290
1662540576 15043806
1662540577 15073536
1662540578 15172074
1662540579 12248346
1662540580 14247624
1662540581 12794076
1662540582 8781240
1662540583 9198864
1662540584 8873664
1662540585 13837818
1662540586 13358820
1662540587 13628274
1662540588 15064500
1662540589 14883060
1662540590 12668964
1662540591 14678046
1662540592 14906184
1662540593 15708456
1662540594 14175426
1662540595 14938938
1662540596 10367448
1662540597 8807634
1662540598 9166032
1662540599 10357854
1662540600 12895482
1662540601 16509192
1662540602 12995298
1662540603 17121942
1662540604 14984778
1662540605 15561834
1662540606 10665858
1662540607 16933134
1662540608 16889010
1662540609 12337620
1662540610 14357700
1662540611 18038916
1662540612 18233826
1662540613 18581676
1662540614 14801118
1662540615 9574434
1662540616 7984926
1662540617 10263366
1662540618 11077134
1662540619 18019302
1662540620 12078066
1662540621 13328910
1662540622 12907272
1662540623 16615698
1662540624 13324944
1662540625 12846630
1662540626 14969544
1662540627 13078908
1662540628 8397384
1662540629 6779160
1662540630 8316984
1662540631 14966766
1662540632 18052488
1662540633 15074688
1662540634 15548202
1662540635 14312082
1662540636 13332030
1662540637 16468164
1662540638 15076182
1662540639 16134906
1662540640 10948428
1662540641 11240586
1662540642 9695340
1662540643 9240282
1662540644 10618554
1662540645 11092818
1662540646 14966946
1662540647 18208920
1662540648 11869272
1662540649 14198838
1662540650 14295234
1662540651 14647236
1662540652 15150372
1662540653 13781058
1662540654 9364392
1662540655 8126412
1662540656 8896554
1662540657 9913578
1662540658 16617372
1662540659 12980544
1662540660 15450312
1662540661 11624712
1662540662 17749068
1662540663 15388746
1662540664 17753886
1662540665 11177046
1662540666 15585564
1662540667 17889540
1662540668 10836096
1662540669 7512210
1662540670 8626434
1662540671 8688012
1662540672 13868886
1662540673 14218986
1662540674 15931656
1662540675 13377744
1662540676 14907486
1662540677 12176190
1662540678 15147462
1662540679 18461568
1662540680 13229370
1662540681 13100058
1662540682 15491214
1662540683 10319610
1662540684 8503242
1662540685 10040724
1662540686 18379644
1662540687 18252072
1662540688 14976864
1662540689 17100324
1662540690 10479918
1662540691 16333854
1662540692 13219986
1662540693 18194484
1662540694 14947638
1662540695 13156578
1662540696 11040480
1662540697 17873712
1662540698 18313182
1662540699 13224726
1662540700 8139252
1662540701 10064502
1662540702 7757640
1662540703 10051158
1662540704 14026560
1662540705 13499502
1662540706 15450996
1662540707 17471034
1662540708 12398652
1662540709 12444822
1662540710 14535792
1662540711 12810186
1662540712 16967586
1662540713 10748250
1662540714 9354618
1662540715 6297888
1662540716 10087668
1662540717 11580846
1662540718 15422928
1662540719 14721804
1662540720 12141744
1662540721 14686464
1662540722 15094494
1662540723 15049596
1662540724 18125634
1662540725 14393946
1662540726 14795508
1662540727 10136976
1662540728 8831094
1662540729 10020456
1662540730 8199762
1662540731 11403954
1662540732 17660202
1662540733 14989248
1662540734 14854686
1662540735 13420092
1662540736 11915712
1662540737 15204216
1662540738 14728596
1662540739 14692164
1662540740 8141412
1662540741 9674700
1662540742 8654004
1662540743 9389256
1662540744 13190652
1662540745 9888972
1662540746 13878864
1662540747 16031640
1662540748 14141202
1662540749 16324530
1662540750 11924676
1662540751 17400846
1662540752 12312084
1662540753 17773650
1662540754 14488926
1662540755 13053312
1662540756 4372308
1662540757 7361694
1662540758 13511076
1662540759 18619968
1662540760 13897872
1662540761 11888064
1662540762 16743144
1662540763 15287670
1662540764 17101014
1662540765 10122072
1662540766 13979664
1662540767 17272158
1662540768 15972156
1662540769 16605426
1662540770 9799374
1662540771 6508524
1662540772 9152910
1662540773 9159978
1662540774 13529388
1662540775 11902590
1662540776 15140004
1662540777 14494662
1662540778 15915636
1662540779 14279790
1662540780 12850482
1662540781 15102444
1662540782 15132978
1662540783 17942826
1662540784 13514622
1662540785 8234628
1662540786 8406366
1662540787 9676098
1662540788 10283328
1662540789 11377974
1662540790 13172604
1662540791 17910420
1662540792 15244794
1662540793 12256602
1662540794 18310944
1662540795 10637076
1662540796 12998712
1662540797 13953558
1662540798 9822828
1662540799 8292906
1662540800 6094530
1662540801 11395890
1662540802 16327302
1662540803 13587186
1662540804 15059016
1662540805 14230506
1662540806 14621250
1662540807 14964216
1662540808 14828190
1662540809 15357162
1662540810 12954984
1662540811 15311202
1662540812 11433924
1662540813 9381024
1662540814 9449328
1662540815 6254034
1662540816 12829944
1662540817 14147088
1662540818 14850426
1662540819 17591640
1662540820 14519208
1662540821 14700780
1662540822 12013674
1662540823 17992842
1662540824 14842326
1662540825 11612166
1662540826 15032232
1662540827 14486628
1662540828 8300718
1662540829 9519588
1662540830 9517104
1662540831 17894148
1662540832 18298374
1662540833 15550380
1662540834 14436528
1662540835 14424216
1662540836 15852090
1662540837 13090026
1662540838 15183750
1662540839 15482076
1662540840 13291494
1662540841 15803904
1662540842 16254690
1662540843 16745808
1662540844 11076414
1662540845 6575322
1662540846 8404032
1662540847 9077628
1662540848 10203738
1662540849 14280810
1662540850 16027158
1662540851 15795504
1662540852 12760458
1662540853 12060696
1662540854 14345964
1662540855 14311860
1662540856 13829760
1662540857 16113102
1662540858 10512666
1662540859 9704616
1662540860 7557750
1662540861 9479766
1662540862 9744486
1662540863 16385070
1662540864 12258864
1662540865 16417776
1662540866 12193164
1662540867 16531578
1662540868 13149906
1662540869 16341168
1662540870 12695610
1662540871 15059058
1662540872 14674698
1662540873 15061320
1662540874 920142
1662540875 1122
