# events called
1662512048 3148166
1662512049 112208
1662512050 8167752
1662512051 11860860
1662512052 13595934
1662512053 13461708
1662512054 12691428
1662512055 12772848
1662512056 13417224
1662512057 12804210
1662512058 12364602
1662512059 12056184
1662512060 13041420
1662512061 13322814
1662512062 13042632
1662512063 12644118
1662512064 11938512
1662512065 13229826
1662512066 12480330
1662512067 12019722
1662512068 13297164
1662512069 11341608
1662512070 12359478
1662512071 12318102
1662512072 13617270
1662512073 11915442
1662512074 11683644
1662512075 12143784
1662512076 13180848
1662512077 11805780
1662512078 13168950
1662512079 11047848
1662512080 12472260
1662512081 13365930
1662512082 11199036
1662512083 13361322
1662512084 12779118
1662512085 11043330
1662512086 13417434
1662512087 12805560
1662512088 10967106
1662512089 12301830
1662512090 13293258
1662512091 11897748
1662512092 11403870
1662512093 13095672
1662512094 12600516
1662512095 11754996
1662512096 12175014
1662512097 13129344
1662512098 13406328
1662512099 10020288
1662512100 12422676
1662512101 13208670
1662512102 13351488
1662512103 12192846
1662512104 10547754
1662512105 12671310
1662512106 13310946
1662512107 12815490
1662512108 9944958
1662512109 11975820
1662512110 13267686
1662512111 13288368
1662512112 12590088
1662512113 10030830
1662512114 11896746
1662512115 12926694
1662512116 13237368
1662512117 13174860
1662512118 10200996
1662512119 11032164
1662512120 13530552
1662512121 13072230
1662512122 12669450
1662512123 12590046
1662512124 8193732
1662512125 12769104
1662512126 13428390
1662512127 13222374
1662512128 13393800
1662512129 12095472
1662512130 9794958
1662512131 11745696
1662512132 13397520
1662512133 13248210
1662512134 12826830
1662512135 13425714
1662512136 11147544
1662512137 10113102
1662512138 13352982
1662512139 12754650
1662512140 13530024
1662512141 13307952
1662512142 13259454
1662512143 12586842
1662512144 9044130
1662512145 11521836
1662512146 13222842
1662512147 13277520
1662512148 13557948
1662512149 12686310
1662512150 13432836
1662512151 12032406
1662512152 8618004
1662512153 11197278
1662512154 12847842
1662512155 13396272
1662512156 12681312
1662512157 13609044
1662512158 13417248
1662512159 11381184
1662512160 9618306
1662512161 10625640
1662512162 13756500
1662512163 13607532
1662512164 12723294
1662512165 13243998
1662512166 13565232
1662512167 13553214
1662512168 12807066
1662512169 9027456
1662512170 9360318
1662512171 13141590
1662512172 13628940
1662512173 13513320
1662512174 12306810
1662512175 12980208
1662512176 13223388
1662512177 13403526
1662512178 10819830
1662512179 8449320
1662512180 10818540
1662512181 13440888
1662512182 13718598
1662512183 13508910
1662512184 12457698
1662512185 13351398
1662512186 13200918
1662512187 13102458
1662512188 12969714
1662512189 9096006
1662512190 10268550
1662512191 9184896
1662512192 13088850
1662512193 12878778
1662512194 11582850
1662512195 13010346
1662512196 13087074
1662512197 13386978
1662512198 12765030
1662512199 12226410
1662512200 11150706
1662512201 10062678
1662512202 9643980
1662512203 11640186
1662512204 12395910
1662512205 12796530
1662512206 13211874
1662512207 13076796
1662512208 13509636
1662512209 11814192
1662512210 13105890
1662512211 13214298
1662512212 11924868
1662512213 9436302
1662512214 8689770
1662512215 9756642
1662512216 13083510
1662512217 13344612
1662512218 12744738
1662512219 11512548
1662512220 13078026
1662512221 12844134
1662512222 13151412
1662512223 12757638
1662512224 11637336
1662512225 13059648
1662512226 10276392
1662512227 9508560
1662512228 8304594
1662512229 10712616
1662512230 12947100
1662512231 13124976
1662512232 12939102
1662512233 11471358
1662512234 13207524
1662512235 13202946
1662512236 12766554
1662512237 12584358
1662512238 12008922
1662512239 13077576
1662512240 11130834
1662512241 8672364
1662512242 9384552
1662512243 8514348
1662512244 12837408
1662512245 12858648
1662512246 12867954
1662512247 12831594
1662512248 11853492
1662512249 12552402
1662512250 13005642
1662512251 13301988
1662512252 13087686
1662512253 12438924
1662512254 12985068
1662512255 13182420
1662512256 9308178
1662512257 9503718
1662512258 8541396
1662512259 9608832
1662512260 12621156
1662512261 12880320
1662512262 12832092
1662512263 11130294
1662512264 12504438
1662512265 12940836
1662512266 12901806
1662512267 12792852
1662512268 11501748
1662512269 12486246
1662512270 12869868
1662512271 12553284
1662512272 11477952
1662512273 8610144
1662512274 8472036
1662512275 8787510
1662512276 9314892
1662512277 12462858
1662512278 11240568
1662512279 12941106
1662512280 12646398
1662512281 12721182
1662512282 13101144
1662512283 10776828
1662512284 13164114
1662512285 12615900
1662512286 12576636
1662512287 13063272
1662512288 11074866
1662512289 12581010
1662512290 10933062
1662512291 9504720
1662512292 9580104
1662512293 8674680
1662512294 8806620
1662512295 11947614
1662512296 12787704
1662512297 12849228
1662512298 11436006
1662512299 11292840
1662512300 12599136
1662512301 12714228
1662512302 11659368
1662512303 10338792
1662512304 12180186
1662512305 13193646
1662512306 12215580
1662512307 11952252
1662512308 10962966
1662512309 8968344
1662512310 8972952
1662512311 9606144
1662512312 9111678
1662512313 8563476
1662512314 11899416
1662512315 12312990
1662512316 13166730
1662512317 12834354
1662512318 10602564
1662512319 11649066
1662512320 11129478
1662512321 11255400
1662512322 12691296
1662512323 10981128
1662512324 12259218
1662512325 11411850
1662512326 11657682
1662512327 12347856
1662512328 11786814
1662512329 9718956
1662512330 8681994
1662512331 7216986
1662512332 8558388
1662512333 9399894
1662512334 9005928
1662512335 12767184
1662512336 9985818
1662512337 11831574
1662512338 12197292
1662512339 11896086
1662512340 11820066
1662512341 9904950
1662512342 11013486
1662512343 12691002
1662512344 11695596
1662512345 11421504
1662512346 9703626
1662512347 11152146
1662512348 11836776
1662512349 11789742
1662512350 9359664
1662512351 7102506
1662512352 8415576
1662512353 9136380
1662512354 9337476
1662512355 9542478
1662512356 8065242
1662512357 11069412
1662512358 11809698
1662512359 11597082
1662512360 11010090
1662512361 10327770
1662512362 11231346
1662512363 11656980
1662512364 12253854
1662512365 11344122
1662512366 9729168
1662512367 10684092
1662512368 11752950
1662512369 12042348
1662512370 11446338
1662512371 10024086
1662512372 10930020
1662512373 12108216
1662512374 10584144
1662512375 8427948
1662512376 7653306
1662512377 8491560
1662512378 8948784
1662512379 8720466
1662512380 7986054
1662512381 9311874
1662512382 12386046
1662512383 11311932
1662512384 12006588
1662512385 10844826
1662512386 10539138
1662512387 12253092
1662512388 12399000
1662512389 11685240
1662512390 11053290
1662512391 9585936
1662512392 11285082
1662512393 11148516
1662512394 11467866
1662512395 11373732
1662512396 9712380
1662512397 11053470
1662512398 10247442
1662512399 8399736
1662512400 9224868
1662512401 7828092
1662512402 8224410
1662512403 8358588
1662512404 8256144
1662512405 10309206
1662512406 10982580
1662512407 12454668
1662512408 12899610
1662512409 11028390
1662512410 11596410
1662512411 9900258
1662512412 11309676
1662512413 12816060
1662512414 12332976
1662512415 11572422
1662512416 9759768
1662512417 11506158
1662512418 10967640
1662512419 12155094
1662512420 12847212
1662512421 9851202
1662512422 11497746
1662512423 9365520
1662512424 8985570
1662512425 9518538
1662512426 7931448
1662512427 9005718
1662512428 9163548
1662512429 8997972
1662512430 8131794
1662512431 10490568
1662512432 12048900
1662512433 11045394
1662512434 11033154
1662512435 11172354
1662512436 9576378
1662512437 10791666
1662512438 11186232
1662512439 11144436
1662512440 11611686
1662512441 9025872
1662512442 11042064
1662512443 11175360
1662512444 11009070
1662512445 11027688
1662512446 9170568
1662512447 8898948
1662512448 9068826
1662512449 8906634
1662512450 8980182
1662512451 7249020
1662512452 8557548
1662512453 8642850
1662512454 10437510
1662512455 11573154
1662512456 10803108
1662512457 12660828
1662512458 11779506
1662512459 10534524
1662512460 10682046
1662512461 9053640
1662512462 11227362
1662512463 11075838
1662512464 10683006
1662512465 11133132
1662512466 9084636
1662512467 11284836
1662512468 10380984
1662512469 10632396
1662512470 10225134
1662512471 8870880
1662512472 9788076
1662512473 9061752
1662512474 9809118
1662512475 8956338
1662512476 7911630
1662512477 8719164
1662512478 8855832
1662512479 9060102
1662512480 10036302
1662512481 7867878
1662512482 11547822
1662512483 10548858
1662512484 10106022
1662512485 10693794
1662512486 9178644
1662512487 10781706
1662512488 10241976
1662512489 10664256
1662512490 10360230
1662512491 8806590
1662512492 10579176
1662512493 10790334
1662512494 9800124
1662512495 10031046
1662512496 10778430
1662512497 12235200
1662512498 9347622
1662512499 8783058
1662512500 8308368
1662512501 7609620
1662512502 8405862
1662512503 8308218
1662512504 8570850
1662512505 8305176
1662512506 9634338
1662512507 10856904
1662512508 10783380
1662512509 10679856
1662512510 9627444
1662512511 9179520
1662512512 10989138
1662512513 9697134
1662512514 10658034
1662512515 10749882
1662512516 8939454
1662512517 10185408
1662512518 10674180
1662512519 10293264
1662512520 10493532
1662512521 8774808
1662512522 8322510
1662512523 8012934
1662512524 8057202
1662512525 8501376
1662512526 7311306
1662512527 8197410
1662512528 8377038
1662512529 8408934
1662512530 11638704
1662512531 8174214
1662512532 11183202
1662512533 10096548
1662512534 10339920
1662512535 10388226
1662512536 8836542
1662512537 10978968
1662512538 10172862
1662512539 9987084
1662512540 10809720
1662512541 9124722
1662512542 9992064
1662512543 10515054
1662512544 10145484
1662512545 10040916
1662512546 7632534
1662512547 8244846
1662512548 8153856
1662512549 8299890
1662512550 7589544
1662512551 6935250
1662512552 7949076
1662512553 9356388
1662512554 9898464
1662512555 10201554
1662512556 8707896
1662512557 10038978
1662512558 10788816
1662512559 9853110
1662512560 10004466
1662512561 9618306
1662512562 10891464
1662512563 10519308
1662512564 10693530
1662512565 10412712
1662512566 9307386
1662512567 10924392
1662512568 10446648
1662512569 10699368
1662512570 9874350
1662512571 7375932
1662512572 8329830
1662512573 8895318
1662512574 8503728
1662512575 8422608
1662512576 7320540
1662512577 8100138
1662512578 8298630
1662512579 8202810
1662512580 8445336
1662512581 7732860
1662512582 8759202
1662512583 9198360
1662512584 8498934
1662512585 8646684
1662512586 7251300
1662512587 8825676
1662512588 9430800
1662512589 8173068
1662512590 9376128
1662512591 6844440
1662512592 9441720
1662512593 9524838
1662512594 8065422
1662512595 7855332
1662512596 7208916
1662512597 7930500
1662512598 8514870
1662512599 8744832
1662512600 9512406
1662512601 7630656
1662512602 7516608
1662512603 8378286
1662512604 8785062
1662512605 8197914
1662512606 7266408
1662512607 8784828
1662512608 8358354
1662512609 8102826
1662512610 8556504
1662512611 7167474
1662512612 8582928
1662512613 8531154
1662512614 8510832
1662512615 8247030
1662512616 6875628
1662512617 8446926
1662512618 8035818
1662512619 8189892
1662512620 7695966
1662512621 6934134
1662512622 7835640
1662512623 7858764
1662512624 8141166
1662512625 7184796
1662512626 6688944
1662512627 7638966
1662512628 8658042
1662512629 7929960
1662512630 8085972
1662512631 6953472
1662512632 8723250
1662512633 7968216
1662512634 8304786
1662512635 8304546
1662512636 7111002
1662512637 9447708
1662512638 10224870
1662512639 8044290
1662512640 8296710
1662512641 6761304
1662512642 8107986
1662512643 7852392
1662512644 7836342
1662512645 7477956
1662512646 6902298
1662512647 8106222
1662512648 8340030
1662512649 7295352
1662512650 7885686
1662512651 5997438
1662512652 8481456
1662512653 8025852
1662512654 8341530
1662512655 8533308
1662512656 6680580
1662512657 8694438
1662512658 7842384
1662512659 8668350
1662512660 7826256
1662512661 7406442
1662512662 8584908
1662512663 8158494
1662512664 8288388
1662512665 8338974
1662512666 7138590
1662512667 8274684
1662512668 7635828
1662512669 8165136
1662512670 7701300
1662512671 7124172
1662512672 7683570
1662512673 8841066
1662512674 7492314
1662512675 7896534
1662512676 6154020
1662512677 7205862
1662512678 8467062
1662512679 8257884
1662512680 8534568
1662512681 6754554
1662512682 8120370
1662512683 8538384
1662512684 8428116
1662512685 7900722
1662512686 6898326
1662512687 8643612
1662512688 8297838
1662512689 7854294
1662512690 8323530
1662512691 6445332
1662512692 7153326
1662512693 7895388
1662512694 6801594
1662512695 7875780
1662512696 6033738
1662512697 6750048
1662512698 8024988
1662512699 8079990
1662512700 8323026
1662512701 6172002
1662512702 6470370
1662512703 6841176
1662512704 6704814
1662512705 7993794
1662512706 7306566
1662512707 7261584
1662512708 7133364
1662512709 7438842
1662512710 6663450
1662512711 5683182
1662512712 7052400
1662512713 6889956
1662512714 7037160
1662512715 6812028
1662512716 6618642
1662512717 6770664
1662512718 6226842
1662512719 5913408
1662512720 6338262
1662512721 5517636
1662512722 6352086
1662512723 6217584
1662512724 6182772
1662512725 6467064
1662512726 5144592
1662512727 5909262
1662512728 6452640
1662512729 6675588
1662512730 6752022
1662512731 5879436
1662512732 6901260
1662512733 6862590
1662512734 6530472
1662512735 5985522
1662512736 5649192
1662512737 7288326
1662512738 8177394
1662512739 6777198
1662512740 6735504
1662512741 5672088
1662512742 6654492
1662512743 6258990
1662512744 6041364
1662512745 6032592
1662512746 5508396
1662512747 6346386
1662512748 6795510
1662512749 5815644
1662512750 5923596
1662512751 5098296
1662512752 6548904
1662512753 5913654
1662512754 6590310
1662512755 7220256
1662512756 5594832
1662512757 6849462
1662512758 6750918
1662512759 6274932
1662512760 6340620
1662512761 5577708
1662512762 7211886
1662512763 6757068
1662512764 6341046
1662512765 6206598
1662512766 5634420
1662512767 6569868
1662512768 5943948
1662512769 5752110
1662512770 6013428
1662512771 5280702
1662512772 6138666
1662512773 6373326
1662512774 6531120
1662512775 7687290
1662512776 5479044
1662512777 6366564
1662512778 6515292
1662512779 7044270
1662512780 6679770
1662512781 5660862
1662512782 6947472
1662512783 6618948
1662512784 6331944
1662512785 7168512
1662512786 7016466
1662512787 6726414
1662512788 6747954
1662512789 6529152
1662512790 6537792
1662512791 5878716
1662512792 6818358
1662512793 6335760
1662512794 5918346
1662512795 5802660
1662512796 5325162
1662512797 6059028
1662512798 5945214
1662512799 5924256
1662512800 6000138
1662512801 5133126
1662512802 6065688
1662512803 6239220
1662512804 6274578
1662512805 6708702
1662512806 5407680
1662512807 5763042
1662512808 6539172
1662512809 6448920
1662512810 7101114
1662512811 5329302
1662512812 6842844
1662512813 6683910
1662512814 6775542
1662512815 6916152
1662512816 5358360
1662512817 6656982
1662512818 6394470
1662512819 5863338
1662512820 5853822
1662512821 5551200
1662512822 6403842
1662512823 5975514
1662512824 5890410
1662512825 5892984
1662512826 4959000
1662512827 5536956
1662512828 5447412
1662512829 4962330
1662512830 4616550
1662512831 5005122
1662512832 6068844
1662512833 5245512
1662512834 5980554
1662512835 4995474
1662512836 4308624
1662512837 5194164
1662512838 5397804
1662512839 5069760
1662512840 5274822
1662512841 4500876
1662512842 5374584
1662512843 5316630
1662512844 5298666
1662512845 4750314
1662512846 4369938
1662512847 5003286
1662512848 4793934
1662512849 4623378
1662512850 4931322
1662512851 3952698
1662512852 5223042
1662512853 4951908
1662512854 4506618
1662512855 4510656
1662512856 5343342
1662512857 5802546
1662512858 5286828
1662512859 5512320
1662512860 5439210
1662512861 4362714
1662512862 5418156
1662512863 5093916
1662512864 5225370
1662512865 5575746
1662512866 4296810
1662512867 5266506
1662512868 5331612
1662512869 5010894
1662512870 5235654
1662512871 4224696
1662512872 4902378
1662512873 4904382
1662512874 4927920
1662512875 5007720
1662512876 4319430
1662512877 4941120
1662512878 4722660
1662512879 4781202
1662512880 4456590
1662512881 3564978
1662512882 3708000
1662512883 3547212
1662512884 3651120
1662512885 3688158
1662512886 3377382
1662512887 3916692
1662512888 3975762
1662512889 3979884
1662512890 3960312
1662512891 3467904
1662512892 4002936
1662512893 3956604
1662512894 4012668
1662512895 4028370
1662512896 3544182
1662512897 3929490
1662512898 4177938
1662512899 4062696
1662512900 4220952
1662512901 3595800
1662512902 4363212
1662512903 4445454
1662512904 4361832
1662512905 4242126
1662512906 3564264
1662512907 3420246
1662512908 2203068
1662512909 2866740
1662512910 2784072
1662512911 2872032
1662512912 4465236
1662512913 3263568
1662512914 2388054
1662512915 2840928
1662512916 2398686
1662512917 2798532
1662512918 2723592
1662512919 2890146
1662512920 2884878
1662512921 2482524
1662512922 2837880
1662512923 2548692
1662512924 2653062
1662512925 2702862
1662512926 2073540
1662512927 2658912
1662512928 2601282
1662512929 2613546
1662512930 2617212
1662512931 2293560
1662512932 2646378
1662512933 2333082
1662512934 1612218
1662512935 1758414
1662512936 1861812
1662512937 2525676
1662512938 2378256
1662512939 1833822
1662512940 1835184
1662512941 1590516
1662512942 1794396
1662512943 1813302
1662512944 1814982
1662512945 1783794
1662512946 1595214
1662512947 1822776
1662512948 1825278
1662512949 1747992
1662512950 1729488
1662512951 1487568
1662512952 1768062
1662512953 1829634
1662512954 1766598
1662512955 1781808
1662512956 1532274
1662512957 1723608
1662512958 1633002
1662512959 1623372
1662512960 1524060
1662512961 1128054
1662512962 1418010
1662512963 1418460
1662512964 1495614
1662512965 1491306
1662512966 1337094
1662512967 1421730
1662512968 1427358
1662512969 1576254
1662512970 1530678
1662512971 1327506
1662512972 1423212
1662512973 1188420
1662512974 1276908
1662512975 1335714
1662512976 1187802
1662512977 1155072
1662512978 1272036
1662512979 1279116
1662512980 1298910
1662512981 1083432
1662512982 1286520
1662512983 1167942
1662512984 1336548
1662512985 1322430
1662512986 1086474
1662512987 1201122
1662512988 1210134
1662512989 1246602
1662512990 1310136
1662512991 1273932
1662512992 1381176
1662512993 1423080
1662512994 1522746
1662512995 1489140
1662512996 1328634
1662512997 1370232
1662512998 1408698
1662512999 1395114
1662513000 1504542
1662513001 1123752
1662513002 1260612
1662513003 1149150
1662513004 1290540
1662513005 1249644
1662513006 1122744
1662513007 1131798
1662513008 1350036
1662513009 1372572
1662513010 1712916
1662513011 1379688
1662513012 1439550
1662513013 1516050
1662513014 1581498
1662513015 1405830
1662513016 1223160
1662513017 1404594
1662513018 1339494
1662513019 1315632
1662513020 1486200
1662513021 1220658
1662513022 1491810
1662513023 1287960
1662513024 1341054
1662513025 1429128
1662513026 1219344
1662513027 1250178
1662513028 1177908
1662513029 1301544
1662513030 1250790
1662513031 1059858
1662513032 1093758
1662513033 1389372
1662513034 1661520
1662513035 1740798
1662513036 1315806
1662513037 1316598
1662513038 1424340
1662513039 1449558
1662513040 1360158
1662513041 1339638
1662513042 1394694
1662513043 1322040
1662513044 1598334
1662513045 1593876
1662513046 1207674
1662513047 1644306
1662513048 1273320
1662513049 1620960
1662513050 1438350
1662513051 1318146
1662513052 1607604
1662513053 1460772
1662513054 1515840
1662513055 1473858
1662513056 1447608
1662513057 1344672
1662513058 1435410
1662513059 1640814
1662513060 1406202
1662513061 1339842
1662513062 1578384
1662513063 1597410
1662513064 1441926
1662513065 1607658
1662513066 1263048
1662513067 1193682
1662513068 1490166
1662513069 1522386
1662513070 1549422
1662513071 1430370
1662513072 1742406
1662513073 1849608
1662513074 1654788
1662513075 1769562
1662513076 1484838
1662513077 1497558
1662513078 1775478
1662513079 1777980
1662513080 1459782
1662513081 1328136
1662513082 1500252
1662513083 1350450
1662513084 1613532
1662513085 1564806
1662513086 1408770
1662513087 1253334
1662513088 1456890
1662513089 1564914
1662513090 1483740
1662513091 1371726
1662513092 1580478
1662513093 1667664
1662513094 1549794
1662513095 1566660
1662513096 1354350
1662513097 1345122
1662513098 1536414
1662513099 1648320
1662513100 1678128
1662513101 1314216
1662513102 1678470
1662513103 1666812
1662513104 1488042
1662513105 1699032
1662513106 1313514
1662513107 1549092
1662513108 1631910
1662513109 1634598
1662513110 1409400
1662513111 1512312
1662513112 1525734
1662513113 1693848
1662513114 1548654
1662513115 1660362
1662513116 1525254
1662513117 1579740
1662513118 1696038
1662513119 1668642
1662513120 1482426
1662513121 1478712
1662513122 1677966
1662513123 1504260
1662513124 1688154
1662513125 1504734
1662513126 1368504
1662513127 1723020
1662513128 1588170
1662513129 1525362
1662513130 1443294
1662513131 1463808
1662513132 1763922
1662513133 1541418
1662513134 1605222
1662513135 1807146
1662513136 1443732
1662513137 1771452
1662513138 1743006
1662513139 1688178
1662513140 1804122
1662513141 1550466
1662513142 1666992
1662513143 1797300
1662513144 1760760
1662513145 1540374
1662513146 1379814
1662513147 1538406
1662513148 1551900
1662513149 1645344
1662513150 1554882
1662513151 1500294
1662513152 1485498
1662513153 1633854
1662513154 1648320
1662513155 1412928
1662513156 1396074
1662513157 1620846
1662513158 1578138
1662513159 1732170
1662513160 1655568
1662513161 1325688
1662513162 1832802
1662513163 1736574
1662513164 1628052
1662513165 1559322
1662513166 1389330
1662513167 1539462
1662513168 1360530
1662513169 1765716
1662513170 1756116
1662513171 1414650
1662513172 1599438
1662513173 1508196
1662513174 1501272
1662513175 1584768
1662513176 1499766
1662513177 1704882
1662513178 1852908
1662513179 1779696
1662513180 1466106
1662513181 1503750
1662513182 1839576
1662513183 1813662
1662513184 1887360
1662513185 2002368
1662513186 1530804
1662513187 1923516
1662513188 1882704
1662513189 1853742
1662513190 1975680
1662513191 1639038
1662513192 2085504
1662513193 1889358
1662513194 1888776
1662513195 2127936
1662513196 2025462
1662513197 2127048
1662513198 2193210
1662513199 2000676
1662513200 2140680
1662513201 2215968
1662513202 2209740
1662513203 2364156
1662513204 1940880
1662513205 2535720
1662513206 2319264
1662513207 2238282
1662513208 2182614
1662513209 2143506
1662513210 2234202
1662513211 1990662
1662513212 2231358
1662513213 2215632
1662513214 2574864
1662513215 2239962
1662513216 1851540
1662513217 2321958
1662513218 2560002
1662513219 2257344
1662513220 2454534
1662513221 1932906
1662513222 2293614
1662513223 2278530
1662513224 2124744
1662513225 2227464
1662513226 1822932
1662513227 2577594
1662513228 2284320
1662513229 2247618
1662513230 2599032
1662513231 2110200
1662513232 2617944
1662513233 2750490
1662513234 2433714
1662513235 2679906
1662513236 2086770
1662513237 2677956
1662513238 2671296
1662513239 2424372
1662513240 2590620
1662513241 2103972
1662513242 2519748
1662513243 2447826
1662513244 2526702
1662513245 2639988
1662513246 2161380
1662513247 2610012
1662513248 2378448
1662513249 2529246
1662513250 1320288
1662513251 692


# events submitted
1662512048 3148166
1662512049 112208
1662512050 8132742
1662512051 11817756
1662512052 13565754
1662512053 13436022
1662512054 12657084
1662512055 12753678
1662512056 13399830
1662512057 12783738
1662512058 12334350
1662512059 12032112
1662512060 13022520
1662512061 13286076
1662512062 13016964
1662512063 12614682
1662512064 11914050
1662512065 13200210
1662512066 12458268
1662512067 11995938
1662512068 13269786
1662512069 11325792
1662512070 12338706
1662512071 12296496
1662512072 13596750
1662512073 11891580
1662512074 11667138
1662512075 12124548
1662512076 13153008
1662512077 11781342
1662512078 13153782
1662512079 11036982
1662512080 12453534
1662512081 13339206
1662512082 11181690
1662512083 13347882
1662512084 12768342
1662512085 11029464
1662512086 13387566
1662512087 12783204
1662512088 10950174
1662512089 12282396
1662512090 13278492
1662512091 11885670
1662512092 11376732
1662512093 13070856
1662512094 12582312
1662512095 11721768
1662512096 12161028
1662512097 13105866
1662512098 13391406
1662512099 10011318
1662512100 12403380
1662512101 13181820
1662512102 13324632
1662512103 12179472
1662512104 10533756
1662512105 12649794
1662512106 13283658
1662512107 12795690
1662512108 9936894
1662512109 11951052
1662512110 13248174
1662512111 13264974
1662512112 12572958
1662512113 10019802
1662512114 11874960
1662512115 12910134
1662512116 13209060
1662512117 13158474
1662512118 10197324
1662512119 11011950
1662512120 13495434
1662512121 13046844
1662512122 12483768
1662512123 7974126
1662512124 4582848
1662512125 10008588
1662512126 11542872
1662512127 10294572
1662512128 8776836
1662512129 9093546
1662512130 6817272
1662512131 9635820
1662512132 9050028
1662512133 9772428
1662512134 5503632
1662512135 6084942
1662512136 6022368
1662512137 4501848
1662512138 7473462
1662512139 4995204
1662512140 5733228
1662512141 5878776
1662512142 5032806
1662512143 4173486
1662512144 4235052
1662512145 6319542
1662512146 8131080
1662512147 7285932
1662512148 7178688
1662512149 6768534
1662512150 6738660
1662512151 6384840
1662512152 3992370
1662512153 6520284
1662512154 5039334
1662512155 7410012
1662512156 5576286
1662512157 5900580
1662512158 7102044
1662512159 6849132
1662512160 3401724
1662512161 5416308
1662512162 7054938
1662512163 7906596
1662512164 3853476
1662512165 2451354
1662512166 3881466
1662512167 3703806
1662512168 5166390
1662512169 3401694
1662512170 3710880
1662512171 6750822
1662512172 6448566
1662512173 6780582
1662512174 4688142
1662512175 4954230
1662512176 7039362
1662512177 6879186
1662512178 4825182
1662512179 3945276
1662512180 4932630
1662512181 6512028
1662512182 6266946
1662512183 6770928
1662512184 6738498
1662512185 5809818
1662512186 7602660
1662512187 7340298
1662512188 5806818
1662512189 5158422
1662512190 3226242
1662512191 4940256
1662512192 7391814
1662512193 5413290
1662512194 5874378
1662512195 5428932
1662512196 7285728
1662512197 6122796
1662512198 7340700
1662512199 4938318
1662512200 4982190
1662512201 4330872
1662512202 4969080
1662512203 4729272
1662512204 6011682
1662512205 5820198
1662512206 6715302
1662512207 7180356
1662512208 6495090
1662512209 5550078
1662512210 6816624
1662512211 6670392
1662512212 5961210
1662512213 3814218
1662512214 4698588
1662512215 5119374
1662512216 6665694
1662512217 7125144
1662512218 6290028
1662512219 6384570
1662512220 5753604
1662512221 6754200
1662512222 6583698
1662512223 7682286
1662512224 4435554
1662512225 6714690
1662512226 6196980
1662512227 4896126
1662512228 4802844
1662512229 4201008
1662512230 7758588
1662512231 6493092
1662512232 5357694
1662512233 4659816
1662512234 6405618
1662512235 6350742
1662512236 5606730
1662512237 5620602
1662512238 6107394
1662512239 5999124
1662512240 6489168
1662512241 4576176
1662512242 3183936
1662512243 2803734
1662512244 8328252
1662512245 6891666
1662512246 6235026
1662512247 7713006
1662512248 5797404
1662512249 6473886
1662512250 3745176
1662512251 2829066
1662512252 1626402
1662512253 3411276
1662512254 2372196
1662512255 2937666
1662512256 622656
1662512257 1488312
1662512258 852150
1662512259 1297740
1662512260 3614148
1662512261 2685774
1662512262 3768330
1662512263 3622608
1662512264 3659868
1662512265 4041174
1662512266 3429234
1662512267 3606738
1662512268 3612468
1662512269 2896698
1662512270 2251494
1662512271 2759448
1662512272 2146566
1662512273 1013616
1662512274 2664780
1662512275 2238102
1662512276 1109706
1662512277 3009690
1662512278 3219990
1662512279 2046222
1662512280 2504916
1662512281 612690
1662512282 3150528
1662512283 3588570
1662512284 3253884
1662512285 3871134
1662512286 4064250
1662512287 3102798
1662512288 2445126
1662512289 2151582
1662512290 2081286
1662512291 1215492
1662512292 3984108
1662512293 3432168
1662512294 2700984
1662512295 3097776
1662512296 2617284
1662512297 3958854
1662512298 3922386
1662512299 3545304
1662512300 3896754
1662512301 3012300
1662512302 1972752
1662512303 1454166
1662512304 3686916
1662512305 2976624
1662512306 3252924
1662512307 1204824
1662512308 1943430
1662512309 1207650
1662512310 1780218
1662512311 2626812
1662512312 936858
1662512313 2343288
1662512314 2916294
1662512315 2466828
1662512316 3194604
1662512317 1887552
1662512318 3211026
1662512319 2685840
1662512320 2480040
1662512321 6468282
1662512322 6295260
1662512323 5326980
1662512324 5132646
1662512325 6521232
1662512326 4333770
1662512327 5723214
1662512328 6395526
1662512329 6786720
1662512330 4806324
1662512331 4487184
1662512332 4631178
1662512333 6674580
1662512334 3930048
1662512335 5579796
1662512336 4534704
1662512337 6522588
1662512338 5702676
1662512339 4022940
1662512340 5896200
1662512341 5603784
1662512342 5182212
1662512343 5996586
1662512344 6464778
1662512345 5966118
1662512346 4445892
1662512347 6317088
1662512348 5256234
1662512349 6699714
1662512350 3624570
1662512351 3830022
1662512352 2855850
1662512353 4968012
1662512354 5467302
1662512355 5885310
1662512356 5284938
1662512357 6217986
1662512358 6121680
1662512359 6147378
1662512360 5515302
1662512361 4496496
1662512362 5931408
1662512363 4911216
1662512364 5118168
1662512365 6744756
1662512366 4711122
1662512367 4600674
1662512368 5230272
1662512369 5732298
1662512370 5744532
1662512371 4108716
1662512372 5984412
1662512373 5231904
1662512374 4771728
1662512375 3055818
1662512376 3917658
1662512377 5110950
1662512378 5980338
1662512379 2730870
1662512380 4470612
1662512381 5489844
1662512382 7671336
1662512383 6919176
1662512384 6422160
1662512385 5248956
1662512386 6179994
1662512387 5324286
1662512388 5975928
1662512389 5261250
1662512390 5340000
1662512391 5288862
1662512392 5352276
1662512393 5209890
1662512394 4981338
1662512395 5661192
1662512396 4711908
1662512397 6595272
1662512398 4262184
1662512399 4144458
1662512400 3857712
1662512401 183630
1662512402 1193904
1662512403 2406936
1662512404 2644572
1662512405 2787786
1662512406 2900814
1662512407 4067250
1662512408 2212098
1662512409 2924610
1662512410 2772888
1662512411 2428830
1662512412 2851470
1662512413 3692652
1662512414 2669010
1662512415 3262884
1662512416 1223718
1662512417 2213298
1662512418 3318822
1662512419 3115380
1662512420 2391078
1662512421 2516508
1662512422 2840292
1662512423 2093634
1662512424 3113022
1662512425 3212598
1662512426 1523538
1662512427 656298
1662512428 839682
1662512429 2031276
1662512430 2453868
1662512431 5557014
1662512432 6197694
1662512433 5974074
1662512434 4855668
1662512435 4332756
1662512436 3954792
1662512437 4998648
1662512438 6430446
1662512439 4994094
1662512440 4453350
1662512441 5247990
1662512442 5097654
1662512443 5569908
1662512444 6305142
1662512445 4887108
1662512446 4170720
1662512447 5290830
1662512448 5903484
1662512449 4315830
1662512450 4375170
1662512451 3197232
1662512452 4705470
1662512453 4792920
1662512454 3313542
1662512455 4930368
1662512456 4730706
1662512457 6394620
1662512458 6429906
1662512459 5233122
1662512460 3660378
1662512461 5134752
1662512462 6214938
1662512463 5247228
1662512464 4815546
1662512465 5584452
1662512466 5040750
1662512467 5896458
1662512468 5326032
1662512469 4524150
1662512470 5939586
1662512471 3915204
1662512472 5044332
1662512473 4342158
1662512474 3565218
1662512475 4714362
1662512476 6244596
1662512477 5080116
1662512478 2897904
1662512479 6133428
1662512480 5690604
1662512481 4307214
1662512482 6150198
1662512483 6281958
1662512484 4945512
1662512485 4960386
1662512486 4242612
1662512487 6282084
1662512488 4858452
1662512489 5970618
1662512490 5288298
1662512491 3701604
1662512492 5554494
1662512493 5161908
1662512494 4280544
1662512495 4689594
1662512496 4586478
1662512497 5539968
1662512498 5015046
1662512499 6061728
1662512500 4874736
1662512501 3993858
1662512502 4480740
1662512503 6041916
1662512504 5670732
1662512505 4224462
1662512506 5249586
1662512507 5016528
1662512508 5418852
1662512509 4149012
1662512510 4663524
1662512511 4060158
1662512512 4639572
1662512513 5177784
1662512514 5151732
1662512515 4939296
1662512516 2442054
1662512517 2932842
1662512518 3393330
1662512519 3020334
1662512520 4938372
1662512521 4777770
1662512522 5631000
1662512523 4565598
1662512524 4769862
1662512525 2497458
1662512526 4070358
1662512527 3787344
1662512528 3873096
1662512529 3307314
1662512530 4796082
1662512531 3217686
1662512532 6219276
1662512533 4887828
1662512534 5181618
1662512535 5281896
1662512536 4821516
1662512537 5190204
1662512538 4918332
1662512539 4713462
1662512540 5682054
1662512541 4359102
1662512542 4309314
1662512543 4571580
1662512544 5447394
1662512545 5572332
1662512546 2865756
1662512547 4059780
1662512548 4383612
1662512549 4768428
1662512550 3433230
1662512551 3921912
1662512552 5132790
1662512553 4903500
1662512554 4777752
1662512555 4328928
1662512556 3932568
1662512557 5210190
1662512558 4597092
1662512559 4286004
1662512560 5660460
1662512561 4765176
1662512562 5335500
1662512563 4430418
1662512564 6745920
1662512565 6050040
1662512566 4322706
1662512567 6586614
1662512568 4631994
1662512569 5419734
1662512570 4811724
1662512571 5625546
1662512572 5468694
1662512573 4532952
1662512574 4518138
1662512575 7307538
1662512576 4836498
1662512577 4512684
1662512578 6053142
1662512579 4218354
1662512580 3847404
1662512581 3980490
1662512582 4461306
1662512583 4329198
1662512584 4103142
1662512585 4228662
1662512586 3814830
1662512587 4366128
1662512588 4619088
1662512589 4278240
1662512590 5520534
1662512591 3197880
1662512592 4809000
1662512593 4647000
1662512594 3940866
1662512595 4175640
1662512596 3747684
1662512597 3104298
1662512598 2758770
1662512599 4252038
1662512600 4119936
1662512601 3962244
1662512602 3756096
1662512603 4513374
1662512604 4446726
1662512605 6178140
1662512606 5009058
1662512607 6643170
1662512608 5897514
1662512609 5357664
1662512610 6808122
1662512611 4913664
1662512612 6876864
1662512613 6116988
1662512614 6091578
1662512615 6100728
1662512616 5498232
1662512617 7575342
1662512618 5857452
1662512619 5347044
1662512620 4915710
1662512621 2430726
1662512622 2231604
1662512623 2640246
1662512624 3064584
1662512625 3151152
1662512626 3020610
1662512627 3671844
1662512628 3760764
1662512629 3349566
1662512630 4013046
1662512631 2959284
1662512632 4189236
1662512633 4528164
1662512634 3383010
1662512635 4508328
1662512636 3962868
1662512637 4561338
1662512638 6080526
1662512639 3844590
1662512640 3965712
1662512641 2723322
1662512642 5313684
1662512643 4525668
1662512644 4189794
1662512645 4156866
1662512646 3323304
1662512647 5197116
1662512648 5088432
1662512649 4485528
1662512650 3124596
1662512651 3405102
1662512652 3293700
1662512653 3750894
1662512654 4532922
1662512655 4258446
1662512656 3663306
1662512657 4114932
1662512658 4262064
1662512659 4330482
1662512660 3484872
1662512661 3951702
1662512662 4330008
1662512663 6310830
1662512664 5713974
1662512665 6264528
1662512666 5496084
1662512667 6134418
1662512668 5242830
1662512669 7317942
1662512670 6789414
1662512671 5517702
1662512672 4331898
1662512673 7222074
1662512674 5504352
1662512675 4540686
1662512676 3393996
1662512677 4676592
1662512678 5605698
1662512679 5885280
1662512680 6265902
1662512681 4482852
1662512682 5919042
1662512683 6393222
1662512684 6128736
1662512685 5952990
1662512686 5174748
1662512687 6840558
1662512688 5693976
1662512689 6358308
1662512690 6849114
1662512691 4548282
1662512692 3978846
1662512693 4975404
1662512694 6394692
1662512695 6084204
1662512696 3722466
1662512697 3662874
1662512698 6460194
1662512699 6514848
1662512700 6041718
1662512701 3150912
1662512702 5582784
1662512703 4924416
1662512704 5285130
1662512705 5839980
1662512706 5385666
1662512707 5548866
1662512708 5575050
1662512709 5582190
1662512710 4919694
1662512711 4057704
1662512712 4945674
1662512713 4439838
1662512714 5861664
1662512715 4733526
1662512716 4901454
1662512717 4304142
1662512718 3618426
1662512719 4351020
1662512720 3143340
1662512721 1850388
1662512722 3287574
1662512723 4359258
1662512724 3464268
1662512725 5980164
1662512726 3465102
1662512727 5510154
1662512728 6450894
1662512729 6009192
1662512730 4975254
1662512731 4125648
1662512732 4907802
1662512733 5258436
1662512734 5302830
1662512735 4534818
1662512736 4447092
1662512737 5788008
1662512738 6647274
1662512739 5707674
1662512740 4745250
1662512741 3827460
1662512742 4316712
1662512743 2985156
1662512744 2987862
1662512745 4500792
1662512746 4456698
1662512747 4660554
1662512748 4021668
1662512749 4706982
1662512750 3600630
1662512751 3665676
1662512752 5708574
1662512753 4591218
1662512754 5482476
1662512755 5222874
1662512756 4247484
1662512757 4734372
1662512758 4971972
1662512759 4725072
1662512760 4140828
1662512761 3905994
1662512762 5191944
1662512763 4350600
1662512764 5028150
1662512765 4886076
1662512766 4122156
1662512767 4510050
1662512768 4763364
1662512769 3600984
1662512770 3277794
1662512771 3962694
1662512772 4000386
1662512773 4236864
1662512774 2857596
1662512775 6979398
1662512776 5214690
1662512777 6364746
1662512778 6512274
1662512779 7040148
1662512780 6677868
1662512781 5657106
1662512782 6943512
1662512783 6614730
1662512784 6329616
1662512785 7165956
1662512786 7012890
1662512787 6724170
1662512788 6744378
1662512789 6527100
1662512790 6534144
1662512791 5872626
1662512792 6817140
1662512793 6333654
1662512794 5915850
1662512795 5801856
1662512796 5163336
1662512797 4424628
1662512798 2695404
1662512799 4520538
1662512800 1989582
1662512801 3832716
1662512802 4240662
1662512803 3558066
1662512804 4426104
1662512805 5309760
1662512806 3573054
1662512807 4275612
1662512808 4814934
1662512809 4718802
1662512810 4718916
1662512811 3866460
1662512812 4479036
1662512813 4937952
1662512814 5292744
1662512815 4769304
1662512816 4572384
1662512817 5071962
1662512818 4509114
1662512819 3769368
1662512820 4942806
1662512821 4801242
1662512822 6398598
1662512823 5975112
1662512824 5889288
1662512825 5888286
1662512826 4958208
1662512827 5538006
1662512828 5447340
1662512829 4961322
1662512830 4614930
1662512831 5005122
1662512832 6067698
1662512833 5244108
1662512834 5978976
1662512835 4994982
1662512836 4307418
1662512837 5194518
1662512838 5396502
1662512839 5066982
1662512840 5274924
1662512841 4497348
1662512842 5372202
1662512843 5315604
1662512844 5297508
1662512845 4747938
1662512846 4368210
1662512847 5002590
1662512848 4792056
1662512849 4622802
1662512850 4929288
1662512851 3951924
1662512852 5223300
1662512853 4951578
1662512854 4505196
1662512855 4509840
1662512856 5339322
1662512857 5800590
1662512858 5285946
1662512859 5510490
1662512860 5437572
1662512861 4362108
1662512862 5415738
1662512863 5093622
1662512864 5224950
1662512865 5573448
1662512866 4295694
1662512867 5265618
1662512868 5332044
1662512869 5009262
1662512870 5234076
1662512871 4222866
1662512872 4899216
1662512873 4899906
1662512874 4926234
1662512875 5006604
1662512876 4317126
1662512877 4940478
1662512878 4720254
1662512879 4779468
1662512880 4454898
1662512881 3564588
1662512882 3706224
1662512883 3545298
1662512884 3649164
1662512885 3686748
1662512886 3375408
1662512887 3916026
1662512888 3976020
1662512889 3978366
1662512890 3958290
1662512891 3466710
1662512892 4002804
1662512893 3955542
1662512894 4010376
1662512895 4026606
1662512896 3541884
1662512897 3930174
1662512898 4177392
1662512899 4061664
1662512900 4220892
1662512901 3595254
1662512902 4360614
1662512903 4444662
1662512904 4359624
1662512905 4239450
1662512906 3563562
1662512907 3419340
1662512908 2201868
1662512909 2864934
1662512910 2781984
1662512911 2870370
1662512912 4464690
1662512913 3261990
1662512914 2386350
1662512915 2837886
1662512916 2398566
1662512917 2796450
1662512918 2721048
1662512919 2888478
1662512920 2882382
1662512921 2482038
1662512922 2836176
1662512923 2547558
1662512924 2653392
1662512925 2701938
1662512926 2072664
1662512927 2657574
1662512928 2600814
1662512929 2612172
1662512930 2615622
1662512931 2292480
1662512932 2645712
1662512933 2332338
1662512934 1611396
1662512935 1757784
1662512936 1860702
1662512937 2524554
1662512938 2377218
1662512939 1832856
1662512940 1834422
1662512941 1589826
1662512942 1791912
1662512943 1812180
1662512944 1813572
1662512945 1782978
1662512946 1594254
1662512947 1821822
1662512948 1824618
1662512949 1747572
1662512950 1728684
1662512951 1487700
1662512952 1767588
1662512953 1829208
1662512954 1765428
1662512955 1780716
1662512956 1531530
1662512957 1722840
1662512958 1632498
1662512959 1622976
1662512960 1524498
1662512961 1127124
1662512962 1417812
1662512963 1417794
1662512964 1494912
1662512965 1490874
1662512966 1335858
1662512967 1419930
1662512968 1426434
1662512969 1575960
1662512970 1530048
1662512971 1325868
1662512972 1420896
1662512973 1186440
1662512974 1274418
1662512975 1332726
1662512976 1186974
1662512977 1152726
1662512978 1270626
1662512979 1275558
1662512980 1296174
1662512981 1081320
1662512982 1284606
1662512983 1165260
1662512984 1333272
1662512985 1321092
1662512986 1084758
1662512987 1198860
1662512988 1208382
1662512989 1243920
1662512990 1307706
1662512991 1272606
1662512992 1379880
1662512993 1422654
1662512994 1522104
1662512995 1487874
1662512996 1327842
1662512997 1368312
1662512998 1407462
1662512999 1394310
1662513000 1501914
1662513001 1122564
1662513002 1257972
1662513003 1147308
1662513004 1287732
1662513005 1248132
1662513006 1119810
1662513007 1129884
1662513008 1347036
1662513009 1369566
1662513010 1710084
1662513011 1377198
1662513012 1438080
1662513013 1513554
1662513014 1579326
1662513015 1400976
1662513016 1221048
1662513017 1402566
1662513018 1336926
1662513019 1313418
1662513020 1484040
1662513021 1217910
1662513022 1489200
1662513023 1286322
1662513024 1338732
1662513025 1427568
1662513026 1218000
1662513027 1249200
1662513028 1177668
1662513029 1300428
1662513030 1249236
1662513031 1059456
1662513032 1092414
1662513033 1387752
1662513034 1661880
1662513035 1738140
1662513036 1314828
1662513037 1314090
1662513038 1422150
1662513039 1446948
1662513040 1357884
1662513041 1336746
1662513042 1391838
1662513043 1319052
1662513044 1596000
1662513045 1589796
1662513046 1205460
1662513047 1642248
1662513048 1270662
1662513049 1618302
1662513050 1435830
1662513051 1315704
1662513052 1603626
1662513053 1457880
1662513054 1513446
1662513055 1471818
1662513056 1446570
1662513057 1341012
1662513058 1433724
1662513059 1638360
1662513060 1404582
1662513061 1338186
1662513062 1576428
1662513063 1596384
1662513064 1441056
1662513065 1605186
1662513066 1260732
1662513067 1192362
1662513068 1485360
1662513069 1519812
1662513070 1546956
1662513071 1430508
1662513072 1742778
1662513073 1849428
1662513074 1654362
1662513075 1769526
1662513076 1485156
1662513077 1497078
1662513078 1775826
1662513079 1776876
1662513080 1458456
1662513081 1326822
1662513082 1497720
1662513083 1347336
1662513084 1610592
1662513085 1562568
1662513086 1406544
1662513087 1250382
1662513088 1452996
1662513089 1562064
1662513090 1481682
1662513091 1368096
1662513092 1576086
1662513093 1663626
1662513094 1547310
1662513095 1565616
1662513096 1351890
1662513097 1342998
1662513098 1533558
1662513099 1645134
1662513100 1674426
1662513101 1311300
1662513102 1675962
1662513103 1665294
1662513104 1486446
1662513105 1695912
1662513106 1311534
1662513107 1546758
1662513108 1628970
1662513109 1632696
1662513110 1406850
1662513111 1510578
1662513112 1523694
1662513113 1689882
1662513114 1547724
1662513115 1657434
1662513116 1522404
1662513117 1577412
1662513118 1694340
1662513119 1666218
1662513120 1480086
1662513121 1476768
1662513122 1675746
1662513123 1502154
1662513124 1684434
1662513125 1502364
1662513126 1366830
1662513127 1720614
1662513128 1586706
1662513129 1521834
1662513130 1440630
1662513131 1461174
1662513132 1761414
1662513133 1538118
1662513134 1602606
1662513135 1803594
1662513136 1444116
1662513137 1770030
1662513138 1743096
1662513139 1688166
1662513140 1803828
1662513141 1548918
1662513142 1666140
1662513143 1796808
1662513144 1759518
1662513145 1536084
1662513146 1377528
1662513147 1534842
1662513148 1549656
1662513149 1642422
1662513150 1551570
1662513151 1499484
1662513152 1483092
1662513153 1630476
1662513154 1646118
1662513155 1411596
1662513156 1393248
1662513157 1618032
1662513158 1575294
1662513159 1729656
1662513160 1652994
1662513161 1323414
1662513162 1830996
1662513163 1733922
1662513164 1626048
1662513165 1557024
1662513166 1387116
1662513167 1537776
1662513168 1358190
1662513169 1763508
1662513170 1753914
1662513171 1411602
1662513172 1596162
1662513173 1505892
1662513174 1499292
1662513175 1581498
1662513176 1498824
1662513177 1702260
1662513178 1850502
1662513179 1776894
1662513180 1463490
1662513181 1501356
1662513182 1836258
1662513183 1811088
1662513184 1884144
1662513185 1999836
1662513186 1528812
1662513187 1920300
1662513188 1880100
1662513189 1852416
1662513190 1973790
1662513191 1636134
1662513192 2083518
1662513193 1886472
1662513194 1888374
1662513195 2126832
1662513196 2025252
1662513197 2125410
1662513198 2192226
1662513199 2000598
1662513200 2139498
1662513201 2214636
1662513202 2204898
1662513203 2359344
1662513204 1936368
1662513205 2533410
1662513206 2316054
1662513207 2235948
1662513208 2176968
1662513209 2141010
1662513210 2230188
1662513211 1987512
1662513212 2226198
1662513213 2210502
1662513214 2571204
1662513215 2235054
1662513216 1848078
1662513217 2319756
1662513218 2556594
1662513219 2252730
1662513220 2451642
1662513221 1930356
1662513222 2290506
1662513223 2275308
1662513224 2121564
1662513225 2223450
1662513226 1820136
1662513227 2575680
1662513228 2277912
1662513229 2244312
1662513230 2597508
1662513231 2109750
1662513232 2617248
1662513233 2748498
1662513234 2432370
1662513235 2678784
1662513236 2085228
1662513237 2674596
1662513238 2667552
1662513239 2420238
1662513240 2586816
1662513241 2100930
1662513242 2515422
1662513243 2444190
1662513244 2524434
1662513245 2637402
1662513246 2157384
1662513247 2607096
1662513248 2375244
1662513249 2524500
1662513250 1317846
1662513251 692


# events lost
1662512122 166578
1662512123 4636866
1662512124 3620664
1662512125 2768022
1662512126 1889820
1662512127 2936994
1662512128 4638912
1662512129 3008040
1662512130 2982870
1662512131 2116488
1662512132 4362114
1662512133 3489024
1662512134 7351938
1662512135 7372038
1662512136 5147520
1662512137 5632848
1662512138 5906862
1662512139 7782648
1662512140 7828662
1662512141 7459194
1662512142 8253432
1662512143 8438232
1662512144 4826742
1662512145 5229462
1662512146 5120328
1662512147 6023802
1662512148 6409650
1662512149 5943204
1662512150 6719934
1662512151 5673150
1662512152 4640544
1662512153 4694244
1662512154 7839510
1662512155 6012402
1662512156 7127862
1662512157 7745856
1662512158 6346776
1662512159 4554876
1662512160 6226716
1662512161 5228682
1662512162 6739098
1662512163 5735112
1662512164 8887038
1662512165 10799526
1662512166 9698568
1662512167 9862410
1662512168 7663806
1662512169 5629398
1662512170 5657880
1662512171 6420576
1662512172 7208082
1662512173 6761526
1662512174 7645494
1662512175 8051718
1662512176 6209862
1662512177 6550710
1662512178 6011736
1662512179 4512198
1662512180 5899764
1662512181 6962202
1662512182 7482120
1662512183 6770148
1662512184 5745810
1662512185 7568286
1662512186 5622192
1662512187 5790690
1662512188 7189830
1662512189 3949800
1662512190 7056012
1662512191 4256772
1662512192 5722602
1662512193 7486998
1662512194 5729160
1662512195 7613814
1662512196 5828838
1662512197 7291260
1662512198 5448006
1662512199 7317834
1662512200 6188886
1662512201 5746818
1662512202 4690242
1662512203 6937776
1662512204 6407916
1662512205 7002804
1662512206 6528936
1662512207 5925918
1662512208 7045152
1662512209 6289080
1662512210 6317802
1662512211 6577116
1662512212 5989338
1662512213 5635278
1662512214 4000320
1662512215 4650030
1662512216 6441216
1662512217 6251886
1662512218 6483552
1662512219 5151888
1662512220 7354632
1662512221 6118206
1662512222 6594630
1662512223 5104848
1662512224 7223094
1662512225 6372282
1662512226 4095642
1662512227 4624032
1662512228 3511086
1662512229 6529890
1662512230 5213940
1662512231 6665334
1662512232 7611498
1662512233 6836040
1662512234 6825360
1662512235 6881910
1662512236 7182228
1662512237 6983850
1662512238 5930046
1662512239 7106268
1662512240 4661346
1662512241 4108758
1662512242 6212934
1662512243 5716824
1662512244 4532958
1662512245 5996292
1662512246 6661590
1662512247 5143860
1662512248 6081324
1662512249 6103590
1662512250 9276966
1662512251 10465476
1662512252 11463990
1662512253 9043884
1662512254 10614474
1662512255 10247028
1662512256 8677638
1662512257 8012652
1662512258 7687518
1662512259 8317458
1662512260 9020424
1662512261 10201500
1662512262 9079740
1662512263 7520892
1662512264 8859978
1662512265 8909364
1662512266 9480618
1662512267 9201978
1662512268 7903260
1662512269 9596820
1662512270 10621392
1662512271 9796110
1662512272 9334776
1662512273 7585536
1662512274 5808210
1662512275 6555576
1662512276 8202618
1662512277 9454566
1662512278 8036364
1662512279 10894824
1662512280 10145256
1662512281 12100128
1662512282 9954876
1662512283 7204854
1662512284 9922566
1662512285 8759820
1662512286 8534106
1662512287 9960804
1662512288 8634594
1662512289 10437912
1662512290 8861148
1662512291 8289060
1662512292 5601570
1662512293 5248248
1662512294 6113988
1662512295 8853984
1662512296 10173180
1662512297 8907090
1662512298 7530378
1662512299 7760892
1662512300 8719272
1662512301 9711666
1662512302 9686538
1662512303 8886288
1662512304 8498310
1662512305 10219932
1662512306 8977218
1662512307 10741572
1662512308 9019368
1662512309 7764792
1662512310 7192434
1662512311 6983892
1662512312 8172642
1662512313 6224532
1662512314 8989374
1662512315 9852516
1662512316 9974862
1662512317 10932558
1662512318 7401282
1662512319 8968710
1662512320 8656056
1662512321 4808118
1662512322 6426732
1662512323 5671932
1662512324 7151712
1662512325 4909656
1662512326 7346424
1662512327 6644838
1662512328 5408862
1662512329 2942982
1662512330 3886344
1662512331 2736390
1662512332 3935766
1662512333 2733030
1662512334 5087508
1662512335 7213842
1662512336 5466744
1662512337 5329296
1662512338 6520770
1662512339 7892844
1662512340 5946180
1662512341 4314354
1662512342 5850960
1662512343 6719358
1662512344 5247906
1662512345 5471694
1662512346 5272860
1662512347 4852260
1662512348 6592512
1662512349 5111550
1662512350 5744172
1662512351 3278574
1662512352 5565600
1662512353 4179048
1662512354 3882264
1662512355 3666066
1662512356 2789496
1662512357 4872060
1662512358 5709084
1662512359 5468148
1662512360 5509086
1662512361 5846100
1662512362 5318538
1662512363 6766902
1662512364 7160064
1662512365 4615494
1662512366 5034990
1662512367 6101598
1662512368 6546354
1662512369 6330396
1662512370 5719428
1662512371 5935950
1662512372 4964094
1662512373 6892146
1662512374 5832564
1662512375 5380224
1662512376 3741228
1662512377 3388506
1662512378 2979120
1662512379 5995314
1662512380 3523338
1662512381 3836118
1662512382 4737276
1662512383 4412604
1662512384 5606688
1662512385 5607660
1662512386 4380978
1662512387 6959046
1662512388 6447114
1662512389 6443946
1662512390 5730354
1662512391 4310568
1662512392 5951220
1662512393 5953728
1662512394 6504648
1662512395 5734728
1662512396 5016162
1662512397 4475838
1662512398 6000666
1662512399 4263372
1662512400 5374698
1662512401 7636320
1662512402 7026948
1662512403 5958828
1662512404 5614134
1662512405 7530882
1662512406 8096196
1662512407 8410008
1662512408 10692378
1662512409 8110818
1662512410 8829318
1662512411 7473792
1662512412 8468598
1662512413 9140724
1662512414 9672852
1662512415 8314050
1662512416 8536368
1662512417 9299448
1662512418 7661580
1662512419 9054690
1662512420 10461174
1662512421 7342206
1662512422 8667516
1662512423 7275708
1662512424 5880234
1662512425 6312630
1662512426 6406260
1662512427 8343330
1662512428 8324610
1662512429 6968976
1662512430 5680860
1662512431 4953402
1662512432 5878302
1662512433 5088558
1662512434 6196440
1662512435 6856284
1662512436 5635320
1662512437 5812542
1662512438 4773366
1662512439 6170640
1662512440 7180020
1662512441 3792096
1662512442 5962488
1662512443 5626410
1662512444 4719996
1662512445 6160866
1662512446 5011956
1662512447 3617070
1662512448 3174678
1662512449 4598778
1662512450 4615110
1662512451 4058832
1662512452 3860706
1662512453 3856632
1662512454 7133550
1662512455 6662556
1662512456 6093966
1662512457 6291126
1662512458 5371560
1662512459 5315412
1662512460 7034304
1662512461 3930372
1662512462 5031036
1662512463 5848770
1662512464 5880414
1662512465 5560950
1662512466 4055316
1662512467 5406192
1662512468 5071626
1662512469 6124374
1662512470 4303854
1662512471 4965594
1662512472 4761132
1662512473 4726674
1662512474 6256164
1662512475 4253202
1662512476 1674624
1662512477 3643338
1662512478 5962974
1662512479 2935044
1662512480 4356924
1662512481 3567324
1662512482 5418510
1662512483 4280976
1662512484 5177820
1662512485 5749824
1662512486 4950996
1662512487 4518234
1662512488 5400174
1662512489 4707432
1662512490 5085864
1662512491 5116650
1662512492 5041410
1662512493 5644386
1662512494 5532636
1662512495 5355834
1662512496 6212082
1662512497 6719574
1662512498 4345272
1662512499 2731044
1662512500 3441546
1662512501 3625452
1662512502 3934902
1662512503 2273172
1662512504 2906388
1662512505 4090524
1662512506 4399770
1662512507 5857308
1662512508 5379096
1662512509 6547584
1662512510 4980414
1662512511 5131440
1662512512 6364764
1662512513 4531236
1662512514 5523696
1662512515 5825526
1662512516 6505218
1662512517 7262310
1662512518 7294398
1662512519 7282986
1662512520 5569782
1662512521 4006854
1662512522 2699082
1662512523 3455538
1662512524 3292944
1662512525 6012714
1662512526 3244770
1662512527 4416996
1662512528 4512684
1662512529 5109018
1662512530 6864036
1662512531 4964436
1662512532 4981776
1662512533 5222568
1662512534 5176152
1662512535 5115264
1662512536 4027026
1662512537 5808012
1662512538 5270406
1662512539 5289036
1662512540 5146170
1662512541 4777458
1662512542 5695194
1662512543 5958108
1662512544 4711770
1662512545 4484232
1662512546 4776216
1662512547 4190466
1662512548 3775818
1662512549 3538674
1662512550 4164804
1662512551 3019710
1662512552 2820930
1662512553 4460736
1662512554 5131158
1662512555 5889054
1662512556 4782990
1662512557 4839606
1662512558 6208278
1662512559 5579916
1662512560 4358292
1662512561 4866282
1662512562 5570064
1662512563 6103596
1662512564 3963054
1662512565 4378104
1662512566 4998252
1662512567 4359030
1662512568 5831538
1662512569 5295228
1662512570 5075010
1662512571 1755708
1662512572 2869326
1662512573 4372464
1662512574 3995688
1662512575 1119738
1662512576 2491812
1662512577 3592662
1662512578 2249676
1662512579 3990642
1662512580 4606014
1662512581 3761610
1662512582 4307556
1662512583 4881324
1662512584 4404306
1662512585 4428378
1662512586 3442818
1662512587 4470522
1662512588 4821804
1662512589 3906336
1662512590 3863994
1662512591 3655674
1662512592 4639440
1662512593 4891230
1662512594 4133196
1662512595 3685356
1662512596 3466278
1662512597 4831152
1662512598 5760510
1662512599 4503966
1662512600 5400108
1662512601 3677814
1662512602 3765516
1662512603 3872688
1662512604 4348722
1662512605 2020170
1662512606 2262318
1662512607 2147292
1662512608 2465880
1662512609 2749230
1662512610 1750794
1662512611 2256684
1662512612 1709190
1662512613 2421000
1662512614 2423868
1662512615 2151408
1662512616 1378764
1662512617 869784
1662512618 2180760
1662512619 2848698
1662512620 2785770
1662512621 4507632
1662512622 5607348
1662512623 5224578
1662512624 5085654
1662512625 4043412
1662512626 3673986
1662512627 3975486
1662512628 4903314
1662512629 4589700
1662512630 4081392
1662512631 4001886
1662512632 4546692
1662512633 3445038
1662512634 4932684
1662512635 3805230
1662512636 3155808
1662512637 4895958
1662512638 4158066
1662512639 4206888
1662512640 4339338
1662512641 4043928
1662512642 2801694
1662512643 3335058
1662512644 3652764
1662512645 3329088
1662512646 3584670
1662512647 2919078
1662512648 3258666
1662512649 2815380
1662512650 4766154
1662512651 2597142
1662512652 5196510
1662512653 4285374
1662512654 3817080
1662512655 4286676
1662512656 3024366
1662512657 4590762
1662512658 3588114
1662512659 4348818
1662512660 4351506
1662512661 3462960
1662512662 4265418
1662512663 1847034
1662512664 2576856
1662512665 2076090
1662512666 1644192
1662512667 2140896
1662512668 2389014
1662512669 840810
1662512670 912576
1662512671 1607664
1662512672 3358668
1662512673 1623234
1662512674 1988370
1662512675 3360036
1662512676 2762106
1662512677 2531772
1662512678 2869014
1662512679 2373954
1662512680 2270916
1662512681 2274264
1662512682 2202384
1662512683 2150706
1662512684 2304774
1662512685 1949226
1662512686 1725294
1662512687 1803354
1662512688 2610432
1662512689 1493736
1662512690 1476210
1662512691 1900656
1662512692 3179850
1662512693 2926614
1662512694 405684
1662512695 1794900
1662512696 2314458
1662512697 3092574
1662512698 1564944
1662512699 1562946
1662512700 2283462
1662512701 3024594
1662512702 886932
1662512703 1921872
1662512704 1420884
1662512705 2156130
1662512706 1924614
1662512707 1713696
1662512708 1562124
1662512709 1857990
1662512710 1746204
1662512711 1628874
1662512712 2109210
1662512713 2453730
1662512714 1176210
1662512715 2079084
1662512716 1717626
1662512717 2471970
1662512718 2611608
1662512719 1561602
1662512720 3200238
1662512721 3669996
1662512722 3069318
1662512723 1859556
1662512724 2723214
1662512725 488610
1662512726 1679928
1662512727 396930
1662512729 667530
1662512730 1777944
1662512731 1753782
1662512732 1996530
1662512733 1606248
1662512734 1232148
1662512735 1453356
1662512736 1205094
1662512737 1505034
1662512738 1531992
1662512739 1071384
1662512740 1996644
1662512741 1848906
1662512742 2340894
1662512743 3278448
1662512744 3057786
1662512745 1534782
1662512746 1051866
1662512747 1686816
1662512748 2775408
1662512749 1109016
1662512750 2324298
1662512751 1435806
1662512752 841674
1662512753 1324938
1662512754 1105608
1662512755 2000850
1662512756 1350090
1662512757 2119884
1662512758 1781826
1662512759 1552680
1662512760 2200572
1662512761 1675266
1662512762 2023818
1662512763 2410896
1662512764 1314366
1662512765 1322934
1662512766 1513620
1662512767 2063142
1662512768 1182234
1662512769 2155986
1662512770 2739252
1662512771 1318230
1662512772 2142312
1662512773 2139504
1662512774 3678036
1662512775 705438
1662512776 263022
1662512796 160356
1662512797 1637250
1662512798 3252480
1662512799 1407066
1662512800 4012998
1662512801 1301436
1662512802 1825728
1662512803 2682204
1662512804 1851264
1662512805 1397190
1662512806 1838376
1662512807 1489308
1662512808 1727676
1662512809 1732656
1662512810 2385090
1662512811 1467078
1662512812 2366376
1662512813 1747944
1662512814 1485000
1662512815 2148396
1662512816 787440
1662512817 1587876
1662512818 1888038
1662512819 2098284
1662512820 913110
1662512821 750966
