# events called


# events submitted


# events lost
# events called
1662489620 1285072
1662489621 1974992
1662489622 2797500
1662489623 10971492
1662489624 13306818
1662489625 12889668
1662489626 12551772
1662489627 13383006
1662489628 13352814
1662489629 12301710
1662489630 12851574
1662489631 11872794
1662489632 12958134
1662489633 12570498
1662489634 12690738
1662489635 12783408
1662489636 11880600
1662489637 12245046
1662489638 12578292
1662489639 12940464
1662489640 12068100
1662489641 11848206
1662489642 12124056
1662489643 11776434
1662489644 12920334
1662489645 11493000
1662489646 12295212
1662489647 11586564
1662489648 13017774
1662489649 12964776
1662489650 11482752
1662489651 12724794
1662489652 11389728
1662489653 13353390
1662489654 12887970
1662489655 11226834
1662489656 12646338
1662489657 13357758
1662489658 11280306
1662489659 13071966
1662489660 13189284
1662489661 10024446
1662489662 13268844
1662489663 13170996
1662489664 11873964
1662489665 11745042
1662489666 12423048
1662489667 12652260
1662489668 9800496
1662489669 12673326
1662489670 13548888
1662489671 12472860
1662489672 10048836
1662489673 12294720
1662489674 13483524
1662489675 13139844
1662489676 10051506
1662489677 11756556
1662489678 12847128
1662489679 13341138
1662489680 12978432
1662489681 9111336
1662489682 12859374
1662489683 12850596
1662489684 13064268
1662489685 12562656
1662489686 9913092
1662489687 12504678
1662489688 13115022
1662489689 12995976
1662489690 13286466
1662489691 10476456
1662489692 10600968
1662489693 13054824
1662489694 13173120
1662489695 13403160
1662489696 12365616
1662489697 10700748
1662489698 10474530
1662489699 13071900
1662489700 13095822
1662489701 12213132
1662489702 13287684
1662489703 11971890
1662489704 9863142
1662489705 12601914
1662489706 12792330
1662489707 13212624
1662489708 13254210
1662489709 12699684
1662489710 10365336
1662489711 9521868
1662489712 12945456
1662489713 13187730
1662489714 13024944
1662489715 13307604
1662489716 12220902
1662489717 11825076
1662489718 9236244
1662489719 11729970
1662489720 13338792
1662489721 12981660
1662489722 13144476
1662489723 12955056
1662489724 13503024
1662489725 11044512
1662489726 8736162
1662489727 12428688
1662489728 13751484
1662489729 13017840
1662489730 13402308
1662489731 12729360
1662489732 13359054
1662489733 12804882
1662489734 9355890
1662489735 9670116
1662489736 12200610
1662489737 13015962
1662489738 13106784
1662489739 13046466
1662489740 13534128
1662489741 12435006
1662489742 13002762
1662489743 9902796
1662489744 9580050
1662489745 12558894
1662489746 11897358
1662489747 13050216
1662489748 13274394
1662489749 13525554
1662489750 13281120
1662489751 12514008
1662489752 13039428
1662489753 9550248
1662489754 10143384
1662489755 11658546
1662489756 12288714
1662489757 12764358
1662489758 13149222
1662489759 13284558
1662489760 13220202
1662489761 12393600
1662489762 13001028
1662489763 11504346
1662489764 9402528
1662489765 9437598
1662489766 10908930
1662489767 12768090
1662489768 13199592
1662489769 12881292
1662489770 13114536
1662489771 12234714
1662489772 13418832
1662489773 13449354
1662489774 13039254
1662489775 9761490
1662489776 8936130
1662489777 9848940
1662489778 12592848
1662489779 13071732
1662489780 13001700
1662489781 12630366
1662489782 12792816
1662489783 12739668
1662489784 13777752
1662489785 13318422
1662489786 12355644
1662489787 11824818
1662489788 9516096
1662489789 10024812
1662489790 10669704
1662489791 12198588
1662489792 13273374
1662489793 12471372
1662489794 13177038
1662489795 13175016
1662489796 12043182
1662489797 13149216
1662489798 13111416
1662489799 13346952
1662489800 13306908
1662489801 10796472
1662489802 9672390
1662489803 9037392
1662489804 10014078
1662489805 12620352
1662489806 12223302
1662489807 12629160
1662489808 13092816
1662489809 13032534
1662489810 12845100
1662489811 11834994
1662489812 13284216
1662489813 13178082
1662489814 12675912
1662489815 12403344
1662489816 8972160
1662489817 9047826
1662489818 9987750
1662489819 11360214
1662489820 13258104
1662489821 11962086
1662489822 12774546
1662489823 12864930
1662489824 12946524
1662489825 13397946
1662489826 11883072
1662489827 13079814
1662489828 12961470
1662489829 12729318
1662489830 13103640
1662489831 10117302
1662489832 9174228
1662489833 9930090
1662489834 9502836
1662489835 10770822
1662489836 12281316
1662489837 12842292
1662489838 12822324
1662489839 13127844
1662489840 12591120
1662489841 11985762
1662489842 12568872
1662489843 13105302
1662489844 12728628
1662489845 12855906
1662489846 12073230
1662489847 12630528
1662489848 12686094
1662489849 9755796
1662489850 9235404
1662489851 8365626
1662489852 9991800
1662489853 10126014
1662489854 13271076
1662489855 12774342
1662489856 11859126
1662489857 12439956
1662489858 12758190
1662489859 12619782
1662489860 12191694
1662489861 11628948
1662489862 12613602
1662489863 12598446
1662489864 13105608
1662489865 12296586
1662489866 10772856
1662489867 10742514
1662489868 9123684
1662489869 8902944
1662489870 9532626
1662489871 8720100
1662489872 10402500
1662489873 12345564
1662489874 12256068
1662489875 11889468
1662489876 11551566
1662489877 12580530
1662489878 12772002
1662489879 12384420
1662489880 12295800
1662489881 11687994
1662489882 12026580
1662489883 12457008
1662489884 11672658
1662489885 11958468
1662489886 10791120
1662489887 10715364
1662489888 8809524
1662489889 8657946
1662489890 9779208
1662489891 8042046
1662489892 10563948
1662489893 12642738
1662489894 12208386
1662489895 12065664
1662489896 9836640
1662489897 11628360
1662489898 11995716
1662489899 11234256
1662489900 12253482
1662489901 11544102
1662489902 12270018
1662489903 12389256
1662489904 11533488
1662489905 12306546
1662489906 11232474
1662489907 11618526
1662489908 8953944
1662489909 9814812
1662489910 8770536
1662489911 8901504
1662489912 8908368
1662489913 9713832
1662489914 12398442
1662489915 12013362
1662489916 9767502
1662489917 10970772
1662489918 11122794
1662489919 10958958
1662489920 11556600
1662489921 10283778
1662489922 11089770
1662489923 11246748
1662489924 11063868
1662489925 11012658
1662489926 9791544
1662489927 11254950
1662489928 10838178
1662489929 8584584
1662489930 9156588
1662489931 7154826
1662489932 8102388
1662489933 9176244
1662489934 9302034
1662489935 10076544
1662489936 10955022
1662489937 12217986
1662489938 11389500
1662489939 11234400
1662489940 11219718
1662489941 9895662
1662489942 11208888
1662489943 11096226
1662489944 10878186
1662489945 11893176
1662489946 11412660
1662489947 11971986
1662489948 11707308
1662489949 11276724
1662489950 11538870
1662489951 10027800
1662489952 11303172
1662489953 8844882
1662489954 8965482
1662489955 8135898
1662489956 7006896
1662489957 8708490
1662489958 8099352
1662489959 8659440
1662489960 11774484
1662489961 11022186
1662489962 11341488
1662489963 12309306
1662489964 12590904
1662489965 11713896
1662489966 10025616
1662489967 11135676
1662489968 11671140
1662489969 11535546
1662489970 11436402
1662489971 10688790
1662489972 10906440
1662489973 11199942
1662489974 11111316
1662489975 11302458
1662489976 10092126
1662489977 11106372
1662489978 9313452
1662489979 9069006
1662489980 8643510
1662489981 6664746
1662489982 9054660
1662489983 8218854
1662489984 8359782
1662489985 11044632
1662489986 10262706
1662489987 10905978
1662489988 11602050
1662489989 12699054
1662489990 12076266
1662489991 9282414
1662489992 10596192
1662489993 11152674
1662489994 11072970
1662489995 11209974
1662489996 9306750
1662489997 10481736
1662489998 11520708
1662489999 11445072
1662490000 10905828
1662490001 8917680
1662490002 9090252
1662490003 8660028
1662490004 8135700
1662490005 8755386
1662490006 7509828
1662490007 8342388
1662490008 8533284
1662490009 8679834
1662490010 11964834
1662490011 10290180
1662490012 10482048
1662490013 10692396
1662490014 10906374
1662490015 10824450
1662490016 8815590
1662490017 11006352
1662490018 11098248
1662490019 10663200
1662490020 10726698
1662490021 8989416
1662490022 10658286
1662490023 11270772
1662490024 10870422
1662490025 10362462
1662490026 6925428
1662490027 8802060
1662490028 8380890
1662490029 8451762
1662490030 8598222
1662490031 7240296
1662490032 8270670
1662490033 9551628
1662490034 11880450
1662490035 10778988
1662490036 9053988
1662490037 10912446
1662490038 10559688
1662490039 10795716
1662490040 10480728
1662490041 8889798
1662490042 11090394
1662490043 10685412
1662490044 10663728
1662490045 10939968
1662490046 9116928
1662490047 10731936
1662490048 11968416
1662490049 11648202
1662490050 9295110
1662490051 7052778
1662490052 8766942
1662490053 8808246
1662490054 9302358
1662490055 8634894
1662490056 7538226
1662490057 8509320
1662490058 11802984
1662490059 10849704
1662490060 10641888
1662490061 9031074
1662490062 10584282
1662490063 10868532
1662490064 10731834
1662490065 10740252
1662490066 8875092
1662490067 10608192
1662490068 10961196
1662490069 10474302
1662490070 10548402
1662490071 10254090
1662490072 12119862
1662490073 11869692
1662490074 10296474
1662490075 8661390
1662490076 7262640
1662490077 8117184
1662490078 8266416
1662490079 8742312
1662490080 8920314
1662490081 7369920
1662490082 8262672
1662490083 10784514
1662490084 10770330
1662490085 10227180
1662490086 9245610
1662490087 10771320
1662490088 10636854
1662490089 10531200
1662490090 10511346
1662490091 9084438
1662490092 11158770
1662490093 10398972
1662490094 10769376
1662490095 10712952
1662490096 8739030
1662490097 11027814
1662490098 11017374
1662490099 10002330
1662490100 9526830
1662490101 7531212
1662490102 8204676
1662490103 9384024
1662490104 8134956
1662490105 7939482
1662490106 7525866
1662490107 9201978
1662490108 10797348
1662490109 10588056
1662490110 10768716
1662490111 9222186
1662490112 10262664
1662490113 10394580
1662490114 10636620
1662490115 10466490
1662490116 9844674
1662490117 10886052
1662490118 10588998
1662490119 10522050
1662490120 10748082
1662490121 8910330
1662490122 8786268
1662490123 11024592
1662490124 10558266
1662490125 8585496
1662490126 7673760
1662490127 7845090
1662490128 8120232
1662490129 8803026
1662490130 8670438
1662490131 7181112
1662490132 8192664
1662490133 9918990
1662490134 10550064
1662490135 10686480
1662490136 8569674
1662490137 8144238
1662490138 11193216
1662490139 10528380
1662490140 10268598
1662490141 9123030
1662490142 10931496
1662490143 11054112
1662490144 10851984
1662490145 10245366
1662490146 8613096
1662490147 8267658
1662490148 10258284
1662490149 8941572
1662490150 8388348
1662490151 7051758
1662490152 8734650
1662490153 8613396
1662490154 7478598
1662490155 8621760
1662490156 7399656
1662490157 7617192
1662490158 8648346
1662490159 8311974
1662490160 10761018
1662490161 7501998
1662490162 8408274
1662490163 10669650
1662490164 9851334
1662490165 8267364
1662490166 8364528
1662490167 8503536
1662490168 10436802
1662490169 8418948
1662490170 9239382
1662490171 8413344
1662490172 7833444
1662490173 8581452
1662490174 8134098
1662490175 8248122
1662490176 7181316
1662490177 7470744
1662490178 8307612
1662490179 8391366
1662490180 8351814
1662490181 7686096
1662490182 10027764
1662490183 8710902
1662490184 8485176
1662490185 8460054
1662490186 7332354
1662490187 8525052
1662490188 8547954
1662490189 8794914
1662490190 8610336
1662490191 7089516
1662490192 8880510
1662490193 8406852
1662490194 8414604
1662490195 8488416
1662490196 7279134
1662490197 7908006
1662490198 8387220
1662490199 7772706
1662490200 8074890
1662490201 7325202
1662490202 7970478
1662490203 7937184
1662490204 7967514
1662490205 7389630
1662490206 6977742
1662490207 8730954
1662490208 8440404
1662490209 8427840
1662490210 8324952
1662490211 7386510
1662490212 8599464
1662490213 8562384
1662490214 8087178
1662490215 8825526
1662490216 9289002
1662490217 9365070
1662490218 7909908
1662490219 8432118
1662490220 8543502
1662490221 6595620
1662490222 8206860
1662490223 8468274
1662490224 7899330
1662490225 8043252
1662490226 6950292
1662490227 7651326
1662490228 8150928
1662490229 7632462
1662490230 7548978
1662490231 6715620
1662490232 7340034
1662490233 8354280
1662490234 8518176
1662490235 8575206
1662490236 7206900
1662490237 8168664
1662490238 8465874
1662490239 8241816
1662490240 8377584
1662490241 7129626
1662490242 8238918
1662490243 8356410
1662490244 8651076
1662490245 8374488
1662490246 7036614
1662490247 7685658
1662490248 7674660
1662490249 7877208
1662490250 7889904
1662490251 6595554
1662490252 7589046
1662490253 7837578
1662490254 7976004
1662490255 7779156
1662490256 6442404
1662490257 6512628
1662490258 7180974
1662490259 7206036
1662490260 7184022
1662490261 6343650
1662490262 7430082
1662490263 6970140
1662490264 7253988
1662490265 7388046
1662490266 6153054
1662490267 7278948
1662490268 8105466
1662490269 7635072
1662490270 7760340
1662490271 7702476
1662490272 7614372
1662490273 7220160
1662490274 6471576
1662490275 7406868
1662490276 5452728
1662490277 6736554
1662490278 6442014
1662490279 6419088
1662490280 6205788
1662490281 5798856
1662490282 6084108
1662490283 6978060
1662490284 6645312
1662490285 6653832
1662490286 6014910
1662490287 6510684
1662490288 6609738
1662490289 7008666
1662490290 6918438
1662490291 6542628
1662490292 6718908
1662490293 6535002
1662490294 6859842
1662490295 6740304
1662490296 5664528
1662490297 6359442
1662490298 6242214
1662490299 6178326
1662490300 6325536
1662490301 5665572
1662490302 5849274
1662490303 6528684
1662490304 6286806
1662490305 6597636
1662490306 5066910
1662490307 6742524
1662490308 6755742
1662490309 6994320
1662490310 6741762
1662490311 5472552
1662490312 6840018
1662490313 6755172
1662490314 6666480
1662490315 7206048
1662490316 7207962
1662490317 7170486
1662490318 6696822
1662490319 7095714
1662490320 6802494
1662490321 5778966
1662490322 6624666
1662490323 6240546
1662490324 6120138
1662490325 6037848
1662490326 5693370
1662490327 6817080
1662490328 5933844
1662490329 6444390
1662490330 5765796
1662490331 5163882
1662490332 6227304
1662490333 6672948
1662490334 6881526
1662490335 7095228
1662490336 5578272
1662490337 7084074
1662490338 6752232
1662490339 7010328
1662490340 6393036
1662490341 5550414
1662490342 6703740
1662490343 6562710
1662490344 6941862
1662490345 6881082
1662490346 5657706
1662490347 6412878
1662490348 6723558
1662490349 6368928
1662490350 6170568
1662490351 5190810
1662490352 6220566
1662490353 6253890
1662490354 6053430
1662490355 6345666
1662490356 5464140
1662490357 6059514
1662490358 6743880
1662490359 6550146
1662490360 6837384
1662490361 6823806
1662490362 7594302
1662490363 6837162
1662490364 6789234
1662490365 6571428
1662490366 5778144
1662490367 6805218
1662490368 6752418
1662490369 6906420
1662490370 6534702
1662490371 5669568
1662490372 6715236
1662490373 6352020
1662490374 6206730
1662490375 6220062
1662490376 5107854
1662490377 6385788
1662490378 6291834
1662490379 6204756
1662490380 6323436
1662490381 5336526
1662490382 6269202
1662490383 5880156
1662490384 6376692
1662490385 6737388
1662490386 5910414
1662490387 7269774
1662490388 6722154
1662490389 6589404
1662490390 6638712
1662490391 5692572
1662490392 6526470
1662490393 6939480
1662490394 6458046
1662490395 6502188
1662490396 5601432
1662490397 6630246
1662490398 6301332
1662490399 6021318
1662490400 6118194
1662490401 5123622
1662490402 5540394
1662490403 6295770
1662490404 6057996
1662490405 5986776
1662490406 5409138
1662490407 6026634
1662490408 6611298
1662490409 5069820
1662490410 5047806
1662490411 4533156
1662490412 5111370
1662490413 5225484
1662490414 5088594
1662490415 5100816
1662490416 4906380
1662490417 5495130
1662490418 5815800
1662490419 4993128
1662490420 5298108
1662490421 4608594
1662490422 5272710
1662490423 5653692
1662490424 5407758
1662490425 4992210
1662490426 4310748
1662490427 4613052
1662490428 4825176
1662490429 5066814
1662490430 4965522
1662490431 4356486
1662490432 5142246
1662490433 4974090
1662490434 4873632
1662490435 4832676
1662490436 4453038
1662490437 4913406
1662490438 4945188
1662490439 5107020
1662490440 4837914
1662490441 4561968
1662490442 4920672
1662490443 5088516
1662490444 5254212
1662490445 5087082
1662490446 4365222
1662490447 5692602
1662490448 5649636
1662490449 5110902
1662490450 4963056
1662490451 4398540
1662490452 5782758
1662490453 5189346
1662490454 4949622
1662490455 4636542
1662490456 4131198
1662490457 5348760
1662490458 5706228
1662490459 5016792
1662490460 5211036
1662490461 4720338
1662490462 5630742
1662490463 4061904
1662490464 3872148
1662490465 3965718
1662490466 4018608
1662490467 5028318
1662490468 4566534
1662490469 4082916
1662490470 4093620
1662490471 3711378
1662490472 4653648
1662490473 4373700
1662490474 4364016
1662490475 4540986
1662490476 3663312
1662490477 4647720
1662490478 4895646
1662490479 4167402
1662490480 4361946
1662490481 3897102
1662490482 5067528
1662490483 4476762
1662490484 4318218
1662490485 4467048
1662490486 3680472
1662490487 5160612
1662490488 4435752
1662490489 4091244
1662490490 3754182
1662490491 3345942
1662490492 3975816
1662490493 3778410
1662490494 3520434
1662490495 3633084
1662490496 3008556
1662490497 3492534
1662490498 3524022
1662490499 3528324
1662490500 3518820
1662490501 3045816
1662490502 3658278
1662490503 3636414
1662490504 3413208
1662490505 3317232
1662490506 3275124
1662490507 4286844
1662490508 3525390
1662490509 3811512
1662490510 3682746
1662490511 3393690
1662490512 3432792
1662490513 3218316
1662490514 3457014
1662490515 2465244
1662490516 1684230
1662490517 2215002
1662490518 2471040
1662490519 2562318
1662490520 2532846
1662490521 2472552
1662490522 2526894
1662490523 2515698
1662490524 2565636
1662490525 2316324
1662490526 1509534
1662490527 1862622
1662490528 1777914
1662490529 1833102
1662490530 1876284
1662490531 1488672
1662490532 1749984
1662490533 1852452
1662490534 1694598
1662490535 1767024
1662490536 1508682
1662490537 1838316
1662490538 1761246
1662490539 1787322
1662490540 1753932
1662490541 1510278
1662490542 1660032
1662490543 1555068
1662490544 1517160
1662490545 1429458
1662490546 1609824
1662490547 1765680
1662490548 1844292
1662490549 1561980
1662490550 1583022
1662490551 1353666
1662490552 1585464
1662490553 1521936
1662490554 1511640
1662490555 1588440
1662490556 1343244
1662490557 1528698
1662490558 1476714
1662490559 1516320
1662490560 1483170
1662490561 1282248
1662490562 1402500
1662490563 1411464
1662490564 1494714
1662490565 1459500
1662490566 1291302
1662490567 1459620
1662490568 1289706
1662490569 1058334
1662490570 1084386
1662490571 919386
1662490572 1215150
1662490573 1286532
1662490574 1493898
1662490575 1660950
1662490576 1685226
1662490577 1757310
1662490578 1588698
1662490579 1833888
1662490580 1840638
1662490581 1573956
1662490582 1530798
1662490583 1689336
1662490584 1841574
1662490585 1832670
1662490586 1885818
1662490587 1789482
1662490588 1752870
1662490589 1956120
1662490590 2082642
1662490591 1827810
1662490592 1747104
1662490593 1695936
1662490594 2000658
1662490595 2147628
1662490596 1842126
1662490597 1693572
1662490598 1717566
1662490599 1867074
1662490600 1875036
1662490601 1908480
1662490602 1735716
1662490603 1765134
1662490604 1938366
1662490605 1922916
1662490606 1812750
1662490607 1878108
1662490608 1715142
1662490609 1941540
1662490610 2079378
1662490611 1820700
1662490612 1853304
1662490613 1985634
1662490614 2228046
1662490615 2250336
1662490616 2075730
1662490617 2088150
1662490618 2187174
1662490619 2111244
1662490620 2278104
1662490621 1970106
1662490622 1792362
1662490623 1888932
1662490624 2040546
1662490625 2121288
1662490626 1990548
1662490627 2013570
1662490628 1972434
1662490629 1977984
1662490630 2389080
1662490631 1954728
1662490632 1931184
1662490633 1827288
1662490634 1830450
1662490635 2029140
1662490636 1867560
1662490637 1825614
1662490638 1717644
1662490639 1951908
1662490640 2048988
1662490641 1955580
1662490642 1870218
1662490643 1921044
1662490644 2215374
1662490645 2426562
1662490646 1780152
1662490647 1895658
1662490648 2197368
1662490649 2146614
1662490650 2305362
1662490651 1985856
1662490652 1844364
1662490653 1828584
1662490654 2044980
1662490655 2286870
1662490656 1865346
1662490657 1874658
1662490658 1849524
1662490659 1974768
1662490660 1949634
1662490661 1796814
1662490662 1792092
1662490663 1736682
1662490664 1991766
1662490665 2339934
1662490666 1971540
1662490667 1898556
1662490668 1899270
1662490669 1862262
1662490670 2011500
1662490671 2109630
1662490672 2284854
1662490673 2019186
1662490674 1905426
1662490675 1978320
1662490676 1730448
1662490677 1322892
1662490678 1232538
1662490679 1324920
1662490680 1336602
1662490681 1205766
1662490682 1231686
1662490683 1217592
1662490684 1314342
1662490685 1286610
1662490686 1204602
1662490687 1342956
1662490688 1239054
1662490689 1304610
1662490690 1353870
1662490691 1163214
1662490692 1271316
1662490693 1259238
1662490694 1268952
1662490695 1288464
1662490696 1112124
1662490697 1411002
1662490698 1510926
1662490699 1474278
1662490700 1490868
1662490701 1311576
1662490702 1531164
1662490703 1408134
1662490704 1562184
1662490705 1324920
1662490706 1368006
1662490707 1778058
1662490708 1655304
1662490709 1760154
1662490710 1815894
1662490711 1306416
1662490712 1384206
1662490713 1404894
1662490714 1442352
1662490715 1447926
1662490716 1282062
1662490717 1495734
1662490718 1308090
1662490719 1403124
1662490720 1453326
1662490721 1309434
1662490722 1420578
1662490723 1313382
1662490724 1400982
1662490725 1451370
1662490726 1250964
1662490727 1462788
1662490728 1425048
1662490729 1486578
1662490730 1402248
1662490731 1230438
1662490732 1461954
1662490733 1436640
1662490734 1279998
1662490735 1357800
1662490736 1129314
1662490737 1303962
1662490738 1255944
1662490739 1286028
1662490740 1287294
1662490741 1369020
1662490742 1339104
1662490743 1282404
1662490744 1412238
1662490745 1237602
1662490746 1307484
1662490747 1222026
1662490748 1202460
1662490749 1269660
1662490750 1411092
1662490751 1115874
1662490752 1249146
1662490753 1077912
1662490754 1367820
1662490755 1997622
1662490756 1570302
1662490757 1420644
1662490758 1214910
1662490759 1246146
1662490760 1242978
1662490761 1182024
1662490762 1307580
1662490763 1309842
1662490764 1329018
1662490765 1381218
1662490766 1207842
1662490767 1320882
1662490768 1192398
1662490769 1286682
1662490770 1306524
1662490771 1209294
1662490772 1304898
1662490773 1265286
1662490774 1285620
1662490775 1419390
1662490776 1213680
1662490777 1285236
1662490778 1291254
1662490779 1163886
1662490780 1290186
1662490781 1109460
1662490782 1403220
1662490783 1217376
1662490784 1378074
1662490785 1388340
1662490786 1246296
1662490787 1391268
1662490788 1300398
1662490789 1254450
1662490790 1238556
1662490791 1112286
1662490792 1196430
1662490793 1220922
1662490794 1210440
1662490795 1268154
1662490796 1068156
1662490797 1308654
1662490798 1259574
1662490799 1189128
1662490800 1350972
1662490801 1407606
1662490802 1338348
1662490803 1361508
1662490804 1387962
1662490805 1349610
1662490806 1185480
1662490807 1262550
1662490808 1209576
1662490809 1439676
1662490810 1403628
1662490811 1493640
1662490812 1840242
1662490813 1324212
1662490814 1778202
1662490815 1983408
1662490816 1765332
1662490817 1914426
1662490818 2107392
1662490819 2081274
1662490820 1989102
1662490821 1977240
1662490822 1892286
1662490823 754


# events submitted
1662489620 1285072
1662489621 1974992
1662489622 2784786
1662489623 10911276
1662489624 13275930
1662489625 12855672
1662489626 12530832
1662489627 13350852
1662489628 13334610
1662489629 12279714
1662489630 12827514
1662489631 11858364
1662489632 12937104
1662489633 12555312
1662489634 12672240
1662489635 12765126
1662489636 11861454
1662489637 12226974
1662489638 12558402
1662489639 12918792
1662489640 12045600
1662489641 11826996
1662489642 12108624
1662489643 11758962
1662489644 12904314
1662489645 11479836
1662489646 12265710
1662489647 11570484
1662489648 12997272
1662489649 12939648
1662489650 11469366
1662489651 12705300
1662489652 11375106
1662489653 13334568
1662489654 12863244
1662489655 11212164
1662489656 12619290
1662489657 13337100
1662489658 11264424
1662489659 13048152
1662489660 13164828
1662489661 10012500
1662489662 13239132
1662489663 13154832
1662489664 11858106
1662489665 11726136
1662489666 12402162
1662489667 12644520
1662489668 9786432
1662489669 12652284
1662489670 13524894
1662489671 12463008
1662489672 10040628
1662489673 12274446
1662489674 13450620
1662489675 13117266
1662489676 10044972
1662489677 11755818
1662489678 12817164
1662489679 13314000
1662489680 12958362
1662489681 9105528
1662489682 12839346
1662489683 12822918
1662489684 13037160
1662489685 12547296
1662489686 9906648
1662489687 12480672
1662489688 13084530
1662489689 12960060
1662489690 13257852
1662489691 10467378
1662489692 10591332
1662489693 13025040
1662489694 13150578
1662489695 13382880
1662489696 12341100
1662489697 10689996
1662489698 10462674
1662489699 13043514
1662489700 13071306
1662489701 12193692
1662489702 13257828
1662489703 11953566
1662489704 6986442
1662489705 9648750
1662489706 9626826
1662489707 10280532
1662489708 10539186
1662489709 8810130
1662489710 10252602
1662489711 6744912
1662489712 9000108
1662489713 8674692
1662489714 9358140
1662489715 9999738
1662489716 8452182
1662489717 9624906
1662489718 7744932
1662489719 8921322
1662489720 10867482
1662489721 6853476
1662489722 6057234
1662489723 5193624
1662489724 6544524
1662489725 3394020
1662489726 4117674
1662489727 7321422
1662489728 6283560
1662489729 5849454
1662489730 7369320
1662489731 6468930
1662489732 8282694
1662489733 5617566
1662489734 5005344
1662489735 5760756
1662489736 5165688
1662489737 7737360
1662489738 5700210
1662489739 7086024
1662489740 7694670
1662489741 6850350
1662489742 5771850
1662489743 4489686
1662489744 5382060
1662489745 6511806
1662489746 5687724
1662489747 7500774
1662489748 5616582
1662489749 4720422
1662489750 6764634
1662489751 6218472
1662489752 7085844
1662489753 6649542
1662489754 5236074
1662489755 4621398
1662489756 5883822
1662489757 6654972
1662489758 7225980
1662489759 8150184
1662489760 6063486
1662489761 5625894
1662489762 5480706
1662489763 5274846
1662489764 5627382
1662489765 1042950
1662489766 1688724
1662489767 3921336
1662489768 3070044
1662489769 4180422
1662489770 2955330
1662489771 2707614
1662489772 3820110
1662489773 3369714
1662489774 2523294
1662489775 2614104
1662489776 153030
1662489777 1077840
1662489778 1814940
1662489779 2744166
1662489780 3025938
1662489781 2674332
1662489782 2807472
1662489783 2508408
1662489784 2569866
1662489785 3899640
1662489786 3743694
1662489787 1555008
1662489788 1640112
1662489789 1024188
1662489791 2953272
1662489792 3241212
1662489793 4103580
1662489794 2973870
1662489795 4119564
1662489796 3116730
1662489797 4116876
1662489798 1286412
1662489799 2576394
1662489800 2280390
1662489801 2452452
1662489802 787380
1662489803 412734
1662489804 2937150
1662489805 3993222
1662489806 3021204
1662489807 3584682
1662489808 3272184
1662489809 3867768
1662489810 2076216
1662489811 3437928
1662489812 3264216
1662489813 407274
1662489814 3084180
1662489815 2563242
1662489816 2727798
1662489817 50544
1662489818 2239710
1662489819 2887182
1662489820 4220232
1662489821 3599196
1662489822 3277830
1662489823 3416772
1662489824 3600672
1662489825 3157914
1662489826 1543290
1662489827 3626238
1662489828 3045600
1662489829 4275942
1662489830 4087974
1662489831 2310510
1662489832 3123408
1662489833 1630536
1662489834 1730778
1662489835 2451654
1662489836 3182742
1662489837 3476502
1662489838 3658728
1662489839 3879858
1662489840 6138102
1662489841 5061282
1662489842 6030732
1662489843 6558132
1662489844 6646356
1662489845 5451504
1662489846 6879636
1662489847 6756054
1662489848 6203466
1662489849 4251216
1662489850 5647506
1662489851 3795132
1662489852 3693732
1662489853 7648890
1662489854 5846352
1662489855 5609424
1662489856 7269300
1662489857 6416070
1662489858 7213236
1662489859 6509670
1662489860 4966464
1662489861 5587656
1662489862 7049460
1662489863 6204006
1662489864 6264192
1662489865 5801220
1662489866 5443482
1662489867 4452762
1662489868 5593710
1662489869 4271016
1662489870 4764270
1662489871 4482258
1662489872 6108024
1662489873 5397864
1662489874 4252212
1662489875 4458522
1662489876 6466662
1662489877 7040550
1662489878 7309710
1662489879 6113910
1662489880 4995792
1662489881 5391414
1662489882 5505324
1662489883 4970214
1662489884 6087336
1662489885 6057660
1662489886 4591818
1662489887 5517324
1662489888 3480390
1662489889 4212186
1662489890 5048916
1662489891 3980514
1662489892 4441932
1662489893 5664786
1662489894 5303022
1662489895 5564232
1662489896 4867788
1662489897 5426136
1662489898 5811948
1662489899 5531382
1662489900 6092682
1662489901 5655018
1662489902 4835508
1662489903 5267334
1662489904 5513616
1662489905 6761586
1662489906 5857758
1662489907 6791442
1662489908 5807058
1662489909 3567912
1662489910 4074396
1662489911 3604956
1662489912 4592352
1662489913 5457444
1662489914 7025532
1662489915 6516396
1662489916 3896880
1662489917 5854932
1662489918 4942938
1662489919 2665398
1662489920 2216226
1662489921 2277246
1662489922 2558412
1662489923 2652354
1662489924 3630306
1662489925 2861022
1662489926 1577688
1662489927 2126490
1662489928 2943066
1662489929 2859096
1662489930 1609884
1662489931 2428602
1662489932 541926
1662489933 33432
1662489934 995712
1662489935 600276
1662489936 3539934
1662489937 3085056
1662489938 1684824
1662489939 3259092
1662489940 2589402
1662489941 3301974
1662489942 1853976
1662489943 1841472
1662489944 2295768
1662489945 2281392
1662489946 3020856
1662489947 3031794
1662489948 2043132
1662489949 2717328
1662489950 2012448
1662489951 1291080
1662489952 2700720
1662489953 3246696
1662489954 3793644
1662489955 3497208
1662489956 3065874
1662489957 3616266
1662489958 3597678
1662489959 2639814
1662489960 6101946
1662489961 5526384
1662489962 4899378
1662489963 6107496
1662489964 5696868
1662489965 4586316
1662489966 4513092
1662489967 5038722
1662489968 5547186
1662489969 5481072
1662489970 4692012
1662489971 5514588
1662489972 5077350
1662489973 5243808
1662489974 5736480
1662489975 6007344
1662489976 4748076
1662489977 5093052
1662489978 3470328
1662489979 4314762
1662489980 4401786
1662489981 4709388
1662489982 3835728
1662489983 4326900
1662489984 4215672
1662489985 4384302
1662489986 6443184
1662489987 5803170
1662489988 5974782
1662489989 5796876
1662489990 5791098
1662489991 4170054
1662489992 5091792
1662489993 5447454
1662489994 6347550
1662489995 5336460
1662489996 4213158
1662489997 4982028
1662489998 5752758
1662489999 5471418
1662490000 5976960
1662490001 4833810
1662490002 4136712
1662490003 4012560
1662490004 4109592
1662490005 4518366
1662490006 4397886
1662490007 4501620
1662490008 4055406
1662490009 5295474
1662490010 5544582
1662490011 6223650
1662490012 5725068
1662490013 4123836
1662490014 4479456
1662490015 4684416
1662490016 4359960
1662490017 4495704
1662490018 5423934
1662490019 4889406
1662490020 5786334
1662490021 4119162
1662490022 5173824
1662490023 5430108
1662490024 5010630
1662490025 4823232
1662490026 3115146
1662490027 5042400
1662490028 5059386
1662490029 5460618
1662490030 4978626
1662490031 3789180
1662490032 3999630
1662490033 6009024
1662490034 5456010
1662490035 5000406
1662490036 4448400
1662490037 5837940
1662490038 5841270
1662490039 5784582
1662490040 4317582
1662490041 4148022
1662490042 4230684
1662490043 4230252
1662490044 6007776
1662490045 5366376
1662490046 4720038
1662490047 4767804
1662490048 4626102
1662490049 6533106
1662490050 2605434
1662490051 2371290
1662490052 4364808
1662490053 3876330
1662490054 1833546
1662490055 2467410
1662490056 2424486
1662490057 2606826
1662490058 4193928
1662490059 3337020
1662490060 2657100
1662490061 2896686
1662490062 5561508
1662490063 5412174
1662490064 5083404
1662490065 5544696
1662490066 3601776
1662490067 4560390
1662490068 5278116
1662490069 5865252
1662490070 5619762
1662490071 5055162
1662490072 6083490
1662490073 5618292
1662490074 5370018
1662490075 4826604
1662490076 4054674
1662490077 4109166
1662490078 4064340
1662490079 2183400
1662490080 3230274
1662490081 3783228
1662490082 4109796
1662490083 4794252
1662490084 5057430
1662490085 5409054
1662490086 4348404
1662490087 4930068
1662490088 5912010
1662490089 5933424
1662490090 5092434
1662490091 3529806
1662490092 4995576
1662490093 5008170
1662490094 5837598
1662490095 4931808
1662490096 4817538
1662490097 5923686
1662490098 5488218
1662490099 5085834
1662490100 2619984
1662490101 3372930
1662490102 5626968
1662490103 7854966
1662490104 6170154
1662490105 4419618
1662490106 3773034
1662490107 5534172
1662490108 5153124
1662490109 5703024
1662490110 5131224
1662490111 4746108
1662490112 4549224
1662490113 5804820
1662490114 4953360
1662490115 3876036
1662490116 4508682
1662490117 5251128
1662490118 5940876
1662490119 5955144
1662490120 5275422
1662490121 4774596
1662490122 4062528
1662490123 5297382
1662490124 4188528
1662490125 5635272
1662490126 4767936
1662490127 4248978
1662490128 5390100
1662490129 7675086
1662490130 3911310
1662490131 3838806
1662490132 4386432
1662490133 4463334
1662490134 5506932
1662490135 5419176
1662490136 4580532
1662490137 4424976
1662490138 5475288
1662490139 5520804
1662490140 5002902
1662490141 4644120
1662490142 6963270
1662490143 5978646
1662490144 5065848
1662490145 4481916
1662490146 5175870
1662490147 6711108
1662490148 8033724
1662490149 7517418
1662490150 4532358
1662490151 3935520
1662490152 4368732
1662490153 4283958
1662490154 4239036
1662490155 4381548
1662490156 3809964
1662490157 3746748
1662490158 4324194
1662490159 4073568
1662490160 4970394
1662490161 3587292
1662490162 4108158
1662490163 4773462
1662490164 5005032
1662490165 4353042
1662490166 3454692
1662490167 4016826
1662490168 5169210
1662490169 4093728
1662490170 5149224
1662490171 3591504
1662490172 3219186
1662490173 5039448
1662490174 3028662
1662490175 4241280
1662490176 2939700
1662490177 4395948
1662490178 2489724
1662490179 3810906
1662490180 4148322
1662490181 1419948
1662490182 4329564
1662490183 4276932
1662490184 4512330
1662490185 4575294
1662490186 4098672
1662490187 4181058
1662490188 4973190
1662490189 4752582
1662490190 3319356
1662490191 3947778
1662490192 3191220
1662490193 4436112
1662490194 4360560
1662490195 3332856
1662490196 3983256
1662490197 5413020
1662490198 4751634
1662490199 3508842
1662490200 3959022
1662490201 3242076
1662490202 3054036
1662490203 3915978
1662490204 5383818
1662490205 4078500
1662490206 3339084
1662490207 4531344
1662490208 3753852
1662490209 4010490
1662490210 3520182
1662490211 3432258
1662490212 4617156
1662490213 5755158
1662490214 4768926
1662490215 4112634
1662490216 6056040
1662490217 7304472
1662490218 6459906
1662490219 6594906
1662490220 6189054
1662490221 3064542
1662490222 5235840
1662490223 4505940
1662490224 5698818
1662490225 7522818
1662490226 4076034
1662490227 5113110
1662490228 4645008
1662490229 5396412
1662490230 5858634
1662490231 5416752
1662490232 6117222
1662490233 6326706
1662490234 6077148
1662490235 6118092
1662490236 5180310
1662490237 5814948
1662490238 6921270
1662490239 5547072
1662490240 6101328
1662490241 5084346
1662490242 5495208
1662490243 5965050
1662490244 6465420
1662490245 6261246
1662490246 5560938
1662490247 4064160
1662490248 3611418
1662490249 4270560
1662490250 5154690
1662490251 4281666
1662490252 5669760
1662490253 4568760
1662490254 5938188
1662490255 6013404
1662490256 3723498
1662490257 4989738
1662490258 5012766
1662490259 5457192
1662490260 4968570
1662490261 4738470
1662490262 5873442
1662490263 5263128
1662490264 5031078
1662490265 5106156
1662490266 2640534
1662490267 3401352
1662490268 4203252
1662490269 3104988
1662490270 4164486
1662490271 3168336
1662490272 3321888
1662490273 4872756
1662490274 4638714
1662490275 3351366
1662490276 2777880
1662490277 1928388
1662490278 3600312
1662490279 4462872
1662490280 3589050
1662490281 4574058
1662490282 3983004
1662490283 5461290
1662490284 4160526
1662490285 5151936
1662490286 4502808
1662490287 4868796
1662490288 4671642
1662490289 5345346
1662490290 4690356
1662490291 4727748
1662490292 4777974
1662490293 5186004
1662490294 5411712
1662490295 4435998
1662490296 3765006
1662490297 5931204
1662490298 4438086
1662490299 4785870
1662490300 5385108
1662490301 3641232
1662490302 3512760
1662490303 4378290
1662490304 5589246
1662490305 4895298
1662490306 4318920
1662490307 4998816
1662490308 4750368
1662490309 5132376
1662490310 5063040
1662490311 4138938
1662490312 4626510
1662490313 5221908
1662490314 4952532
1662490315 5427342
1662490316 4614912
1662490317 5607228
1662490318 4641378
1662490319 5410986
1662490320 5189556
1662490321 3484560
1662490322 5022966
1662490323 5729904
1662490324 4303770
1662490325 4897698
1662490326 3899418
1662490327 4464600
1662490328 4650948
1662490329 5938350
1662490330 4544064
1662490331 3998832
1662490332 5167362
1662490333 4643826
1662490334 4962504
1662490335 7091958
1662490336 5577666
1662490337 7082508
1662490338 6747618
1662490339 7007730
1662490340 6386460
1662490341 5546964
1662490342 6701040
1662490343 6561444
1662490344 6939966
1662490345 6877350
1662490346 5654640
1662490347 6409596
1662490348 6720258
1662490349 5874942
1662490350 4917606
1662490351 3800220
1662490352 6083742
1662490353 3869982
1662490354 5464974
1662490355 5198778
1662490356 3795888
1662490357 4247454
1662490358 4707570
1662490359 4044714
1662490360 4808850
1662490361 4707090
1662490362 5769726
1662490363 5475606
1662490364 5192346
1662490365 4864014
1662490366 4128618
1662490367 5032662
1662490368 4605198
1662490369 5736498
1662490370 5119296
1662490371 4292274
1662490372 3774282
1662490373 5733264
1662490374 5548770
1662490375 4726632
1662490376 2558388
1662490377 3276492
1662490378 4935852
1662490379 5259654
1662490380 3791232
1662490381 3881730
1662490382 3811026
1662490383 4023828
1662490384 4317342
1662490385 4784244
1662490386 5907876
1662490387 7266816
1662490388 6719838
1662490389 6584592
1662490390 6635508
1662490391 5690106
1662490392 6523230
1662490393 6934506
1662490394 6456456
1662490395 6498828
1662490396 5599326
1662490397 6624276
1662490398 6298434
1662490399 6018864
1662490400 6118398
1662490401 5121360
1662490402 5538858
1662490403 6293022
1662490404 6057534
1662490405 5985912
1662490406 5408286
1662490407 6023022
1662490408 6609894
1662490409 5068644
1662490410 5048604
1662490411 4532298
1662490412 5109774
1662490413 5224626
1662490414 5085996
1662490415 5098458
1662490416 4905708
1662490417 5496750
1662490418 5813292
1662490419 4991166
1662490420 5296818
1662490421 4608402
1662490422 5267118
1662490423 5652738
1662490424 5405628
1662490425 4992804
1662490426 4311084
1662490427 4612062
1662490428 4824684
1662490429 5066400
1662490430 4964118
1662490431 4354488
1662490432 5140854
1662490433 4972752
1662490434 4870992
1662490435 4832268
1662490436 4452024
1662490437 4913676
1662490438 4942392
1662490439 5105832
1662490440 4837512
1662490441 4559496
1662490442 4918044
1662490443 5088894
1662490444 5253354
1662490445 5086080
1662490446 4364184
1662490447 5690676
1662490448 5646606
1662490449 5109426
1662490450 4961232
1662490451 4397460
1662490452 5781696
1662490453 5189520
1662490454 4947210
1662490455 4635102
1662490456 4130634
1662490457 5347914
1662490458 5704248
1662490459 5015280
1662490460 5209854
1662490461 4718190
1662490462 5628282
1662490463 4060278
1662490464 3872034
1662490465 3964302
1662490466 4017312
1662490467 5025168
1662490468 4565034
1662490469 4082184
1662490470 4092750
1662490471 3711372
1662490472 4651332
1662490473 4371792
1662490474 4362378
1662490475 4540380
1662490476 3661692
1662490477 4647324
1662490478 4894236
1662490479 4166142
1662490480 4362006
1662490481 3896934
1662490482 5065392
1662490483 4474866
1662490484 4317906
1662490485 4468158
1662490486 3680058
1662490487 5158608
1662490488 4435608
1662490489 4090188
1662490490 3754200
1662490491 3345378
1662490492 3974124
1662490493 3777378
1662490494 3519774
1662490495 3632082
1662490496 3007548
1662490497 3491958
1662490498 3522474
1662490499 3527574
1662490500 3517710
1662490501 3042348
1662490502 3657534
1662490503 3635526
1662490504 3411240
1662490505 3314580
1662490506 3274434
1662490507 4286772
1662490508 3525840
1662490509 3810408
1662490510 3682158
1662490511 3392904
1662490512 3432654
1662490513 3216846
1662490514 3457086
1662490515 2464662
1662490516 1684290
1662490517 2214846
1662490518 2471952
1662490519 2562018
1662490520 2532006
1662490521 2470950
1662490522 2525544
1662490523 2516898
1662490524 2564664
1662490525 2315538
1662490526 1509156
1662490527 1861332
1662490528 1777836
1662490529 1831314
1662490530 1875444
1662490531 1487946
1662490532 1749936
1662490533 1852290
1662490534 1694628
1662490535 1766196
1662490536 1508520
1662490537 1838346
1662490538 1760862
1662490539 1786392
1662490540 1753398
1662490541 1510566
1662490542 1659558
1662490543 1555152
1662490544 1515144
1662490545 1429386
1662490546 1609830
1662490547 1763778
1662490548 1843398
1662490549 1560534
1662490550 1582458
1662490551 1352184
1662490552 1585314
1662490553 1520262
1662490554 1510302
1662490555 1587636
1662490556 1342746
1662490557 1527876
1662490558 1474926
1662490559 1514832
1662490560 1482726
1662490561 1282104
1662490562 1401684
1662490563 1410534
1662490564 1494516
1662490565 1458816
1662490566 1290930
1662490567 1459272
1662490568 1289592
1662490569 1058454
1662490570 1083942
1662490571 919176
1662490572 1214418
1662490573 1286124
1662490574 1492734
1662490575 1659900
1662490576 1684476
1662490577 1755648
1662490578 1585494
1662490579 1830984
1662490580 1838238
1662490581 1571448
1662490582 1529460
1662490583 1686402
1662490584 1840524
1662490585 1830900
1662490586 1885032
1662490587 1788030
1662490588 1750512
1662490589 1954176
1662490590 2079834
1662490591 1825998
1662490592 1746060
1662490593 1693494
1662490594 1997574
1662490595 2145924
1662490596 1840794
1662490597 1691028
1662490598 1715370
1662490599 1866048
1662490600 1873770
1662490601 1906122
1662490602 1733658
1662490603 1762704
1662490604 1935126
1662490605 1920528
1662490606 1809906
1662490607 1877610
1662490608 1713570
1662490609 1939194
1662490610 2077548
1662490611 1818900
1662490612 1852806
1662490613 1983954
1662490614 2225322
1662490615 2248650
1662490616 2073438
1662490617 2086272
1662490618 2184456
1662490619 2109318
1662490620 2276628
1662490621 1968372
1662490622 1790214
1662490623 1886826
1662490624 2038056
1662490625 2119800
1662490626 1989618
1662490627 2012340
1662490628 1971186
1662490629 1975992
1662490630 2387562
1662490631 1952316
1662490632 1928172
1662490633 1825782
1662490634 1829742
1662490635 2027484
1662490636 1865022
1662490637 1823586
1662490638 1716066
1662490639 1950108
1662490640 2046624
1662490641 1953240
1662490642 1869246
1662490643 1920348
1662490644 2213418
1662490645 2424996
1662490646 1778352
1662490647 1893738
1662490648 2194746
1662490649 2145594
1662490650 2303316
1662490651 1985532
1662490652 1844016
1662490653 1826862
1662490654 2042424
1662490655 2284152
1662490656 1864590
1662490657 1872828
1662490658 1847868
1662490659 1972044
1662490660 1947426
1662490661 1796538
1662490662 1791450
1662490663 1734570
1662490664 1989240
1662490665 2337726
1662490666 1970184
1662490667 1897356
1662490668 1896570
1662490669 1860714
1662490670 2009760
1662490671 2107308
1662490672 2283186
1662490673 2017170
1662490674 1903272
1662490675 1977372
1662490676 1728234
1662490677 1321278
1662490678 1231728
1662490679 1323456
1662490680 1334016
1662490681 1203984
1662490682 1230726
1662490683 1216050
1662490684 1312800
1662490685 1285542
1662490686 1204308
1662490687 1341990
1662490688 1236762
1662490689 1302942
1662490690 1351284
1662490691 1161948
1662490692 1271262
1662490693 1258086
1662490694 1267746
1662490695 1287858
1662490696 1110846
1662490697 1409496
1662490698 1510596
1662490699 1474152
1662490700 1490454
1662490701 1311588
1662490702 1531386
1662490703 1408116
1662490704 1562556
1662490705 1323618
1662490706 1367544
1662490707 1776930
1662490708 1655646
1662490709 1759392
1662490710 1814262
1662490711 1303764
1662490712 1383012
1662490713 1404156
1662490714 1441800
1662490715 1446552
1662490716 1280964
1662490717 1494858
1662490718 1307106
1662490719 1401156
1662490720 1451280
1662490721 1309086
1662490722 1419084
1662490723 1313010
1662490724 1400070
1662490725 1448046
1662490726 1250826
1662490727 1460640
1662490728 1423302
1662490729 1484922
1662490730 1401042
1662490731 1227882
1662490732 1461144
1662490733 1435056
1662490734 1278492
1662490735 1356402
1662490736 1128780
1662490737 1303680
1662490738 1254450
1662490739 1285404
1662490740 1286070
1662490741 1368474
1662490742 1338132
1662490743 1280856
1662490744 1410312
1662490745 1236270
1662490746 1306482
1662490747 1222026
1662490748 1200768
1662490749 1267464
1662490750 1410390
1662490751 1114692
1662490752 1248240
1662490753 1077540
1662490754 1365282
1662490755 1994424
1662490756 1569276
1662490757 1420368
1662490758 1212276
1662490759 1245306
1662490760 1242030
1662490761 1181970
1662490762 1306122
1662490763 1308102
1662490764 1328376
1662490765 1379532
1662490766 1206174
1662490767 1319826
1662490768 1192122
1662490769 1285452
1662490770 1305042
1662490771 1208934
1662490772 1303974
1662490773 1263720
1662490774 1285614
1662490775 1417992
1662490776 1213626
1662490777 1283538
1662490778 1290144
1662490779 1162716
1662490780 1287936
1662490781 1107942
1662490782 1401126
1662490783 1215954
1662490784 1376916
1662490785 1386816
1662490786 1245210
1662490787 1389810
1662490788 1298202
1662490789 1253352
1662490790 1237722
1662490791 1112292
1662490792 1194678
1662490793 1220412
1662490794 1208646
1662490795 1267326
1662490796 1067070
1662490797 1307826
1662490798 1258896
1662490799 1188402
1662490800 1350426
1662490801 1406982
1662490802 1336200
1662490803 1360014
1662490804 1387752
1662490805 1348614
1662490806 1184046
1662490807 1261842
1662490808 1208460
1662490809 1440384
1662490810 1401780
1662490811 1492644
1662490812 1838742
1662490813 1324050
1662490814 1774188
1662490815 1981602
1662490816 1764666
1662490817 1912974
1662490818 2106048
1662490819 2078964
1662490820 1988310
1662490821 1976496
1662490822 1890102
1662490823 692


# events lost
1662489704 2884854
1662489705 2953536
1662489706 3179214
1662489707 2935758
1662489708 2722080
1662489709 3908868
1662489710 107490
1662489711 2784330
1662489712 3964752
1662489713 4536096
1662489714 3683394
1662489715 3323004
1662489716 3786330
1662489717 2205834
1662489718 1489062
1662489719 2814912
1662489720 2469108
1662489721 6149712
1662489722 7116822
1662489723 7786014
1662489724 6994158
1662489725 7668816
1662489726 4629786
1662489727 5134926
1662489728 7498884
1662489729 7196238
1662489730 6064914
1662489731 6290268
1662489732 5104056
1662489733 7210512
1662489734 4365414
1662489735 3917910
1662489736 7057350
1662489737 5304240
1662489738 7439628
1662489739 5991042
1662489740 5875482
1662489741 5613648
1662489742 7257696
1662489743 5430456
1662489744 4207758
1662489745 6072186
1662489746 6233112
1662489747 5577486
1662489748 7690626
1662489749 8838564
1662489750 6548874
1662489751 6322488
1662489752 5979552
1662489753 2911674
1662489754 4916556
1662489755 7054848
1662489756 6428994
1662489757 6134292
1662489758 5951838
1662489759 5160990
1662489760 7187544
1662489761 6792762
1662489762 7544388
1662489763 6251370
1662489764 3784632
1662489765 8398386
1662489766 9214608
1662489767 8867814
1662489768 10144218
1662489769 8711550
1662489770 10172844
1662489771 9534144
1662489772 9619974
1662489773 10099320
1662489774 10515954
1662489775 7156308
1662489776 8774430
1662489777 8768928
1662489778 10775430
1662489779 10342260
1662489780 9983220
1662489781 9964752
1662489782 9997782
1662489783 10234596
1662489784 11204580
1662489785 9425958
1662489786 8626206
1662489787 10270686
1662489788 7874730
1662489789 8997384
1662489790 10652562
1662489791 9257718
1662489792 10053642
1662489793 8387868
1662489794 10208988
1662489795 9074160
1662489796 8941356
1662489797 9055296
1662489798 11822022
1662489799 10772364
1662489800 11029884
1662489801 8353998
1662489802 8878224
1662489803 8623002
1662489804 7083024
1662489805 8645778
1662489806 9213666
1662489807 9061212
1662489808 9837216
1662489809 9181752
1662489810 10766490
1662489811 8417856
1662489812 10036332
1662489813 12766608
1662489814 9608802
1662489815 9847710
1662489816 6250944
1662489817 8992638
1662489818 7757016
1662489819 8489550
1662489820 9052104
1662489821 8380086
1662489822 9508944
1662489823 9468090
1662489824 9357582
1662489825 10257630
1662489826 10342404
1662489827 9463704
1662489828 9928176
1662489829 8473380
1662489830 9033216
1662489831 7811652
1662489832 6057348
1662489833 8298726
1662489834 7774326
1662489835 8323374
1662489836 9111600
1662489837 9381846
1662489838 9177402
1662489839 9256542
1662489840 6478326
1662489841 6955212
1662489842 6564300
1662489843 6572166
1662489844 6112842
1662489845 7431624
1662489846 5219124
1662489847 5899968
1662489848 6511428
1662489849 5518734
1662489850 3597558
1662489851 4580652
1662489852 6310074
1662489853 2490438
1662489854 7452150
1662489855 7191918
1662489856 4618650
1662489857 6051558
1662489858 5568810
1662489859 6136134
1662489860 7247940
1662489861 6059280
1662489862 5590554
1662489863 6413946
1662489864 6867294
1662489865 6516090
1662489866 5350158
1662489867 6305994
1662489868 3541524
1662489869 4642506
1662489870 4777404
1662489871 4247022
1662489872 4306956
1662489873 6976518
1662489874 8024814
1662489875 7452030
1662489876 5104212
1662489877 5560404
1662489878 5488932
1662489879 6295830
1662489880 7326138
1662489881 6318420
1662489882 6544386
1662489883 7513698
1662489884 5601822
1662489885 5920662
1662489886 6215532
1662489887 5213790
1662489888 5336490
1662489889 4455564
1662489890 4743396
1662489891 4072470
1662489892 6140304
1662489893 6998856
1662489894 6926292
1662489895 6523848
1662489896 4985778
1662489897 6219426
1662489898 6209178
1662489899 5721138
1662489900 6182820
1662489901 5913444
1662489902 7457142
1662489903 7144242
1662489904 6046008
1662489905 5559042
1662489906 5399892
1662489907 4850916
1662489908 3157560
1662489909 6255918
1662489910 4709046
1662489911 5304870
1662489912 4326426
1662489913 4271946
1662489914 5394504
1662489915 5517786
1662489916 5882394
1662489917 5127990
1662489918 6194094
1662489919 8300214
1662489920 9345648
1662489921 8009880
1662489922 8537232
1662489923 8602200
1662489924 7445682
1662489925 8160558
1662489926 8212374
1662489927 9132246
1662489928 7903308
1662489929 5735472
1662489930 7549344
1662489931 4726692
1662489932 7556550
1662489933 9136032
1662489934 8304492
1662489935 9474030
1662489936 7426692
1662489937 9146772
1662489938 9703476
1662489939 7990086
1662489940 8639514
1662489941 6606864
1662489942 9357276
1662489943 9258762
1662489944 8588712
1662489945 9621192
1662489946 8404896
1662489947 8946564
1662489948 9668478
1662489949 8569236
1662489950 9528570
1662489951 8736906
1662489952 8611542
1662489953 5606946
1662489954 5179320
1662489955 4644084
1662489956 3945996
1662489957 5099790
1662489958 4507404
1662489959 6026436
1662489960 5691546
1662489961 5518968
1662489962 6458130
1662489963 6226092
1662489964 6921516
1662489965 7147926
1662489966 5525736
1662489967 6118320
1662489968 6147438
1662489969 6072384
1662489970 6762870
1662489971 5195574
1662489972 5846118
1662489973 5976192
1662489974 5392056
1662489975 5313198
1662489976 5360802
1662489977 6030648
1662489978 5854296
1662489979 4766100
1662489980 4250880
1662489981 1959708
1662489982 5226864
1662489983 3902352
1662489984 4152012
1662489985 6683556
1662489986 3837744
1662489987 5123544
1662489988 5651250
1662489989 6931260
1662489990 6306774
1662489991 5128644
1662489992 5519526
1662489993 5726316
1662489994 4744584
1662489995 5892078
1662489996 5105670
1662489997 5517162
1662489998 5786544
1662489999 5996844
1662490000 4944306
1662490001 4093998
1662490002 4961886
1662490003 4657806
1662490004 4034706
1662490005 4247112
1662490006 3117804
1662490007 3846714
1662490008 4483434
1662490009 3392742
1662490010 6439386
1662490011 4084608
1662490012 4773132
1662490013 6582486
1662490014 6443004
1662490015 6158004
1662490016 4465398
1662490017 6525930
1662490018 5691846
1662490019 5793486
1662490020 4960050
1662490021 4881756
1662490022 5499744
1662490023 5862126
1662490024 5876082
1662490025 5555724
1662490026 3816294
1662490027 3765558
1662490028 3331728
1662490029 2998944
1662490030 3633804
1662490031 3457176
1662490032 4281324
1662490033 3552882
1662490034 6450990
1662490035 5800164
1662490036 4616478
1662490037 5093070
1662490038 4738560
1662490039 5025000
1662490040 6179232
1662490041 4754994
1662490042 6877074
1662490043 6470592
1662490044 4673118
1662490045 5593494
1662490046 4411686
1662490047 5978100
1662490048 7365216
1662490049 5142546
1662490050 6699486
1662490051 4688352
1662490052 4409586
1662490053 4937130
1662490054 7470768
1662490055 6170904
1662490056 5111460
1662490057 5907672
1662490058 7628766
1662490059 7525266
1662490060 7987710
1662490061 6138582
1662490062 5039124
1662490063 5473182
1662490064 5666526
1662490065 5210382
1662490066 5284380
1662490067 6059358
1662490068 5700594
1662490069 4621014
1662490070 4946220
1662490071 5213790
1662490072 6057396
1662490073 6271098
1662490074 4941006
1662490075 3843888
1662490076 3213984
1662490077 4016058
1662490078 4211556
1662490079 6565212
1662490080 5697966
1662490081 3595224
1662490082 4161534
1662490083 6006786
1662490084 5725308
1662490085 4834608
1662490086 4914372
1662490087 5857800
1662490088 4741260
1662490089 4614870
1662490090 5432766
1662490091 5567928
1662490092 6182568
1662490093 5407098
1662490094 4948548
1662490095 5799906
1662490096 3935946
1662490097 5123976
1662490098 5548434
1662490099 4930110
1662490100 6916212
1662490101 4166490
1662490102 2587578
1662490103 1536462
1662490104 1970628
1662490105 3526248
1662490106 3760416
1662490107 3676320
1662490108 5660562
1662490109 4899546
1662490110 5655450
1662490111 4487424
1662490112 5729214
1662490113 4606926
1662490114 5698290
1662490115 6606864
1662490116 5352396
1662490117 5653080
1662490118 4665924
1662490119 4580136
1662490120 5491542
1662490121 4149186
1662490122 4735506
1662490123 5746980
1662490124 6381354
1662490125 2960952
1662490126 2912898
1662490127 3600630
1662490128 2736342
1662490129 1132836
1662490130 4767102
1662490131 3349608
1662490132 3816936
1662490133 5469588
1662490134 5059572
1662490135 5286312
1662490136 4001160
1662490137 3727272
1662490138 5740332
1662490139 5025672
1662490140 5283138
1662490141 4492668
1662490142 3983292
1662490143 5091936
1662490144 5806986
1662490145 5781654
1662490146 3450774
1662490147 1560366
1662490148 2228562
1662490149 1426074
1662490150 3860970
1662490151 3120864
1662490152 4378518
1662490153 4339800
1662490154 3246060
1662490155 4247982
1662490156 3596544
1662490157 3876348
1662490158 4332372
1662490159 4248852
1662490160 5805378
1662490161 3923700
1662490162 4310082
1662490163 5910108
1662490164 4859256
1662490165 3920574
1662490166 4921920
1662490167 4496010
1662490168 5291598
1662490169 4335852
1662490170 4098444
1662490171 4829664
1662490172 4623888
1662490173 3553008
1662490174 5116668
1662490175 4015212
1662490176 4248846
1662490177 3080142
1662490178 5823780
1662490179 4591026
1662490180 4208874
1662490181 6271410
1662490182 5711430
1662490183 4446216
1662490184 3985230
1662490185 3893958
1662490186 3243084
1662490187 4353618
1662490188 3584538
1662490189 4054014
1662490190 5297550
1662490191 3151740
1662490192 5703156
1662490193 3981396
1662490194 4063452
1662490195 5165964
1662490196 3305358
1662490197 2500626
1662490198 3645474
1662490199 4266822
1662490200 4123860
1662490201 4087602
1662490202 4924950
1662490203 4028046
1662490204 2589726
1662490205 3317658
1662490206 3644394
1662490207 4211262
1662490208 4692984
1662490209 4426002
1662490210 4814172
1662490211 3963420
1662490212 3990384
1662490213 2815578
1662490214 3329214
1662490215 4721874
1662490216 3240828
1662490217 2066652
1662490218 1452588
1662490219 1840386
1662490220 2356740
1662490221 3537810
1662490222 2978376
1662490223 3974580
1662490224 2205102
1662490225 512988
1662490226 2877516
1662490227 2538330
1662490228 3512004
1662490229 2239344
1662490230 1689822
1662490231 1301064
1662490232 1223298
1662490233 2031288
1662490234 2445486
1662490235 2466288
1662490236 2032878
1662490237 2358852
1662490238 1545198
1662490239 2699496
1662490240 2278680
1662490241 2050548
1662490242 2752200
1662490243 2395956
1662490244 2189532
1662490245 2116800
1662490246 1476054
1662490247 3627102
1662490248 4070436
1662490249 3614148
1662490250 2740500
1662490251 2315964
1662490252 1922742
1662490253 3273942
1662490254 2040162
1662490255 1763646
1662490256 2722368
1662490257 1520682
1662490258 2167662
1662490259 1751184
1662490260 2218992
1662490261 1610196
1662490262 1559778
1662490263 1708782
1662490264 2226240
1662490265 2287266
1662490266 3517944
1662490267 3884712
1662490268 3912438
1662490269 4537110
1662490270 3605418
1662490271 4542924
1662490272 4299132
1662490273 2351514
1662490274 1834170
1662490275 4062438
1662490276 2680314
1662490277 4812504
1662490278 2846394
1662490279 1957722
1662490280 2620920
1662490281 1226436
1662490282 2105334
1662490283 1517148
1662490284 2486286
1662490285 1505790
1662490286 1515474
1662490287 1644912
1662490288 1941624
1662490289 1664904
1662490290 2231508
1662490291 1819302
1662490292 1943364
1662490293 1353948
1662490294 1450422
1662490295 2307624
1662490296 1902072
1662490297 427860
1662490298 1804776
1662490299 1393218
1662490300 940266
1662490301 2026872
1662490302 2341638
1662490303 2152980
1662490304 696726
1662490305 1704444
1662490306 748758
1662490307 1746198
1662490308 2009862
1662490309 1865526
1662490310 1683834
1662490311 1336944
1662490312 2216814
1662490313 1535298
1662490314 1717104
1662490315 1780428
1662490316 2598546
1662490317 1565772
1662490318 2058204
1662490319 1685772
1662490320 1617618
1662490321 2299332
1662490322 1604220
1662490323 510168
1662490324 1816278
1662490325 1143756
1662490326 1794102
1662490327 2355666
1662490328 1285278
1662490329 503886
1662490330 1223496
1662490331 1165908
1662490332 1061676
1662490333 2034474
1662490334 1921494
1662490349 491568
1662490350 1251546
1662490351 1392612
1662490352 135306
1662490353 2386662
1662490354 589200
1662490355 1148970
1662490356 1671678
1662490357 1815228
1662490358 2038956
1662490359 2509002
1662490360 2031816
1662490361 2120742
1662490362 1830540
1662490363 1358820
1662490364 1598340
1662490365 1710366
1662490366 1650600
1662490367 1775148
1662490368 2149566
1662490369 1169262
1662490370 1415862
1662490371 1378062
1662490372 2945466
1662490373 616734
1662490374 658044
1662490375 1494954
1662490376 2551902
1662490377 3113598
1662490378 1357698
1662490379 945624
1662490380 2537142
1662490381 1457094
1662490382 2461134
1662490383 1859082
1662490384 2061480
1662490385 1957632
