# events called


# events submitted


# events lost
# events called
1662490987 3556558
1662490988 10546
1662490989 10421724
1662490990 14430352
1662490991 14691154
1662490992 14140182
1662490993 13640606
1662490994 14260958
1662490995 13612720
1662490996 14415044
1662490997 14148382
1662490998 13225388
1662490999 14165148
1662491000 14055068
1662491001 14486838
1662491002 14385010
1662491003 12827348
1662491004 13744128
1662491005 14525110
1662491006 13290418
1662491007 14051658
1662491008 12816822
1662491009 13724318
1662491010 14160430
1662491011 13642728
1662491012 13836496
1662491013 12593966
1662491014 13764430
1662491015 13823280
1662491016 13467600
1662491017 14653866
1662491018 11465546
1662491019 14110790
1662491020 14634904
1662491021 12865632
1662491022 14539036
1662491023 13856092
1662491024 11824056
1662491025 14335638
1662491026 14958978
1662491027 11726608
1662491028 14048088
1662491029 14564346
1662491030 12099466
1662491031 13577572
1662491032 14763182
1662491033 14158396
1662491034 11196892
1662491035 14162786
1662491036 14524906
1662491037 14489934
1662491038 10604328
1662491039 14160810
1662491040 14337782
1662491041 14484566
1662491042 11045932
1662491043 13123622
1662491044 14443634
1662491045 14513206
1662491046 13106064
1662491047 11397650
1662491048 13823098
1662491049 14518432
1662491050 14409758
1662491051 13907732
1662491052 10847648
1662491053 13740286
1662491054 14867800
1662491055 14334494
1662491056 13687530
1662491057 11692456
1662491058 12993766
1662491059 14562302
1662491060 14071502
1662491061 14611634
1662491062 14120048
1662491063 10129390
1662491064 13598680
1662491065 14544566
1662491066 14879642
1662491067 14971462
1662491068 12365614
1662491069 10645594
1662491070 13982270
1662491071 14755150
1662491072 15033888
1662491073 13700256
1662491074 15079894
1662491075 12090726
1662491076 10596902
1662491077 14319404
1662491078 14009732
1662491079 14864654
1662491080 14691632
1662491081 14893494
1662491082 13831564
1662491083 10091818
1662491084 12359568
1662491085 14599930
1662491086 14724594
1662491087 14506502
1662491088 14154308
1662491089 14702004
1662491090 13493816
1662491091 10839666
1662491092 12884026
1662491093 13538488
1662491094 14600872
1662491095 14662820
1662491096 14897988
1662491097 14919098
1662491098 13431460
1662491099 11141892
1662491100 10440402
1662491101 14644454
1662491102 15098328
1662491103 14002812
1662491104 14945738
1662491105 14418272
1662491106 14372988
1662491107 15222176
1662491108 10807496
1662491109 10716324
1662491110 12907402
1662491111 14919592
1662491112 14927400
1662491113 13272294
1662491114 14736054
1662491115 14695274
1662491116 14847908
1662491117 13579748
1662491118 9928776
1662491119 10910320
1662491120 13818418
1662491121 15054168
1662491122 15052928
1662491123 13685682
1662491124 15043410
1662491125 14464996
1662491126 14669712
1662491127 14406226
1662491128 12374608
1662491129 10862336
1662491130 10662410
1662491131 13423844
1662491132 14748552
1662491133 13627626
1662491134 14432722
1662491135 14576340
1662491136 14528176
1662491137 14786896
1662491138 13626636
1662491139 14693196
1662491140 11116994
1662491141 11176816
1662491142 11308828
1662491143 13757472
1662491144 14404246
1662491145 14439292
1662491146 14521776
1662491147 14734956
1662491148 13026700
1662491149 14561624
1662491150 14635930
1662491151 14302626
1662491152 12056408
1662491153 9829512
1662491154 10075560
1662491155 12555446
1662491156 14314846
1662491157 14685888
1662491158 13561410
1662491159 14406640
1662491160 14520176
1662491161 14352586
1662491162 13833946
1662491163 13663312
1662491164 14266168
1662491165 12640190
1662491166 10824960
1662491167 10691374
1662491168 10512290
1662491169 13418398
1662491170 13789398
1662491171 14819022
1662491172 14037420
1662491173 13146928
1662491174 14524524
1662491175 14283042
1662491176 14051626
1662491177 13529638
1662491178 14135544
1662491179 14380146
1662491180 13322656
1662491181 10174536
1662491182 10394788
1662491183 10390966
1662491184 13440264
1662491185 14152254
1662491186 14309276
1662491187 13392260
1662491188 14073912
1662491189 14302456
1662491190 14081098
1662491191 14034958
1662491192 13209966
1662491193 14014732
1662491194 14386888
1662491195 13408600
1662491196 9258706
1662491197 8889470
1662491198 10018306
1662491199 11304754
1662491200 14068090
1662491201 13762254
1662491202 12464004
1662491203 13748370
1662491204 13897398
1662491205 13974630
1662491206 14575022
1662491207 12864778
1662491208 14072838
1662491209 13720050
1662491210 13980406
1662491211 14206698
1662491212 11194404
1662491213 10547366
1662491214 9518070
1662491215 10901264
1662491216 10184346
1662491217 12654876
1662491218 14180050
1662491219 13986210
1662491220 14344108
1662491221 14029396
1662491222 12841268
1662491223 13804462
1662491224 13583936
1662491225 13823180
1662491226 14363152
1662491227 12485136
1662491228 14383154
1662491229 13912802
1662491230 12878644
1662491231 10381810
1662491232 9769210
1662491233 10273484
1662491234 9507916
1662491235 11742056
1662491236 13370790
1662491237 11442000
1662491238 12761334
1662491239 13132480
1662491240 12756254
1662491241 12981140
1662491242 12161526
1662491243 12549648
1662491244 12778420
1662491245 12313304
1662491246 12798324
1662491247 11196202
1662491248 10623618
1662491249 10304200
1662491250 9839890
1662491251 10459688
1662491252 8937278
1662491253 12173734
1662491254 13951622
1662491255 12630008
1662491256 12670212
1662491257 11555596
1662491258 12774858
1662491259 12527526
1662491260 12458726
1662491261 12499920
1662491262 11265048
1662491263 12702810
1662491264 12695412
1662491265 12393766
1662491266 13319626
1662491267 10731456
1662491268 10057624
1662491269 11717548
1662491270 9837080
1662491271 9956792
1662491272 8507600
1662491273 11795966
1662491274 13906940
1662491275 12795604
1662491276 12508880
1662491277 11748712
1662491278 13521630
1662491279 13931254
1662491280 12990764
1662491281 12749266
1662491282 11282326
1662491283 12605850
1662491284 13025732
1662491285 12095726
1662491286 13016162
1662491287 10689274
1662491288 13042014
1662491289 10402196
1662491290 10401034
1662491291 9573020
1662491292 8032586
1662491293 9318604
1662491294 8930966
1662491295 9755512
1662491296 12977264
1662491297 12247478
1662491298 13065658
1662491299 13561080
1662491300 12519084
1662491301 12586566
1662491302 11194738
1662491303 12522682
1662491304 12898446
1662491305 12631704
1662491306 12697898
1662491307 11343384
1662491308 12478930
1662491309 12653404
1662491310 12598458
1662491311 12602552
1662491312 11213270
1662491313 10786464
1662491314 10583148
1662491315 10015988
1662491316 9227186
1662491317 8644476
1662491318 9521062
1662491319 9028906
1662491320 11960588
1662491321 13668808
1662491322 11374960
1662491323 13101932
1662491324 12398772
1662491325 13009700
1662491326 12563800
1662491327 12178634
1662491328 12150748
1662491329 12275262
1662491330 12571030
1662491331 12574040
1662491332 10855798
1662491333 12524134
1662491334 12574132
1662491335 12839428
1662491336 12383318
1662491337 10415958
1662491338 10599118
1662491339 10118528
1662491340 9880314
1662491341 9198148
1662491342 7734128
1662491343 8804544
1662491344 10184602
1662491345 13414798
1662491346 13634748
1662491347 12024644
1662491348 13786378
1662491349 13397808
1662491350 13318520
1662491351 12902346
1662491352 11061070
1662491353 12186462
1662491354 12301240
1662491355 12332054
1662491356 12518196
1662491357 11636918
1662491358 12445626
1662491359 12161720
1662491360 12193200
1662491361 12583510
1662491362 10242494
1662491363 10141094
1662491364 10150868
1662491365 9568920
1662491366 9395044
1662491367 8579180
1662491368 9126156
1662491369 10455544
1662491370 11221042
1662491371 13556808
1662491372 11468124
1662491373 11958922
1662491374 12948020
1662491375 12630730
1662491376 12332308
1662491377 10397874
1662491378 12125042
1662491379 12645296
1662491380 12578606
1662491381 12566886
1662491382 10377976
1662491383 11561768
1662491384 12761088
1662491385 12343618
1662491386 12446386
1662491387 9275976
1662491388 10753270
1662491389 9865832
1662491390 9028162
1662491391 9595426
1662491392 8795152
1662491393 9379232
1662491394 10206174
1662491395 13091390
1662491396 13543792
1662491397 10674844
1662491398 11399804
1662491399 13014064
1662491400 13047320
1662491401 12185152
1662491402 10286034
1662491403 11381602
1662491404 12439388
1662491405 12791600
1662491406 12171122
1662491407 11127834
1662491408 10977702
1662491409 12399196
1662491410 12249284
1662491411 11533000
1662491412 9489360
1662491413 10130620
1662491414 9541214
1662491415 9326332
1662491416 9040282
1662491417 8631698
1662491418 10095702
1662491419 10816702
1662491420 13505714
1662491421 12149808
1662491422 10393250
1662491423 13283954
1662491424 13633858
1662491425 11953494
1662491426 11900086
1662491427 10966914
1662491428 11363672
1662491429 12098668
1662491430 11638514
1662491431 12258898
1662491432 10872780
1662491433 11592712
1662491434 11931778
1662491435 11994234
1662491436 10382698
1662491437 7726292
1662491438 10215700
1662491439 9100774
1662491440 9559632
1662491441 9168202
1662491442 8376174
1662491443 9003598
1662491444 11245562
1662491445 13235242
1662491446 11560146
1662491447 10686756
1662491448 12303770
1662491449 12033554
1662491450 11513150
1662491451 11710934
1662491452 11168176
1662491453 13334774
1662491454 12694612
1662491455 11453372
1662491456 12028830
1662491457 10059806
1662491458 11426200
1662491459 12416562
1662491460 11713758
1662491461 9888260
1662491462 8493116
1662491463 9817600
1662491464 9695878
1662491465 9568802
1662491466 8982500
1662491467 8104882
1662491468 9148274
1662491469 10930010
1662491470 12379006
1662491471 11807952
1662491472 10520724
1662491473 11471626
1662491474 11676050
1662491475 11604336
1662491476 11683332
1662491477 11160332
1662491478 11295574
1662491479 11986790
1662491480 11833742
1662491481 11701514
1662491482 10428162
1662491483 11505388
1662491484 12062958
1662491485 11534622
1662491486 9981722
1662491487 8298088
1662491488 8918500
1662491489 9486022
1662491490 9365354
1662491491 8581788
1662491492 8759226
1662491493 9452704
1662491494 9876256
1662491495 11521504
1662491496 11599294
1662491497 10984390
1662491498 11201496
1662491499 11745902
1662491500 11747728
1662491501 11316246
1662491502 10519672
1662491503 10780618
1662491504 11800942
1662491505 12035214
1662491506 11676800
1662491507 10584230
1662491508 11883778
1662491509 12061712
1662491510 11602762
1662491511 10198226
1662491512 8235560
1662491513 9303266
1662491514 9340294
1662491515 8911426
1662491516 9144692
1662491517 8106740
1662491518 9429414
1662491519 9456324
1662491520 11328326
1662491521 11078890
1662491522 9566072
1662491523 9510100
1662491524 11130616
1662491525 9623652
1662491526 10757372
1662491527 9553524
1662491528 8740114
1662491529 10995854
1662491530 10323042
1662491531 9031684
1662491532 9211512
1662491533 9062598
1662491534 10518416
1662491535 8696324
1662491536 9214528
1662491537 8508760
1662491538 8809092
1662491539 9687590
1662491540 10110082
1662491541 9124080
1662491542 8424624
1662491543 8747852
1662491544 9406018
1662491545 9448270
1662491546 9316052
1662491547 8633396
1662491548 8839286
1662491549 9825162
1662491550 9357956
1662491551 9763660
1662491552 8578946
1662491553 8662896
1662491554 9531770
1662491555 9487220
1662491556 9450234
1662491557 8796890
1662491558 8459138
1662491559 9496088
1662491560 9062806
1662491561 8674536
1662491562 7737356
1662491563 8463726
1662491564 9404296
1662491565 8761654
1662491566 9131480
1662491567 8590766
1662491568 8352526
1662491569 9408452
1662491570 9620616
1662491571 9565182
1662491572 9041194
1662491573 11332918
1662491574 9314086
1662491575 9278186
1662491576 9107118
1662491577 8645534
1662491578 9125666
1662491579 9679350
1662491580 9106324
1662491581 9807138
1662491582 8108472
1662491583 8290972
1662491584 9676110
1662491585 9097630
1662491586 8975052
1662491587 8444660
1662491588 7990692
1662491589 9119644
1662491590 8666454
1662491591 8667452
1662491592 8042008
1662491593 8667400
1662491594 9475972
1662491595 9402936
1662491596 9319440
1662491597 8679576
1662491598 8868156
1662491599 9249978
1662491600 9243374
1662491601 9101478
1662491602 8370580
1662491603 9129492
1662491604 9289542
1662491605 9424466
1662491606 9162252
1662491607 8419054
1662491608 8660466
1662491609 9098020
1662491610 8561286
1662491611 8889312
1662491612 8691464
1662491613 8937070
1662491614 9111128
1662491615 9304088
1662491616 9270036
1662491617 8176272
1662491618 8457692
1662491619 9208910
1662491620 9272120
1662491621 9411260
1662491622 8539948
1662491623 9203118
1662491624 9097056
1662491625 9236808
1662491626 9113218
1662491627 8533486
1662491628 8999156
1662491629 9348484
1662491630 9111310
1662491631 9461120
1662491632 8375274
1662491633 9375712
1662491634 9130668
1662491635 9206274
1662491636 8459718
1662491637 7895444
1662491638 8880578
1662491639 9202154
1662491640 8972160
1662491641 8609856
1662491642 8016288
1662491643 8351712
1662491644 9348906
1662491645 10157710
1662491646 8691510
1662491647 8658662
1662491648 8569536
1662491649 9164400
1662491650 9252642
1662491651 9072254
1662491652 8583304
1662491653 8799454
1662491654 9350168
1662491655 9565060
1662491656 9617684
1662491657 8388880
1662491658 8593564
1662491659 9422820
1662491660 9149260
1662491661 9213004
1662491662 6951550
1662491663 8704064
1662491664 8741610
1662491665 8994024
1662491666 8433338
1662491667 7482086
1662491668 7406310
1662491669 9436440
1662491670 7904546
1662491671 7596098
1662491672 7415516
1662491673 7950946
1662491674 8110696
1662491675 8434206
1662491676 7439600
1662491677 8308766
1662491678 7753284
1662491679 8933692
1662491680 8960650
1662491681 9697004
1662491682 7671908
1662491683 7425472
1662491684 9120794
1662491685 7946138
1662491686 7588570
1662491687 6801622
1662491688 7920144
1662491689 7532978
1662491690 7330640
1662491691 7480186
1662491692 6795280
1662491693 7390616
1662491694 7550738
1662491695 7404508
1662491696 7410576
1662491697 6967370
1662491698 7439554
1662491699 7640838
1662491700 7589724
1662491701 7645016
1662491702 7326130
1662491703 7382210
1662491704 7427030
1662491705 7898114
1662491706 7978936
1662491707 8506044
1662491708 7868116
1662491709 7674352
1662491710 7754854
1662491711 7513154
1662491712 6848644
1662491713 6727070
1662491714 7311194
1662491715 7249008
1662491716 6955556
1662491717 6203240
1662491718 7043536
1662491719 6842524
1662491720 7178142
1662491721 7265322
1662491722 6221970
1662491723 6945954
1662491724 7525680
1662491725 7643938
1662491726 7705842
1662491727 7386524
1662491728 7215854
1662491729 7635588
1662491730 7589394
1662491731 7635374
1662491732 7206428
1662491733 7235282
1662491734 7406756
1662491735 7390706
1662491736 7607516
1662491737 6707986
1662491738 6699294
1662491739 6972006
1662491740 7201516
1662491741 7208800
1662491742 6196478
1662491743 6210456
1662491744 6611512
1662491745 6445038
1662491746 6851872
1662491747 6413602
1662491748 8653298
1662491749 7785248
1662491750 7981084
1662491751 7854480
1662491752 7454166
1662491753 7281670
1662491754 7933218
1662491755 7702792
1662491756 8046116
1662491757 7141500
1662491758 7153288
1662491759 7850724
1662491760 7418370
1662491761 7902648
1662491762 6982826
1662491763 6420380
1662491764 7008420
1662491765 7177550
1662491766 7003492
1662491767 6536094
1662491768 6734010
1662491769 7088446
1662491770 6727824
1662491771 6867110
1662491772 5997450
1662491773 6635796
1662491774 7683462
1662491775 7329212
1662491776 8019658
1662491777 7422066
1662491778 7206460
1662491779 7993578
1662491780 7800392
1662491781 8168784
1662491782 8049324
1662491783 7347098
1662491784 7821282
1662491785 7862228
1662491786 7494606
1662491787 7233162
1662491788 6919124
1662491789 6587226
1662491790 6936280
1662491791 6960092
1662491792 6089850
1662491793 6371008
1662491794 7263394
1662491795 6592266
1662491796 6911206
1662491797 6375352
1662491798 6616850
1662491799 6562600
1662491800 6429790
1662491801 7439806
1662491802 6492176
1662491803 7102432
1662491804 6871130
1662491805 6888534
1662491806 7357576
1662491807 6233694
1662491808 6468986
1662491809 7511678
1662491810 6556978
1662491811 6708938
1662491812 6201556
1662491813 6337096
1662491814 6364472
1662491815 6339878
1662491816 6368344
1662491817 6106052
1662491818 6558316
1662491819 6349072
1662491820 6331426
1662491821 5815950
1662491822 5341486
1662491823 6467398
1662491824 6138962
1662491825 5575688
1662491826 5113458
1662491827 5257324
1662491828 5887744
1662491829 5400674
1662491830 5495478
1662491831 4681534
1662491832 5400686
1662491833 5564004
1662491834 5467636
1662491835 5389400
1662491836 5334000
1662491837 5777690
1662491838 5765370
1662491839 5859960
1662491840 5368806
1662491841 4506452
1662491842 5300888
1662491843 5218678
1662491844 5377588
1662491845 5166224
1662491846 4636780
1662491847 5232542
1662491848 4972198
1662491849 5153938
1662491850 5420214
1662491851 4622820
1662491852 4328464
1662491853 4109484
1662491854 3860292
1662491855 3938696
1662491856 3591242
1662491857 4035496
1662491858 4169162
1662491859 4242274
1662491860 4411188
1662491861 3736534
1662491862 4846470
1662491863 4584496
1662491864 4543160
1662491865 4478074
1662491866 4195078
1662491867 4677614
1662491868 4678564
1662491869 4840578
1662491870 4933528
1662491871 4431324
1662491872 4646968
1662491873 4894554
1662491874 4831068
1662491875 4827856
1662491876 4442170
1662491877 4685688
1662491878 4589152
1662491879 3544048
1662491880 2873502
1662491881 2630364
1662491882 3010210
1662491883 3726862
1662491884 4393754
1662491885 4891392
1662491886 3887132
1662491887 4265846
1662491888 4295880
1662491889 4311592
1662491890 4321908
1662491891 3494170
1662491892 4187672
1662491893 4354436
1662491894 4457442
1662491895 3119282
1662491896 2606406
1662491897 3638798
1662491898 2723820
1662491899 2894832
1662491900 2726668
1662491901 2676280
1662491902 2629210
1662491903 2823786
1662491904 2664558
1662491905 2597220
1662491906 2669836
1662491907 2444884
1662491908 1957954
1662491909 1872656
1662491910 1893310
1662491911 1879806
1662491912 2651654
1662491913 2808924
1662491914 2448550
1662491915 2052174
1662491916 1848418
1662491917 1863426
1662491918 2070360
1662491919 2027912
1662491920 2062572
1662491921 1847492
1662491922 1859198
1662491923 2053812
1662491924 2019084
1662491925 1935668
1662491926 1760848
1662491927 1862878
1662491928 2079648
1662491929 1978580
1662491930 1979226
1662491931 1730986
1662491932 1896942
1662491933 1957020
1662491934 1867586
1662491935 1708570
1662491936 1381252
1662491937 1491666
1662491938 1610824
1662491939 1652544
1662491940 1671642
1662491941 1490252
1662491942 1511650
1662491943 1558306
1662491944 1603384
1662491945 1544270
1662491946 1310464
1662491947 1438998
1662491948 1356062
1662491949 1475384
1662491950 1654644
1662491951 1305976
1662491952 1335400
1662491953 1300962
1662491954 1239530
1662491955 1298498
1662491956 1247242
1662491957 1537280
1662491958 1289824
1662491959 1312320
1662491960 1339898
1662491961 1306140
1662491962 1230702
1662491963 1169132
1662491964 1211938
1662491965 1264554
1662491966 1213766
1662491967 1273732
1662491968 1231508
1662491969 1346358
1662491970 1974374
1662491971 1826280
1662491972 1778254
1662491973 1648684
1662491974 1799556
1662491975 1744868
1662491976 1747352
1662491977 1838212
1662491978 1746962
1662491979 1777030
1662491980 1903380
1662491981 1460350
1662491982 1461692
1662491983 1581496
1662491984 1577928
1662491985 1560060
1662491986 1715284
1662491987 1784128
1662491988 1591896
1662491989 1659286
1662491990 1758334
1662491991 1590866
1662491992 1580098
1662491993 1518178
1662491994 1775276
1662491995 1780060
1662491996 1574416
1662491997 1722268
1662491998 1422856
1662491999 1493036
1662492000 1574608
1662492001 1367014
1662492002 1491090
1662492003 1432936
1662492004 1413202
1662492005 1590120
1662492006 1600720
1662492007 1481242
1662492008 1495544
1662492009 1517710
1662492010 1699536
1662492011 1633540
1662492012 1443624
1662492013 1383286
1662492014 1491950
1662492015 1480312
1662492016 1512112
1662492017 1513432
1662492018 1552238
1662492019 1504322
1662492020 1549042
1662492021 1452630
1662492022 1384568
1662492023 1565032
1662492024 1798010
1662492025 2011732
1662492026 1790514
1662492027 1723940
1662492028 1451924
1662492029 1703486
1662492030 1721474
1662492031 2043424
1662492032 2204740
1662492033 1992176
1662492034 2135104
1662492035 1541764
1662492036 1316528
1662492037 1527742
1662492038 1397514
1662492039 1458950
1662492040 1487744
1662492041 1280454
1662492042 1422360
1662492043 1358614
1662492044 1351080
1662492045 1311000
1662492046 1282948
1662492047 1407060
1662492048 1439732
1662492049 1480558
1662492050 1434416
1662492051 1247698
1662492052 1407098
1662492053 1392654
1662492054 1375068
1662492055 1398020
1662492056 1280584
1662492057 1297524
1662492058 1421162
1662492059 1312256
1662492060 1445710
1662492061 1220186
1662492062 1366238
1662492063 1294940
1662492064 1365922
1662492065 1363960
1662492066 1261494
1662492067 1340364
1662492068 1354426
1662492069 1274424
1662492070 1426628
1662492071 1287148
1662492072 1420404
1662492073 1276174
1662492074 1377820
1662492075 1252192
1662492076 1219992
1662492077 1325610
1662492078 1316552
1662492079 1263158
1662492080 1259686
1662492081 1188380
1662492082 1410818
1662492083 1351526
1662492084 1291932
1662492085 1381060
1662492086 1259012
1662492087 1298578
1662492088 1268510
1662492089 1334802
1662492090 1417272
1662492091 1300194
1662492092 1430888
1662492093 1264894
1662492094 1376498
1662492095 1406202
1662492096 1281018
1662492097 1393858
1662492098 1293712
1662492099 1313358
1662492100 1547040
1662492101 1167790
1662492102 1367900
1662492103 1626584
1662492104 1521204
1662492105 1686524
1662492106 1430130
1662492107 1665666
1662492108 1568256
1662492109 1693852
1662492110 1708616
1662492111 1520594
1662492112 1617090
1662492113 1738980
1662492114 1782608
1662492115 1823020
1662492116 1643044
1662492117 1724774
1662492118 1678630
1662492119 1512964
1662492120 1533726
1662492121 1504810
1662492122 1523222
1662492123 1633914
1662492124 1709760
1662492125 1634798
1662492126 1717306
1662492127 1516954
1662492128 1633224
1662492129 1633988
1662492130 1636672
1662492131 1630884
1662492132 1230796
1662492133 1411556
1662492134 1288984
1662492135 1435784
1662492136 1466296
1662492137 1395494
1662492138 1347314
1662492139 1438618
1662492140 1358830
1662492141 1500198
1662492142 1194900
1662492143 1445726
1662492144 1349006
1662492145 1427968
1662492146 1477488
1662492147 1212744
1662492148 1376314
1662492149 1358630
1662492150 1351086
1662492151 1426260
1662492152 1253636
1662492153 1326074
1662492154 1479050
1662492155 1446280
1662492156 1370522
1662492157 1169686
1662492158 1447556
1662492159 1442628
1662492160 1454098
1662492161 1382814
1662492162 1295506
1662492163 1308424
1662492164 1406292
1662492165 1335834
1662492166 1389626
1662492167 1185354
1662492168 1287756
1662492169 1363930
1662492170 1320372
1662492171 1409058
1662492172 1277760
1662492173 1410802
1662492174 1395296
1662492175 1388428
1662492176 1367678
1662492177 1215516
1662492178 1368106
1662492179 1273138
1662492180 1406264
1662492181 1370960
1662492182 1227464
1662492183 1408120
1662492184 1481672
1662492185 1545044
1662492186 1465564
1662492187 1225952
1662492188 1367708
1662492189 552736
1662492190 754


# events submitted
1662490987 3556558
1662490988 10546
1662490989 10368970
1662490990 14383572
1662490991 14664302
1662490992 14118258
1662490993 13610674
1662490994 14236910
1662490995 13597348
1662490996 14389740
1662490997 14122702
1662490998 13199362
1662490999 14133920
1662491000 14025734
1662491001 14467868
1662491002 14365152
1662491003 12815770
1662491004 13721522
1662491005 14508640
1662491006 13268232
1662491007 14035464
1662491008 12802520
1662491009 13689870
1662491010 14139258
1662491011 13620548
1662491012 13801036
1662491013 12581468
1662491014 13745040
1662491015 13804090
1662491016 13447082
1662491017 14632474
1662491018 11448900
1662491019 14086674
1662491020 14617484
1662491021 12852438
1662491022 14520714
1662491023 13836730
1662491024 11802108
1662491025 14317442
1662491026 14919116
1662491027 11718968
1662491028 14030376
1662491029 14543156
1662491030 12080824
1662491031 13561380
1662491032 14739832
1662491033 14137564
1662491034 11186308
1662491035 14139478
1662491036 14501766
1662491037 14460322
1662491038 10593542
1662491039 14134432
1662491040 14314048
1662491041 14466196
1662491042 11037438
1662491043 13100434
1662491044 14419584
1662491045 14486156
1662491046 13090426
1662491047 11382828
1662491048 13800590
1662491049 14490932
1662491050 14392444
1662491051 13888902
1662491052 10839290
1662491053 13720694
1662491054 14834382
1662491055 14309712
1662491056 13670338
1662491057 11687400
1662491058 12978276
1662491059 14531648
1662491060 14057606
1662491061 14575504
1662491062 14100412
1662491063 10124058
1662491064 13575798
1662491065 12085812
1662491066 9901408
1662491067 9757836
1662491068 9870070
1662491069 7973252
1662491070 9690778
1662491071 10397538
1662491072 10033940
1662491073 11523466
1662491074 10855768
1662491075 6789562
1662491076 6367766
1662491077 11519988
1662491078 10508550
1662491079 9453950
1662491080 8772050
1662491081 8424954
1662491082 7187018
1662491083 5584342
1662491084 6873400
1662491085 6770322
1662491086 7887676
1662491087 7090112
1662491088 7247140
1662491089 7966830
1662491090 5493566
1662491091 8326916
1662491092 7112488
1662491093 6633988
1662491094 8002016
1662491095 6099758
1662491096 5521018
1662491097 6937332
1662491098 5710558
1662491099 4548900
1662491100 3770208
1662491101 6671178
1662491102 5206668
1662491103 5031702
1662491104 6981374
1662491105 4889726
1662491106 7771592
1662491107 7099950
1662491108 4582508
1662491109 4549222
1662491110 4899456
1662491111 3351660
1662491112 3637332
1662491113 1573218
1662491114 4626070
1662491115 4391890
1662491116 4705638
1662491117 2576328
1662491118 3295766
1662491119 3038806
1662491120 4112052
1662491121 520268
1662491122 4392578
1662491123 3025680
1662491124 2562226
1662491125 4260664
1662491126 3953190
1662491127 4612712
1662491128 3825362
1662491129 408666
1662491131 1813656
1662491132 2442580
1662491133 3412492
1662491134 1464312
1662491135 3043672
1662491136 4333338
1662491137 4201828
1662491138 2648250
1662491139 3359770
1662491140 3833982
1662491141 2803008
1662491142 1554374
1662491143 2281272
1662491144 3600908
1662491145 3229684
1662491146 3471830
1662491147 4047954
1662491148 3431380
1662491149 845814
1662491150 4556638
1662491151 2337602
1662491152 2542008
1662491153 2219596
1662491154 2883564
1662491155 3077194
1662491156 4621534
1662491157 2444238
1662491158 3674886
1662491159 3103738
1662491160 4171480
1662491161 8417188
1662491162 8504674
1662491163 7045522
1662491164 6669140
1662491165 5808550
1662491166 6287462
1662491167 5937292
1662491168 4640316
1662491169 7093638
1662491170 8312138
1662491171 7494852
1662491172 8955684
1662491173 8254036
1662491174 6106060
1662491175 6365112
1662491176 6785070
1662491177 7939494
1662491178 8675446
1662491179 7505272
1662491180 6310148
1662491181 4305808
1662491182 4269574
1662491183 4671544
1662491184 7168800
1662491185 6192640
1662491186 7663836
1662491187 7102504
1662491188 5071706
1662491189 7201572
1662491190 7163040
1662491191 6907324
1662491192 5173118
1662491193 7369376
1662491194 5916126
1662491195 7489010
1662491196 5540672
1662491197 4397814
1662491198 2101234
1662491199 6291384
1662491200 6421476
1662491201 7189652
1662491202 6337298
1662491203 7272154
1662491204 7224348
1662491205 7230286
1662491206 8398674
1662491207 5403418
1662491208 7186464
1662491209 6998396
1662491210 7331702
1662491211 6462882
1662491212 5219892
1662491213 6516890
1662491214 4005604
1662491215 4083600
1662491216 5222036
1662491217 6400458
1662491218 8019928
1662491219 5245398
1662491220 7863614
1662491221 4960244
1662491222 5961790
1662491223 8150418
1662491224 7243438
1662491225 5075214
1662491226 6273878
1662491227 5637844
1662491228 7479468
1662491229 6212718
1662491230 5606124
1662491231 4379778
1662491232 3342236
1662491233 1935182
1662491234 4259492
1662491235 4233926
1662491236 4123406
1662491237 3396388
1662491238 3012692
1662491239 3052254
1662491240 2640718
1662491241 1387542
1662491242 3760596
1662491243 3026126
1662491244 1832032
1662491245 3279024
1662491246 3479328
1662491247 3577354
1662491248 1229682
1662491249 4121382
1662491250 3709580
1662491251 1578762
1662491252 1527194
1662491253 3314450
1662491254 4568784
1662491255 3573696
1662491256 3295176
1662491257 2973948
1662491258 3091470
1662491259 2740394
1662491260 2871880
1662491261 3291476
1662491262 2342026
1662491263 3613940
1662491264 2950326
1662491265 3117570
1662491266 3805398
1662491267 2065648
1662491268 2387490
1662491269 4956170
1662491270 2379056
1662491271 1414774
1662491272 2430642
1662491273 2608980
1662491274 3938310
1662491275 3976278
1662491276 2963952
1662491277 3849432
1662491278 4283162
1662491279 3243792
1662491280 3208690
1662491281 3354396
1662491282 2675008
1662491283 6448864
1662491284 4964164
1662491285 5129074
1662491286 6197618
1662491287 4321486
1662491288 6219106
1662491289 5395040
1662491290 6323322
1662491291 3609620
1662491292 3540568
1662491293 5642536
1662491294 4477656
1662491295 3074004
1662491296 6723964
1662491297 6970154
1662491298 5328778
1662491299 6142692
1662491300 6600136
1662491301 7271976
1662491302 6006192
1662491303 6688424
1662491304 6789288
1662491305 5231430
1662491306 6068540
1662491307 5156060
1662491308 6267310
1662491309 6514766
1662491310 7370442
1662491311 4446704
1662491312 4931542
1662491313 5171980
1662491314 4744382
1662491315 4081248
1662491316 4171748
1662491317 3271628
1662491318 5539058
1662491319 5220500
1662491320 7064192
1662491321 7091886
1662491322 6281142
1662491323 6656674
1662491324 7248422
1662491325 5707070
1662491326 6935398
1662491327 6674086
1662491328 5672256
1662491329 5846770
1662491330 6663740
1662491331 5552614
1662491332 5288068
1662491333 7084888
1662491334 5983408
1662491335 6662846
1662491336 5796462
1662491337 7396200
1662491338 5956948
1662491339 4745388
1662491340 4397690
1662491341 4475364
1662491342 2949560
1662491343 4004648
1662491344 3244204
1662491345 6225770
1662491346 6367096
1662491347 6181082
1662491348 7594616
1662491349 6100258
1662491350 5326960
1662491351 6562324
1662491352 4653058
1662491353 7771356
1662491354 6214350
1662491355 5456720
1662491356 6661810
1662491357 3361044
1662491358 2814482
1662491359 3051130
1662491360 3686378
1662491361 3640200
1662491362 2505276
1662491363 2973464
1662491364 1052618
1662491365 1305356
1662491366 4377332
1662491367 3763982
1662491368 3065570
1662491369 108414
1662491370 3185812
1662491371 3241518
1662491372 2748060
1662491373 2234988
1662491374 1889512
1662491375 2977708
1662491376 4668788
1662491377 5754334
1662491378 6509320
1662491379 6229828
1662491380 5850070
1662491381 6132010
1662491382 4471156
1662491383 6228946
1662491384 6700308
1662491385 5750362
1662491386 5371086
1662491387 3625914
1662491388 6028160
1662491389 3589946
1662491390 3281828
1662491391 1987530
1662491392 3289626
1662491393 4533378
1662491394 7748800
1662491395 7010508
1662491396 6124068
1662491397 5624926
1662491398 6269600
1662491399 5896646
1662491400 6601204
1662491401 5193108
1662491402 5210270
1662491403 5863248
1662491404 6360570
1662491405 6036186
1662491406 5148780
1662491407 5360120
1662491408 5979618
1662491409 5940746
1662491410 5567752
1662491411 4700014
1662491412 3918896
1662491413 4590068
1662491414 4939552
1662491415 5998470
1662491416 4659274
1662491417 6571972
1662491418 6085260
1662491419 5743406
1662491420 6989992
1662491421 5430442
1662491422 4986702
1662491423 6498586
1662491424 6610178
1662491425 5860912
1662491426 5924792
1662491427 6662752
1662491428 4971306
1662491429 5172152
1662491430 5153228
1662491431 6195294
1662491432 5615960
1662491433 6064232
1662491434 5901456
1662491435 5981428
1662491436 5428468
1662491437 3129364
1662491438 4655310
1662491439 2987406
1662491440 4067472
1662491441 4816146
1662491442 5481072
1662491443 1433288
1662491444 4391342
1662491445 6089496
1662491446 6362896
1662491447 4064810
1662491448 5375624
1662491449 6694596
1662491450 4497480
1662491451 5646080
1662491452 4760794
1662491453 5691062
1662491454 6755070
1662491455 5161136
1662491456 7440160
1662491457 4593732
1662491458 5951338
1662491459 9174084
1662491460 9506650
1662491461 5696254
1662491462 3010900
1662491463 4318620
1662491464 5203466
1662491465 4812328
1662491466 5152340
1662491467 4113122
1662491468 4617378
1662491469 6656292
1662491470 6206084
1662491471 6386638
1662491472 5488584
1662491473 5862546
1662491474 5605186
1662491475 5903156
1662491476 6571310
1662491477 6007240
1662491478 6463506
1662491479 5218364
1662491480 4941710
1662491481 5267662
1662491482 5871240
1662491483 6571528
1662491484 7448742
1662491485 6045970
1662491486 2210358
1662491487 3692762
1662491488 3701032
1662491489 5399126
1662491490 4778680
1662491491 3721120
1662491492 4542534
1662491493 5532462
1662491494 3993116
1662491495 4820784
1662491496 6512770
1662491497 5442326
1662491498 5344510
1662491499 5375740
1662491500 6701022
1662491501 6206970
1662491502 5905670
1662491503 6225376
1662491504 5863720
1662491505 6070820
1662491506 6474720
1662491507 5282866
1662491508 6667448
1662491509 6061144
1662491510 6062406
1662491511 3859804
1662491512 4658054
1662491513 3652402
1662491514 7452844
1662491515 6334428
1662491516 6323010
1662491517 4886082
1662491518 4614654
1662491519 5598124
1662491520 5256588
1662491521 4924466
1662491522 4927078
1662491523 5376338
1662491524 5193816
1662491525 5525392
1662491526 5036980
1662491527 4096696
1662491528 3571984
1662491529 5090484
1662491530 6209604
1662491531 7483972
1662491532 7107188
1662491533 6855364
1662491534 9260942
1662491535 4292482
1662491536 6676600
1662491537 5914492
1662491538 6756062
1662491539 5950732
1662491540 4390080
1662491541 4253640
1662491542 3465226
1662491543 4441344
1662491544 5287808
1662491545 4642766
1662491546 5259562
1662491547 3584722
1662491548 5209506
1662491549 4594388
1662491550 3845066
1662491551 5164116
1662491552 4162844
1662491553 4939052
1662491554 4939106
1662491555 4543634
1662491556 4334024
1662491557 4182620
1662491558 3877482
1662491559 3796792
1662491560 2928936
1662491561 3777852
1662491562 3251818
1662491563 4873788
1662491564 5008486
1662491565 4992812
1662491566 4631818
1662491567 3956970
1662491568 4479230
1662491569 3970272
1662491570 5738046
1662491571 5445372
1662491572 4745046
1662491573 5297266
1662491574 5010294
1662491575 4149802
1662491576 4650322
1662491577 4490776
1662491578 5830136
1662491579 4620768
1662491580 4786806
1662491581 4490700
1662491582 4852374
1662491583 3744414
1662491584 7089556
1662491585 2915970
1662491586 5264424
1662491587 5686844
1662491588 4181910
1662491589 4335542
1662491590 4643974
1662491591 4423274
1662491592 3978668
1662491593 3376962
1662491594 4135876
1662491595 4721122
1662491596 7414312
1662491597 6108684
1662491598 6025652
1662491599 7083226
1662491600 7096846
1662491601 6384212
1662491602 5561618
1662491603 6710654
1662491604 6821322
1662491605 6847774
1662491606 6934734
1662491607 6988702
1662491608 5854418
1662491609 5800692
1662491610 5844682
1662491611 5727900
1662491612 4592702
1662491613 7030228
1662491614 6924166
1662491615 5260926
1662491616 6986586
1662491617 5795086
1662491618 5705466
1662491619 7207180
1662491620 6928792
1662491621 6647320
1662491622 6516922
1662491623 7020672
1662491624 6301766
1662491625 6601592
1662491626 7026862
1662491627 6378910
1662491628 6754806
1662491629 6955718
1662491630 7214130
1662491631 6634218
1662491632 6939238
1662491633 6528626
1662491634 4604594
1662491635 7341492
1662491636 6571428
1662491637 4315706
1662491638 1843124
1662491639 5720588
1662491640 3460192
1662491641 4310448
1662491642 4112876
1662491643 4822470
1662491644 4082218
1662491645 6116194
1662491646 4357086
1662491647 4104060
1662491648 3790936
1662491649 4317562
1662491650 4681748
1662491651 3960796
1662491652 4583954
1662491653 5429106
1662491654 6108978
1662491655 7190802
1662491656 7349710
1662491657 6759828
1662491658 6767126
1662491659 7317134
1662491660 5883204
1662491661 7968992
1662491662 4384170
1662491663 6791126
1662491664 6483256
1662491665 7010510
1662491666 5376250
1662491667 5669578
1662491668 6349842
1662491669 7820908
1662491670 6726388
1662491671 5780558
1662491672 6002888
1662491673 5545252
1662491674 6018324
1662491675 6254478
1662491676 5745728
1662491677 5925370
1662491678 5864576
1662491679 6402152
1662491680 6893282
1662491681 7384104
1662491682 6105556
1662491683 5432330
1662491684 6242394
1662491685 5326202
1662491686 5862352
1662491687 6154478
1662491688 5589508
1662491689 6244896
1662491690 6315946
1662491691 5574286
1662491692 4830448
1662491693 6396130
1662491694 6560022
1662491695 5107726
1662491696 5628378
1662491697 5086992
1662491698 5480656
1662491699 5391528
1662491700 4836800
1662491701 5937094
1662491702 6026488
1662491703 6205882
1662491704 4771550
1662491705 4234018
1662491706 3936470
1662491707 3628948
1662491708 3220996
1662491709 4781982
1662491710 5930414
1662491711 5311548
1662491712 5869444
1662491713 5359244
1662491714 4337388
1662491715 5612980
1662491716 6550380
1662491717 3989314
1662491718 5761492
1662491719 4852398
1662491720 4866626
1662491721 5856218
1662491722 4428628
1662491723 5538590
1662491724 5801142
1662491725 6155586
1662491726 5907398
1662491727 4860280
1662491728 4825526
1662491729 5802838
1662491730 5254198
1662491731 5809614
1662491732 5967926
1662491733 5332572
1662491734 5166062
1662491735 5655368
1662491736 4815670
1662491737 3827562
1662491738 5988182
1662491739 5348496
1662491740 5655540
1662491741 4836926
1662491742 5343180
1662491743 4268532
1662491744 3405976
1662491745 6081140
1662491746 5719378
1662491747 3691946
1662491748 6954548
1662491749 6383744
1662491750 6422368
1662491751 5264558
1662491752 6477316
1662491753 4891152
1662491754 5990214
1662491755 5344050
1662491756 6648388
1662491757 7138608
1662491758 7151116
1662491759 7851562
1662491760 7414796
1662491761 7900194
1662491762 6981676
1662491763 6419610
1662491764 7006522
1662491765 7175200
1662491766 7001358
1662491767 6536046
1662491768 6732874
1662491769 7085014
1662491770 6725736
1662491771 6864664
1662491772 5993854
1662491773 6635108
1662491774 7681788
1662491775 7327736
1662491776 8019114
1662491777 7419722
1662491778 7203844
1662491779 7990828
1662491780 7796466
1662491781 8165678
1662491782 8043704
1662491783 7345664
1662491784 7817122
1662491785 7859396
1662491786 7492556
1662491787 7231672
1662491788 6918658
1662491789 6584814
1662491790 6934928
1662491791 6958736
1662491792 6090074
1662491793 6369758
1662491794 7262220
1662491795 6032858
1662491796 6768852
1662491797 4619106
1662491798 5372762
1662491799 4573180
1662491800 5121788
1662491801 5525922
1662491802 5326076
1662491803 5160358
1662491804 5204086
1662491805 4918626
1662491806 5619466
1662491807 6081828
1662491808 6465784
1662491809 7509838
1662491810 6555616
1662491811 6704588
1662491812 6201756
1662491813 6336092
1662491814 6360960
1662491815 6338168
1662491816 6368012
1662491817 6104074
1662491818 6557458
1662491819 6346396
1662491820 6327118
1662491821 5809692
1662491822 4370906
1662491823 3454028
1662491824 2463036
1662491825 2817688
1662491826 3902768
1662491827 3799926
1662491828 3807018
1662491829 3592398
1662491830 4443878
1662491831 3371020
1662491832 4123768
1662491833 3978476
1662491834 4416066
1662491835 4467850
1662491836 4706296
1662491837 4694144
1662491838 4664558
1662491839 5140908
1662491840 3939994
1662491841 3998912
1662491842 3041556
1662491843 2399888
1662491844 4025582
1662491845 2523776
1662491846 4444746
1662491847 5234062
1662491848 4972414
1662491849 5152378
1662491850 5419846
1662491851 4619958
1662491852 4328428
1662491853 4107928
1662491854 3859102
1662491855 3936878
1662491856 3590640
1662491857 4035144
1662491858 4166676
1662491859 4241386
1662491860 4410308
1662491861 3736380
1662491862 4844888
1662491863 4582524
1662491864 4542310
1662491865 4477484
1662491866 4194284
1662491867 4676728
1662491868 4677996
1662491869 4840806
1662491870 4931698
1662491871 4429842
1662491872 4647162
1662491873 4894186
1662491874 4829472
1662491875 4828088
1662491876 4439976
1662491877 4684538
1662491878 4588552
1662491879 3541894
1662491880 2872852
1662491881 2629716
1662491882 3009704
1662491883 3726216
1662491884 4393282
1662491885 4890666
1662491886 3886438
1662491887 4263744
1662491888 4294476
1662491889 4309374
1662491890 4319528
1662491891 3493168
1662491892 4186214
1662491893 4354286
1662491894 4455282
1662491895 3119176
1662491896 2604026
1662491897 3638132
1662491898 2723414
1662491899 2894546
1662491900 2726488
1662491901 2675924
1662491902 2628908
1662491903 2823864
1662491904 2663864
1662491905 2596652
1662491906 2668288
1662491907 2444352
1662491908 1957296
1662491909 1872290
1662491910 1892696
1662491911 1879190
1662491912 2650258
1662491913 2807090
1662491914 2448420
1662491915 2050542
1662491916 1846922
1662491917 1863092
1662491918 2069744
1662491919 2028536
1662491920 2061696
1662491921 1846718
1662491922 1858770
1662491923 2050960
1662491924 2018720
1662491925 1934402
1662491926 1760192
1662491927 1863242
1662491928 2078388
1662491929 1977846
1662491930 1979922
1662491931 1730872
1662491932 1896916
1662491933 1956932
1662491934 1867248
1662491935 1708086
1662491936 1380216
1662491937 1491594
1662491938 1610128
1662491939 1652860
1662491940 1670716
1662491941 1489294
1662491942 1510934
1662491943 1556672
1662491944 1602268
1662491945 1543194
1662491946 1310128
1662491947 1438254
1662491948 1355728
1662491949 1473742
1662491950 1651202
1662491951 1302968
1662491952 1331832
1662491953 1298280
1662491954 1236816
1662491955 1295958
1662491956 1245758
1662491957 1534174
1662491958 1287804
1662491959 1310158
1662491960 1336620
1662491961 1303890
1662491962 1227892
1662491963 1167830
1662491964 1211472
1662491965 1264508
1662491966 1212060
1662491967 1272806
1662491968 1230932
1662491969 1345986
1662491970 1973418
1662491971 1825984
1662491972 1776984
1662491973 1647048
1662491974 1799016
1662491975 1743142
1662491976 1746234
1662491977 1836794
1662491978 1744518
1662491979 1775086
1662491980 1902024
1662491981 1458382
1662491982 1458444
1662491983 1577584
1662491984 1575096
1662491985 1558256
1662491986 1712116
1662491987 1780974
1662491988 1587590
1662491989 1656710
1662491990 1756114
1662491991 1589332
1662491992 1577198
1662491993 1515840
1662491994 1769892
1662491995 1777418
1662491996 1573268
1662491997 1719514
1662491998 1421046
1662491999 1489724
1662492000 1571962
1662492001 1364762
1662492002 1486990
1662492003 1429394
1662492004 1411012
1662492005 1588466
1662492006 1600764
1662492007 1479118
1662492008 1494344
1662492009 1516328
1662492010 1697752
1662492011 1631876
1662492012 1442198
1662492013 1380844
1662492014 1491088
1662492015 1478518
1662492016 1511064
1662492017 1512676
1662492018 1551494
1662492019 1502188
1662492020 1547878
1662492021 1452770
1662492022 1383162
1662492023 1562990
1662492024 1795124
1662492025 2009518
1662492026 1789270
1662492027 1720446
1662492028 1451328
1662492029 1702332
1662492030 1721238
1662492031 2042232
1662492032 2201784
1662492033 1987604
1662492034 2132178
1662492035 1540288
1662492036 1316074
1662492037 1526110
1662492038 1395876
1662492039 1457608
1662492040 1486530
1662492041 1278566
1662492042 1420632
1662492043 1358112
1662492044 1348522
1662492045 1307976
1662492046 1282522
1662492047 1406774
1662492048 1439362
1662492049 1480160
1662492050 1433684
1662492051 1245700
1662492052 1405974
1662492053 1391584
1662492054 1374110
1662492055 1396552
1662492056 1279398
1662492057 1296252
1662492058 1420562
1662492059 1309608
1662492060 1444948
1662492061 1218222
1662492062 1365440
1662492063 1294052
1662492064 1365002
1662492065 1361682
1662492066 1259068
1662492067 1340190
1662492068 1353274
1662492069 1273048
1662492070 1424590
1662492071 1285238
1662492072 1418174
1662492073 1275150
1662492074 1375576
1662492075 1251648
1662492076 1219556
1662492077 1324018
1662492078 1315232
1662492079 1262796
1662492080 1258322
1662492081 1187562
1662492082 1410768
1662492083 1350484
1662492084 1288926
1662492085 1379862
1662492086 1257456
1662492087 1297706
1662492088 1267072
1662492089 1333930
1662492090 1415796
1662492091 1298286
1662492092 1429176
1662492093 1263676
1662492094 1375596
1662492095 1404838
1662492096 1280154
1662492097 1392300
1662492098 1291834
1662492099 1311378
1662492100 1544740
1662492101 1167628
1662492102 1366856
1662492103 1626534
1662492104 1520874
1662492105 1685950
1662492106 1429920
1662492107 1665744
1662492108 1567618
1662492109 1693434
1662492110 1707636
1662492111 1520764
1662492112 1617264
1662492113 1737320
1662492114 1781502
1662492115 1822284
1662492116 1641766
1662492117 1723752
1662492118 1677328
1662492119 1512676
1662492120 1532544
1662492121 1503916
1662492122 1521244
1662492123 1631682
1662492124 1707396
1662492125 1633224
1662492126 1715836
1662492127 1515194
1662492128 1630844
1662492129 1632504
1662492130 1636622
1662492131 1627952
1662492132 1230536
1662492133 1410456
1662492134 1288208
1662492135 1433218
1662492136 1465076
1662492137 1394878
1662492138 1346986
1662492139 1437598
1662492140 1357156
1662492141 1498670
1662492142 1193122
1662492143 1443550
1662492144 1348214
1662492145 1427082
1662492146 1474790
1662492147 1211782
1662492148 1375106
1662492149 1358170
1662492150 1349782
1662492151 1423608
1662492152 1252212
1662492153 1325464
1662492154 1477206
1662492155 1445884
1662492156 1368488
1662492157 1168524
1662492158 1444716
1662492159 1439528
1662492160 1453808
1662492161 1381884
1662492162 1293674
1662492163 1307362
1662492164 1403314
1662492165 1334334
1662492166 1387680
1662492167 1184356
1662492168 1286698
1662492169 1362048
1662492170 1318702
1662492171 1407482
1662492172 1276422
1662492173 1409960
1662492174 1393950
1662492175 1387614
1662492176 1366842
1662492177 1213692
1662492178 1366062
1662492179 1271592
1662492180 1404658
1662492181 1368692
1662492182 1226904
1662492183 1406704
1662492184 1479868
1662492185 1543656
1662492186 1465152
1662492187 1223806
1662492188 1366966
1662492189 552334
1662492190 754


# events lost
1662491065 2465324
1662491066 5012412
1662491067 5253010
1662491068 2500056
1662491069 2684128
1662491070 4309100
1662491071 4368112
1662491072 5033510
1662491073 2165202
1662491074 4242732
1662491075 5331268
1662491076 4243278
1662491077 2796550
1662491078 3504182
1662491079 5444094
1662491080 5953440
1662491081 6512712
1662491082 6672980
1662491083 4523128
1662491084 5507188
1662491085 7860404
1662491086 6870940
1662491087 7450090
1662491088 6943642
1662491089 6771258
1662491090 8032732
1662491091 2521066
1662491092 5800744
1662491093 6934904
1662491094 6628088
1662491095 8601708
1662491096 9412144
1662491097 8019180
1662491098 7757842
1662491099 6614086
1662491100 6679366
1662491101 8008084
1662491102 9932178
1662491103 9007194
1662491104 8000560
1662491105 9563878
1662491106 6631044
1662491107 8163892
1662491108 6241336
1662491109 6183580
1662491110 8027152
1662491111 11574852
1662491112 11312388
1662491113 11699488
1662491114 10139114
1662491115 10316136
1662491116 10161548
1662491117 11008672
1662491118 6644934
1662491119 7876282
1662491120 9722010
1662491121 14524604
1662491122 10671162
1662491123 10671786
1662491124 12486948
1662491125 10218092
1662491126 10735762
1662491127 9810018
1662491128 8566082
1662491129 10429662
1662491130 10631930
1662491131 11614298
1662491132 12307276
1662491133 10229312
1662491134 12959176
1662491135 11534338
1662491136 10211602
1662491137 10594472
1662491138 10985104
1662491139 11346634
1662491140 7295510
1662491141 8381778
1662491142 9758542
1662491143 11484712
1662491144 10818730
1662491145 11218390
1662491146 11055976
1662491147 10704644
1662491148 9610240
1662491149 13710876
1662491150 10107618
1662491151 11972484
1662491152 9530592
1662491153 7614646
1662491154 7206012
1662491155 9494100
1662491156 9719202
1662491157 12242588
1662491158 9896008
1662491159 11317838
1662491160 10366980
1662491161 5969192
1662491162 5362880
1662491163 6655936
1662491164 7626086
1662491165 6858572
1662491166 4551028
1662491167 4770552
1662491168 5888914
1662491169 6347338
1662491170 5508872
1662491171 7362714
1662491172 5107948
1662491173 4918344
1662491174 8454178
1662491175 7950326
1662491176 7297200
1662491177 5622320
1662491178 5492906
1662491179 6905940
1662491180 7043542
1662491181 5881490
1662491182 6137126
1662491183 5732036
1662491184 6296862
1662491185 7988364
1662491186 6676844
1662491187 6315342
1662491188 9030490
1662491189 7132698
1662491190 6944548
1662491191 7161074
1662491192 8065012
1662491193 6673196
1662491194 8501208
1662491195 5945668
1662491196 3729738
1662491197 4504776
1662491198 7929530
1662491199 5034324
1662491200 7676058
1662491201 6604610
1662491202 6148714
1662491203 6499850
1662491204 6698844
1662491205 6768070
1662491206 6214136
1662491207 7494110
1662491208 6917648
1662491209 6752546
1662491210 6674056
1662491211 7767248
1662491212 5997020
1662491213 4046694
1662491214 5526866
1662491215 6836708
1662491216 4976686
1662491217 6285974
1662491218 6198108
1662491219 8770356
1662491220 6507676
1662491221 9097704
1662491222 6909326
1662491223 5686588
1662491224 6370248
1662491225 8775348
1662491226 8122592
1662491227 6870476
1662491228 6939926
1662491229 7729040
1662491230 7296624
1662491231 6015026
1662491232 6437094
1662491233 8344860
1662491234 5261632
1662491235 7526628
1662491236 9261564
1662491237 8054468
1662491238 9754738
1662491239 10082900
1662491240 10112014
1662491241 11588682
1662491242 8420216
1662491243 9529108
1662491244 10944076
1662491245 9037932
1662491246 9329674
1662491247 7630556
1662491248 9388010
1662491249 6192390
1662491250 6137538
1662491251 8884554
1662491252 7415778
1662491253 8866912
1662491254 9405204
1662491255 9071874
1662491256 9387026
1662491257 8590106
1662491258 9691572
1662491259 9790252
1662491260 9586098
1662491261 9223770
1662491262 8928132
1662491263 9097924
1662491264 9757314
1662491265 9275966
1662491266 9533000
1662491267 8667574
1662491268 7666372
1662491269 6771402
1662491270 7460334
1662491271 8539500
1662491272 6080082
1662491273 9185688
1662491274 9991078
1662491275 8832788
1662491276 9547606
1662491277 7906068
1662491278 9257750
1662491279 10701400
1662491280 9795552
1662491281 9400648
1662491282 8611438
1662491283 6181298
1662491284 8084684
1662491285 6988612
1662491286 6842650
1662491287 6384060
1662491288 6843138
1662491289 5021500
1662491290 4087850
1662491291 5971134
1662491292 4499810
1662491293 3685660
1662491294 4459334
1662491295 6692224
1662491296 6278796
1662491297 5296688
1662491298 7763346
1662491299 7448840
1662491300 5941450
1662491301 5336700
1662491302 5202820
1662491303 5854444
1662491304 6132246
1662491305 7420714
1662491306 6651890
1662491307 6208468
1662491308 6236348
1662491309 6160886
1662491310 5248132
1662491311 8177598
1662491312 6297324
1662491313 5633982
1662491314 5851778
1662491315 5944226
1662491316 5072214
1662491317 5383090
1662491318 3987932
1662491319 3821440
1662491320 4916996
1662491321 6603202
1662491322 5111130
1662491323 6472080
1662491324 5174872
1662491325 7328586
1662491326 5650526
1662491327 5529088
1662491328 6501934
1662491329 6448056
1662491330 5925264
1662491331 7042312
1662491332 5589642
1662491333 5464454
1662491334 6614108
1662491335 6200110
1662491336 6605296
1662491337 3031338
1662491338 4654118
1662491339 5384076
1662491340 5493238
1662491341 4731654
1662491342 4792004
1662491343 4807324
1662491344 6948988
1662491345 7215276
1662491346 7299004
1662491347 5866108
1662491348 6226008
1662491349 7325308
1662491350 8019354
1662491351 6363074
1662491352 6431172
1662491353 4439196
1662491354 6106370
1662491355 6900218
1662491356 5873534
1662491357 8292060
1662491358 9639600
1662491359 9118310
1662491360 8521164
1662491361 8957930
1662491362 7746490
1662491363 7170448
1662491364 9096534
1662491365 8267254
1662491366 5033608
1662491367 4826062
1662491368 6065074
1662491369 10335858
1662491370 8040220
1662491371 10320980
1662491372 8734320
1662491373 9731414
1662491374 11058410
1662491375 9659860
1662491376 7676192
1662491377 4658190
1662491378 5635964
1662491379 6440850
1662491380 6753408
1662491381 6458528
1662491382 5925878
1662491383 5355028
1662491384 6084706
1662491385 6614650
1662491386 7092100
1662491387 5657766
1662491388 4740742
1662491389 6286750
1662491390 5752162
1662491391 7618490
1662491392 5512824
1662491393 4860840
1662491394 2468760
1662491395 6106572
1662491396 7452246
1662491397 5065124
1662491398 5145814
1662491399 7138138
1662491400 6474920
1662491401 7012490
1662491402 5093058
1662491403 5538224
1662491404 6100406
1662491405 6777648
1662491406 7041096
1662491407 5786380
1662491408 5012596
1662491409 6479348
1662491410 6700662
1662491411 6844716
1662491412 5581774
1662491413 5549464
1662491414 4611666
1662491415 3337472
1662491416 4390262
1662491417 2067032
1662491418 4019426
1662491419 5086076
1662491420 6541726
1662491421 6743092
1662491422 5422212
1662491423 6810106
1662491424 7052980
1662491425 6114038
1662491426 5992554
1662491427 4322076
1662491428 6408984
1662491429 6948278
1662491430 6503278
1662491431 6086446
1662491432 5273000
1662491433 5546910
1662491434 6048980
1662491435 6030790
1662491436 4968738
1662491437 4604306
1662491438 5572968
1662491439 6121046
1662491440 5499176
1662491441 4362664
1662491442 2901358
1662491443 7575132
1662491444 6872716
1662491445 7171108
1662491446 5209982
1662491447 6635492
1662491448 6948780
1662491449 5357372
1662491450 7034450
1662491451 6084970
1662491452 6429762
1662491453 7668880
1662491454 5961310
1662491455 6309384
1662491456 4607762
1662491457 5483566
1662491458 5490034
1662491459 3255206
1662491460 2207396
1662491461 4205344
1662491462 5492224
1662491463 5509622
1662491464 4501074
1662491465 4765580
1662491466 3838620
1662491467 4000636
1662491468 4540278
1662491469 4293232
1662491470 6201940
1662491471 5439134
1662491472 5048668
1662491473 5629310
1662491474 6087540
1662491475 5721870
1662491476 5130048
1662491477 5170410
1662491478 4849082
1662491479 6789602
1662491480 6915916
1662491481 6452632
1662491482 4574922
1662491483 4954222
1662491484 4639570
1662491485 5505098
1662491486 7778354
1662491487 4616438
1662491488 5230772
1662491489 4103146
1662491490 4595726
1662491491 4870746
1662491492 4226612
1662491493 3929736
1662491494 5898764
1662491495 6718862
1662491496 5108060
1662491497 5560502
1662491498 5877272
1662491499 6384626
1662491500 5062686
1662491501 5125038
1662491502 4631746
1662491503 4569690
1662491504 5959528
1662491505 5986072
1662491506 5222276
1662491507 5316288
1662491508 5236566
1662491509 6024682
1662491510 5555308
1662491511 6347186
1662491512 3583870
1662491513 5657602
1662491514 1895176
1662491515 2585706
1662491516 2830934
1662491517 3225462
1662491518 4825224
1662491519 3867458
1662491520 6088026
1662491521 6168966
1662491522 4652856
1662491523 4143636
1662491524 5948578
1662491525 4109628
1662491526 5736580
1662491527 5470888
1662491528 5176364
1662491529 5922770
1662491530 4123744
1662491531 1548456
1662491532 2107868
1662491533 2212352
1662491534 1257222
1662491535 4413702
1662491536 2540990
1662491537 2602122
1662491538 2056512
1662491539 3743596
1662491540 5735652
1662491541 4886492
1662491542 4973532
1662491543 4314038
1662491544 4132086
1662491545 4818192
1662491546 4067494
1662491547 5061260
1662491548 3637838
1662491549 5243402
1662491550 5522774
1662491551 4610912
1662491552 4427582
1662491553 3734900
1662491554 4603334
1662491555 4957644
1662491556 5128666
1662491557 4625574
1662491558 4589888
1662491559 5708176
1662491560 6139066
1662491561 4903960
1662491562 4491534
1662491563 3597148
1662491564 4410016
1662491565 3780398
1662491566 4508406
1662491567 4648032
1662491568 3880892
1662491569 5445940
1662491570 3894376
1662491571 4135018
1662491572 4305194
1662491573 6051160
1662491574 4317400
1662491575 5139722
1662491576 4463714
1662491577 4167660
1662491578 3305270
1662491579 5067694
1662491580 4330052
1662491581 5328094
1662491582 3264574
1662491583 4557050
1662491584 2592700
1662491585 6191710
1662491586 3719030
1662491587 2763316
1662491588 3816162
1662491589 4797286
1662491590 4028292
1662491591 4256820
1662491592 4072734
1662491593 5299770
1662491594 5349800
1662491595 4690216
1662491596 1907260
1662491597 2575912
1662491598 2848160
1662491599 2170462
1662491600 2147500
1662491601 2724982
1662491602 2812924
1662491603 2420260
1662491604 2472442
1662491605 2585402
1662491606 2231416
1662491607 1436070
1662491608 2809718
1662491609 3304408
1662491610 2721322
1662491611 3166972
1662491612 4103676
1662491613 1912600
1662491614 2186274
1662491615 4046062
1662491616 2286446
1662491617 2385470
1662491618 2757008
1662491619 2005526
1662491620 2349982
1662491621 2769444
1662491622 2027108
1662491623 2182414
1662491624 2803524
1662491625 2639486
1662491626 2089842
1662491627 2156802
1662491628 2251086
1662491629 2394996
1662491630 1902476
1662491631 2831186
1662491632 1433632
1662491633 2853612
1662491634 4536634
1662491635 1868404
1662491636 1893600
1662491637 3589510
1662491638 7042664
1662491639 3495382
1662491640 5519466
1662491641 4305650
1662491642 3910176
1662491643 3536090
1662491644 5275458
1662491645 4058736
1662491646 4345180
1662491647 4566928
1662491648 4788322
1662491649 4860396
1662491650 4584402
1662491651 5123508
1662491652 4012056
1662491653 3378714
1662491654 3250990
1662491655 2377046
1662491656 2271736
1662491657 1633840
1662491658 1827562
1662491659 2111370
1662491660 3273560
1662491661 1243978
1662491662 2572032
1662491663 1917662
1662491664 2262072
1662491665 1985416
1662491666 3058928
1662491667 1817370
1662491668 1056078
1662491669 1616922
1662491670 1177268
1662491671 1817052
1662491672 1415352
1662491673 2409334
1662491674 2094792
1662491675 2186580
1662491676 1696016
1662491677 2394038
1662491678 1890066
1662491679 2536200
1662491680 2071176
1662491681 2321678
1662491682 1567458
1662491683 1997080
1662491684 2883888
1662491685 2626100
1662491686 1729780
1662491687 645662
1662491688 2333050
1662491689 1290566
1662491690 1013728
1662491691 1908244
1662491692 1968054
1662491693 998902
1662491694 989910
1662491695 2298870
1662491696 1785606
1662491697 1880266
1662491698 1961926
1662491699 2254598
1662491700 2757670
1662491701 1712420
1662491702 1303650
1662491703 1176454
1662491704 2658522
1662491705 3670486
1662491706 4049348
1662491707 4886334
1662491708 4652842
1662491709 2897016
1662491710 1826414
1662491711 2203268
1662491712 977784
1662491713 1367212
1662491714 2978678
1662491715 1634758
1662491716 405440
1662491717 2218578
1662491718 1284952
1662491719 1995378
1662491720 2315162
1662491721 1409328
1662491722 1794876
1662491723 1409450
1662491724 1728554
1662491725 1491928
1662491726 1798298
1662491727 2529936
1662491728 2392282
1662491729 1834080
1662491730 2336402
1662491731 1826920
1662491732 1240992
1662491733 1905314
1662491734 2243610
1662491735 1737756
1662491736 2796478
1662491737 2881636
1662491738 712388
1662491739 1628108
1662491740 1547738
1662491741 2374078
1662491742 856124
1662491743 1942082
1662491744 3209920
1662491745 361278
1662491746 1133464
1662491747 2724284
1662491748 1700970
1662491749 1401994
1662491750 1559600
1662491751 2593290
1662491752 976694
1662491753 2394984
1662491754 1945462
1662491755 2362142
1662491756 1395964
1662491795 556516
1662491796 140600
1662491797 1757380
1662491798 1243274
1662491799 1991412
1662491800 1310490
1662491801 1916238
1662491802 1168392
1662491803 1946344
1662491804 1672010
1662491805 1973732
1662491806 1738248
1662491807 149546
1662491822 970952
1662491823 3017090
1662491824 3680666
1662491825 2761040
1662491826 1212850
1662491827 1459378
1662491828 2084382
1662491829 1810528
1662491830 1052560
1662491831 1313152
1662491832 1277952
1662491833 1585114
1662491834 1054070
1662491835 920598
1662491836 626800
1662491837 1086042
1662491838 1101408
1662491839 718660
1662491840 1430744
1662491841 505892
1662491842 2262160
1662491843 2820654
1662491844 1351954
1662491845 2644012
1662491846 188768
