# events called
1662513371 35638
1662513372 3531714
1662513373 153070
1662513374 12041190
1662513375 14408484
1662513376 14521770
1662513377 14117982
1662513378 13779172
1662513379 14306098
1662513380 13751560
1662513381 14104794
1662513382 14028078
1662513383 13401630
1662513384 14213346
1662513385 14940770
1662513386 14188500
1662513387 13516552
1662513388 14081648
1662513389 14706144
1662513390 13121494
1662513391 13874282
1662513392 13692462
1662513393 12625032
1662513394 14308942
1662513395 13342856
1662513396 14768462
1662513397 13143278
1662513398 14573336
1662513399 12955942
1662513400 14848866
1662513401 13988434
1662513402 12606540
1662513403 14541080
1662513404 12574084
1662513405 14374686
1662513406 14007552
1662513407 12653682
1662513408 14383596
1662513409 14290868
1662513410 12603890
1662513411 14912836
1662513412 13473230
1662513413 12065950
1662513414 14684734
1662513415 15003892
1662513416 12347612
1662513417 13162388
1662513418 14722094
1662513419 14507190
1662513420 11658316
1662513421 14060676
1662513422 14581086
1662513423 14055736
1662513424 11540476
1662513425 14462688
1662513426 14826802
1662513427 14166996
1662513428 11628508
1662513429 14235684
1662513430 14246488
1662513431 14615090
1662513432 13173612
1662513433 11659982
1662513434 14752834
1662513435 14535578
1662513436 14644924
1662513437 11558762
1662513438 11042116
1662513439 14803762
1662513440 15015254
1662513441 14659692
1662513442 14281118
1662513443 9795866
1662513444 14070220
1662513445 14624820
1662513446 14922600
1662513447 15026878
1662513448 12663214
1662513449 11264254
1662513450 14156532
1662513451 14941946
1662513452 14820736
1662513453 14392766
1662513454 14781174
1662513455 10184652
1662513456 12149764
1662513457 14601842
1662513458 14675322
1662513459 14896796
1662513460 15066964
1662513461 13917498
1662513462 11187664
1662513463 12749858
1662513464 15663324
1662513465 15224954
1662513466 14923390
1662513467 14523618
1662513468 13954600
1662513469 11144968
1662513470 12046966
1662513471 14721750
1662513472 14518368
1662513473 14039438
1662513474 15046836
1662513475 15370644
1662513476 14237392
1662513477 10998164
1662513478 11066776
1662513479 15129686
1662513480 14475786
1662513481 15175596
1662513482 14629542
1662513483 13663432
1662513484 15157540
1662513485 12267482
1662513486 11041514
1662513487 12833214
1662513488 14348698
1662513489 14806138
1662513490 14966626
1662513491 15101838
1662513492 14503942
1662513493 13922866
1662513494 13549982
1662513495 10557562
1662513496 11005944
1662513497 14534166
1662513498 14844422
1662513499 15281594
1662513500 14905320
1662513501 15053898
1662513502 14207804
1662513503 13670262
1662513504 13594412
1662513505 11704660
1662513506 11043082
1662513507 13701346
1662513508 13817122
1662513509 14678240
1662513510 14824456
1662513511 14945542
1662513512 14345306
1662513513 14479036
1662513514 14542316
1662513515 11167806
1662513516 10954268
1662513517 11366758
1662513518 14638892
1662513519 14702088
1662513520 14939848
1662513521 15227688
1662513522 14355504
1662513523 13694974
1662513524 14350186
1662513525 14729650
1662513526 10917806
1662513527 9761142
1662513528 9975650
1662513529 14956110
1662513530 14549668
1662513531 14929230
1662513532 13959128
1662513533 13660772
1662513534 14359088
1662513535 14624676
1662513536 14796452
1662513537 14308186
1662513538 11351584
1662513539 10697556
1662513540 10190528
1662513541 12689374
1662513542 14273960
1662513543 14159336
1662513544 14255914
1662513545 14414892
1662513546 14793780
1662513547 13796364
1662513548 14183560
1662513549 14689492
1662513550 13916756
1662513551 12810192
1662513552 9751438
1662513553 10419964
1662513554 10381848
1662513555 14743400
1662513556 14424100
1662513557 14653072
1662513558 13414438
1662513559 13951328
1662513560 14355036
1662513561 14206726
1662513562 14810450
1662513563 14039650
1662513564 14188290
1662513565 13242202
1662513566 11185146
1662513567 10812002
1662513568 9357220
1662513569 12374126
1662513570 14538704
1662513571 14325236
1662513572 14320784
1662513573 13189588
1662513574 14624982
1662513575 14193606
1662513576 14415702
1662513577 14107866
1662513578 13005370
1662513579 14705446
1662513580 14388728
1662513581 11688006
1662513582 10176666
1662513583 10288994
1662513584 10217968
1662513585 12966270
1662513586 14021918
1662513587 14587192
1662513588 12947342
1662513589 14160062
1662513590 13832664
1662513591 13907120
1662513592 14093156
1662513593 12576824
1662513594 13529034
1662513595 14305018
1662513596 14651602
1662513597 12705728
1662513598 8644432
1662513599 9886364
1662513600 10060664
1662513601 10877594
1662513602 14216704
1662513603 12962538
1662513604 13913578
1662513605 13792786
1662513606 14194562
1662513607 14424632
1662513608 12243496
1662513609 14397892
1662513610 14139250
1662513611 13903198
1662513612 14335380
1662513613 12295420
1662513614 14158588
1662513615 12569540
1662513616 9837178
1662513617 9964888
1662513618 10172370
1662513619 9637866
1662513620 13122470
1662513621 13673372
1662513622 13352422
1662513623 11979296
1662513624 12405782
1662513625 14298076
1662513626 14543676
1662513627 13749246
1662513628 10230094
1662513629 12963910
1662513630 13712726
1662513631 14222190
1662513632 13852154
1662513633 10615038
1662513634 10097802
1662513635 9651840
1662513636 9314656
1662513637 11125096
1662513638 9326070
1662513639 13603310
1662513640 13384496
1662513641 13080752
1662513642 12706944
1662513643 10372316
1662513644 13098226
1662513645 12998984
1662513646 13324856
1662513647 13249338
1662513648 11971128
1662513649 13115854
1662513650 12237928
1662513651 13275540
1662513652 12883992
1662513653 9839752
1662513654 9616382
1662513655 8955312
1662513656 8966814
1662513657 10293538
1662513658 12684814
1662513659 14179362
1662513660 10814468
1662513661 14244320
1662513662 13664820
1662513663 14209450
1662513664 12997352
1662513665 12021108
1662513666 13871952
1662513667 13322338
1662513668 12383034
1662513669 13459984
1662513670 11488188
1662513671 14049660
1662513672 12763612
1662513673 13153988
1662513674 12002450
1662513675 7121328
1662513676 10063552
1662513677 10414534
1662513678 9368128
1662513679 10653216
1662513680 8517322
1662513681 12241828
1662513682 13511480
1662513683 12540408
1662513684 12779080
1662513685 10708556
1662513686 13183882
1662513687 12687506
1662513688 13217684
1662513689 13742504
1662513690 10695274
1662513691 13144108
1662513692 12597114
1662513693 13660588
1662513694 13227050
1662513695 10549652
1662513696 13295710
1662513697 13737734
1662513698 14107338
1662513699 10754816
1662513700 7902814
1662513701 9041810
1662513702 9994678
1662513703 10485182
1662513704 10109164
1662513705 9430490
1662513706 14007812
1662513707 12979092
1662513708 14108530
1662513709 12499136
1662513710 11218388
1662513711 12226780
1662513712 12667794
1662513713 12614030
1662513714 12832562
1662513715 11013300
1662513716 11607014
1662513717 12921366
1662513718 12485052
1662513719 13210732
1662513720 11404228
1662513721 12412226
1662513722 13055896
1662513723 11067026
1662513724 10417612
1662513725 8859222
1662513726 10425128
1662513727 9679682
1662513728 9181810
1662513729 9597280
1662513730 10307214
1662513731 14248738
1662513732 13864648
1662513733 13893632
1662513734 12977454
1662513735 10961050
1662513736 14271072
1662513737 12960400
1662513738 12628836
1662513739 12536404
1662513740 11070424
1662513741 13106466
1662513742 13194690
1662513743 12838816
1662513744 13523486
1662513745 11171564
1662513746 12859298
1662513747 13540176
1662513748 12491018
1662513749 10265964
1662513750 8946860
1662513751 9955832
1662513752 9385792
1662513753 9686502
1662513754 10251864
1662513755 8074132
1662513756 12119352
1662513757 14508482
1662513758 13316542
1662513759 13621328
1662513760 10663452
1662513761 12067624
1662513762 13424140
1662513763 12888062
1662513764 12722834
1662513765 11079226
1662513766 14048256
1662513767 13578968
1662513768 13538218
1662513769 12737102
1662513770 11010854
1662513771 13102812
1662513772 12413276
1662513773 12484558
1662513774 9908070
1662513775 9648538
1662513776 9206710
1662513777 8677660
1662513778 9473662
1662513779 9479600
1662513780 7826708
1662513781 12403658
1662513782 12946406
1662513783 13747028
1662513784 13347778
1662513785 11894946
1662513786 13529578
1662513787 13378340
1662513788 12584350
1662513789 12704656
1662513790 10675512
1662513791 12747556
1662513792 12552856
1662513793 12757738
1662513794 12329842
1662513795 10889242
1662513796 12640656
1662513797 12960718
1662513798 13261754
1662513799 10973128
1662513800 9219958
1662513801 9098042
1662513802 9142826
1662513803 9170928
1662513804 8758956
1662513805 8766130
1662513806 11009626
1662513807 14068088
1662513808 13561804
1662513809 12879130
1662513810 11024854
1662513811 11848714
1662513812 12587096
1662513813 12616890
1662513814 12381804
1662513815 10115424
1662513816 12533000
1662513817 13119916
1662513818 12224346
1662513819 12827276
1662513820 10465950
1662513821 12199774
1662513822 12101734
1662513823 11045204
1662513824 9665300
1662513825 7676706
1662513826 9293218
1662513827 8959804
1662513828 9263114
1662513829 9268486
1662513830 8190852
1662513831 13416858
1662513832 13853838
1662513833 12201024
1662513834 12262090
1662513835 10027186
1662513836 12607344
1662513837 12575042
1662513838 11698974
1662513839 12467374
1662513840 9532736
1662513841 12668316
1662513842 12747632
1662513843 12508272
1662513844 12768010
1662513845 9878548
1662513846 12490474
1662513847 12767928
1662513848 9416474
1662513849 9596052
1662513850 8242460
1662513851 9217454
1662513852 9351746
1662513853 9246874
1662513854 9473388
1662513855 8424456
1662513856 13564856
1662513857 12212394
1662513858 12051994
1662513859 12177114
1662513860 9676256
1662513861 12445614
1662513862 12100626
1662513863 11590716
1662513864 11623372
1662513865 9997590
1662513866 12323878
1662513867 11936748
1662513868 11543492
1662513869 12102968
1662513870 9729252
1662513871 11326096
1662513872 9950848
1662513873 9505882
1662513874 8936116
1662513875 8733040
1662513876 9632248
1662513877 10911036
1662513878 10194270
1662513879 9813472
1662513880 10222636
1662513881 10993256
1662513882 13284420
1662513883 11377318
1662513884 11633686
1662513885 10156390
1662513886 11968358
1662513887 11671326
1662513888 11617256
1662513889 11693058
1662513890 10499996
1662513891 12201000
1662513892 11137934
1662513893 11468870
1662513894 11475236
1662513895 10046068
1662513896 12426818
1662513897 11082030
1662513898 10262206
1662513899 10341836
1662513900 8561226
1662513901 9230252
1662513902 9316000
1662513903 10288108
1662513904 10070922
1662513905 8925744
1662513906 9571252
1662513907 11851178
1662513908 12013434
1662513909 11495404
1662513910 9873608
1662513911 12529012
1662513912 11311614
1662513913 11449018
1662513914 12032556
1662513915 10275266
1662513916 11993516
1662513917 11579474
1662513918 12000392
1662513919 10992228
1662513920 9845864
1662513921 11568036
1662513922 11077562
1662513923 10575492
1662513924 9427312
1662513925 7408124
1662513926 9596820
1662513927 9523868
1662513928 9621126
1662513929 9234190
1662513930 8177544
1662513931 10679654
1662513932 12059998
1662513933 11032052
1662513934 12005232
1662513935 9501596
1662513936 11983784
1662513937 11273442
1662513938 11667634
1662513939 11245228
1662513940 9695848
1662513941 12152510
1662513942 12263426
1662513943 11817678
1662513944 11958962
1662513945 9294006
1662513946 11979030
1662513947 11868726
1662513948 10870402
1662513949 9158448
1662513950 8239848
1662513951 9788462
1662513952 9500466
1662513953 9722114
1662513954 9230008
1662513955 8407424
1662513956 9844672
1662513957 11794780
1662513958 11413114
1662513959 12140802
1662513960 9787024
1662513961 10760990
1662513962 11496802
1662513963 11281464
1662513964 11596116
1662513965 9720890
1662513966 10749678
1662513967 11380368
1662513968 11811624
1662513969 11420616
1662513970 9972918
1662513971 10956754
1662513972 11077768
1662513973 10969984
1662513974 9840732
1662513975 8092190
1662513976 9566654
1662513977 9071430
1662513978 9945838
1662513979 9541494
1662513980 8314734
1662513981 9449980
1662513982 8920330
1662513983 9784780
1662513984 11919748
1662513985 10866648
1662513986 11754210
1662513987 11366400
1662513988 11592502
1662513989 11949990
1662513990 9570658
1662513991 9569782
1662513992 11436838
1662513993 11718178
1662513994 11419798
1662513995 9669946
1662513996 11423346
1662513997 10990084
1662513998 11460482
1662513999 10857414
1662514000 8025978
1662514001 8702330
1662514002 10263728
1662514003 9724726
1662514004 9174470
1662514005 7656226
1662514006 9567864
1662514007 9889242
1662514008 8777430
1662514009 9347086
1662514010 8013244
1662514011 9227130
1662514012 10087040
1662514013 9347946
1662514014 10027942
1662514015 8055772
1662514016 10151812
1662514017 10443392
1662514018 9634566
1662514019 9216318
1662514020 7935412
1662514021 9208040
1662514022 10708528
1662514023 9435934
1662514024 9477436
1662514025 8079934
1662514026 8496246
1662514027 8829678
1662514028 8553454
1662514029 9245634
1662514030 7759832
1662514031 8764094
1662514032 8856778
1662514033 9074728
1662514034 8250154
1662514035 8824518
1662514036 11510640
1662514037 9528002
1662514038 9325528
1662514039 9125608
1662514040 8079444
1662514041 9766138
1662514042 9193334
1662514043 9439020
1662514044 9249094
1662514045 7672512
1662514046 9517172
1662514047 9493494
1662514048 8858184
1662514049 9059016
1662514050 7363578
1662514051 8578228
1662514052 9556224
1662514053 8113248
1662514054 8495818
1662514055 8021396
1662514056 9053296
1662514057 8830748
1662514058 9345064
1662514059 8052918
1662514060 7363570
1662514061 8663320
1662514062 9389618
1662514063 9196082
1662514064 9242770
1662514065 7955766
1662514066 9530402
1662514067 8899348
1662514068 8842516
1662514069 9353606
1662514070 7817128
1662514071 9469540
1662514072 9450166
1662514073 8780114
1662514074 9235674
1662514075 7708706
1662514076 9011154
1662514077 8582082
1662514078 8610780
1662514079 9157412
1662514080 7742170
1662514081 8435824
1662514082 8509374
1662514083 8287182
1662514084 8723390
1662514085 7950392
1662514086 8950558
1662514087 8997452
1662514088 9012360
1662514089 8542968
1662514090 8032156
1662514091 9654490
1662514092 9056316
1662514093 9610464
1662514094 9469440
1662514095 7853844
1662514096 9965172
1662514097 8887868
1662514098 9117474
1662514099 9124964
1662514100 7888636
1662514101 8411782
1662514102 8736302
1662514103 9213640
1662514104 8373690
1662514105 8550666
1662514106 8356250
1662514107 8464598
1662514108 9323524
1662514109 8257802
1662514110 7983444
1662514111 8367866
1662514112 8880164
1662514113 8890012
1662514114 9409194
1662514115 8105712
1662514116 9753016
1662514117 9542392
1662514118 9209308
1662514119 8861614
1662514120 8956910
1662514121 10057788
1662514122 9495994
1662514123 9104610
1662514124 9353736
1662514125 7447708
1662514126 8581318
1662514127 8579672
1662514128 8418158
1662514129 9046452
1662514130 7232032
1662514131 7965566
1662514132 7869126
1662514133 7577484
1662514134 8332776
1662514135 7156054
1662514136 7318668
1662514137 6950454
1662514138 7896046
1662514139 8756842
1662514140 7374450
1662514141 8110296
1662514142 8830618
1662514143 7817998
1662514144 8257804
1662514145 6877816
1662514146 7803306
1662514147 8470156
1662514148 9010266
1662514149 7778468
1662514150 6819852
1662514151 7926634
1662514152 8177496
1662514153 7087550
1662514154 7012094
1662514155 6463840
1662514156 7796610
1662514157 7772232
1662514158 6941712
1662514159 6717512
1662514160 6437254
1662514161 6599670
1662514162 6842038
1662514163 7177808
1662514164 7968976
1662514165 6785848
1662514166 7182574
1662514167 7718174
1662514168 8052978
1662514169 7473316
1662514170 6634898
1662514171 7845264
1662514172 7854262
1662514173 8212822
1662514174 7291222
1662514175 6665636
1662514176 7005622
1662514177 7313376
1662514178 6579382
1662514179 7081338
1662514180 6450398
1662514181 6273060
1662514182 7021814
1662514183 6759764
1662514184 7177918
1662514185 6886934
1662514186 8119914
1662514187 6749638
1662514188 6750694
1662514189 7204706
1662514190 6866206
1662514191 7162168
1662514192 7615814
1662514193 7331266
1662514194 7778504
1662514195 6432140
1662514196 7763156
1662514197 7773612
1662514198 7744122
1662514199 7604038
1662514200 6755404
1662514201 7777662
1662514202 7183868
1662514203 7361676
1662514204 6624942
1662514205 6368852
1662514206 6397776
1662514207 6829864
1662514208 7506868
1662514209 6435860
1662514210 6943066
1662514211 8400050
1662514212 7023198
1662514213 6964378
1662514214 6520684
1662514215 6453550
1662514216 6743316
1662514217 7730612
1662514218 7952030
1662514219 7624542
1662514220 6686504
1662514221 7427450
1662514222 7822776
1662514223 7008404
1662514224 7865024
1662514225 6451050
1662514226 7193620
1662514227 7871186
1662514228 7756068
1662514229 7788408
1662514230 6103764
1662514231 6681836
1662514232 7075140
1662514233 6738656
1662514234 6786444
1662514235 6123392
1662514236 6638150
1662514237 6721308
1662514238 7083322
1662514239 8792534
1662514240 7056438
1662514241 6629376
1662514242 6863724
1662514243 6897406
1662514244 7642224
1662514245 6673782
1662514246 7740886
1662514247 7203552
1662514248 7366626
1662514249 7187448
1662514250 6206802
1662514251 7502476
1662514252 7680362
1662514253 7541804
1662514254 7003676
1662514255 5866360
1662514256 6802816
1662514257 6738094
1662514258 6310630
1662514259 6192082
1662514260 5472624
1662514261 6117056
1662514262 6122694
1662514263 6391342
1662514264 6015720
1662514265 5370834
1662514266 5942042
1662514267 6448278
1662514268 6146846
1662514269 6163332
1662514270 5288758
1662514271 5646430
1662514272 6221414
1662514273 5921434
1662514274 6169752
1662514275 5581718
1662514276 5973200
1662514277 6113530
1662514278 6189140
1662514279 6110890
1662514280 5165956
1662514281 6052946
1662514282 6052518
1662514283 6016366
1662514284 5382034
1662514285 4594522
1662514286 5582320
1662514287 5524682
1662514288 5022840
1662514289 5636454
1662514290 5871486
1662514291 6046746
1662514292 5671862
1662514293 5527560
1662514294 5916868
1662514295 4271754
1662514296 5439258
1662514297 5086690
1662514298 4648666
1662514299 4554422
1662514300 3900310
1662514301 5128704
1662514302 4936632
1662514303 4532252
1662514304 5106684
1662514305 3817004
1662514306 5244948
1662514307 5190266
1662514308 4496022
1662514309 4710944
1662514310 4235576
1662514311 4997364
1662514312 4834664
1662514313 4590744
1662514314 4614258
1662514315 3986946
1662514316 5202632
1662514317 4872998
1662514318 5002926
1662514319 4677240
1662514320 4222088
1662514321 5190490
1662514322 4951464
1662514323 3773172
1662514324 4107152
1662514325 2878572
1662514326 3426904
1662514327 3092426
1662514328 3027402
1662514329 3264352
1662514330 2938776
1662514331 3631140
1662514332 3485826
1662514333 3247308
1662514334 3392094
1662514335 2873182
1662514336 4016644
1662514337 4247980
1662514338 3530922
1662514339 3312298
1662514340 2682932
1662514341 3523824
1662514342 3473298
1662514343 3393124
1662514344 3460530
1662514345 2822386
1662514346 3235972
1662514347 3369872
1662514348 3401136
1662514349 3442856
1662514350 2998516
1662514351 1841074
1662514352 1811172
1662514353 1891104
1662514354 1778994
1662514355 1969972
1662514356 3369446
1662514357 2939090
1662514358 2138598
1662514359 2128974
1662514360 2403148
1662514361 2346968
1662514362 2218934
1662514363 2278378
1662514364 2400478
1662514365 3363062
1662514366 3634242
1662514367 2659860
1662514368 2334672
1662514369 2275584
1662514370 2125454
1662514371 2298342
1662514372 2376632
1662514373 2261482
1662514374 2366078
1662514375 2100568
1662514376 2174588
1662514377 1722610
1662514378 1743614
1662514379 1899810
1662514380 1645652
1662514381 1953070
1662514382 2037478
1662514383 2036684
1662514384 2032466
1662514385 1744162
1662514386 1953666
1662514387 2016348
1662514388 1975166
1662514389 2043918
1662514390 1794088
1662514391 1967438
1662514392 2052236
1662514393 1998542
1662514394 1907830
1662514395 1693378
1662514396 1718390
1662514397 1887370
1662514398 1962384
1662514399 1919618
1662514400 1667126
1662514401 1982442
1662514402 1823118
1662514403 1893052
1662514404 1641518
1662514405 1096922
1662514406 1031986
1662514407 1190788
1662514408 1127548
1662514409 1335570
1662514410 1270170
1662514411 1348484
1662514412 1196170
1662514413 1407070
1662514414 1419774
1662514415 1257026
1662514416 1442598
1662514417 1204474
1662514418 1298392
1662514419 1603326
1662514420 1166540
1662514421 1611168
1662514422 1564406
1662514423 1627852
1662514424 1724360
1662514425 1362174
1662514426 1469582
1662514427 1332874
1662514428 1434662
1662514429 1406616
1662514430 1233252
1662514431 1295088
1662514432 1341646
1662514433 1386762
1662514434 1473738
1662514435 1268376
1662514436 1589374
1662514437 1803680
1662514438 2072240
1662514439 1889524
1662514440 1891682
1662514441 1875870
1662514442 1984830
1662514443 2077216
1662514444 2172446
1662514445 2140224
1662514446 1912498
1662514447 2015942
1662514448 2248466
1662514449 2110834
1662514450 2091012
1662514451 1965300
1662514452 2121776
1662514453 2055332
1662514454 2143972
1662514455 2182700
1662514456 1486712
1662514457 1485974
1662514458 1449708
1662514459 1490988
1662514460 1516790
1662514461 1348150
1662514462 1377666
1662514463 1411258
1662514464 1457086
1662514465 1084036
1662514466 1348652
1662514467 1566912
1662514468 1448692
1662514469 1442000
1662514470 1382192
1662514471 1398608
1662514472 1292608
1662514473 1444870
1662514474 1421574
1662514475 1270452
1662514476 1378054
1662514477 1434926
1662514478 1436868
1662514479 1353074
1662514480 1288290
1662514481 1332242
1662514482 1287556
1662514483 1363350
1662514484 1441846
1662514485 1223340
1662514486 1403036
1662514487 1390394
1662514488 1484052
1662514489 1392922
1662514490 1124624
1662514491 1195412
1662514492 1271364
1662514493 1292074
1662514494 1406880
1662514495 1281916
1662514496 1457990
1662514497 1402548
1662514498 1313912
1662514499 1336750
1662514500 1227250
1662514501 1271678
1662514502 1296486
1662514503 1365896
1662514504 1454284
1662514505 1229508
1662514506 1372966
1662514507 1316248
1662514508 1406424
1662514509 1401884
1662514510 1301290
1662514511 1353754
1662514512 1390372
1662514513 1340472
1662514514 1423028
1662514515 1256476
1662514516 1381018
1662514517 1186838
1662514518 1339982
1662514519 1272288
1662514520 1095028
1662514521 1157212
1662514522 1295794
1662514523 1309912
1662514524 1399398
1662514525 1225270
1662514526 1316086
1662514527 1193730
1662514528 1303416
1662514529 1272606
1662514530 1182112
1662514531 1221822
1662514532 1471634
1662514533 1416250
1662514534 1511884
1662514535 1319872
1662514536 1557346
1662514537 1567278
1662514538 1612870
1662514539 1639512
1662514540 1308224
1662514541 1346912
1662514542 1520096
1662514543 1916884
1662514544 1945758
1662514545 1620778
1662514546 1732728
1662514547 1601966
1662514548 1733302
1662514549 1662182
1662514550 1385254
1662514551 1772288
1662514552 1611288
1662514553 1689352
1662514554 1636624
1662514555 1520556
1662514556 1767658
1662514557 1619480
1662514558 1661404
1662514559 1628548
1662514560 1322296
1662514561 1279736
1662514562 1349542
1662514563 1436644
1662514564 1446100
1662514565 1331836
1662514566 1332166
1662514567 1345134
1662514568 1416848
1662514569 1375128
1662514570 1173892
1662514571 1305700
1662514572 1393178
1662514573 1373788
1662514574 395830
1662514575 692


# events submitted
1662513371 35638
1662513372 3531714
1662513373 153252
1662513374 11993026
1662513375 14373972
1662513376 14490390
1662513377 14098332
1662513378 13754656
1662513379 14291048
1662513380 13738364
1662513381 14086840
1662513382 13999142
1662513383 13387494
1662513384 14187172
1662513385 14912808
1662513386 14176122
1662513387 13507352
1662513388 14057550
1662513389 14685438
1662513390 13097732
1662513391 13855638
1662513392 13676178
1662513393 12601756
1662513394 14290954
1662513395 13328920
1662513396 14745778
1662513397 13129880
1662513398 14546622
1662513399 12941066
1662513400 14827718
1662513401 13962784
1662513402 12592938
1662513403 14521516
1662513404 12554990
1662513405 14352324
1662513406 13986064
1662513407 12648284
1662513408 14358174
1662513409 14273414
1662513410 12594388
1662513411 14890800
1662513412 13461010
1662513413 12052146
1662513414 14660032
1662513415 14968718
1662513416 12335348
1662513417 13145624
1662513418 14707296
1662513419 14476824
1662513420 11650118
1662513421 14042774
1662513422 14551844
1662513423 14039348
1662513424 11530848
1662513425 14445278
1662513426 14806656
1662513427 14141238
1662513428 11626926
1662513429 14207290
1662513430 14222214
1662513431 14594710
1662513432 13158432
1662513433 11641888
1662513434 14723672
1662513435 14521728
1662513436 14618890
1662513437 11542762
1662513438 11026108
1662513439 14785462
1662513440 14990664
1662513441 14642032
1662513442 14262548
1662513443 9790438
1662513444 13344276
1662513445 11030878
1662513446 11439270
1662513447 10303340
1662513448 8451402
1662513449 8885302
1662513450 9920884
1662513451 12370190
1662513452 12462762
1662513453 11793248
1662513454 12708144
1662513455 9275370
1662513456 11514624
1662513457 10391260
1662513458 11705032
1662513459 10281166
1662513460 10146912
1662513461 5607682
1662513462 4178866
1662513463 5982594
1662513464 7840162
1662513465 6480018
1662513466 7390638
1662513467 6865466
1662513468 7689946
1662513469 5822476
1662513470 5644832
1662513471 7075240
1662513472 8110222
1662513473 8453096
1662513474 7225334
1662513475 7976372
1662513476 6406570
1662513477 3743672
1662513478 6060426
1662513479 8043138
1662513480 6666242
1662513481 8105986
1662513482 5882660
1662513483 7311570
1662513484 6653120
1662513485 5962464
1662513486 5499098
1662513487 7518716
1662513488 6451824
1662513489 5001576
1662513490 7201594
1662513491 6758214
1662513492 7370392
1662513493 7458108
1662513494 7379078
1662513495 5246048
1662513496 5000846
1662513497 8306570
1662513498 5101272
1662513499 8215458
1662513500 7464108
1662513501 7364760
1662513502 9204028
1662513503 7046642
1662513504 7330246
1662513505 4785990
1662513506 3662154
1662513507 6870350
1662513508 7324762
1662513509 5497376
1662513510 3118996
1662513511 1989914
1662513512 3627954
1662513513 2669194
1662513514 2533210
1662513515 601728
1662513516 1124634
1662513517 1248248
1662513518 3213954
1662513519 4554934
1662513520 4174734
1662513521 3688274
1662513522 1854382
1662513523 4688780
1662513524 4582658
1662513525 4551502
1662513526 4372774
1662513527 1268686
1662513528 2972462
1662513529 3447006
1662513530 4851722
1662513531 2783646
1662513532 3407782
1662513533 4228128
1662513534 4469046
1662513535 4231458
1662513536 4729160
1662513537 3234378
1662513538 4216382
1662513539 3293734
1662513540 1140742
1662513541 2688988
1662513542 2420996
1662513543 3567086
1662513544 3278344
1662513545 4697450
1662513546 4491738
1662513547 1352690
1662513548 3514690
1662513549 4497314
1662513550 4713800
1662513551 4348960
1662513552 3326422
1662513553 547886
1662513554 1553946
1662513555 4430516
1662513556 2869876
1662513557 2942504
1662513558 3587696
1662513559 4715860
1662513560 3593132
1662513561 3928758
1662513562 2667974
1662513563 4041680
1662513564 3780134
1662513565 1838616
1662513566 2320102
1662513567 4196642
1662513568 3433368
1662513569 3291612
1662513570 2678338
1662513571 2760542
1662513572 3565742
1662513573 878540
1662513574 3594862
1662513575 3772322
1662513576 2968576
1662513577 3337768
1662513578 2412144
1662513579 2828288
1662513580 3947788
1662513581 4132000
1662513582 4106312
1662513583 3697114
1662513584 2142362
1662513585 4707984
1662513586 3863860
1662513587 4733868
1662513588 2471146
1662513589 2597352
1662513590 3624152
1662513591 2504384
1662513592 3141450
1662513593 2997574
1662513594 1513390
1662513595 3839636
1662513596 3619708
1662513597 3501476
1662513598 5968930
1662513599 6814400
1662513600 4022824
1662513601 4218830
1662513602 6394788
1662513603 5839202
1662513604 6513972
1662513605 6381440
1662513606 6770838
1662513607 5010908
1662513608 6422882
1662513609 7121906
1662513610 8077364
1662513611 7207454
1662513612 7305544
1662513613 6512058
1662513614 8960708
1662513615 5875000
1662513616 4393152
1662513617 3667132
1662513618 3641304
1662513619 5019242
1662513620 6817672
1662513621 6230780
1662513622 6002484
1662513623 6947462
1662513624 7476852
1662513625 6059216
1662513626 6293456
1662513627 6323238
1662513628 3685692
1662513629 5816828
1662513630 7844460
1662513631 6877144
1662513632 5137906
1662513633 4312402
1662513634 2859494
1662513635 4475574
1662513636 5642708
1662513637 5500546
1662513638 4927816
1662513639 8275166
1662513640 7526968
1662513641 6870364
1662513642 7837090
1662513643 5931146
1662513644 7027704
1662513645 6348730
1662513646 6111950
1662513647 5552896
1662513648 4946322
1662513649 5741524
1662513650 4789732
1662513651 5949552
1662513652 6313832
1662513653 4336424
1662513654 4652216
1662513655 4110878
1662513656 4495732
1662513657 4767840
1662513658 4269970
1662513659 6625026
1662513660 5341402
1662513661 7271840
1662513662 7617720
1662513663 6972866
1662513664 7550776
1662513665 6161610
1662513666 5916196
1662513667 6714180
1662513668 6363698
1662513669 6339028
1662513670 5806610
1662513671 7428536
1662513672 3689658
1662513673 3259380
1662513674 3638262
1662513675 4001266
1662513676 3219828
1662513677 1473544
1662513678 1194902
1662513679 539758
1662513680 800730
1662513681 3372452
1662513682 3300338
1662513683 4137942
1662513684 3437508
1662513685 3191832
1662513686 3415194
1662513687 3691138
1662513688 3085352
1662513689 2433030
1662513690 2296318
1662513691 3316388
1662513692 2839502
1662513693 3339008
1662513694 2633874
1662513695 2224446
1662513696 3533536
1662513697 2491826
1662513698 3145168
1662513699 665502
1662513700 3742638
1662513701 4265462
1662513702 3688918
1662513703 3890624
1662513704 2010898
1662513705 2743200
1662513706 3620226
1662513707 3943920
1662513708 4361862
1662513709 2991280
1662513710 2273996
1662513711 4850116
1662513712 5428556
1662513713 6502988
1662513714 5701138
1662513715 5154488
1662513716 6314456
1662513717 5136826
1662513718 6627870
1662513719 5395676
1662513720 4877388
1662513721 5145696
1662513722 6149150
1662513723 6222084
1662513724 9696140
1662513725 4887418
1662513726 4986180
1662513727 4371100
1662513728 3689176
1662513729 6051908
1662513730 5991288
1662513731 6771276
1662513732 6334234
1662513733 6457426
1662513734 6053248
1662513735 4880580
1662513736 7332398
1662513737 6765320
1662513738 6774406
1662513739 7007600
1662513740 5046940
1662513741 6112554
1662513742 5078240
1662513743 6506630
1662513744 5560698
1662513745 4932040
1662513746 6468430
1662513747 6635160
1662513748 5186080
1662513749 5193846
1662513750 4435460
1662513751 2867004
1662513752 4921700
1662513753 4381318
1662513754 2500624
1662513755 2880748
1662513756 5060590
1662513757 7316544
1662513758 6938724
1662513759 6041976
1662513760 4904244
1662513761 5351662
1662513762 7640724
1662513763 5579118
1662513764 6023208
1662513765 6163754
1662513766 6080596
1662513767 7147764
1662513768 6911666
1662513769 5760924
1662513770 5565550
1662513771 7187894
1662513772 5947720
1662513773 5515400
1662513774 5157454
1662513775 2783936
1662513776 3416254
1662513777 2637400
1662513778 4482324
1662513779 3889282
1662513780 3635708
1662513781 5848066
1662513782 6002358
1662513783 6670704
1662513784 6010546
1662513785 5195874
1662513786 5711142
1662513787 6990144
1662513788 5207134
1662513789 5922676
1662513790 4612784
1662513791 6355404
1662513792 5448646
1662513793 5988038
1662513794 3606148
1662513795 2363950
1662513796 4376690
1662513797 3213854
1662513798 2174408
1662513799 3057906
1662513800 538704
1662513801 272224
1662513802 2223934
1662513803 2623112
1662513804 2924204
1662513805 1216906
1662513806 1209202
1662513807 4234604
1662513808 3317796
1662513809 3348488
1662513810 2235312
1662513811 2653030
1662513812 2857594
1662513813 5106934
1662513814 5437574
1662513815 4835408
1662513816 5261220
1662513817 7734072
1662513818 6056280
1662513819 6363880
1662513820 5247334
1662513821 6025372
1662513822 5391460
1662513823 5090740
1662513824 6224754
1662513825 5350240
1662513826 3483328
1662513827 4160954
1662513828 3731704
1662513829 6602360
1662513830 3204966
1662513831 7169592
1662513832 8286308
1662513833 6300686
1662513834 7110652
1662513835 4928596
1662513836 6308152
1662513837 5287958
1662513838 5021612
1662513839 6576758
1662513840 4719686
1662513841 6114448
1662513842 5361520
1662513843 6762992
1662513844 6289208
1662513845 4568380
1662513846 6653318
1662513847 5249346
1662513848 4468852
1662513849 4197122
1662513850 1836070
1662513851 3709854
1662513852 4071806
1662513853 5620882
1662513854 4065686
1662513855 4311834
1662513856 6807260
1662513857 5940250
1662513858 5896100
1662513859 4852356
1662513860 4942020
1662513861 4935448
1662513862 7153174
1662513863 5227918
1662513864 5190906
1662513865 5665622
1662513866 6756714
1662513867 4495864
1662513868 5105658
1662513869 4861330
1662513870 4193332
1662513871 5600178
1662513872 4087650
1662513873 3964664
1662513874 4532598
1662513875 3795684
1662513876 3687622
1662513877 6859820
1662513878 5093716
1662513879 3804284
1662513880 5991122
1662513881 6469970
1662513882 5825246
1662513883 4395252
1662513884 6621772
1662513885 4776542
1662513886 5216352
1662513887 6778290
1662513888 5959672
1662513889 4529714
1662513890 5360414
1662513891 6275730
1662513892 5552086
1662513893 5996370
1662513894 5769604
1662513895 5019698
1662513896 7026668
1662513897 5021866
1662513898 2561020
1662513899 3880916
1662513900 3540988
1662513901 3701442
1662513902 5523928
1662513903 4823530
1662513904 4240822
1662513905 4332158
1662513906 4579300
1662513907 5560816
1662513908 5417902
1662513909 4487708
1662513910 4221314
1662513911 7098256
1662513912 5127652
1662513913 5301196
1662513914 6492502
1662513915 5116740
1662513916 5913870
1662513917 4695524
1662513918 6947586
1662513919 6257918
1662513920 5127384
1662513921 4697400
1662513922 5147192
1662513923 5076278
1662513924 5497074
1662513925 3944180
1662513926 4622928
1662513927 4387302
1662513928 4181304
1662513929 4539400
1662513930 2307794
1662513931 5907908
1662513932 7070882
1662513933 4572304
1662513934 7337878
1662513935 4575222
1662513936 6025414
1662513937 4763752
1662513938 6640540
1662513939 5498736
1662513940 4216248
1662513941 6779852
1662513942 6081666
1662513943 5492910
1662513944 5414586
1662513945 5121382
1662513946 4994730
1662513947 6348002
1662513948 6230698
1662513949 5226102
1662513950 5072228
1662513951 5913414
1662513952 3762088
1662513953 1986394
1662513954 4803180
1662513955 5908264
1662513956 6487740
1662513957 5415174
1662513958 5996156
1662513959 5708724
1662513960 4479220
1662513961 5424440
1662513962 5377326
1662513963 6202466
1662513964 6275182
1662513965 5064622
1662513966 5917550
1662513967 6401918
1662513968 4975790
1662513969 4918120
1662513970 5148470
1662513971 5459728
1662513972 5526834
1662513973 4845666
1662513974 3415280
1662513975 3070054
1662513976 4080446
1662513977 3237224
1662513978 4423310
1662513979 5294918
1662513980 5889594
1662513981 4866514
1662513982 3501230
1662513983 5051322
1662513984 6236920
1662513985 6127472
1662513986 6895822
1662513987 5440520
1662513988 6191830
1662513989 6487008
1662513990 5440800
1662513991 7233024
1662513992 8446188
1662513993 8510164
1662513994 9684996
1662513995 6690900
1662513996 5852546
1662513997 5714206
1662513998 5039604
1662513999 5276946
1662514000 5578204
1662514001 5173088
1662514002 4307846
1662514003 5012958
1662514004 2883028
1662514005 5046648
1662514006 5672078
1662514007 4236030
1662514008 6310802
1662514009 3891584
1662514010 4115842
1662514011 4596000
1662514012 4574336
1662514013 3416134
1662514014 4875876
1662514015 4379598
1662514016 5289494
1662514017 5413480
1662514018 4962810
1662514019 4906152
1662514020 4434468
1662514021 4991898
1662514022 4756580
1662514023 4282970
1662514024 4111720
1662514025 4192992
1662514026 3369694
1662514027 2444808
1662514028 5093350
1662514029 5798602
1662514030 3951664
1662514031 4972502
1662514032 5025204
1662514033 5270724
1662514034 5018356
1662514035 5113784
1662514036 4852194
1662514037 4869342
1662514038 4608372
1662514039 4249300
1662514040 3915222
1662514041 4498714
1662514042 4550948
1662514043 4830106
1662514044 5004652
1662514045 3370204
1662514046 5216556
1662514047 5475190
1662514048 4646966
1662514049 4059770
1662514050 4089936
1662514051 4488440
1662514052 6193124
1662514053 3429454
1662514054 2564550
1662514055 5241882
1662514056 3746470
1662514057 4733542
1662514058 2313812
1662514059 3082504
1662514060 3092890
1662514061 5362486
1662514062 6813918
1662514063 6751654
1662514064 6796138
1662514065 5466372
1662514066 7152528
1662514067 7280318
1662514068 6501958
1662514069 7015154
1662514070 4695736
1662514071 6248636
1662514072 7525586
1662514073 6355712
1662514074 6870706
1662514075 5808342
1662514076 7253676
1662514077 6706372
1662514078 6184532
1662514079 5667122
1662514080 6802330
1662514081 6207008
1662514082 6432272
1662514083 6446894
1662514084 4903282
1662514085 5580142
1662514086 6978898
1662514087 7033710
1662514088 7413328
1662514089 5964346
1662514090 5988742
1662514091 6572254
1662514092 7554860
1662514093 7794134
1662514094 6758826
1662514095 5554770
1662514096 5793064
1662514097 4431212
1662514098 4487712
1662514099 5265786
1662514100 3332484
1662514101 891712
1662514102 3714264
1662514103 3646368
1662514104 4678012
1662514105 3836190
1662514106 2766434
1662514107 3969746
1662514108 2446750
1662514109 4831576
1662514110 6402458
1662514111 3253640
1662514112 4118720
1662514113 4856884
1662514114 5011778
1662514115 4245108
1662514116 5313274
1662514117 6018550
1662514118 7174144
1662514119 6418230
1662514120 6107328
1662514121 7254482
1662514122 7059626
1662514123 6694838
1662514124 7022972
1662514125 4884808
1662514126 6195296
1662514127 6108488
1662514128 7327954
1662514129 6519664
1662514130 4172436
1662514131 5474680
1662514132 7135634
1662514133 4473708
1662514134 6142282
1662514135 6280504
1662514136 6250398
1662514137 5614794
1662514138 5512086
1662514139 6494518
1662514140 6093526
1662514141 5761552
1662514142 6401080
1662514143 6713982
1662514144 6455404
1662514145 3987182
1662514146 5998900
1662514147 6402722
1662514148 6682814
1662514149 5661324
1662514150 4589358
1662514151 4583326
1662514152 6677108
1662514153 5140016
1662514154 4695930
1662514155 6035792
1662514156 5355328
1662514157 6190544
1662514158 4803104
1662514159 5305932
1662514160 4875226
1662514161 5196668
1662514162 5748728
1662514163 5677886
1662514164 6213568
1662514165 5132144
1662514166 5141330
1662514167 5218870
1662514168 4931132
1662514169 2769504
1662514170 4677744
1662514171 5780552
1662514172 6299690
1662514173 5675714
1662514174 5419026
1662514175 4656856
1662514176 5707192
1662514177 6014564
1662514178 5551520
1662514179 6643700
1662514180 3361766
1662514181 4807612
1662514182 5078468
1662514183 3326880
1662514184 6061064
1662514185 5617378
1662514186 4467194
1662514187 3940850
1662514188 5451128
1662514189 4452938
1662514190 4941586
1662514191 4993150
1662514192 5806254
1662514193 5239924
1662514194 5123240
1662514195 5053164
1662514196 6010116
1662514197 6319640
1662514198 5246406
1662514199 6307320
1662514200 5150186
1662514201 5647774
1662514202 5556672
1662514203 6639320
1662514204 5500166
1662514205 5909262
1662514206 4394764
1662514207 6349492
1662514208 6609252
1662514209 3954346
1662514210 3607668
1662514211 5336720
1662514212 5412646
1662514213 3467740
1662514214 5310040
1662514215 3747532
1662514216 5438496
1662514217 6053866
1662514218 5905532
1662514219 7624976
1662514220 6686186
1662514221 7423056
1662514222 7818358
1662514223 7006146
1662514224 7863138
1662514225 6449836
1662514226 7186646
1662514227 7871516
1662514228 7752962
1662514229 7783890
1662514230 6098418
1662514231 6679066
1662514232 7072516
1662514233 6731634
1662514234 6785098
1662514235 6123934
1662514236 6636602
1662514237 6720064
1662514238 7082704
1662514239 8789238
1662514240 7052418
1662514241 6629642
1662514242 6859178
1662514243 6896820
1662514244 7639050
1662514245 6669986
1662514246 7737598
1662514247 6298756
1662514248 4735788
1662514249 5736858
1662514250 4800646
1662514251 5403414
1662514252 6038214
1662514253 6401766
1662514254 4762912
1662514255 3999436
1662514256 4647810
1662514257 4790298
1662514258 3778082
1662514259 4074590
1662514260 4230896
1662514261 4629744
1662514262 5534692
1662514263 5884282
1662514264 6011874
1662514265 4143840
1662514266 4022744
1662514267 3872946
1662514268 5239086
1662514269 6160444
1662514270 5286984
1662514271 5647280
1662514272 6220134
1662514273 5919188
1662514274 6170086
1662514275 5578990
1662514276 5972968
1662514277 6111624
1662514278 6187442
1662514279 6111002
1662514280 5165146
1662514281 6052424
1662514282 6052298
1662514283 6016750
1662514284 5380952
1662514285 4593688
1662514286 5580280
1662514287 5523448
1662514288 5020750
1662514289 5636442
1662514290 5871388
1662514291 6047286
1662514292 5670260
1662514293 5526836
1662514294 5916276
1662514295 4271004
1662514296 5439298
1662514297 5083408
1662514298 4647988
1662514299 4553838
1662514300 3900770
1662514301 5024468
1662514302 3755192
1662514303 3167456
1662514304 3556602
1662514305 2830812
1662514306 4008610
1662514307 4406344
1662514308 4494866
1662514309 4711468
1662514310 4235594
1662514311 4995932
1662514312 4833420
1662514313 4590142
1662514314 4614412
1662514315 3986344
1662514316 5201480
1662514317 4871352
1662514318 5001600
1662514319 4677178
1662514320 4222358
1662514321 5189904
1662514322 4950938
1662514323 3772140
1662514324 4106730
1662514325 2878240
1662514326 3428088
1662514327 3091964
1662514328 3026276
1662514329 3263878
1662514330 2937680
1662514331 3630090
1662514332 3484902
1662514333 3245198
1662514334 3390878
1662514335 2872948
1662514336 4014842
1662514337 4247960
1662514338 3528912
1662514339 3310862
1662514340 2682280
1662514341 3522840
1662514342 3472944
1662514343 3392744
1662514344 3460512
1662514345 2820660
1662514346 3235584
1662514347 3369840
1662514348 3401506
1662514349 3442150
1662514350 2997494
1662514351 1840184
1662514352 1811962
1662514353 1890436
1662514354 1778346
1662514355 1970072
1662514356 3369004
1662514357 2938684
1662514358 2137696
1662514359 2127820
1662514360 2403606
1662514361 2345206
1662514362 2218194
1662514363 2277656
1662514364 2398826
1662514365 3361706
1662514366 3633710
1662514367 2658954
1662514368 2333824
1662514369 2275994
1662514370 2124774
1662514371 2298330
1662514372 2376388
1662514373 2261428
1662514374 2365642
1662514375 2100452
1662514376 2174616
1662514377 1722282
1662514378 1743732
1662514379 1899648
1662514380 1644368
1662514381 1952206
1662514382 2037248
1662514383 2036580
1662514384 2031412
1662514385 1743530
1662514386 1952004
1662514387 2016336
1662514388 1974834
1662514389 2043544
1662514390 1793232
1662514391 1967156
1662514392 2051814
1662514393 1998188
1662514394 1907130
1662514395 1692954
1662514396 1718096
1662514397 1887522
1662514398 1962762
1662514399 1919560
1662514400 1666886
1662514401 1980900
1662514402 1823188
1662514403 1891160
1662514404 1640880
1662514405 1096876
1662514406 1030456
1662514407 1188484
1662514408 1126454
1662514409 1333560
1662514410 1267376
1662514411 1346288
1662514412 1194136
1662514413 1404596
1662514414 1418364
1662514415 1255508
1662514416 1440634
1662514417 1202626
1662514418 1295558
1662514419 1600212
1662514420 1164488
1662514421 1608962
1662514422 1560872
1662514423 1625342
1662514424 1721300
1662514425 1359758
1662514426 1465582
1662514427 1329700
1662514428 1431850
1662514429 1405082
1662514430 1232974
1662514431 1293284
1662514432 1340054
1662514433 1384836
1662514434 1472664
1662514435 1265458
1662514436 1587848
1662514437 1801376
1662514438 2069324
1662514439 1887848
1662514440 1890822
1662514441 1874714
1662514442 1982726
1662514443 2075612
1662514444 2171098
1662514445 2139086
1662514446 1910720
1662514447 2013070
1662514448 2246826
1662514449 2107904
1662514450 2090952
1662514451 1964034
1662514452 2119672
1662514453 2053748
1662514454 2140100
1662514455 2180426
1662514456 1485804
1662514457 1484142
1662514458 1448668
1662514459 1490460
1662514460 1515994
1662514461 1347062
1662514462 1376506
1662514463 1410218
1662514464 1455040
1662514465 1083416
1662514466 1347768
1662514467 1566048
1662514468 1447172
1662514469 1440580
1662514470 1381384
1662514471 1397038
1662514472 1291368
1662514473 1442864
1662514474 1419648
1662514475 1268846
1662514476 1376656
1662514477 1433804
1662514478 1435708
1662514479 1351198
1662514480 1287240
1662514481 1331214
1662514482 1287548
1662514483 1362156
1662514484 1441356
1662514485 1221816
1662514486 1400858
1662514487 1388648
1662514488 1482670
1662514489 1392198
1662514490 1123710
1662514491 1194174
1662514492 1270410
1662514493 1291334
1662514494 1406406
1662514495 1280156
1662514496 1455720
1662514497 1400364
1662514498 1313420
1662514499 1334936
1662514500 1225328
1662514501 1269164
1662514502 1296278
1662514503 1364220
1662514504 1452702
1662514505 1228904
1662514506 1372484
1662514507 1315588
1662514508 1404282
1662514509 1401842
1662514510 1300528
1662514511 1351528
1662514512 1389234
1662514513 1338556
1662514514 1422094
1662514515 1255850
1662514516 1379944
1662514517 1186026
1662514518 1339238
1662514519 1270924
1662514520 1095468
1662514521 1156130
1662514522 1294010
1662514523 1308684
1662514524 1398918
1662514525 1224528
1662514526 1315876
1662514527 1193410
1662514528 1303070
1662514529 1271508
1662514530 1180840
1662514531 1221222
1662514532 1471486
1662514533 1415726
1662514534 1511022
1662514535 1320068
1662514536 1556870
1662514537 1567768
1662514538 1612990
1662514539 1639428
1662514540 1307472
1662514541 1345870
1662514542 1519508
1662514543 1916580
1662514544 1945608
1662514545 1619886
1662514546 1732522
1662514547 1600394
1662514548 1733044
1662514549 1660144
1662514550 1384234
1662514551 1771862
1662514552 1610916
1662514553 1687630
1662514554 1635018
1662514555 1520422
1662514556 1766038
1662514557 1619092
1662514558 1661150
1662514559 1625832
1662514560 1321080
1662514561 1279062
1662514562 1349134
1662514563 1435704
1662514564 1444802
1662514565 1330290
1662514566 1331314
1662514567 1342786
1662514568 1414274
1662514569 1372434
1662514570 1172722
1662514571 1303038
1662514572 1391556
1662514573 1371860
1662514574 395708
1662514575 692


# events lost
1662513444 701148
1662513445 3604714
1662513446 3504810
1662513447 4748384
1662513448 4239982
1662513449 2384112
1662513450 4245362
1662513451 2572674
1662513452 2363654
1662513453 2598970
1662513454 2070930
1662513455 910094
1662513456 620884
1662513457 4224186
1662513458 2975436
1662513459 4641832
1662513460 4951980
1662513461 8335220
1662513462 7022834
1662513463 6794058
1662513464 7865138
1662513465 8782956
1662513466 7576858
1662513467 7692884
1662513468 6290934
1662513469 5339744
1662513470 6426410
1662513471 7684802
1662513472 6438420
1662513473 5612910
1662513474 7859180
1662513475 7428676
1662513476 7861482
1662513477 7274354
1662513478 5021844
1662513479 7123346
1662513480 7847798
1662513481 7104968
1662513482 8785476
1662513483 6381440
1662513484 8546818
1662513485 6327206
1662513486 5556896
1662513487 5339920
1662513488 7939080
1662513489 9836944
1662513490 7801996
1662513491 8378604
1662513492 7167408
1662513493 6496510
1662513494 6196612
1662513495 5324972
1662513496 6024064
1662513497 6257686
1662513498 9771976
1662513499 7109106
1662513500 7473438
1662513501 7731210
1662513502 5035612
1662513503 6656212
1662513504 6291108
1662513505 6937244
1662513506 7396130
1662513507 6864664
1662513508 6526570
1662513509 9202216
1662513510 11717184
1662513511 12958762
1662513512 10730726
1662513513 11819482
1662513514 12015642
1662513515 10545202
1662513516 9828080
1662513517 10114862
1662513518 11436406
1662513519 10177452
1662513520 10780186
1662513521 11566016
1662513522 12498622
1662513523 9031986
1662513524 9793208
1662513525 10181620
1662513526 6562332
1662513527 8476562
1662513528 7009458
1662513529 11530574
1662513530 9719224
1662513531 12146246
1662513532 10565532
1662513533 9457782
1662513534 9918872
1662513535 10418024
1662513536 10096440
1662513537 11085366
1662513538 7144022
1662513539 7412876
1662513540 9043318
1662513541 10000372
1662513542 11855404
1662513543 10612754
1662513544 10995330
1662513545 9742748
1662513546 10323556
1662513547 12436180
1662513548 10684458
1662513549 10214154
1662513550 9230052
1662513551 8483100
1662513552 6444148
1662513553 9863776
1662513554 8828168
1662513555 10339488
1662513556 11563336
1662513557 11719598
1662513558 9833092
1662513559 9261654
1662513560 10775932
1662513561 10289806
1662513562 12153028
1662513563 10020032
1662513564 10414408
1662513565 11406072
1662513566 8877380
1662513567 6625830
1662513568 5927554
1662513569 9097202
1662513570 11866780
1662513571 11574256
1662513572 10769278
1662513573 12306996
1662513574 11052930
1662513575 10425076
1662513576 11442266
1662513577 10783778
1662513578 10597510
1662513579 11890992
1662513580 10457334
1662513581 7575318
1662513582 6074880
1662513583 6605050
1662513584 8079682
1662513585 8282138
1662513586 10169870
1662513587 9877424
1662513588 10486392
1662513589 11573890
1662513590 10219690
1662513591 11408310
1662513592 10973280
1662513593 9597344
1662513594 12013080
1662513595 10476230
1662513596 11044066
1662513597 9220076
1662513598 2685510
1662513599 3084030
1662513600 6050050
1662513601 6676372
1662513602 7847474
1662513603 7151824
1662513604 7430494
1662513605 7438020
1662513606 7451902
1662513607 9445016
1662513608 5845372
1662513609 7304136
1662513610 6088542
1662513611 6725504
1662513612 7064712
1662513613 5808970
1662513614 5224026
1662513615 6720386
1662513616 5455018
1662513617 6308516
1662513618 6542204
1662513619 4632236
1662513620 6328812
1662513621 7470246
1662513622 7380104
1662513623 5059442
1662513624 4952440
1662513625 8270644
1662513626 8281832
1662513627 7452876
1662513628 6565726
1662513629 7167888
1662513630 5897138
1662513631 7373778
1662513632 8736182
1662513633 6321196
1662513634 7246722
1662513635 5189366
1662513636 3682104
1662513637 5637500
1662513638 4409208
1662513639 5350268
1662513640 5885692
1662513641 6230778
1662513642 4895142
1662513643 4456606
1662513644 6094608
1662513645 6669546
1662513646 7241354
1662513647 7715506
1662513648 7045838
1662513649 7395558
1662513650 7468682
1662513651 7352726
1662513652 6596880
1662513653 5515566
1662513654 4974782
1662513655 4854382
1662513656 4478870
1662513657 5537046
1662513658 8438194
1662513659 7584888
1662513660 5491056
1662513661 6999266
1662513662 6078622
1662513663 7270360
1662513664 5471200
1662513665 5884556
1662513666 7982478
1662513667 6628888
1662513668 6040462
1662513669 7145036
1662513670 5704312
1662513671 6651720
1662513672 9079504
1662513673 9907368
1662513674 8379200
1662513675 3126474
1662513676 6848786
1662513677 8944892
1662513678 8166612
1662513679 10112680
1662513680 7717166
1662513681 8873740
1662513682 10216996
1662513683 8412230
1662513684 9345110
1662513685 7527792
1662513686 9787622
1662513687 9002676
1662513688 10140952
1662513689 11315916
1662513690 8402948
1662513691 9835734
1662513692 9769212
1662513693 10331956
1662513694 10598868
1662513695 8328046
1662513696 9766694
1662513697 11246454
1662513698 10965640
1662513699 10088660
1662513700 4165660
1662513701 4781468
1662513702 6314174
1662513703 6595198
1662513704 8100938
1662513705 6699448
1662513706 10399080
1662513707 9051804
1662513708 9772916
1662513709 9511998
1662513710 8946186
1662513711 7398452
1662513712 7264364
1662513713 6131374
1662513714 7153872
1662513715 5879050
1662513716 5310866
1662513717 7806932
1662513718 5875520
1662513719 7845994
1662513720 6545452
1662513721 7289302
1662513722 6931930
1662513723 4860724
1662513724 726372
1662513725 3980534
1662513726 5448742
1662513727 5316586
1662513728 5502122
1662513729 3552326
1662513730 4330172
1662513731 7513082
1662513732 7560556
1662513733 7462988
1662513734 6950244
1662513735 6096716
1662513736 6972520
1662513737 6221104
1662513738 5880574
1662513739 5552292
1662513740 6048462
1662513741 7015734
1662513742 8139668
1662513743 6355962
1662513744 7987042
1662513745 6265436
1662513746 6416980
1662513747 6931292
1662513748 7327060
1662513749 5082576
1662513750 4520852
1662513751 7096834
1662513752 4473870
1662513753 5319036
1662513754 7764106
1662513755 5199698
1662513756 7077732
1662513757 7226882
1662513758 6398208
1662513759 7612058
1662513760 5776554
1662513761 6735830
1662513762 5813148
1662513763 7336092
1662513764 6722418
1662513765 4936570
1662513766 7994650
1662513767 6462608
1662513768 6655292
1662513769 7000720
1662513770 5463650
1662513771 5939582
1662513772 6488192
1662513773 6988926
1662513774 4766548
1662513775 6876334
1662513776 5797074
1662513777 6047110
1662513778 5001664
1662513779 5601038
1662513780 4195714
1662513781 6582454
1662513782 6967838
1662513783 7109568
1662513784 7360444
1662513785 6718666
1662513786 7842162
1662513787 6412564
1662513788 7398486
1662513789 6807056
1662513790 6081518
1662513791 6415518
1662513792 7127064
1662513793 6796606
1662513794 8732606
1662513795 8532896
1662513796 8287276
1662513797 9761018
1662513798 11090612
1662513799 7925756
1662513800 8675574
1662513801 8818260
1662513802 6922768
1662513803 6555482
1662513804 5832494
1662513805 7551724
1662513806 9797322
1662513807 9855580
1662513808 10255974
1662513809 9542430
1662513810 8802158
1662513811 9194866
1662513812 9736802
1662513813 7523000
1662513814 6962768
1662513815 5293850
1662513816 7293408
1662513817 5410004
1662513818 6189224
1662513819 6483722
1662513820 5233494
1662513821 6198954
1662513822 6726810
1662513823 5972944
1662513824 3450016
1662513825 2336534
1662513826 5817916
1662513827 4806692
1662513828 5538262
1662513829 2674790
1662513830 4992194
1662513831 6276376
1662513832 5597692
1662513833 5919804
1662513834 5170544
1662513835 5114260
1662513836 6321490
1662513837 7312978
1662513838 6696574
1662513839 5912208
1662513840 4824662
1662513841 6579416
1662513842 7410222
1662513843 5763730
1662513844 6502170
1662513845 5324970
1662513846 5854496
1662513847 7541068
1662513848 4956828
1662513849 5408534
1662513850 6411426
1662513851 5514832
1662513852 5287110
1662513853 3632830
1662513854 5415326
1662513855 4122620
1662513856 6780074
1662513857 6290494
1662513858 6171574
1662513859 7341782
1662513860 4745824
1662513861 7528610
1662513862 4964274
1662513863 6380256
1662513864 6448346
1662513865 4346330
1662513866 5586642
1662513867 7459166
1662513868 6456846
1662513869 7264052
1662513870 5551346
1662513871 5749956
1662513872 5875416
1662513873 5551264
1662513874 4407904
1662513875 4947316
1662513876 5951434
1662513877 4061592
1662513878 5111352
1662513879 6018630
1662513880 4244700
1662513881 4537770
1662513882 7477490
1662513883 7000934
1662513884 5028282
1662513885 5394534
1662513886 6774690
1662513887 4907312
1662513888 5674116
1662513889 7181706
1662513890 5156244
1662513891 5945578
1662513892 5597944
1662513893 5488908
1662513894 5724034
1662513895 5039580
1662513896 5422010
1662513897 6073872
1662513898 7708550
1662513899 6473928
1662513900 5030818
1662513901 5536338
1662513902 3799396
1662513903 5478556
1662513904 5840662
1662513905 4602000
1662513906 5001828
1662513907 6308502
1662513908 6617626
1662513909 7020534
1662513910 5665536
1662513911 5455498
1662513912 6206392
1662513913 6161104
1662513914 5554634
1662513915 5174852
1662513916 6102096
1662513917 6903498
1662513918 5072398
1662513919 4751682
1662513920 4730880
1662513921 6890256
1662513922 5952998
1662513923 5515414
1662513924 3936580
1662513925 3472030
1662513926 4986336
1662513927 5145300
1662513928 5449428
1662513929 4707916
1662513930 5877006
1662513931 4791256
1662513932 5009584
1662513933 6473710
1662513934 4688628
1662513935 4937720
1662513936 5975538
1662513937 6528668
1662513938 5043918
1662513939 5763514
1662513940 5494828
1662513941 5390748
1662513942 6204194
1662513943 6345990
1662513944 6561184
1662513945 4188410
1662513946 7004458
1662513947 5539590
1662513948 4654022
1662513949 3942282
1662513950 3175746
1662513951 3882672
1662513952 5745940
1662513953 7742204
1662513954 4437718
1662513955 2505608
1662513956 3367204
1662513957 6394498
1662513958 5436308
1662513959 6451454
1662513960 5322518
1662513961 5352540
1662513962 6137566
1662513963 5091776
1662513964 5339948
1662513965 4670202
1662513966 4843740
1662513967 4995610
1662513968 6853952
1662513969 6522250
1662513970 4840244
1662513971 5512562
1662513972 5564950
1662513973 6139566
1662513974 6435002
1662513975 5032900
1662513976 5493302
1662513977 5842146
1662513978 5530436
1662513979 4258804
1662513980 2435870
1662513981 4589550
1662513982 5422908
1662513983 4744142
1662513984 5701950
1662513985 4755836
1662513986 4875664
1662513987 5947508
1662513988 5423180
1662513989 5483208
1662513990 4143590
1662513991 2341148
1662513992 3001156
1662513993 3220554
1662513994 1742942
1662513995 2985944
1662513996 5593166
1662513997 5290282
1662513998 6434512
1662513999 5595762
1662514000 2454998
1662514001 3535652
1662514002 5969128
1662514003 4721142
1662514004 6297170
1662514005 2615526
1662514006 3904760
1662514007 5666926
1662514008 2476140
1662514009 5465830
1662514010 3903318
1662514011 4639478
1662514012 5525882
1662514013 5942696
1662514014 5164406
1662514015 3686014
1662514016 4873814
1662514017 5040092
1662514018 4681456
1662514019 4319378
1662514020 3510202
1662514021 4228056
1662514022 5966226
1662514023 5164368
1662514024 5373352
1662514025 3893176
1662514026 5135696
1662514027 6393916
1662514028 3465888
1662514029 3457676
1662514030 3815302
1662514031 3799986
1662514032 3837088
1662514033 3813240
1662514034 3237066
1662514035 3722336
1662514036 6676118
1662514037 4670212
1662514038 4727038
1662514039 4882536
1662514040 4170502
1662514041 5277990
1662514042 4650820
1662514043 4618320
1662514044 4254732
1662514045 4309280
1662514046 4309124
1662514047 4029480
1662514048 4223284
1662514049 5008202
1662514050 3281872
1662514051 4098058
1662514052 3372564
1662514053 4691272
1662514054 5937130
1662514055 2787724
1662514056 5318604
1662514057 4106998
1662514058 7041470
1662514059 4976216
1662514060 4278364
1662514061 3306324
1662514062 2580612
1662514063 2448866
1662514064 2450824
1662514065 2499082
1662514066 2379650
1662514067 1622582
1662514068 2340042
1662514069 2342916
1662514070 3126878
1662514071 3229110
1662514072 1929520
1662514073 2427654
1662514074 2367052
1662514075 1903828
1662514076 1752072
1662514077 1877450
1662514078 2427698
1662514079 3497562
1662514080 942914
1662514081 2232240
1662514082 2078860
1662514083 1841772
1662514084 3828524
1662514085 2375354
1662514086 1970128
1662514087 1963134
1662514088 1600476
1662514089 2582820
1662514090 2047732
1662514091 3088590
1662514092 1501830
1662514093 1820370
1662514094 2718550
1662514095 2301636
1662514096 4183124
1662514097 4467212
1662514098 4638434
1662514099 3871494
1662514100 4565080
1662514101 7523942
1662514102 5029628
1662514103 5574686
1662514104 3701258
1662514105 4724612
1662514106 5594234
1662514107 4500856
1662514108 6883314
1662514109 3435128
1662514110 1584936
1662514111 5120078
1662514112 4768964
1662514113 4040526
1662514114 4405148
1662514115 3867416
1662514116 4450926
1662514117 3531636
1662514118 2041332
1662514119 2449672
1662514120 2857384
1662514121 2808614
1662514122 2442696
1662514123 2414288
1662514124 2338058
1662514125 2572932
1662514126 2391908
1662514127 2473174
1662514128 1092710
1662514129 2533766
1662514130 3066308
1662514131 2491918
1662514132 730742
1662514133 3105390
1662514134 2191844
1662514135 874708
1662514136 1068680
1662514137 1336980
1662514138 2385084
1662514139 2268560
1662514140 1283400
1662514141 2353564
1662514142 2435384
1662514143 1103882
1662514144 1803556
1662514145 2897284
1662514146 1806172
1662514147 2071184
1662514148 2334286
1662514149 2122140
1662514150 2232704
1662514151 3349474
1662514152 1502010
1662514153 1948072
1662514154 2320282
1662514155 427680
1662514156 2446430
1662514157 1581960
1662514158 2142402
1662514159 1413042
1662514160 1562360
1662514161 1402788
1662514162 1094406
1662514163 1502854
1662514164 1757622
1662514165 1656120
1662514166 2042798
1662514167 2502124
1662514168 3124660
1662514169 4708712
1662514170 1958606
1662514171 2069414
1662514172 1553412
1662514173 2541026
1662514174 1874246
1662514175 2013232
1662514176 1301252
1662514177 1297926
1662514178 1026798
1662514179 434272
1662514180 3090784
1662514181 1467044
1662514182 1944614
1662514183 3435320
1662514184 1116328
1662514185 1272464
1662514186 3659114
1662514187 2811296
1662514188 1301400
1662514189 2756230
1662514190 1928766
1662514191 2171898
1662514192 1808510
1662514193 2094234
1662514194 2657626
1662514195 1380236
1662514196 1755832
1662514197 1453240
1662514198 2500980
1662514199 1297754
1662514200 1606738
1662514201 2132696
1662514202 1629112
1662514203 719108
1662514204 1127096
1662514205 458670
1662514206 2005700
1662514207 481718
1662514208 896014
1662514209 2483254
1662514210 3338884
1662514211 3069560
1662514212 1613996
1662514213 3500790
1662514214 1211288
1662514215 2708184
1662514216 1302544
1662514217 1676096
1662514218 2047420
1662514247 904930
1662514248 2637950
1662514249 1452286
1662514250 1405946
1662514251 2102902
1662514252 1645180
1662514253 1140174
1662514254 2243208
1662514255 1869598
1662514256 2159822
1662514257 1950098
1662514258 2536548
1662514259 2120506
1662514260 1242398
1662514261 1488160
1662514262 588230
1662514263 505616
1662514264 1706
1662514265 1227252
1662514266 1920122
1662514267 2579952
1662514268 907958
1662514301 103388
1662514302 1181596
1662514303 1365520
1662514304 1550556
1662514305 987220
1662514306 1237638
1662514307 784584
