# events called
1662542003 1112766
1662542004 2454586
1662542005 1495830
1662542006 12124852
1662542007 16645312
1662542008 20614308
1662542009 17954584
1662542010 15969398
1662542011 17194300
1662542012 18179838
1662542013 15826042
1662542014 17589834
1662542015 16472788
1662542016 17197226
1662542017 18059068
1662542018 15209222
1662542019 16448040
1662542020 17726208
1662542021 15624330
1662542022 16478598
1662542023 16022476
1662542024 17221912
1662542025 16659906
1662542026 16699116
1662542027 16252662
1662542028 17320900
1662542029 15024686
1662542030 16350924
1662542031 18000574
1662542032 14788474
1662542033 17137862
1662542034 16727028
1662542035 19592942
1662542036 15001624
1662542037 16143426
1662542038 15923574
1662542039 15551838
1662542040 16715808
1662542041 16608704
1662542042 16122476
1662542043 14213418
1662542044 16919140
1662542045 17789472
1662542046 14166618
1662542047 17608652
1662542048 16153902
1662542049 14326232
1662542050 17291084
1662542051 16953796
1662542052 17265956
1662542053 13541216
1662542054 15605040
1662542055 15768126
1662542056 17916124
1662542057 14507296
1662542058 17409414
1662542059 17185472
1662542060 17321634
1662542061 15444148
1662542062 17620844
1662542063 18162636
1662542064 18182720
1662542065 17421648
1662542066 16141704
1662542067 13555584
1662542068 17246366
1662542069 19107640
1662542070 19068074
1662542071 15055952
1662542072 15189024
1662542073 19655296
1662542074 16217742
1662542075 16614834
1662542076 14905274
1662542077 15497866
1662542078 18117050
1662542079 17298456
1662542080 16475008
1662542081 13844994
1662542082 16971492
1662542083 17442680
1662542084 17498342
1662542085 12521578
1662542086 17690168
1662542087 18368136
1662542088 17318786
1662542089 15436850
1662542090 14411296
1662542091 16788096
1662542092 17705428
1662542093 18163888
1662542094 15749804
1662542095 12878392
1662542096 18952946
1662542097 16898914
1662542098 17437792
1662542099 15447506
1662542100 16317526
1662542101 16607268
1662542102 16635806
1662542103 18696566
1662542104 16130878
1662542105 13553874
1662542106 14831284
1662542107 17874752
1662542108 17385110
1662542109 16867346
1662542110 17999618
1662542111 11687312
1662542112 18715070
1662542113 20806638
1662542114 18944704
1662542115 20582524
1662542116 17959064
1662542117 17177294
1662542118 18292512
1662542119 16097504
1662542120 17705110
1662542121 14638710
1662542122 13149356
1662542123 20467720
1662542124 16947146
1662542125 17038576
1662542126 17573034
1662542127 17452112
1662542128 14400084
1662542129 13621380
1662542130 18702386
1662542131 16190130
1662542132 18375520
1662542133 17031028
1662542134 17661848
1662542135 12901962
1662542136 14500430
1662542137 17228616
1662542138 17404308
1662542139 16761130
1662542140 17107616
1662542141 17380960
1662542142 10948462
1662542143 17673868
1662542144 15150306
1662542145 18087822
1662542146 16369926
1662542147 18526198
1662542148 16089004
1662542149 11124470
1662542150 16563508
1662542151 16433570
1662542152 18130322
1662542153 18236434
1662542154 17977586
1662542155 17988672
1662542156 18380770
1662542157 10975882
1662542158 14738610
1662542159 14928160
1662542160 16663438
1662542161 20169586
1662542162 17221968
1662542163 15352590
1662542164 13766816
1662542165 13111834
1662542166 20864366
1662542167 20554782
1662542168 20611784
1662542169 18404018
1662542170 18353556
1662542171 17015904
1662542172 17549630
1662542173 17856546
1662542174 16449744
1662542175 18263694
1662542176 12250710
1662542177 13124796
1662542178 17138916
1662542179 18104092
1662542180 18842054
1662542181 17456618
1662542182 17710090
1662542183 17586730
1662542184 16281084
1662542185 11518994
1662542186 17360866
1662542187 15889634
1662542188 18994030
1662542189 15541340
1662542190 17095760
1662542191 18401756
1662542192 12426258
1662542193 12543224
1662542194 15594170
1662542195 18209978
1662542196 17126638
1662542197 18250936
1662542198 17570034
1662542199 16961190
1662542200 15454400
1662542201 10849040
1662542202 13786076
1662542203 17324366
1662542204 16670378
1662542205 16588160
1662542206 17996184
1662542207 16546788
1662542208 18183930
1662542209 14876340
1662542210 10867412
1662542211 14699646
1662542212 18184324
1662542213 17195986
1662542214 15603580
1662542215 18237210
1662542216 18035480
1662542217 15952956
1662542218 18661456
1662542219 16632866
1662542220 10871704
1662542221 15169248
1662542222 20659974
1662542223 20665116
1662542224 18200526
1662542225 17778428
1662542226 16083584
1662542227 19982848
1662542228 16611024
1662542229 15474564
1662542230 16727598
1662542231 18381090
1662542232 16700668
1662542233 11118872
1662542234 11317064
1662542235 18804246
1662542236 18308168
1662542237 17990048
1662542238 17425294
1662542239 16016982
1662542240 17102848
1662542241 17369948
1662542242 17868550
1662542243 13477374
1662542244 11270430
1662542245 15525366
1662542246 16628476
1662542247 18699694
1662542248 17703734
1662542249 14927240
1662542250 19047236
1662542251 15806560
1662542252 18722218
1662542253 17821874
1662542254 15884130
1662542255 11062232
1662542256 10439042
1662542257 14556696
1662542258 18173886
1662542259 15373846
1662542260 18230806
1662542261 17166796
1662542262 17488318
1662542263 16548446
1662542264 17343974
1662542265 13875514
1662542266 10702458
1662542267 11625720
1662542268 15657736
1662542269 16464676
1662542270 17535484
1662542271 17098774
1662542272 17472038
1662542273 14863602
1662542274 17775154
1662542275 17997458
1662542276 18157362
1662542277 12493940
1662542278 10153854
1662542279 12961082
1662542280 17024904
1662542281 16917660
1662542282 17820400
1662542283 14941244
1662542284 17072326
1662542285 18107416
1662542286 16099924
1662542287 17708620
1662542288 12440860
1662542289 11284282
1662542290 11593220
1662542291 15187644
1662542292 17579048
1662542293 15671096
1662542294 17213472
1662542295 17525040
1662542296 16811034
1662542297 17590776
1662542298 15755252
1662542299 18024892
1662542300 16826338
1662542301 14373536
1662542302 10754020
1662542303 9612884
1662542304 16425564
1662542305 19000164
1662542306 15783852
1662542307 16422914
1662542308 17004116
1662542309 15424478
1662542310 17650460
1662542311 16089152
1662542312 17578442
1662542313 15158458
1662542314 15375758
1662542315 10620326
1662542316 10841834
1662542317 12038724
1662542318 15735420
1662542319 17618106
1662542320 16962290
1662542321 16745228
1662542322 17661634
1662542323 14928320
1662542324 17359062
1662542325 17320168
1662542326 16925906
1662542327 16640954
1662542328 17765314
1662542329 20094854
1662542330 20142550
1662542331 20236950
1662542332 13168552
1662542333 8837886
1662542334 12997626
1662542335 15642488
1662542336 18160152
1662542337 17659458
1662542338 14358154
1662542339 16562900
1662542340 19503082
1662542341 15944846
1662542342 17309722
1662542343 15668672
1662542344 15834582
1662542345 13832948
1662542346 11201496
1662542347 10314496
1662542348 14055940
1662542349 15764346
1662542350 18117110
1662542351 15876472
1662542352 17400690
1662542353 14255488
1662542354 17431040
1662542355 17398634
1662542356 16390744
1662542357 17980318
1662542358 15641034
1662542359 11448416
1662542360 10500582
1662542361 10786510
1662542362 16799748
1662542363 16505120
1662542364 17643840
1662542365 15476840
1662542366 18041362
1662542367 17772986
1662542368 14073342
1662542369 18176014
1662542370 15538460
1662542371 16692396
1662542372 15002942
1662542373 9580228
1662542374 11643924
1662542375 11747014
1662542376 16662510
1662542377 16978692
1662542378 16085040
1662542379 16742060
1662542380 17845714
1662542381 16098388
1662542382 17127070
1662542383 13724168
1662542384 18680288
1662542385 20312428
1662542386 20057266
1662542387 20189482
1662542388 14592864
1662542389 16874494
1662542390 15061600
1662542391 11158780
1662542392 11091192
1662542393 11451018
1662542394 16294558
1662542395 19107498
1662542396 16240630
1662542397 17451320
1662542398 15374960
1662542399 18310768
1662542400 17534190
1662542401 19720020
1662542402 16118184
1662542403 16819270
1662542404 15703252
1662542405 13722702
1662542406 11286034
1662542407 11756776
1662542408 10595384
1662542409 16654296
1662542410 16838472
1662542411 16534792
1662542412 17768348
1662542413 15291150
1662542414 17644752
1662542415 16301234
1662542416 17053020
1662542417 17822436
1662542418 15596220
1662542419 15872178
1662542420 11056884
1662542421 11892000
1662542422 11102946
1662542423 13131752
1662542424 17061548
1662542425 19381124
1662542426 15508564
1662542427 17409488
1662542428 15256738
1662542429 16481504
1662542430 18778326
1662542431 17559238
1662542432 16867612
1662542433 16825908
1662542434 15251750
1662542435 11351752
1662542436 10318992
1662542437 10451900
1662542438 14078516
1662542439 16118854
1662542440 19467360
1662542441 20158904
1662542442 20185884
1662542443 18496456
1662542444 17690932
1662542445 16401410
1662542446 16678904
1662542447 16262628
1662542448 16617014
1662542449 16908786
1662542450 16747244
1662542451 16337418
1662542452 17751418
1662542453 10810216
1662542454 11315764
1662542455 11376382
1662542456 16185754
1662542457 17712338
1662542458 15364590
1662542459 15857866
1662542460 19401838
1662542461 16576170
1662542462 15464474
1662542463 14328924
1662542464 18412370
1662542465 16025342
1662542466 15459064
1662542467 10725846
1662542468 9602522
1662542469 10234754
1662542470 16141370
1662542471 16062560
1662542472 17489628
1662542473 16204650
1662542474 16424686
1662542475 17011332
1662542476 16919276
1662542477 16323766
1662542478 15314584
1662542479 16826612
1662542480 13032166
1662542481 11237578
1662542482 11517090
1662542483 10826252
1662542484 16012434
1662542485 17396058
1662542486 16982152
1662542487 18516362
1662542488 16018092
1662542489 16413776
1662542490 18175182
1662542491 17801354
1662542492 13376152
1662542493 16949224
1662542494 19125032
1662542495 14740796
1662542496 14895646
1662542497 12759148
1662542498 10386296
1662542499 18131824
1662542500 20074000
1662542501 16024468
1662542502 17394400
1662542503 14637056
1662542504 17820172
1662542505 17795370
1662542506 16528992
1662542507 17083214
1662542508 15412314
1662542509 17632746
1662542510 16038658
1662542511 11788990
1662542512 10958828
1662542513 10357104
1662542514 13390000
1662542515 19511546
1662542516 16996880
1662542517 14637930
1662542518 17086096
1662542519 16304504
1662542520 17349796
1662542521 17564944
1662542522 15541010
1662542523 16915134
1662542524 14103226
1662542525 10499886
1662542526 9787532
1662542527 10709914
1662542528 16350360
1662542529 15937810
1662542530 17790016
1662542531 16347598
1662542532 16990300
1662542533 14378964
1662542534 15863792
1662542535 17634614
1662542536 16473768
1662542537 16971910
1662542538 13662006
1662542539 11043492
1662542540 10458814
1662542541 10130470
1662542542 12799384
1662542543 15006776
1662542544 18937858
1662542545 15452934
1662542546 18553626
1662542547 15809368
1662542548 14207920
1662542549 18586162
1662542550 15334744
1662542551 16263284
1662542552 17700106
1662542553 17394978
1662542554 20194388
1662542555 20268384
1662542556 19787320
1662542557 14916622
1662542558 9521892
1662542559 10804232
1662542560 10418952
1662542561 15230446
1662542562 16785594
1662542563 13863200
1662542564 17041904
1662542565 16952070
1662542566 17445158
1662542567 17748366
1662542568 14417612
1662542569 16678358
1662542570 17157332
1662542571 17143612
1662542572 11011414
1662542573 10429844
1662542574 10125364
1662542575 14824450
1662542576 15846426
1662542577 16254570
1662542578 15440090
1662542579 18571480
1662542580 15143540
1662542581 18585494
1662542582 15708502
1662542583 14613598
1662542584 16582238
1662542585 18199674
1662542586 14230116
1662542587 10435802
1662542588 9483538
1662542589 9928202
1662542590 15793970
1662542591 16381560
1662542592 17772308
1662542593 13055236
1662542594 16934794
1662542595 16312844
1662542596 17051756
1662542597 17049006
1662542598 15044370
1662542599 17155936
1662542600 17381642
1662542601 11196730
1662542602 9202862
1662542603 10013800
1662542604 13395700
1662542605 17371634
1662542606 15744540
1662542607 15461684
1662542608 16537784
1662542609 19800602
1662542610 20006500
1662542611 19891450
1662542612 19431446
1662542613 13666276
1662542614 17746152
1662542615 16222148
1662542616 17098862
1662542617 15644982
1662542618 16675840
1662542619 15165962
1662542620 10576116
1662542621 10347230
1662542622 10831290
1662542623 12392022
1662542624 16840620
1662542625 16624068
1662542626 16526080
1662542627 16854620
1662542628 13115722
1662542629 17168898
1662542630 15836370
1662542631 17807178
1662542632 15303788
1662542633 16699370
1662542634 12743914
1662542635 10847838
1662542636 10656416
1662542637 11291934
1662542638 12241596
1662542639 15473468
1662542640 18139974
1662542641 15702700
1662542642 17856512
1662542643 15308350
1662542644 14463954
1662542645 16719850
1662542646 17390588
1662542647 16287408
1662542648 13818058
1662542649 12070256
1662542650 10660942
1662542651 11093450
1662542652 10592538
1662542653 12306414
1662542654 17372214
1662542655 17439442
1662542656 15497900
1662542657 17463454
1662542658 13277456
1662542659 17730664
1662542660 16771152
1662542661 16372872
1662542662 17519976
1662542663 16769276
1662542664 20052230
1662542665 19905410
1662542666 19477922
1662542667 15943232
1662542668 12835764
1662542669 11184850
1662542670 11471104
1662542671 10338962
1662542672 13226674
1662542673 14198974
1662542674 19385272
1662542675 16636916
1662542676 14865950
1662542677 17764352
1662542678 15059306
1662542679 17581832
1662542680 15911066
1662542681 17218050
1662542682 16756088
1662542683 13928218
1662542684 10917934
1662542685 11320720
1662542686 12144028
1662542687 10756574
1662542688 11248382
1662542689 17010732
1662542690 15378828
1662542691 17581456
1662542692 15657296
1662542693 16118654
1662542694 16909702
1662542695 17725278
1662542696 17331226
1662542697 12707188
1662542698 10065270
1662542699 11193320
1662542700 10459188
1662542701 11387250
1662542702 15962946
1662542703 12786412
1662542704 16195494
1662542705 16887390
1662542706 16448162
1662542707 17521412
1662542708 11716978
1662542709 17455400
1662542710 17567950
1662542711 14844308
1662542712 11440214
1662542713 9499634
1662542714 10755404
1662542715 13903292
1662542716 17676874
1662542717 15967338
1662542718 16251276
1662542719 17176824
1662542720 19769824
1662542721 19803588
1662542722 19858870
1662542723 15621870
1662542724 16832938
1662542725 17472206
1662542726 17590576
1662542727 16204228
1662542728 13603464
1662542729 15500970
1662542730 11844742
1662542731 11444890
1662542732 11837826
1662542733 8612526
1662542734 12988536
1662542735 16673872
1662542736 15763250
1662542737 17098972
1662542738 16207064
1662542739 16154140
1662542740 17323880
1662542741 15848160
1662542742 17566272
1662542743 10556448
1662542744 9617332
1662542745 11390158
1662542746 12231854
1662542747 19267534
1662542748 15205152
1662542749 15745816
1662542750 17178178
1662542751 15986798
1662542752 17159708
1662542753 15835304
1662542754 15901144
1662542755 17472416
1662542756 17454734
1662542757 14259994
1662542758 9553932
1662542759 10085694
1662542760 9347240
1662542761 10872360
1662542762 16295378
1662542763 15702000
1662542764 16391908
1662542765 17846490
1662542766 15434216
1662542767 17896870
1662542768 17068372
1662542769 17814576
1662542770 17699538
1662542771 17709826
1662542772 17234022
1662542773 9635648
1662542774 11231254
1662542775 10389544
1662542776 9977110
1662542777 15594704
1662542778 14965518
1662542779 17405410
1662542780 16700976
1662542781 16845050
1662542782 16529162
1662542783 13000590
1662542784 17253358
1662542785 17733314
1662542786 17679794
1662542787 14264198
1662542788 10800098
1662542789 11009718
1662542790 9982948
1662542791 9881868
1662542792 14143880
1662542793 15097398
1662542794 18352276
1662542795 17292934
1662542796 15102366
1662542797 15798222
1662542798 16801828
1662542799 15767456
1662542800 17861402
1662542801 16621088
1662542802 12523360
1662542803 10300636
1662542804 10171014
1662542805 10939708
1662542806 10691986
1662542807 16180812
1662542808 13339992
1662542809 16949108
1662542810 15609164
1662542811 17294202
1662542812 17033200
1662542813 14693618
1662542814 19530728
1662542815 19954980
1662542816 20027294
1662542817 17806130
1662542818 16353352
1662542819 16806016
1662542820 15656526
1662542821 16220690
1662542822 11904322
1662542823 9458488
1662542824 10988152
1662542825 10697834
1662542826 12287652
1662542827 16945176
1662542828 13952046
1662542829 16780154
1662542830 17192666
1662542831 15612688
1662542832 17375958
1662542833 15248056
1662542834 16822132
1662542835 17103126
1662542836 15986830
1662542837 9907406
1662542838 9257160
1662542839 10589480
1662542840 10391888
1662542841 11688260
1662542842 17683228
1662542843 14976054
1662542844 17175490
1662542845 17114206
1662542846 17187828
1662542847 16652116
1662542848 16663586
1662542849 15809442
1662542850 19605590
1662542851 15524870
1662542852 14972880
1662542853 10264166
1662542854 9965574
1662542855 10000766
1662542856 9667340
1662542857 14086988
1662542858 15185152
1662542859 16381028
1662542860 17601100
1662542861 15847562
1662542862 17600666
1662542863 15566216
1662542864 18627578
1662542865 20038406
1662542866 20017358
1662542867 20060532
1662542868 16552228
1662542869 16289574
1662542870 16880290
1662542871 16388374
1662542872 11153700
1662542873 9028246
1662542874 11066306
1662542875 10986976
1662542876 11040360
1662542877 17098034
1662542878 15104674
1662542879 18489328
1662542880 17362274
1662542881 16334304
1662542882 15250570
1662542883 16802768
1662542884 14008614
1662542885 15985968
1662542886 16370778
1662542887 17558512
1662542888 9973464
1662542889 10453222
1662542890 11316970
1662542891 10058598
1662542892 11335172
1662542893 11639804
1662542894 15770344
1662542895 17055136
1662542896 16165452
1662542897 16666072
1662542898 16698266
1662542899 16716912
1662542900 16362896
1662542901 17438324
1662542902 15014202
1662542903 8811768
1662542904 10223322
1662542905 10228248
1662542906 11088908
1662542907 12139412
1662542908 16046068
1662542909 15550066
1662542910 16187508
1662542911 19249950
1662542912 17464458
1662542913 14335588
1662542914 17726260
1662542915 15798060
1662542916 17696426
1662542917 16426990
1662542918 10533428
1662542919 11026444
1662542920 11378718
1662542921 11093404
1662542922 12051452
1662542923 15894296
1662542924 19702180
1662542925 17282530
1662542926 15825386
1662542927 17275460
1662542928 15016122
1662542929 17140262
1662542930 16492218
1662542931 16635600
1662542932 16281722
1662542933 15737990
1662542934 16158932
1662542935 17613512
1662542936 12113338
1662542937 11403022
1662542938 9634848
1662542939 10549590
1662542940 10046016
1662542941 15612282
1662542942 15862402
1662542943 13756664
1662542944 15341858
1662542945 15726368
1662542946 16942136
1662542947 17290616
1662542948 16660892
1662542949 15571836
1662542950 17353354
1662542951 15387346
1662542952 11141204
1662542953 10817798
1662542954 10647150
1662542955 10415494
1662542956 9785740
1662542957 13114366
1662542958 14575740
1662542959 15990652
1662542960 17022822
1662542961 16850780
1662542962 16684984
1662542963 15667114
1662542964 15786582
1662542965 17337376
1662542966 15703356
1662542967 10897952
1662542968 9701886
1662542969 10459418
1662542970 10824368
1662542971 11659678
1662542972 15747178
1662542973 14113464
1662542974 19325056
1662542975 16535220
1662542976 14313008
1662542977 19667438
1662542978 16913768
1662542979 20162430
1662542980 19866444
1662542981 17255772
1662542982 15426782
1662542983 16654416
1662542984 15845474
1662542985 14418372
1662542986 10469540
1662542987 10570484
1662542988 10350888
1662542989 11423736
1662542990 11805642
1662542991 14237304
1662542992 16573934
1662542993 16047172
1662542994 17693352
1662542995 16787676
1662542996 15961218
1662542997 16076072
1662542998 13796568
1662542999 16790912
1662543000 18470714
1662543001 16128192
1662543002 14897964
1662543003 9263816
1662543004 10861140
1662543005 10315342
1662543006 10791662
1662543007 10677224
1662543008 11144344
1662543009 17440712
1662543010 15836192
1662543011 15894436
1662543012 16810520
1662543013 14286822
1662543014 17412866
1662543015 15671652
1662543016 17115378
1662543017 16448400
1662543018 13587892
1662543019 10617718
1662543020 10385538
1662543021 9886626
1662543022 10364070
1662543023 10365720
1662543024 14617132
1662543025 16248386
1662543026 16118602
1662543027 16978562
1662543028 15580548
1662543029 16197330
1662543030 17194980
1662543031 16494856
1662543032 17707768
1662543033 17223370
1662543034 19750026
1662543035 19576124
1662543036 17755530
1662543037 16206190
1662543038 14098788
1662543039 12497216
1662543040 11023876
1662543041 8980142
1662543042 10816870
1662543043 10528252
1662543044 10824024
1662543045 15484212
1662543046 16524320
1662543047 17728884
1662543048 16253714
1662543049 17419204
1662543050 15505714
1662543051 16975804
1662543052 16900572
1662543053 13544590
1662543054 17097378
1662543055 16829780
1662543056 17375324
1662543057 12582838
1662543058 9510068
1662543059 10532204
1662543060 11269272
1662543061 10183588
1662543062 10372578
1662543063 13397420
1662543064 14465284
1662543065 16126820
1662543066 16448096
1662543067 16661228
1662543068 15038916
1662543069 16153760
1662543070 17615264
1662543071 15494338
1662543072 17282578
1662543073 12500014
1662543074 10831304
1662543075 10899130
1662543076 10489014
1662543077 10322134
1662543078 10520414
1662543079 11612522
1662543080 17419770
1662543081 17208792
1662543082 15972728
1662543083 15740920
1662543084 16202442
1662543085 16515384
1662543086 19380478
1662543087 16372166
1662543088 15714568
1662543089 19775840
1662543090 19748650
1662543091 19657794
1662543092 17481384
1662543093 15146974
1662543094 17147354
1662543095 17208722
1662543096 10175114
1662543097 10976706
1662543098 10105290
1662543099 10775508
1662543100 10936956
1662543101 10121720
1662543102 16097910
1662543103 15275078
1662543104 16509542
1662543105 17854740
1662543106 16553528
1662543107 16387906
1662543108 15993498
1662543109 15783572
1662543110 17177634
1662543111 15990442
1662543112 16519372
1662543113 15892630
1662543114 14511326
1662543115 9910254
1662543116 10618958
1662543117 9968440
1662543118 8681110
1662543119 10911680
1662543120 16771862
1662543121 16146800
1662543122 17091418
1662543123 14528520
1662543124 15995762
1662543125 16152840
1662543126 17317804
1662543127 15704366
1662543128 13076942
1662543129 15563386
1662543130 16688036
1662543131 10367654
1662543132 11222068
1662543133 8958182
1662543134 9749486
1662543135 10643218
1662543136 11209388
1662543137 14884702
1662543138 15384236
1662543139 17076398
1662543140 14648410
1662543141 15799946
1662543142 16053462
1662543143 15529088
1662543144 16847220
1662543145 15796566
1662543146 16635614
1662543147 19139614
1662543148 19723040
1662543149 19469314
1662543150 17182872
1662543151 17947744
1662543152 12981504
1662543153 10378218
1662543154 11043350
1662543155 9432326
1662543156 10475630
1662543157 10758676
1662543158 10980148
1662543159 16944844
1662543160 17448148
1662543161 17722372
1662543162 16560528
1662543163 17287564
1662543164 16127136
1662543165 14008282
1662543166 16741512
1662543167 15495806
1662543168 17309664
1662543169 15541014
1662543170 14455048
1662543171 11268642
1662543172 10594450
1662543173 10576950
1662543174 10470536
1662543175 9274296
1662543176 11582668
1662543177 16469786
1662543178 17887492
1662543179 16473270
1662543180 13511752
1662543181 17528462
1662543182 15401894
1662543183 17686692
1662543184 15293148
1662543185 13660896
1662543186 16674052
1662543187 12107330
1662543188 10483368
1662543189 10030060
1662543190 9564092
1662543191 9803890
1662543192 10475526
1662543193 13432422
1662543194 15966336
1662543195 15721306
1662543196 16806998
1662543197 17005980
1662543198 16186610
1662543199 17027508
1662543200 13163254
1662543201 17716618
1662543202 19484930
1662543203 19850720
1662543204 19648562
1662543205 15615794
1662543206 408298
1662543207 1222


# events submitted
1662542003 1112828
1662542004 2454586
1662542005 1492236
1662542006 12065038
1662542007 16555758
1662542008 20480896
1662542009 17860938
1662542010 15899688
1662542011 17116138
1662542012 18058228
1662542013 15772962
1662542014 17494410
1662542015 16411728
1662542016 17135816
1662542017 17976098
1662542018 15180606
1662542019 16371290
1662542020 17623922
1662542021 15538020
1662542022 16414526
1662542023 15954334
1662542024 17128904
1662542025 16583274
1662542026 16627142
1662542027 16229836
1662542028 17232990
1662542029 14961258
1662542030 16269714
1662542031 17905128
1662542032 14742948
1662542033 17103970
1662542034 16646608
1662542035 19501578
1662542036 14946918
1662542037 16083254
1662542038 15870758
1662542039 15489550
1662542040 16667334
1662542041 16559296
1662542042 16084280
1662542043 14175326
1662542044 16836668
1662542045 17677396
1662542046 14129732
1662542047 17531222
1662542048 16086818
1662542049 14279684
1662542050 17222858
1662542051 16873282
1662542052 17203258
1662542053 13506382
1662542054 15542448
1662542055 15719904
1662542056 17779492
1662542057 14465334
1662542058 15591420
1662542059 12523358
1662542060 14459104
1662542061 10495240
1662542062 9220960
1662542063 9789164
1662542064 8572454
1662542065 8165960
1662542066 7999602
1662542067 5395280
1662542068 3369298
1662542069 4843006
1662542070 5014508
1662542071 4234296
1662542072 3438588
1662542073 5135478
1662542074 4306636
1662542075 3431714
1662542076 1930212
1662542077 4349126
1662542078 4923906
1662542079 3750078
1662542080 2953252
1662542081 2966532
1662542082 4596184
1662542083 4788146
1662542084 4693802
1662542085 4597754
1662542086 4286558
1662542087 4108562
1662542088 4744522
1662542089 2461952
1662542090 3625158
1662542091 4787858
1662542092 4950312
1662542093 5199708
1662542094 4241476
1662542095 2947648
1662542096 5193790
1662542097 4406334
1662542098 2912614
1662542099 1904056
1662542100 2782862
1662542101 2584352
1662542102 2214930
1662542103 1703470
1662542104 2194302
1662542105 1450902
1662542106 2897142
1662542107 1516496
1662542108 2252934
1662542109 2028740
1662542110 1450122
1662542111 2251998
1662542112 646978
1662542116 1461956
1662542117 1589692
1662542118 2747306
1662542119 1911678
1662542120 2436974
1662542121 419968
1662542122 1654692
1662542123 2440402
1662542124 1287826
1662542125 1547084
1662542126 2911876
1662542127 2354598
1662542128 1667028
1662542129 1449052
1662542130 1450342
1662542131 2900736
1662542132 1281224
1662542133 2926996
1662542134 1589806
1662542135 1448964
1662542136 2334208
1662542137 2468324
1662542138 2445564
1662542139 1449776
1662542140 2118764
1662542141 1697530
1662542142 963826
1662542143 2478866
1662542144 2695082
1662542145 1643754
1662542146 2708256
1662542147 1640222
1662542148 1494198
1662542149 2198342
1662542150 2161924
1662542151 2421166
1662542152 1872454
1662542153 1450700
1662542154 1294300
1662542155 1976110
1662542156 1449698
1662542157 1864658
1662542158 2056484
1662542159 2568764
1662542160 2341182
1662542161 558716
1662542162 1624032
1662542163 3717788
1662542164 807982
1662542165 2545582
1662542169 616812
1662542170 2282906
1662542171 2242312
1662542172 2105798
1662542173 1449142
1662542174 2760542
1662542175 1005752
1662542176 2264390
1662542177 2668228
1662542178 2106720
1662542179 792658
1662542180 1449470
1662542181 2023094
1662542182 2151216
1662542183 1781694
1662542184 2098376
1662542185 644034
1662542186 1622916
1662542187 2339376
1662542188 1837262
1662542189 2950708
1662542190 2257980
1662542191 1721174
1662542192 452906
1662542193 160676
1662542194 4860590
1662542195 3217924
1662542196 2040806
1662542197 1618712
1662542198 2147628
1662542199 1682630
1662542200 2137758
1662542201 1975218
1662542202 1448808
1662542203 2898680
1662542204 1688142
1662542205 2660942
1662542206 1450028
1662542207 2899872
1662542208 1449774
1662542209 1841004
1662542210 1088488
1662542211 2906694
1662542212 1546020
1662542213 2181142
1662542214 2034324
1662542215 1450098
1662542216 1449478
1662542217 2750830
1662542218 1598134
1662542219 740150
1662542220 2459950
1662542221 1195994
1662542225 836522
1662542226 3512992
1662542227 12494
1662542228 1926888
1662542229 1745384
1662542230 4039694
1662542231 1541630
1662542232 1328050
1662542234 2671100
1662542235 4137400
1662542236 619468
1662542237 2434876
1662542238 2009870
1662542239 2189674
1662542240 1873366
1662542241 2475860
1662542242 1449318
1662542243 830358
1662542244 146134
1662542245 3790426
1662542246 1917828
1662542247 2020234
1662542248 1711900
1662542249 3142424
1662542250 949428
1662542251 3147520
1662542252 1268928
1662542253 1485404
1662542254 1414864
1662542255 2770000
1662542256 2013440
1662542257 3621272
1662542258 1748750
1662542259 2410216
1662542260 1780068
1662542261 2040698
1662542262 2225958
1662542263 1691232
1662542264 1739792
1662542265 1972608
1662542266 2087378
1662542267 1863954
1662542268 2488908
1662542269 2171556
1662542270 2178494
1662542271 1738560
1662542272 1274862
1662542273 2788744
1662542274 1449602
1662542275 1453114
1662542276 1450214
1662542277 1566176
1662542279 2740942
1662542280 4641678
1662542281 2655492
1662542282 1452804
1662542283 1067996
1662542284 3283060
1662542285 1451048
1662542286 2285584
1662542287 2062740
1662542288 731884
1662542289 1605450
1662542290 2024038
1662542291 2892554
1662542292 1507226
1662542293 1605592
1662542294 2685538
1662542295 1744934
1662542296 2603062
1662542297 1567748
1662542298 2782810
1662542299 1451118
1662542300 1593384
1662542301 1480666
1662542302 982188
1662542303 3745684
1662542304 2136312
1662542305 291356
1662542306 2372834
1662542307 3426952
1662542308 102
1662542309 2326700
1662542310 2366290
1662542311 3054342
1662542312 1460526
1662542313 1203218
1662542314 1508734
1662542315 3088282
1662542316 2029518
1662542317 2443740
1662542318 2775606
1662542319 1450230
1662542320 1582770
1662542321 2768360
1662542322 1450682
1662542323 2107308
1662542324 2241526
1662542325 1453812
1662542326 1950706
1662542327 2397776
1662542332 1450034
1662542333 1957738
1662542334 952662
1662542335 2575738
1662542336 1774764
1662542337 1449364
1662542338 3006700
1662542339 2772444
1662542340 22424
1662542341 2457262
1662542342 1894250
1662542343 1428944
1662542344 2319980
1662542345 677886
1662542346 1896428
1662542347 3644310
1662542348 1662812
1662542349 2868968
1662542350 1449786
1662542351 1585754
1662542352 2766556
1662542353 2166276
1662542354 2182484
1662542355 1462916
1662542356 2703052
1662542357 1632644
1662542358 1831666
1662542359 262012
1662542361 621796
1662542362 2814712
1662542363 4524682
1662542364 2677400
1662542365 2474894
1662542366 1728364
1662542367 1927686
1662542368 1489178
1662542369 1506806
1662542370 2630646
1662542371 3133258
1662542372 1404084
1662542373 2163910
1662542374 854168
1662542375 561354
1662542376 4445602
1662542377 2272966
1662542378 1781324
1662542379 2467430
1662542380 1450212
1662542381 2120858
1662542382 2228160
1662542383 1638070
1662542384 1263396
1662542388 1449754
1662542389 1638378
1662542390 2160414
1662542391 1381284
1662542392 2069822
1662542393 1634518
1662542394 2715340
1662542395 463078
1662542396 2994494
1662542397 1450604
1662542398 2901512
1662542399 921214
1662542400 1978050
1662542401 918
1662542402 1748902
1662542403 2633308
1662542404 2277804
1662542405 2070294
1662542406 1622806
1662542407 2150042
1662542408 1568656
1662542409 3357960
1662542410 1912002
1662542411 2141032
1662542412 1745674
1662542413 2536166
1662542414 1815212
1662542415 2025910
1662542416 2324398
1662542417 1450388
1662542418 2510362
1662542419 1198072
1662542420 2115778
1662542421 1569856
1662542422 445212
1662542423 3084196
1662542424 3578386
1662542425 810
1662542426 2973630
1662542427 1868170
1662542428 2899746
1662542429 1920272
1662542430 979636
1662542431 1395846
1662542432 785916
1662542433 2167080
1662542434 2984172
1662542435 1953442
1662542436 2193848
1662542437 2198142
1662542438 2270368
1662542439 2261628
1662542440 637970
1662542444 1450530
1662542445 2004916
1662542446 2088598
1662542447 2233062
1662542448 1682262
1662542449 2144810
1662542450 1747048
1662542451 2598886
1662542452 1450358
1662542453 1473564
1662542454 1522254
1662542455 214936
1662542456 2612466
1662542457 1451206
1662542458 1886378
1662542459 3595494
1662542460 321100
1662542461 1459342
1662542462 3854356
1662542463 1995872
1662542464 647998
1662542465 2476434
1662542466 3526112
1662542467 1231198
1662542468 965888
1662542469 3340116
1662542470 2497880
1662542471 2540356
1662542472 1626780
1662542473 1775930
1662542474 2322580
1662542475 1713900
1662542476 1585848
1662542477 2751622
1662542478 2035448
1662542479 2315370
1662542480 1451168
1662542481 624692
1662542482 2392718
1662542483 523020
1662542484 3701650
1662542485 2909460
1662542486 304678
1662542487 2716698
1662542488 2027286
1662542489 2210628
1662542490 1227632
1662542491 1450360
1662542492 2452226
1662542493 1895194
1662542494 57700
1662542495 3176402
1662542496 1674120
1662542497 894816
1662542501 2327900
1662542502 2022784
1662542503 1777762
1662542504 1376262
1662542505 1469478
1662542506 2627906
1662542507 1549022
1662542508 2802834
1662542509 1449636
1662542510 2032298
1662542511 1217676
1662542512 1410476
1662542513 1455068
1662542514 2673514
1662542515 1371198
1662542516 1562058
1662542517 3781950
1662542518 455958
1662542519 2132504
1662542520 2272342
1662542521 1450272
1662542522 2515366
1662542523 1835478
1662542524 1572582
1662542525 2669086
1662542526 1037474
1662542527 3417226
1662542528 1594714
1662542529 2755578
1662542530 1451750
1662542531 1952172
1662542532 2395404
1662542533 1450184
1662542534 2904404
1662542535 1450008
1662542536 1901472
1662542537 2250370
1662542538 1704616
1662542539 1655920
1662542540 2231262
1662542541 2039302
1662542542 2715936
1662542543 1450136
1662542544 409164
1662542545 2263402
1662542546 1681448
1662542547 2900724
1662542548 1783474
1662542549 1117798
1662542550 2370278
1662542551 3322032
1662542552 1557578
1662542556 20914
1662542557 1183620
1662542558 2671786
1662542559 2295088
1662542560 1839284
1662542561 2586604
1662542562 2454902
1662542563 1628718
1662542564 1905384
1662542565 2266088
1662542566 1449404
1662542567 1450312
1662542568 1467222
1662542569 1432428
1662542570 2900920
1662542571 1563398
1662542572 395938
1662542573 3117350
1662542574 2150246
1662542575 1505718
1662542576 2448110
1662542577 1389766
1662542578 3145978
1662542579 497386
1662542580 2310426
1662542581 1816184
1662542582 2900634
1662542583 1908742
1662542584 2517098
1662542585 1371386
1662542586 1469358
1662542588 1523106
1662542589 433880
1662542590 4948014
1662542591 4449692
1662542592 1681814
1662542593 2341740
1662542594 2010446
1662542595 1930982
1662542596 2397234
1662542597 1613300
1662542598 1603496
1662542599 2600338
1662542600 1455622
1662542601 1457708
1662542602 1206924
1662542603 2401016
1662542604 2300590
1662542605 1449144
1662542606 2080016
1662542607 3608360
1662542608 112346
1662542612 9462
1662542613 2658900
1662542614 1681572
1662542615 1922076
1662542616 1538366
1662542617 3850056
1662542618 1449904
1662542619 2203070
1662542620 2117582
1662542621 1187550
1662542622 535990
1662542623 2198564
1662542624 2555908
1662542625 2841766
1662542626 2308758
1662542627 1813986
1662542628 2219658
1662542629 1789900
1662542630 1968434
1662542631 2356510
1662542632 2713846
1662542633 1635952
1662542634 1515134
1662542635 1317658
1662542636 1769278
1662542637 2278542
1662542638 2615074
1662542639 2711870
1662542640 1035134
1662542641 2755476
1662542642 1451096
1662542643 1450624
1662542644 3024854
1662542645 2746072
1662542646 1482712
1662542647 2004008
1662542648 2345168
1662542649 767196
1662542650 892366
1662542651 2877618
1662542652 2733986
1662542653 2521472
1662542654 1808576
1662542655 1450244
1662542656 2898800
1662542657 1449872
1662542658 2588124
1662542659 1762802
1662542660 1657252
1662542661 2406690
1662542662 1736402
1662542666 33338
1662542667 2449744
1662542668 1666576
1662542669 358816
1662542670 2078784
1662542671 325466
1662542672 3462796
1662542673 3660150
1662542674 485238
1662542675 1701840
1662542676 3502060
1662542677 1150514
1662542678 2340872
1662542679 1450432
1662542680 1710066
1662542681 2638958
1662542682 1686328
1662542683 1727070
1662542684 2103336
1662542685 1579512
1662542686 1842192
1662542687 1423412
1662542688 2359964
1662542689 3222650
1662542690 2899410
1662542691 1449260
1662542692 2134636
1662542693 2214170
1662542694 1460530
1662542695 1449660
1662542696 1450006
1662542697 1875468
1662542698 1065184
1662542699 736816
1662542700 1831856
1662542701 2765314
1662542702 4042864
1662542703 2430286
1662542704 2824144
1662542705 1450102
1662542706 1690058
1662542707 2661044
1662542708 2485552
1662542709 1866270
1662542710 1449774
1662542711 1448370
1662542712 459294
1662542713 990398
1662542714 2180486
1662542715 2333830
1662542716 1302834
1662542717 2089086
1662542718 2239814
1662542719 1450090
1662542723 323264
1662542724 2577078
1662542725 1450810
1662542726 1450118
1662542727 2068788
1662542728 2281776
1662542729 826656
1662542730 2859794
1662542731 900678
1662542732 473088
1662542733 2385200
1662542734 1710452
1662542735 4752310
1662542736 2744460
1662542737 1943874
1662542738 1680320
1662542739 2668990
1662542740 1568490
1662542741 2781580
1662542742 1449888
1662542743 2171934
1662542744 1951014
1662542745 225864
1662542746 797116
1662542747 684930
1662542748 1520044
1662542749 2663838
1662542750 1612974
1662542751 2059402
1662542752 2260460
1662542753 1607734
1662542754 2742600
1662542755 1431390
1662542756 1473166
1662542757 1450490
1662542758 2430768
1662542759 1039158
1662542760 2487968
1662542761 2572024
1662542762 3073200
1662542763 1728080
1662542764 1736426
1662542765 2335702
1662542766 1452020
1662542767 2898304
1662542768 1449774
1662542769 1449602
1662542770 1449234
1662542771 1449450
1662542772 1112464
1662542773 1138048
1662542774 1859998
1662542775 1195704
1662542776 746804
1662542777 4375310
1662542778 2589608
1662542779 1483444
1662542780 2030060
1662542781 2320918
1662542782 1785722
1662542783 2562616
1662542784 1475460
1662542785 1425876
1662542786 1277136
1662542787 1505378
1662542788 622932
1662542789 1149422
1662542790 1964790
1662542791 4450418
1662542792 2844420
1662542793 2334664
1662542794 1300948
1662542795 1451136
1662542796 1943636
1662542797 2559680
1662542798 2747424
1662542799 2802816
1662542800 1548824
1662542801 1786204
1662542802 2367962
1662542803 908550
1662542804 3243016
1662542805 1515176
1662542806 1394594
1662542807 1923948
1662542808 2800348
1662542809 1465086
1662542810 2744436
1662542811 1606154
1662542812 1449438
1662542813 1452576
1662542817 935708
1662542818 513950
1662542819 1623462
1662542820 3039456
1662542821 1279318
1662542822 1582922
1662542823 2156140
1662542824 1297438
1662542825 368670
1662542826 2924652
1662542827 2582268
1662542828 3340204
1662542829 2394068
1662542830 1449200
1662542831 2544454
1662542832 1801740
1662542833 2098770
1662542834 2236294
1662542835 1477372
1662542836 2093880
1662542837 1647432
1662542838 1199346
1662542839 2819010
1662542840 980556
1662542841 3771526
1662542842 1973632
1662542843 1571782
1662542844 2346602
1662542845 1887078
1662542846 1418482
1662542847 2666862
1662542848 1539840
1662542849 2808644
1662542850 246
1662542851 2318018
1662542852 2147036
1662542853 1605034
1662542854 988088
1662542855 793504
1662542856 3518560
1662542857 3395292
1662542858 1399032
1662542859 2711912
1662542860 1447904
1662542861 1849660
1662542862 2501840
1662542863 1460860
1662542864 1440374
1662542868 1451940
1662542869 1802682
1662542870 2546226
1662542871 2003146
1662542872 1918058
1662542873 1876496
1662542874 1262
1662542875 2346440
1662542876 2943988
1662542877 1508624
1662542878 2229514
1662542879 1121030
1662542880 1276768
1662542881 2364338
1662542882 2946154
1662542883 718470
1662542884 2346008
1662542885 2815590
1662542886 2401382
1662542887 1347484
1662542888 2588382
1662542889 1569540
1662542890 882176
1662542891 2127540
1662542892 2092818
1662542893 3129064
1662542894 2673960
1662542895 2010896
1662542896 1566442
1662542897 2432684
1662542898 1917212
1662542899 1677082
1662542900 2671740
1662542901 1450008
1662542902 2275712
1662542903 1606048
1662542904 2000542
1662542905 1079842
1662542906 1496880
1662542907 2606428
1662542908 2037670
1662542909 2897734
1662542910 1727666
1662542911 1172960
1662542912 1320738
1662542913 3111126
1662542914 1283952
1662542915 1956842
1662542916 2560556
1662542917 1587692
1662542918 1991816
1662542919 1834224
1662542920 1788742
1662542921 1495650
1662542925 1450968
1662542926 2521998
1662542927 1825682
1662542928 2016062
1662542929 1781816
1662542930 2002060
1662542931 1888526
1662542932 2462690
1662542933 1450110
1662542934 1412826
1662542935 1574006
1662542936 1467166
1662542937 532936
1662542938 2357378
1662542939 1551844
1662542940 2284736
1662542941 1967902
1662542942 2030062
1662542943 2192000
1662542944 2968118
1662542945 2636450
1662542946 1228934
1662542947 1994640
1662542948 1451196
1662542949 2595358
1662542950 1752452
1662542951 1948944
1662542952 1623068
1662542953 1490252
1662542954 2279432
1662542955 1441278
1662542956 511252
1662542957 4549150
1662542958 2972938
1662542959 1331360
1662542960 2155330
1662542961 1875480
1662542962 2474552
1662542963 1556784
1662542964 2793754
1662542965 1451402
1662542966 1109386
1662542967 1584760
1662542968 718300
1662542969 992250
1662542970 2439006
1662542971 2609578
1662542972 3260070
1662542973 1541240
1662542974 1888682
1662542975 1630684
1662542976 3522110
1662542977 650816
1662542981 1451172
1662542982 2524730
1662542983 1826480
1662542984 1638930
1662542985 1846922
1662542986 499560
1662542987 134464
1662542988 4054282
1662542989 3334972
1662542990 1957424
1662542991 1470902
1662542992 1976806
1662542993 1934532
1662542994 626440
1662542995 2274244
1662542996 1668802
1662542997 2911464
1662542998 2183570
1662542999 1803896
1662543000 308392
1662543001 2669486
1662543002 2852014
1662543003 1422202
1662543004 2169478
1662543005 2477582
1662543006 1910788
1662543007 2147196
1662543008 2901798
1662543009 1448434
1662543010 1277546
1662543011 3009832
1662543012 1537316
1662543013 2509882
1662543014 1815440
1662543015 2095514
1662543016 1669274
1662543017 2125494
1662543018 1528746
1662543019 182622
1662543020 2792002
1662543021 2303726
1662543022 1577650
1662543023 3035056
1662543024 1939294
1662543025 2434080
1662543026 1920552
1662543027 2387902
1662543028 369276
1662543029 2534778
1662543030 1360230
1662543031 2426940
1662543032 1450918
1662543036 127900
1662543037 2851166
1662543038 2208628
1662543039 2137228
1662543040 1374542
1662543041 2017796
1662543042 2090430
1662543043 1180286
1662543044 3410346
1662543045 1765898
1662543046 2587326
1662543047 1450860
1662543048 1450156
1662543049 1449868
1662543050 2338116
1662543051 2009596
1662543052 1578290
1662543053 2565908
1662543054 1464964
1662543055 1647982
1662543056 1449960
1662543057 19210
1662543058 1064800
1662543059 1159690
1662543060 1723782
1662543061 2411676
1662543062 2445962
1662543063 3851252
1662543064 3340638
1662543065 3206644
1662543066 2096994
1662543067 2003656
1662543068 1503566
1662543069 2415824
1662543070 1880300
1662543071 2490890
1662543072 1859498
1662543073 1508672
1662543074 2748128
1662543075 1541748
1662543076 2033716
1662543077 2180714
1662543078 552142
1662543079 2147872
1662543080 3238750
1662543081 1449476
1662543082 1905942
1662543083 2444554
1662543084 1893286
1662543085 2318396
1662543086 138066
1662543087 1663520
1662543088 1665314
1662543092 305238
1662543093 3244930
1662543094 2250460
1662543095 25400
1662543096 1292824
1662543097 1950008
1662543098 2859622
1662543099 2393474
1662543100 1269424
1662543101 1823408
1662543102 3303012
1662543103 1090308
1662543104 1450158
1662543105 1449844
1662543106 1806212
1662543107 2542388
1662543108 1463592
1662543109 2620344
1662543110 1713572
1662543111 2070598
1662543112 1886014
1662543113 2024796
1662543114 2439228
1662543115 1350332
1662543116 392256
1662543117 143228
1662543118 2531362
1662543119 4039682
1662543120 1791720
1662543121 1975292
1662543122 1467982
1662543123 2600702
1662543124 2225540
1662543125 2187696
1662543126 1480548
1662543127 2806130
1662543128 1450866
1662543129 2073704
1662543130 2277624
1662543131 547552
1662543132 3294234
1662543133 1136640
1662543134 2391680
1662543135 2354758
1662543136 173682
1662543137 2643180
1662543138 3409834
1662543139 1449810
1662543140 2459076
1662543141 1891392
1662543142 1448834
1662543143 2293568
1662543144 2059430
1662543145 1840284
1662543146 1644860
1662543147 862854
1662543151 568
1662543152 2709900
1662543153 1699492
1662543154 1047908
1662543155 2085910
1662543156 2292786
1662543157 1739682
1662543158 2472846
1662543159 3403280
1662543160 479168
1662543161 1266636
1662543162 2144378
1662543163 1977086
1662543164 1895958
1662543165 2322358
1662543166 1584436
1662543167 2378746
1662543168 1886566
1662543169 2060132
1662543170 1533086
1662543171 539620
1662543172 400128
1662543173 761932
1662543175 784284
1662543176 2162228
1662543177 4331552
1662543178 4562884
1662543179 3032672
1662543180 3238154
1662543181 480124
1662543182 2393940
1662543183 1654116
1662543184 2720554
1662543185 2901796
1662543186 1450204
1662543187 1603046
1662543188 2155388
1662543189 1169480
1662543190 118406
1662543191 1592068
1662543192 1638372
1662543193 2905338
1662543194 3377838
1662543195 3830004
1662543196 2034456
1662543197 1669674
1662543198 2523650
1662543199 1478868
1662543200 2016120
1662543201 884516
1662543205 1449956
1662543207 62


# events lost
1662542058 1797958
1662542059 4697848
1662542060 2865194
1662542061 4981742
1662542062 8474652
1662542063 8464260
1662542064 9697154
1662542065 9321844
1662542066 8200456
1662542067 8188308
1662542068 13896380
1662542069 14290856
1662542070 14102190
1662542071 10850670
1662542072 11762770
1662542073 14563984
1662542074 11929370
1662542075 13188466
1662542076 12978774
1662542077 11172140
1662542078 13213468
1662542079 13556030
1662542080 13522888
1662542081 10883800
1662542082 12409964
1662542083 12691520
1662542084 12820490
1662542085 7946470
1662542086 13418480
1662542087 14265918
1662542088 12608634
1662542089 12979732
1662542090 10798098
1662542091 12013308
1662542092 12766494
1662542093 13000662
1662542094 11544080
1662542095 9941290
1662542096 13813278
1662542097 12511404
1662542098 14534950
1662542099 13539296
1662542100 13504360
1662542101 14010476
1662542102 14401358
1662542103 16945474
1662542104 13926416
1662542105 12090262
1662542106 11929738
1662542107 16309498
1662542108 15122602
1662542109 14816622
1662542110 16485838
1662542111 9445326
1662542112 17961664
1662542113 20712074
1662542114 18832712
1662542115 20452830
1662542116 16424564
1662542117 15569086
1662542118 15519364
1662542119 14153324
1662542120 15225294
1662542121 14192764
1662542122 11506910
1662542123 17999850
1662542124 15591954
1662542125 15441200
1662542126 14669032
1662542127 15085450
1662542128 12711976
1662542129 12139564
1662542130 17200302
1662542131 13288684
1662542132 17040644
1662542133 14103366
1662542134 16022120
1662542135 11436046
1662542136 12176122
1662542137 14756580
1662542138 14918316
1662542139 15266106
1662542140 14956406
1662542141 15640052
1662542142 9977592
1662542143 15194608
1662542144 12467374
1662542145 16395582
1662542146 13657540
1662542147 16837558
1662542148 14568538
1662542149 8927958
1662542150 14384012
1662542151 13994082
1662542152 16201006
1662542153 16761998
1662542154 16621132
1662542155 15986704
1662542156 16892068
1662542157 9098700
1662542158 12662850
1662542159 12341384
1662542160 14314778
1662542161 19520844
1662542162 15538094
1662542163 11644116
1662542164 12932886
1662542165 10552236
1662542166 20768570
1662542167 20407666
1662542168 20461952
1662542169 17669774
1662542170 16024384
1662542171 14724268
1662542172 15413734
1662542173 16381892
1662542174 13697608
1662542175 17204428
1662542176 9997030
1662542177 10468244
1662542178 15024872
1662542179 17213598
1662542180 17330398
1662542181 15402910
1662542182 15519230
1662542183 15767462
1662542184 14159406
1662542185 10880064
1662542186 15705930
1662542187 13546570
1662542188 17143080
1662542189 12592598
1662542190 14817504
1662542191 16639192
1662542192 11955198
1662542193 12368354
1662542194 10779102
1662542195 14989962
1662542196 15062618
1662542197 16558716
1662542198 15399846
1662542199 15256410
1662542200 13286380
1662542201 8866348
1662542202 12329880
1662542203 14418514
1662542204 14942740
1662542205 13925862
1662542206 16512638
1662542207 13639244
1662542208 16687758
1662542209 13017446
1662542210 9780316
1662542211 11802674
1662542212 16606200
1662542213 15010374
1662542214 13557948
1662542215 16752162
1662542216 16556698
1662542217 13180642
1662542218 17032832
1662542219 15834004
1662542220 8416198
1662542221 13936794
1662542222 20557926
1662542223 20523618
1662542224 18076968
1662542225 16864824
1662542226 12587546
1662542227 19869430
1662542228 14661760
1662542229 13712124
1662542230 12678256
1662542231 16817370
1662542232 15372166
1662542233 11110476
1662542234 8643108
1662542235 14683118
1662542236 17611614
1662542237 15528734
1662542238 15353626
1662542239 13811400
1662542240 15199488
1662542241 14871936
1662542242 16359714
1662542243 12635124
1662542244 11110682
1662542245 11746782
1662542246 14697272
1662542247 16627466
1662542248 15964098
1662542249 11786336
1662542250 17993676
1662542251 12667978
1662542252 17376196
1662542253 16275574
1662542254 14436344
1662542255 8299272
1662542256 8430364
1662542257 10951962
1662542258 16392654
1662542259 12959328
1662542260 16381324
1662542261 15111694
1662542262 15225258
1662542263 14808874
1662542264 15558038
1662542265 11892664
1662542266 8623128
1662542267 9774548
1662542268 13176978
1662542269 14284400
1662542270 15323434
1662542271 15323528
1662542272 16151704
1662542273 12079708
1662542274 16288000
1662542275 16508102
1662542276 16655156
1662542277 10913330
1662542278 10148742
1662542279 10226582
1662542280 12419460
1662542281 14249546
1662542282 16315018
1662542283 13844986
1662542284 13779262
1662542285 16612840
1662542286 13812834
1662542287 15631802
1662542288 11677272
1662542289 9679036
1662542290 9566580
1662542291 12291090
1662542292 16022660
1662542293 14020850
1662542294 14501632
1662542295 15741482
1662542296 14205642
1662542297 15975086
1662542298 12983182
1662542299 16526306
1662542300 15224836
1662542301 12846018
1662542302 9773122
1662542303 5882444
1662542304 14274556
1662542305 18639754
1662542306 13398976
1662542307 12995148
1662542308 16955688
1662542309 13097008
1662542310 15263632
1662542311 13050906
1662542312 16084974
1662542313 13931318
1662542314 13848794
1662542315 7544160
1662542316 8824322
1662542317 9589738
1662542318 12954356
1662542319 16136484
1662542320 15371782
1662542321 13985340
1662542322 16174630
1662542323 12832888
1662542324 15076208
1662542325 15830862
1662542326 14949570
1662542327 14210264
1662542328 17693300
1662542329 20007976
1662542330 20069880
1662542331 20129842
1662542332 11715908
1662542333 6883618
1662542334 12034824
1662542335 13063288
1662542336 16348606
1662542337 16177164
1662542338 11371586
1662542339 13783314
1662542340 19418722
1662542341 13487712
1662542342 15400572
1662542343 14217178
1662542344 13503164
1662542345 13142410
1662542346 9302622
1662542347 6685034
1662542348 12372424
1662542349 12895796
1662542350 16637948
1662542351 14280254
1662542352 14604030
1662542353 12084196
1662542354 15246540
1662542355 15901894
1662542356 13693054
1662542357 16322652
1662542358 13796482
1662542359 11168660
1662542360 10487390
1662542361 10161180
1662542362 13980474
1662542363 11995022
1662542364 14962612
1662542365 12994134
1662542366 16280076
1662542367 15826876
1662542368 12559010
1662542369 16637412
1662542370 12905144
1662542371 13563684
1662542372 13581532
1662542373 7419468
1662542374 10782712
1662542375 11176590
1662542376 12233124
1662542377 14689676
1662542378 14278264
1662542379 14269782
1662542380 16359902
1662542381 13965920
1662542382 14891814
1662542383 12092708
1662542384 17362878
1662542385 20228424
1662542386 19975974
1662542387 20052754
1662542388 13120580
1662542389 15207506
1662542390 12879290
1662542391 9777136
1662542392 9025818
1662542393 9811878
1662542394 13588670
1662542395 18588890
1662542396 13234880
1662542397 15979196
1662542398 12469778
1662542399 17326178
1662542400 15541110
1662542401 19648408
1662542402 14361310
1662542403 14173604
1662542404 13434306
1662542405 11649138
1662542406 9665884
1662542407 9615656
1662542408 9034648
1662542409 13299428
1662542410 14912130
1662542411 14365550
1662542412 15993426
1662542413 12747036
1662542414 15794920
1662542415 14265250
1662542416 14724286
1662542417 16349296
1662542418 13076502
1662542419 14636960
1662542420 8946434
1662542421 10322286
1662542422 10643474
1662542423 10053750
1662542424 13503016
1662542425 19289736
1662542426 12537802
1662542427 15517364
1662542428 12343348
1662542429 14539318
1662542430 17765490
1662542431 16118614
1662542432 16047662
1662542433 14640634
1662542434 12281110
1662542435 9399790
1662542436 8134006
1662542437 8259970
1662542438 11801022
1662542439 13851438
1662542440 18771910
1662542441 20083978
1662542442 20092648
1662542443 18436852
1662542444 16206654
1662542445 14367048
1662542446 14560114
1662542447 14013696
1662542448 14906902
1662542449 14743956
1662542450 14977078
1662542451 13705784
1662542452 16279824
1662542453 9341468
1662542454 9788294
1662542455 11154560
1662542456 13556868
1662542457 16239882
1662542458 13469462
1662542459 12281222
1662542460 19009358
1662542461 15104202
1662542462 11623858
1662542463 12330772
1662542464 17716630
1662542465 13548986
1662542466 11943854
1662542467 9491358
1662542468 8635212
1662542469 6901042
1662542470 13642248
1662542471 13515896
1662542472 15849154
1662542473 14416188
1662542474 14087754
1662542475 15286554
1662542476 15296402
1662542477 13575870
1662542478 13244148
1662542479 14503278
1662542480 11572640
1662542481 10608090
1662542482 9137428
1662542483 10298176
1662542484 12322686
1662542485 14474192
1662542486 16641328
1662542487 15771248
1662542488 13980926
1662542489 14179884
1662542490 16901342
1662542491 16312332
1662542492 10915740
1662542493 15024690
1662542494 19017186
1662542495 11573316
1662542496 13212614
1662542497 11864894
1662542498 10378988
1662542499 18085044
1662542500 20016024
1662542501 13690806
1662542502 15369900
1662542503 12851792
1662542504 16407498
1662542505 16305524
1662542506 13904130
1662542507 15514956
1662542508 12612780
1662542509 16139384
1662542510 13999594
1662542511 10574962
1662542512 9543576
1662542513 8902876
1662542514 10727252
1662542515 18085204
1662542516 15409602
1662542517 10875608
1662542518 16564534
1662542519 14156334
1662542520 15077126
1662542521 16083704
1662542522 13028004
1662542523 15067810
1662542524 12512646
1662542525 7836644
1662542526 8755150
1662542527 7305030
1662542528 14741484
1662542529 13184760
1662542530 16307624
1662542531 14370620
1662542532 14578056
1662542533 12904578
1662542534 12949818
1662542535 16167466
1662542536 14551818
1662542537 14722796
1662542538 11945446
1662542539 9393276
1662542540 8233064
1662542541 8089040
1662542542 10092586
1662542543 13550992
1662542544 18475250
1662542545 13179738
1662542546 16831982
1662542547 12922148
1662542548 12394276
1662542549 17417532
1662542550 12956802
1662542551 12945312
1662542552 16109864
1662542553 17356304
1662542554 20124102
1662542555 20197748
1662542556 19669960
1662542557 13727238
1662542558 6863634
1662542559 8512114
1662542560 8582412
1662542561 12630390
1662542562 14315706
1662542563 12215752
1662542564 15096508
1662542565 14666858
1662542566 15951838
1662542567 16251712
1662542568 12917116
1662542569 15221952
1662542570 14263498
1662542571 15556762
1662542572 10603648
1662542573 7320642
1662542574 7972912
1662542575 13295168
1662542576 13407240
1662542577 14842610
1662542578 12299196
1662542579 18036902
1662542580 12829536
1662542581 16730330
1662542582 12810194
1662542583 12689730
1662542584 14054956
1662542585 16794470
1662542586 12758426
1662542587 10415596
1662542588 7962484
1662542589 9493472
1662542590 10864708
1662542591 11962342
1662542592 16054316
1662542593 10713928
1662542594 14910700
1662542595 14365554
1662542596 14632890
1662542597 15401760
1662542598 13420958
1662542599 14535238
1662542600 15908122
1662542601 9745168
1662542602 8005350
1662542603 7619126
1662542604 11091452
1662542605 15878952
1662542606 13665936
1662542607 11870664
1662542608 16373808
1662542609 19731574
1662542610 19924162
1662542611 19825262
1662542612 19331206
1662542613 11014316
1662542614 16033422
1662542615 14281726
1662542616 15541376
1662542617 11807604
1662542618 15192058
1662542619 12950860
1662542620 8466332
1662542621 9158634
1662542622 10291150
1662542623 10197550
1662542624 14285014
1662542625 13792576
1662542626 14213982
1662542627 15018390
1662542628 10902082
1662542629 15351756
1662542630 13856480
1662542631 15442900
1662542632 12584514
1662542633 15039408
1662542634 11220178
1662542635 9523840
1662542636 8888076
1662542637 9016054
1662542638 9629230
1662542639 12769608
1662542640 17068638
1662542641 12956752
1662542642 16384678
1662542643 13840510
1662542644 11441000
1662542645 13973170
1662542646 15885772
1662542647 14267234
1662542648 11471760
1662542649 11299448
1662542650 9766896
1662542651 8215782
1662542652 7858686
1662542653 9793402
1662542654 15544356
1662542655 15973728
1662542656 12604598
1662542657 15995314
1662542658 10693812
1662542659 15948376
1662542660 15108944
1662542661 13956114
1662542662 15746748
1662542663 16698316
1662542664 19963076
1662542665 19830350
1662542666 19369872
1662542667 13471922
1662542668 11166570
1662542669 10821602
1662542670 9395116
1662542671 9997162
1662542672 9777210
1662542673 10552828
1662542674 18845142
1662542675 14921678
1662542676 11368906
1662542677 16570732
1662542678 12701322
1662542679 16100598
1662542680 14189072
1662542681 14567948
1662542682 15051208
1662542683 12195642
1662542684 8819356
1662542685 9741230
1662542686 10292626
1662542687 9331604
1662542688 8902204
1662542689 13781452
1662542690 12485350
1662542691 16106118
1662542692 13519106
1662542693 13893388
1662542694 15415446
1662542695 16241380
1662542696 15862452
1662542697 10826210
1662542698 8998418
1662542699 10448326
1662542700 8629732
1662542701 8630052
1662542702 11930894
1662542703 10354510
1662542704 13379530
1662542705 15405464
1662542706 14754294
1662542707 14849912
1662542708 9239574
1662542709 15546520
1662542710 16090578
1662542711 13371862
1662542712 10980438
1662542713 8507154
1662542714 8581518
1662542715 11565574
1662542716 16335062
1662542717 13873750
1662542718 14016422
1662542719 15706148
1662542720 19706078
1662542721 19745060
1662542722 19818792
1662542723 15262002
1662542724 14260798
1662542725 16008910
1662542726 16134630
1662542727 14129192
1662542728 11314294
1662542729 14649908
1662542730 8994342
1662542731 10531180
1662542732 11363686
1662542733 6237110
1662542734 11277096
1662542735 11956432
1662542736 13021998
1662542737 15128076
1662542738 14518350
1662542739 13465556
1662542740 15745710
1662542741 13059266
1662542742 16094686
1662542743 8391230
1662542744 7670502
1662542745 11156736
1662542746 11436926
1662542747 18545898
1662542748 13674840
1662542749 13077630
1662542750 15552222
1662542751 13913578
1662542752 14895306
1662542753 14216928
1662542754 13162662
1662542755 16023710
1662542756 15967242
1662542757 12796132
1662542758 7130626
1662542759 9047498
1662542760 6868890
1662542761 8302696
1662542762 13221798
1662542763 13961552
1662542764 14653560
1662542765 15497310
1662542766 13977328
1662542767 14978522
1662542768 15602744
1662542769 16326474
1662542770 16215844
1662542771 16219604
1662542772 16071754
1662542773 8495134
1662542774 9371930
1662542775 9196506
1662542776 9228576
1662542777 11240282
1662542778 12375982
1662542779 15899022
1662542780 14660108
1662542781 14507388
1662542782 14741564
1662542783 10440102
1662542784 15738672
1662542785 16272912
1662542786 16363170
1662542787 12745248
1662542788 10172550
1662542789 9855922
1662542790 8024486
1662542791 5440544
1662542792 11304182
1662542793 12744684
1662542794 16998694
1662542795 15801904
1662542796 13156176
1662542797 13233562
1662542798 14044894
1662542799 12962060
1662542800 16251384
1662542801 14823428
1662542802 10159638
1662542803 9388790
1662542804 6939416
1662542805 9420158
1662542806 9296140
1662542807 14224892
1662542808 10546840
1662542809 15440276
1662542810 12872384
1662542811 15658580
1662542812 15547822
1662542813 13220328
1662542814 19446834
1662542815 19847170
1662542816 19939716
1662542817 16829422
1662542818 15761134
1662542819 15167842
1662542820 12623476
1662542821 14928496
1662542822 10318416
1662542823 7308816
1662542824 9689256
1662542825 10329528
1662542826 9372238
1662542827 14356814
1662542828 10632212
1662542829 14381932
1662542830 15698388
1662542831 13054620
1662542832 15550246
1662542833 13152404
1662542834 14571300
1662542835 15596774
1662542836 13879010
1662542837 8260126
1662542838 8059202
1662542839 7782516
1662542840 9407276
1662542841 7922510
1662542842 15660084
1662542843 13378002
1662542844 14814012
1662542845 15210976
1662542846 15735548
1662542847 13974758
1662542848 15103082
1662542849 13006460
1662542850 19547072
1662542851 13194996
1662542852 12821232
1662542853 8659254
1662542854 8975934
1662542855 9210030
1662542856 6159780
1662542857 10704182
1662542858 13765332
1662542859 13667422
1662542860 16112444
1662542861 13987656
1662542862 15085350
1662542863 14086566
1662542864 17153482
1662542865 19969266
1662542866 19912778
1662542867 19982276
1662542868 15069104
1662542869 14471476
1662542870 14315568
1662542871 14388396
1662542872 9234628
1662542873 7154810
1662542874 11058844
1662542875 8645844
1662542876 8098332
1662542877 15559648
1662542878 12876578
1662542879 17304028
1662542880 16047272
1662542881 13959684
1662542882 12301386
1662542883 16036434
1662542884 11664840
1662542885 13164068
1662542886 13964186
1662542887 16187702
1662542888 7395418
1662542889 8881178
1662542890 10423840
1662542891 7933514
1662542892 9248678
1662542893 8522006
1662542894 13067892
1662542895 15040520
1662542896 14587320
1662542897 14225990
1662542898 14752230
1662542899 15020178
1662542900 13693420
1662542901 15970214
1662542902 12717502
1662542903 7205814
1662542904 8225152
1662542905 9148974
1662542906 9591686
1662542907 9538606
1662542908 13996640
1662542909 12643850
1662542910 14447270
1662542911 18029388
1662542912 16115034
1662542913 11238564
1662542914 16405894
1662542915 13841444
1662542916 15141494
1662542917 14815542
1662542918 8539306
1662542919 9194636
1662542920 9589588
1662542921 9598532
1662542922 12043952
1662542923 15850300
1662542924 19643074
1662542925 15802918
1662542926 13305542
1662542927 15435584
1662542928 13002252
1662542929 15334618
1662542930 14476820
1662542931 14718382
1662542932 13819622
1662542933 14275304
1662542934 14728216
1662542935 16018192
1662542936 10640972
1662542937 10864766
1662542938 7285708
1662542939 9000468
1662542940 7768148
1662542941 13633868
1662542942 13824646
1662542943 11558612
1662542944 12359974
1662542945 13094632
1662542946 15681402
1662542947 15287002
1662542948 15179320
1662542949 12976922
1662542950 15579180
1662542951 13420976
1662542952 9521940
1662542953 9331728
1662542954 8382452
1662542955 8973930
1662542956 9263872
1662542957 8584532
1662542958 11617912
1662542959 14636036
1662542960 14847776
1662542961 14958044
1662542962 14198704
1662542963 14073454
1662542964 12989482
1662542965 15857432
1662542966 14560672
1662542967 9316964
1662542968 8976088
1662542969 9468208
1662542970 8389706
1662542971 9054052
1662542972 12492464
1662542973 12565622
1662542974 17418198
1662542975 14871456
1662542976 10807282
1662542977 18943990
1662542978 16863780
1662542979 20080572
1662542980 19807010
1662542981 15770632
1662542982 12904592
1662542983 14796576
1662542984 14195078
1662542985 12553270
1662542986 9963260
1662542987 10424862
1662542988 6306566
1662542989 8093812
1662542990 9846174
1662542991 12755036
1662542992 14592520
1662542993 14111786
1662542994 17026872
1662542995 14500550
1662542996 14272694
1662542997 13168928
1662542998 11613030
1662542999 14963600
1662543000 18093438
1662543001 13463740
1662543002 12057252
1662543003 7848548
1662543004 8697750
1662543005 7851834
1662543006 8878856
1662543007 8536104
1662543008 8241864
1662543009 15955464
1662543010 14531814
1662543011 12889306
1662543012 15254010
1662543013 11780454
1662543014 15582428
1662543015 13576890
1662543016 15422344
1662543017 14318918
1662543018 12052422
1662543019 10417568
1662543020 7595986
1662543021 7580898
1662543022 8790824
1662543023 7346348
1662543024 12659248
1662543025 13805364
1662543026 14173230
1662543027 14564930
1662543028 15170000
1662543029 13650130
1662543030 15793882
1662543031 14066260
1662543032 16231690
1662543033 17172886
1662543034 19682784
1662543035 19527790
1662543036 17585628
1662543037 13357536
1662543038 11887884
1662543039 10354090
1662543040 9653908
1662543041 6963234
1662543042 8733684
1662543043 9347856
1662543044 7424100
1662543045 13707298
1662543046 13937946
1662543047 16248276
1662543048 14792660
1662543049 15921450
1662543050 13163910
1662543051 14947932
1662543052 15294698
1662543053 10976104
1662543054 15616086
1662543055 15137350
1662543056 15895850
1662543057 12542514
1662543058 8435622
1662543059 9371432
1662543060 9552676
1662543061 7778690
1662543062 7943400
1662543063 9551952
1662543064 11130176
1662543065 12923058
1662543066 14330970
1662543067 14642224
1662543068 13512810
1662543069 13740128
1662543070 15709084
1662543071 13004168
1662543072 15400414
1662543073 10984016
1662543074 8090188
1662543075 9356060
1662543076 8457552
1662543077 8144482
1662543078 9969344
1662543079 9469592
1662543080 14174662
1662543081 15739794
1662543082 14053686
1662543083 13283434
1662543084 14289422
1662543085 14178966
1662543086 19195952
1662543087 14691078
1662543088 14027576
1662543089 19712854
1662543090 19689608
1662543091 19590118
1662543092 17131542
1662543093 11905910
1662543094 14874994
1662543095 17141396
1662543096 8879700
1662543097 9028674
1662543098 7251362
1662543099 8385010
1662543100 9664174
1662543101 8301352
1662543102 12811214
1662543103 14134460
1662543104 15037478
1662543105 16381794
1662543106 14733884
1662543107 13848536
1662543108 14507418
1662543109 13151254
1662543110 15445982
1662543111 13907776
1662543112 14624060
1662543113 13849044
1662543114 12062838
1662543115 8561906
1662543116 10227512
1662543117 9809886
1662543118 6154348
1662543119 6887732
1662543120 14964856
1662543121 14160108
1662543122 15597658
1662543123 11931942
1662543124 13753884
1662543125 13954992
1662543126 15818920
1662543127 12895380
1662543128 11614024
1662543129 13475156
1662543130 14392486
1662543131 9815950
1662543132 7939580
1662543133 7820360
1662543134 7369832
1662543135 8292606
1662543136 11035362
1662543137 12234478
1662543138 11971260
1662543139 15601260
1662543140 12189840
1662543141 13901808
1662543142 14594742
1662543143 13235160
1662543144 14771480
1662543145 13944502
1662543146 14974450
1662543147 18195426
1662543148 19639022
1662543149 19406838
1662543150 17111540
1662543151 17875158
1662543152 10278070
1662543153 8678390
1662543154 9992034
1662543155 7347800
1662543156 8189622
1662543157 9023328
1662543158 8513760
1662543159 13551568
1662543160 16930810
1662543161 16434940
1662543162 14405648
1662543163 15297094
1662543164 14218660
1662543165 11691680
1662543166 15142592
1662543167 13118676
1662543168 15408960
1662543169 13459984
1662543170 12905562
1662543171 10722346
1662543172 10190540
1662543173 9804846
1662543174 10466314
1662543175 8483986
1662543176 9424088
1662543177 12158788
1662543178 13357532
1662543179 13458752
1662543180 10297082
1662543181 17003912
1662543182 12996896
1662543183 15990720
1662543184 12575350
1662543185 10775292
1662543186 15206238
1662543187 10501748
1662543188 8328272
1662543189 8852404
1662543190 9436410
1662543191 8209266
1662543192 8829728
1662543193 10522174
1662543194 12601488
1662543195 11910102
1662543196 14760838
1662543197 15317980
1662543198 13663426
1662543199 15530256
1662543200 11149334
1662543201 16785542
1662543202 19426960
1662543203 19762612
1662543204 19573318
1662543205 14140926
1662543206 404936
1662543207 1222
