# events called


# events submitted


# events lost
# events called
1662492334 1984660
1662492335 1711724
1662492336 4896234
1662492337 13086210
1662492338 14992290
1662492339 14786004
1662492340 13838970
1662492341 14251842
1662492342 15127992
1662492343 14564622
1662492344 14895960
1662492345 13669812
1662492346 14299038
1662492347 13891428
1662492348 14966592
1662492349 14156952
1662492350 13148250
1662492351 14598288
1662492352 13968300
1662492353 14050344
1662492354 13813434
1662492355 13224552
1662492356 13849650
1662492357 14015496
1662492358 13969290
1662492359 13604172
1662492360 12890076
1662492361 14488500
1662492362 14393136
1662492363 14696538
1662492364 13732542
1662492365 12734262
1662492366 12314832
1662492367 13983108
1662492368 13664328
1662492369 13351560
1662492370 13907568
1662492371 13302924
1662492372 13319736
1662492373 14811804
1662492374 12810738
1662492375 12918174
1662492376 13798032
1662492377 12421512
1662492378 14979360
1662492379 12261618
1662492380 13899936
1662492381 13581546
1662492382 14811744
1662492383 12417432
1662492384 15548466
1662492385 11382636
1662492386 15053268
1662492387 11416758
1662492388 15277626
1662492389 13884150
1662492390 13348056
1662492391 13781748
1662492392 12272760
1662492393 15088140
1662492394 12037620
1662492395 13691160
1662492396 13640154
1662492397 12342450
1662492398 14989578
1662492399 12876222
1662492400 12834684
1662492401 14820786
1662492402 11436312
1662492403 14283546
1662492404 14940522
1662492405 11749710
1662492406 14131398
1662492407 15225870
1662492408 13193802
1662492409 13332618
1662492410 14246250
1662492411 12755412
1662492412 14003016
1662492413 15590010
1662492414 12926664
1662492415 11914068
1662492416 15176730
1662492417 12706092
1662492418 11851062
1662492419 15548700
1662492420 13887612
1662492421 10918866
1662492422 14328342
1662492423 15193068
1662492424 13616064
1662492425 10719408
1662492426 15882546
1662492427 14986386
1662492428 13291806
1662492429 11550198
1662492430 13566192
1662492431 14920206
1662492432 14400006
1662492433 10534056
1662492434 14080110
1662492435 14216508
1662492436 14981586
1662492437 11530260
1662492438 12464232
1662492439 15411882
1662492440 14322234
1662492441 12618810
1662492442 11048862
1662492443 14318844
1662492444 15061416
1662492445 14221014
1662492446 11655198
1662492447 11551182
1662492448 15420996
1662492449 14935734
1662492450 14057106
1662492451 11745996
1662492452 11142012
1662492453 15385260
1662492454 15518010
1662492455 13862082
1662492456 11892912
1662492457 10527468
1662492458 14458650
1662492459 15201564
1662492460 14093496
1662492461 14052588
1662492462 10936488
1662492463 12587760
1662492464 14881290
1662492465 14383386
1662492466 14979276
1662492467 12154308
1662492468 11454522
1662492469 13826346
1662492470 13828752
1662492471 15469338
1662492472 14783418
1662492473 11571198
1662492474 11034132
1662492475 12236454
1662492476 14952714
1662492477 14586438
1662492478 14673198
1662492479 11860224
1662492480 11578272
1662492481 13134558
1662492482 14868588
1662492483 14436834
1662492484 15436974
1662492485 12691854
1662492486 11173842
1662492487 10989888
1662492488 15168318
1662492489 15018828
1662492490 14207802
1662492491 14796732
1662492492 12491562
1662492493 11247588
1662492494 11645274
1662492495 14390898
1662492496 15156258
1662492497 15193782
1662492498 15014580
1662492499 11230254
1662492500 10607742
1662492501 12608868
1662492502 14652288
1662492503 14779542
1662492504 14868132
1662492505 13284672
1662492506 12032568
1662492507 11193792
1662492508 11410614
1662492509 14610006
1662492510 12641202
1662492511 14469528
1662492512 14476152
1662492513 13522164
1662492514 11348520
1662492515 9738918
1662492516 13822794
1662492517 14334372
1662492518 14464020
1662492519 14945850
1662492520 13335714
1662492521 11717862
1662492522 10184184
1662492523 10490532
1662492524 14711382
1662492525 13769856
1662492526 14013912
1662492527 14843958
1662492528 14775054
1662492529 12112068
1662492530 11111328
1662492531 9803574
1662492532 13890894
1662492533 14622288
1662492534 14119794
1662492535 14853474
1662492536 13548132
1662492537 14100804
1662492538 10545864
1662492539 10907742
1662492540 10756776
1662492541 13117770
1662492542 14226972
1662492543 15014628
1662492544 13947018
1662492545 13774050
1662492546 11850804
1662492547 11484750
1662492548 10906464
1662492549 12664266
1662492550 15128808
1662492551 14122032
1662492552 14760384
1662492553 14031390
1662492554 14743656
1662492555 13047084
1662492556 9974160
1662492557 10040826
1662492558 10912350
1662492559 14773188
1662492560 14453562
1662492561 13134672
1662492562 12935268
1662492563 14008932
1662492564 13356816
1662492565 11164254
1662492566 9714774
1662492567 10287534
1662492568 13264218
1662492569 13020030
1662492570 13587966
1662492571 11555382
1662492572 13031652
1662492573 13817712
1662492574 10490910
1662492575 11273790
1662492576 8887656
1662492577 12005184
1662492578 14067258
1662492579 13111338
1662492580 13774104
1662492581 11882760
1662492582 13414224
1662492583 13043346
1662492584 10932684
1662492585 10629210
1662492586 9726222
1662492587 11864058
1662492588 14242584
1662492589 13183944
1662492590 13027128
1662492591 11357286
1662492592 13305012
1662492593 12205344
1662492594 9782490
1662492595 10552734
1662492596 10654272
1662492597 11666130
1662492598 13729116
1662492599 13874316
1662492600 13920408
1662492601 11975802
1662492602 12982008
1662492603 12748122
1662492604 12450642
1662492605 10830864
1662492606 9735936
1662492607 10604172
1662492608 12005220
1662492609 14171484
1662492610 13838430
1662492611 11440872
1662492612 13130148
1662492613 12680886
1662492614 13262376
1662492615 11901900
1662492616 10002084
1662492617 10496406
1662492618 10901868
1662492619 9796266
1662492620 14482308
1662492621 12238374
1662492622 13191402
1662492623 13638414
1662492624 13647984
1662492625 14109366
1662492626 12816468
1662492627 11650008
1662492628 10778658
1662492629 10236342
1662492630 9655800
1662492631 9148170
1662492632 14084124
1662492633 14298840
1662492634 13237326
1662492635 13310304
1662492636 11767392
1662492637 12746634
1662492638 12984384
1662492639 11704914
1662492640 10593066
1662492641 9052176
1662492642 9629148
1662492643 9185238
1662492644 11248278
1662492645 14767308
1662492646 11946798
1662492647 13428252
1662492648 14151594
1662492649 14061888
1662492650 12900222
1662492651 11786592
1662492652 11204760
1662492653 9895380
1662492654 9865104
1662492655 10498800
1662492656 8847024
1662492657 11528418
1662492658 14479866
1662492659 13439934
1662492660 12403746
1662492661 11000010
1662492662 13720794
1662492663 13698342
1662492664 13842990
1662492665 12506400
1662492666 8974290
1662492667 10296048
1662492668 9802524
1662492669 9747618
1662492670 9769290
1662492671 10960134
1662492672 14025420
1662492673 13298004
1662492674 13439238
1662492675 13299414
1662492676 11698104
1662492677 12807612
1662492678 12805188
1662492679 10887072
1662492680 9352188
1662492681 7969770
1662492682 10059840
1662492683 9528810
1662492684 12148362
1662492685 14314152
1662492686 11155566
1662492687 12836400
1662492688 13143546
1662492689 13529376
1662492690 13028934
1662492691 11761200
1662492692 11727906
1662492693 10048338
1662492694 9721842
1662492695 9555504
1662492696 7299882
1662492697 10489056
1662492698 14216238
1662492699 13930842
1662492700 13253622
1662492701 11206956
1662492702 12396084
1662492703 13000290
1662492704 12592296
1662492705 12160668
1662492706 9140694
1662492707 10970004
1662492708 9697650
1662492709 10048530
1662492710 8912148
1662492711 10131702
1662492712 14764284
1662492713 13407930
1662492714 12930768
1662492715 13242984
1662492716 11217966
1662492717 12681426
1662492718 12630162
1662492719 12278838
1662492720 9996582
1662492721 8799132
1662492722 9761040
1662492723 9095592
1662492724 9777114
1662492725 12041124
1662492726 12525756
1662492727 13298820
1662492728 13673970
1662492729 14075778
1662492730 13198458
1662492731 11112246
1662492732 12295800
1662492733 12705834
1662492734 10259460
1662492735 9714696
1662492736 9438234
1662492737 9605022
1662492738 9959280
1662492739 10598928
1662492740 14673528
1662492741 11423952
1662492742 12354960
1662492743 12736620
1662492744 12776226
1662492745 12492744
1662492746 10675956
1662492747 11077086
1662492748 10674222
1662492749 9685752
1662492750 9655152
1662492751 8710242
1662492752 9802146
1662492753 12987954
1662492754 13561452
1662492755 12384354
1662492756 10426356
1662492757 12548652
1662492758 13222524
1662492759 12023892
1662492760 11803122
1662492761 9493626
1662492762 10889868
1662492763 11229108
1662492764 10108212
1662492765 9293874
1662492766 8704206
1662492767 14102646
1662492768 13063836
1662492769 12274086
1662492770 12640578
1662492771 11173560
1662492772 14294886
1662492773 14416476
1662492774 12375936
1662492775 10774878
1662492776 8525736
1662492777 10220202
1662492778 9779886
1662492779 10194876
1662492780 9731676
1662492781 9885654
1662492782 13741704
1662492783 11883528
1662492784 12226122
1662492785 12464694
1662492786 10399266
1662492787 12966420
1662492788 12249162
1662492789 10644222
1662492790 9792474
1662492791 7771140
1662492792 9837498
1662492793 9421968
1662492794 10089408
1662492795 13247004
1662492796 10581702
1662492797 12532848
1662492798 12735186
1662492799 12601818
1662492800 12272382
1662492801 10826838
1662492802 10406940
1662492803 9948138
1662492804 9625440
1662492805 9695382
1662492806 7713966
1662492807 10201746
1662492808 11604528
1662492809 12818400
1662492810 11155554
1662492811 10113768
1662492812 12306978
1662492813 12615564
1662492814 11514318
1662492815 11903634
1662492816 8597064
1662492817 8996664
1662492818 8814552
1662492819 10175856
1662492820 9328116
1662492821 8779932
1662492822 13398222
1662492823 12779838
1662492824 11758686
1662492825 12397866
1662492826 10947696
1662492827 12533214
1662492828 12659814
1662492829 11389182
1662492830 9532656
1662492831 8242950
1662492832 10471116
1662492833 9831582
1662492834 9219660
1662492835 9742044
1662492836 11091528
1662492837 13017606
1662492838 12535302
1662492839 12087420
1662492840 12160284
1662492841 11024670
1662492842 12681882
1662492843 11172984
1662492844 9763770
1662492845 10952100
1662492846 8176116
1662492847 9796602
1662492848 9110292
1662492849 9594900
1662492850 11540058
1662492851 10563978
1662492852 13187328
1662492853 12722004
1662492854 12394080
1662492855 11569560
1662492856 10961172
1662492857 11887128
1662492858 10634916
1662492859 9095766
1662492860 9636576
1662492861 8674560
1662492862 10171782
1662492863 9356688
1662492864 8972052
1662492865 11460594
1662492866 9685608
1662492867 9838176
1662492868 11766648
1662492869 10463310
1662492870 10527852
1662492871 8825934
1662492872 9504684
1662492873 9225582
1662492874 9712650
1662492875 9121062
1662492876 8685570
1662492877 9732144
1662492878 11714646
1662492879 10500198
1662492880 10459014
1662492881 9277872
1662492882 9834306
1662492883 11369718
1662492884 10089744
1662492885 9610908
1662492886 8328102
1662492887 9652692
1662492888 9163002
1662492889 9185760
1662492890 10300242
1662492891 8677536
1662492892 9084342
1662492893 11394540
1662492894 10915296
1662492895 10639380
1662492896 9224856
1662492897 9692478
1662492898 10094712
1662492899 9896892
1662492900 9634368
1662492901 8938782
1662492902 8836818
1662492903 9257928
1662492904 9931542
1662492905 10973052
1662492906 9142104
1662492907 9963552
1662492908 11832168
1662492909 10335288
1662492910 11083950
1662492911 9224688
1662492912 9299130
1662492913 10032570
1662492914 9780690
1662492915 9560922
1662492916 8481876
1662492917 9383550
1662492918 9355734
1662492919 9646122
1662492920 9578772
1662492921 9094230
1662492922 9319710
1662492923 11475882
1662492924 9629934
1662492925 10087662
1662492926 7905744
1662492927 9031770
1662492928 9369300
1662492929 8884614
1662492930 9788934
1662492931 8407590
1662492932 10248120
1662492933 9151968
1662492934 10344120
1662492935 10420848
1662492936 8557284
1662492937 9711600
1662492938 10216320
1662492939 9922380
1662492940 8807580
1662492941 8020956
1662492942 9426396
1662492943 9374718
1662492944 9232872
1662492945 9272292
1662492946 8003316
1662492947 11315796
1662492948 10092804
1662492949 9743448
1662492950 9813186
1662492951 8475570
1662492952 9773868
1662492953 9866328
1662492954 9095544
1662492955 9504084
1662492956 7735296
1662492957 9796836
1662492958 9519444
1662492959 9117108
1662492960 9491376
1662492961 8280984
1662492962 9222150
1662492963 10002522
1662492964 9848316
1662492965 9853038
1662492966 8594058
1662492967 10118310
1662492968 9525486
1662492969 9257592
1662492970 9315486
1662492971 8271324
1662492972 8677692
1662492973 9975828
1662492974 9079944
1662492975 9650940
1662492976 9546564
1662492977 8256324
1662492978 10048578
1662492979 10063170
1662492980 9561192
1662492981 9694866
1662492982 11647956
1662492983 9497196
1662492984 8921934
1662492985 9164406
1662492986 8644266
1662492987 9256962
1662492988 9423744
1662492989 9736128
1662492990 9448740
1662492991 7654626
1662492992 9425322
1662492993 9928278
1662492994 9755070
1662492995 9947844
1662492996 8399586
1662492997 9610662
1662492998 9153456
1662492999 9966954
1662493000 8904258
1662493001 8418432
1662493002 8440116
1662493003 9769548
1662493004 9782802
1662493005 9061992
1662493006 8039202
1662493007 7571652
1662493008 9672882
1662493009 9336600
1662493010 8608446
1662493011 8008518
1662493012 7996644
1662493013 8565510
1662493014 8441346
1662493015 7903464
1662493016 7559094
1662493017 8384742
1662493018 7204740
1662493019 7705530
1662493020 7750440
1662493021 6746814
1662493022 6688908
1662493023 8689926
1662493024 8805414
1662493025 8471082
1662493026 7942062
1662493027 7564692
1662493028 8653674
1662493029 7356360
1662493030 7521054
1662493031 7577958
1662493032 6762366
1662493033 8105976
1662493034 7345962
1662493035 8016258
1662493036 7344426
1662493037 7653732
1662493038 8436390
1662493039 8207490
1662493040 8953764
1662493041 7967874
1662493042 7430748
1662493043 7600620
1662493044 7304064
1662493045 7350726
1662493046 6934128
1662493047 6770400
1662493048 7140528
1662493049 7223466
1662493050 7250310
1662493051 7245312
1662493052 7361406
1662493053 8106744
1662493054 8327322
1662493055 8910858
1662493056 8120982
1662493057 7658622
1662493058 7271664
1662493059 7158852
1662493060 7288350
1662493061 6894378
1662493062 6680088
1662493063 7246548
1662493064 7358658
1662493065 7441734
1662493066 7335972
1662493067 8184636
1662493068 8454546
1662493069 8393634
1662493070 7962612
1662493071 6859014
1662493072 6675144
1662493073 6953376
1662493074 7305636
1662493075 7117026
1662493076 6884328
1662493077 7029570
1662493078 7172202
1662493079 7457046
1662493080 8186364
1662493081 7053942
1662493082 7810476
1662493083 8097120
1662493084 8415318
1662493085 8051778
1662493086 6786924
1662493087 6781104
1662493088 7562706
1662493089 7344480
1662493090 7011276
1662493091 7010580
1662493092 6611352
1662493093 7131918
1662493094 8198850
1662493095 7886178
1662493096 7321164
1662493097 7583676
1662493098 7808874
1662493099 8240376
1662493100 7438422
1662493101 7088070
1662493102 6896880
1662493103 6976350
1662493104 7601100
1662493105 7056684
1662493106 6617898
1662493107 6694164
1662493108 7202130
1662493109 7258770
1662493110 8357472
1662493111 7060458
1662493112 8105034
1662493113 7926612
1662493114 7748562
1662493115 7461900
1662493116 6737640
1662493117 7042650
1662493118 7177002
1662493119 7193376
1662493120 7027542
1662493121 6876216
1662493122 6818208
1662493123 6946332
1662493124 7574862
1662493125 8000094
1662493126 7122492
1662493127 7596330
1662493128 7800444
1662493129 7076502
1662493130 7184964
1662493131 6124074
1662493132 6520482
1662493133 6645678
1662493134 6678846
1662493135 6608334
1662493136 6373620
1662493137 6895356
1662493138 6620892
1662493139 6541128
1662493140 6762222
1662493141 7733856
1662493142 7115904
1662493143 8013672
1662493144 7774566
1662493145 6488658
1662493146 6592488
1662493147 6567516
1662493148 6567624
1662493149 6605334
1662493150 6538818
1662493151 6559152
1662493152 6524562
1662493153 6716676
1662493154 6504336
1662493155 6461916
1662493156 7627968
1662493157 8045928
1662493158 7518096
1662493159 7622706
1662493160 6389010
1662493161 6822006
1662493162 6550332
1662493163 6654000
1662493164 6469860
1662493165 5816592
1662493166 6631464
1662493167 6603444
1662493168 6881028
1662493169 6515928
1662493170 6615918
1662493171 7287798
1662493172 6750846
1662493173 7606488
1662493174 8022384
1662493175 6508818
1662493176 6860502
1662493177 6602142
1662493178 6613344
1662493179 6497484
1662493180 6211242
1662493181 6379230
1662493182 6735252
1662493183 6539916
1662493184 6741810
1662493185 5234718
1662493186 6596436
1662493187 7176414
1662493188 6734118
1662493189 6687960
1662493190 5497152
1662493191 6619890
1662493192 6398100
1662493193 6280704
1662493194 5839884
1662493195 4954764
1662493196 5879538
1662493197 6433632
1662493198 6058842
1662493199 6149586
1662493200 4850682
1662493201 6283722
1662493202 6215598
1662493203 5761182
1662493204 5570952
1662493205 5004726
1662493206 6018858
1662493207 5643708
1662493208 5932806
1662493209 6158256
1662493210 4811748
1662493211 5729100
1662493212 5688840
1662493213 5453766
1662493214 5352474
1662493215 5457384
1662493216 5544498
1662493217 4804440
1662493218 4646724
1662493219 5032704
1662493220 4464204
1662493221 5296308
1662493222 5223714
1662493223 5209212
1662493224 5115114
1662493225 4641438
1662493226 5309550
1662493227 5449188
1662493228 5516298
1662493229 5332992
1662493230 4589220
1662493231 4168704
1662493232 3020526
1662493233 3161538
1662493234 3463098
1662493235 4154496
1662493236 4264014
1662493237 3990852
1662493238 3787272
1662493239 4033104
1662493240 3288210
1662493241 3823746
1662493242 3969366
1662493243 3940428
1662493244 3992472
1662493245 3856032
1662493246 4021638
1662493247 4302624
1662493248 4564026
1662493249 4346850
1662493250 3830982
1662493251 3953652
1662493252 4154010
1662493253 3866052
1662493254 3733356
1662493255 4161372
1662493256 5070834
1662493257 4127472
1662493258 3776274
1662493259 3816660
1662493260 3631686
1662493261 4027158
1662493262 3910812
1662493263 3071382
1662493264 3343782
1662493265 2837688
1662493266 3405168
1662493267 3313374
1662493268 3269766
1662493269 3284790
1662493270 2716578
1662493271 3157752
1662493272 3153276
1662493273 3167784
1662493274 2875128
1662493275 2820834
1662493276 3133770
1662493277 2677284
1662493278 2039328
1662493279 2163660
1662493280 2361624
1662493281 2967900
1662493282 2420172
1662493283 2238978
1662493284 2066544
1662493285 1768932
1662493286 2043330
1662493287 2099418
1662493288 2078736
1662493289 2031918
1662493290 1831692
1662493291 2018508
1662493292 1858362
1662493293 1962192
1662493294 1944684
1662493295 1729470
1662493296 1684098
1662493297 1710828
1662493298 1989336
1662493299 1857642
1662493300 1582938
1662493301 1782216
1662493302 1784568
1662493303 1981098
1662493304 2046504
1662493305 1709328
1662493306 1896876
1662493307 1607880
1662493308 1104558
1662493309 1441488
1662493310 1295448
1662493311 1301178
1662493312 1290720
1662493313 1366860
1662493314 1341780
1662493315 1178724
1662493316 1304736
1662493317 1361160
1662493318 1389468
1662493319 1389522
1662493320 1185642
1662493321 1259256
1662493322 1305210
1662493323 1467924
1662493324 1301982
1662493325 1193520
1662493326 1263768
1662493327 1214880
1662493328 1367634
1662493329 1390602
1662493330 1191846
1662493331 1257372
1662493332 1285152
1662493333 1385598
1662493334 1377996
1662493335 1261074
1662493336 1285014
1662493337 1255356
1662493338 1405584
1662493339 1369032
1662493340 1202820
1662493341 1235202
1662493342 1311276
1662493343 1361790
1662493344 1435518
1662493345 1142592
1662493346 1331676
1662493347 1688724
1662493348 1833744
1662493349 1817994
1662493350 1166856
1662493351 1272690
1662493352 1306194
1662493353 1403730
1662493354 1477146
1662493355 1366104
1662493356 1383990
1662493357 1415076
1662493358 1440336
1662493359 1293948
1662493360 1248522
1662493361 1387416
1662493362 1386750
1662493363 1487508
1662493364 1502916
1662493365 1323468
1662493366 1292124
1662493367 1403568
1662493368 1348536
1662493369 1731036
1662493370 1918944
1662493371 1870608
1662493372 2045196
1662493373 2106996
1662493374 2297088
1662493375 2105406
1662493376 1985808
1662493377 1509792
1662493378 1582212
1662493379 1463364
1662493380 1304898
1662493381 1360974
1662493382 1416894
1662493383 1497744
1662493384 1507542
1662493385 1340694
1662493386 1519590
1662493387 1388640
1662493388 1488558
1662493389 1442232
1662493390 1355172
1662493391 1495524
1662493392 1470360
1662493393 1458480
1662493394 1461228
1662493395 1150722
1662493396 1333500
1662493397 1225872
1662493398 1420728
1662493399 1502790
1662493400 1305366
1662493401 1471008
1662493402 1412346
1662493403 1428894
1662493404 1542786
1662493405 1287354
1662493406 1451694
1662493407 1383564
1662493408 1467336
1662493409 1338396
1662493410 1158552
1662493411 1348200
1662493412 1345098
1662493413 1421838
1662493414 1446870
1662493415 1314012
1662493416 1391094
1662493417 1446612
1662493418 1487886
1662493419 1428294
1662493420 1325988
1662493421 1401096
1662493422 1538466
1662493423 1646304
1662493424 1435704
1662493425 1213704
1662493426 1293840
1662493427 1352784
1662493428 1406202
1662493429 1344828
1662493430 1207932
1662493431 1276926
1662493432 1137960
1662493433 1395282
1662493434 1235280
1662493435 1187892
1662493436 1219332
1662493437 1331280
1662493438 1510170
1662493439 1578438
1662493440 1328052
1662493441 1457406
1662493442 1429668
1662493443 1610100
1662493444 1600734
1662493445 1426848
1662493446 1733874
1662493447 1663680
1662493448 1510686
1662493449 1543212
1662493450 1357932
1662493451 1492608
1662493452 1578426
1662493453 1574058
1662493454 1537776
1662493455 1387794
1662493456 1366572
1662493457 1439934
1662493458 1418760
1662493459 1511454
1662493460 1268484
1662493461 1381374
1662493462 1444086
1662493463 1521996
1662493464 1512852
1662493465 1220958
1662493466 1442826
1662493467 1420572
1662493468 1491654
1662493469 1447686
1662493470 1272018
1662493471 1486350
1662493472 1457592
1662493473 1444518
1662493474 1544244
1662493475 1297854
1662493476 1543440
1662493477 1384128
1662493478 1413870
1662493479 1582662
1662493480 1544226
1662493481 1751550
1662493482 1756332
1662493483 1773888
1662493484 1962294
1662493485 1685328
1662493486 1854846
1662493487 1801242
1662493488 1803264
1662493489 2022666
1662493490 1786752
1662493491 1899246
1662493492 2025930
1662493493 2035812
1662493494 1961772
1662493495 1646364
1662493496 1958790
1662493497 1897968
1662493498 1981638
1662493499 2028972
1662493500 1792650
1662493501 1961838
1662493502 1987038
1662493503 1987614
1662493504 1988616
1662493505 1733958
1662493506 1959072
1662493507 1995936
1662493508 2121162
1662493509 2151120
1662493510 1648920
1662493511 1795236
1662493512 1835166
1662493513 2043036
1662493514 2065014
1662493515 1702674
1662493516 1888644
1662493517 1847472
1662493518 1993776
1662493519 1937562
1662493520 1778316
1662493521 2141406
1662493522 2018928
1662493523 2095224
1662493524 2001420
1662493525 1623564
1662493526 1820976
1662493527 1948182
1662493528 2015694
1662493529 2132676
1662493530 1667310
1662493531 1926576
1662493532 2011296
1662493533 1938156
1662493534 2098194
1662493535 1675914
1662493536 1901826
1662493537 754


# events submitted
1662492334 1984660
1662492335 1711724
1662492336 4862742
1662492337 13030434
1662492338 14935236
1662492339 14738448
1662492340 13783578
1662492341 14223054
1662492342 15090270
1662492343 14528928
1662492344 14863254
1662492345 13647702
1662492346 14256870
1662492347 13856868
1662492348 14919024
1662492349 14114856
1662492350 13121940
1662492351 14565348
1662492352 13933908
1662492353 14019072
1662492354 13782918
1662492355 13195674
1662492356 13805652
1662492357 13984926
1662492358 13933008
1662492359 13564680
1662492360 12873468
1662492361 14429016
1662492362 14357898
1662492363 14660748
1662492364 13697880
1662492365 12705360
1662492366 12289014
1662492367 13955292
1662492368 13624056
1662492369 13313142
1662492370 13875078
1662492371 13278558
1662492372 13291548
1662492373 14774580
1662492374 12790176
1662492375 12887034
1662492376 13749042
1662492377 12395490
1662492378 14942868
1662492379 12234942
1662492380 13861008
1662492381 13545414
1662492382 14780982
1662492383 12386370
1662492384 15507336
1662492385 11367804
1662492386 15004674
1662492387 11395722
1662492388 15232170
1662492389 13843662
1662492390 13322916
1662492391 13751250
1662492392 12239808
1662492393 15039798
1662492394 12017406
1662492395 13655196
1662492396 13618614
1662492397 12315414
1662492398 14960082
1662492399 12853602
1662492400 12805260
1662492401 14791818
1662492402 11415666
1662492403 14241456
1662492404 14743350
1662492405 7848612
1662492406 11246436
1662492407 10031508
1662492408 4240320
1662492409 5901942
1662492410 5166288
1662492411 3069294
1662492412 3992388
1662492413 3389622
1662492414 2096244
1662492415 2051652
1662492416 3129108
1662492417 4330206
1662492418 2583708
1662492419 3618492
1662492420 2322666
1662492421 5218500
1662492422 7408410
1662492423 6847362
1662492424 7102494
1662492425 4695132
1662492426 7044954
1662492427 8310804
1662492428 7576530
1662492429 3225420
1662492430 5333448
1662492431 6967326
1662492432 8094798
1662492433 5225496
1662492434 6908022
1662492435 6723750
1662492436 5967210
1662492437 4616304
1662492438 4804776
1662492439 8279394
1662492440 7270242
1662492441 6100530
1662492442 5223432
1662492443 8553696
1662492444 8564790
1662492445 5912286
1662492446 2936286
1662492447 5720568
1662492448 7385628
1662492449 8916318
1662492450 8048610
1662492451 5620704
1662492452 7439352
1662492453 7634304
1662492454 6366786
1662492455 6464328
1662492456 4202376
1662492457 5057268
1662492458 7643790
1662492459 6930912
1662492460 6807036
1662492461 5313246
1662492462 5244366
1662492463 5425230
1662492464 8373132
1662492465 5733756
1662492466 6998604
1662492467 4283610
1662492468 4862154
1662492469 7068828
1662492470 7262436
1662492471 7764858
1662492472 8184522
1662492473 6454320
1662492474 3572838
1662492475 6297780
1662492476 5362002
1662492477 6919596
1662492478 7312488
1662492479 6183132
1662492480 6780714
1662492481 6898920
1662492482 7149720
1662492483 7547772
1662492484 8783172
1662492485 8006472
1662492486 6195216
1662492487 2799846
1662492488 3066708
1662492489 2896050
1662492490 4257048
1662492491 4866624
1662492492 3646146
1662492493 3393174
1662492494 3133578
1662492495 3336714
1662492496 4586802
1662492497 3001590
1662492498 1859778
1662492499 900336
1662492500 2277714
1662492501 4246236
1662492502 4246662
1662492503 4461360
1662492504 2756868
1662492505 3577086
1662492506 2625090
1662492507 1812852
1662492508 1544082
1662492509 4412796
1662492510 4149984
1662492511 4415028
1662492512 4273044
1662492513 2251446
1662492514 3149586
1662492515 3581622
1662492516 2126058
1662492517 4247250
1662492518 4235112
1662492519 2662764
1662492520 3139782
1662492521 853122
1662492522 2031282
1662492523 3532914
1662492524 2053302
1662492525 3199956
1662492526 3398196
1662492527 2188830
1662492528 1122624
1662492529 2758440
1662492530 2213340
1662492531 2433150
1662492532 2486646
1662492533 3001740
1662492534 4519326
1662492535 1562406
1662492536 3993048
1662492537 2538690
1662492538 47424
1662492539 3049458
1662492540 4583760
1662492541 3963156
1662492542 4485582
1662492543 3402804
1662492544 3698592
1662492545 4176432
1662492546 80694
1662492547 1184034
1662492548 2322948
1662492549 3575160
1662492550 2462526
1662492551 1557630
1662492552 2436366
1662492553 4386756
1662492554 3249354
1662492555 3547542
1662492556 2271534
1662492557 1101210
1662492558 895734
1662492559 2470500
1662492560 3408516
1662492561 3803640
1662492562 3644634
1662492563 3953670
1662492564 3993798
1662492565 2586360
1662492566 2306796
1662492567 1267584
1662492568 3225594
1662492569 2554326
1662492570 1294020
1662492571 1973880
1662492572 1873002
1662492573 3975678
1662492574 943782
1662492575 1231434
1662492576 1685604
1662492577 3052428
1662492578 3333732
1662492579 3069738
1662492580 1945962
1662492581 3156084
1662492582 2109348
1662492583 2167362
1662492584 3624378
1662492585 1146582
1662492586 3231246
1662492587 2318454
1662492588 2369940
1662492589 3726804
1662492590 2625660
1662492591 3138480
1662492592 3056514
1662492593 4141134
1662492594 2861172
1662492595 443934
1662492596 1590258
1662492597 1217292
1662492598 4182564
1662492599 3496914
1662492600 3195744
1662492601 3524988
1662492602 3454398
1662492603 2504400
1662492604 2865804
1662492605 1341510
1662492606 955386
1662492607 2548836
1662492608 2246394
1662492609 3893286
1662492610 4397532
1662492611 3536538
1662492612 2793912
1662492613 3975672
1662492614 3986448
1662492615 2459568
1662492616 1111422
1662492617 2521716
1662492618 3219564
1662492619 3861912
1662492620 1977618
1662492621 3602112
1662492622 3267228
1662492623 3024570
1662492624 4308900
1662492625 3823428
1662492626 2753772
1662492627 790470
1662492628 161928
1662492629 3932328
1662492630 3739458
1662492631 2579952
1662492632 3287406
1662492633 2782944
1662492634 3562944
1662492635 3712416
1662492636 2053236
1662492637 3160992
1662492638 3176226
1662492639 2690772
1662492640 1550010
1662492641 1300392
1662492642 4345428
1662492643 3486288
1662492644 3951048
1662492645 1766868
1662492646 3189672
1662492647 2745906
1662492648 3886038
1662492649 3907812
1662492650 2650536
1662492651 2851074
1662492652 2468034
1662492653 1704606
1662492654 3775242
1662492655 3248508
1662492656 4589484
1662492657 5121150
1662492658 7102818
1662492659 5128086
1662492660 5149806
1662492661 5427180
1662492662 5629710
1662492663 6061512
1662492664 7727892
1662492665 7689288
1662492666 6396720
1662492667 6152958
1662492668 6645528
1662492669 5182782
1662492670 2989896
1662492671 4360026
1662492672 6310518
1662492673 5752686
1662492674 6362952
1662492675 7334148
1662492676 7184244
1662492677 6960756
1662492678 5682300
1662492679 4249698
1662492680 4136196
1662492681 3622644
1662492682 5087460
1662492683 4098546
1662492684 4530276
1662492685 5739444
1662492686 5480400
1662492687 6560568
1662492688 7257972
1662492689 6085536
1662492690 5276538
1662492691 6203298
1662492692 4952946
1662492693 5495694
1662492694 4350906
1662492695 2977932
1662492696 5689290
1662492697 2747712
1662492698 6426936
1662492699 7128384
1662492700 6688572
1662492701 5421738
1662492702 5838630
1662492703 6299262
1662492704 6095352
1662492705 5848218
1662492706 5058312
1662492707 5981664
1662492708 3333774
1662492709 4344660
1662492710 3804042
1662492711 4814490
1662492712 6980442
1662492713 8222670
1662492714 6504978
1662492715 4823736
1662492716 4724766
1662492717 5791170
1662492718 4832886
1662492719 6493038
1662492720 5126616
1662492721 3889542
1662492722 4113018
1662492723 5719488
1662492724 3240936
1662492725 5849502
1662492726 5887728
1662492727 5985606
1662492728 7752516
1662492729 6738696
1662492730 5675856
1662492731 3554544
1662492732 1845510
1662492733 2226552
1662492734 1947696
1662492735 2565918
1662492736 1016706
1662492737 1421820
1662492738 3029472
1662492739 2990520
1662492740 4696818
1662492741 2708610
1662492742 3105648
1662492743 2498880
1662492744 3847182
1662492745 3347568
1662492746 1745586
1662492747 753048
1662492748 1156794
1662492749 1536612
1662492750 2773968
1662492751 2400828
1662492752 3907974
1662492753 4521750
1662492754 1909662
1662492755 2942466
1662492756 3078972
1662492757 3518268
1662492758 3372054
1662492759 2413110
1662492760 3440976
1662492761 1833594
1662492762 412962
1662492763 1378488
1662492764 3341976
1662492765 3525750
1662492766 233394
1662492767 4898028
1662492768 2417028
1662492769 2593668
1662492770 3223752
1662492771 3030636
1662492772 3713394
1662492773 4543230
1662492774 3077958
1662492775 3468186
1662492776 2102064
1662492777 3245190
1662492778 2275038
1662492779 3087684
1662492780 1970574
1662492781 2470746
1662492782 3619368
1662492783 3330234
1662492784 3485760
1662492785 3523614
1662492786 3035676
1662492787 3719922
1662492788 3507480
1662492789 4424586
1662492790 644364
1662492791 472446
1662492792 1384200
1662492793 3248490
1662492794 1235718
1662492795 3635754
1662492796 2063958
1662492797 4051752
1662492798 3841086
1662492799 3973998
1662492800 3560118
1662492801 2725752
1662492802 1817274
1662492803 1755060
1662492804 2632554
1662492805 2040288
1662492806 606198
1662492807 494904
1662492808 2559714
1662492809 1796406
1662492810 3699054
1662492811 2373366
1662492812 2590122
1662492813 6790566
1662492814 5116248
1662492815 6394524
1662492816 3044346
1662492817 3655698
1662492818 3745308
1662492819 4908774
1662492820 4891860
1662492821 3891426
1662492822 6655548
1662492823 5854080
1662492824 4983078
1662492825 5197518
1662492826 5877438
1662492827 5304060
1662492828 7366698
1662492829 4868028
1662492830 3878118
1662492831 4462764
1662492832 8636586
1662492833 5691384
1662492834 5260494
1662492835 7072410
1662492836 5857398
1662492837 6045702
1662492838 5985654
1662492839 5986272
1662492840 6780888
1662492841 4838508
1662492842 5275590
1662492843 6349686
1662492844 2698914
1662492845 6214950
1662492846 4894278
1662492847 4014438
1662492848 4517634
1662492849 4915374
1662492850 5193678
1662492851 4959378
1662492852 7855584
1662492853 5143728
1662492854 5780778
1662492855 5123832
1662492856 5416404
1662492857 6784992
1662492858 5885010
1662492859 3966714
1662492860 6027786
1662492861 4931178
1662492862 2839632
1662492863 4233810
1662492864 4818036
1662492865 6525498
1662492866 5122908
1662492867 5314170
1662492868 6099714
1662492869 6112968
1662492870 5366868
1662492871 4162056
1662492872 2916690
1662492873 4833186
1662492874 4758348
1662492875 4022748
1662492876 4258458
1662492877 4945644
1662492878 5727372
1662492879 5154744
1662492880 4876572
1662492881 4050204
1662492882 5435268
1662492883 5564166
1662492884 4978704
1662492885 4064004
1662492886 5550114
1662492887 4486284
1662492888 4381140
1662492889 4415592
1662492890 4855038
1662492891 3801312
1662492892 4637460
1662492893 4705050
1662492894 6133992
1662492895 4192050
1662492896 4755570
1662492897 4467246
1662492898 4597170
1662492899 4638576
1662492900 6432396
1662492901 5892504
1662492902 2685354
1662492903 5332320
1662492904 3560712
1662492905 4532538
1662492906 4289244
1662492907 5609178
1662492908 5561520
1662492909 2976906
1662492910 1408146
1662492911 2930130
1662492912 2843652
1662492913 3707286
1662492914 3242826
1662492915 3971130
1662492916 2945034
1662492917 2316054
1662492918 3447456
1662492919 2293386
1662492920 2519838
1662492921 1437972
1662492922 2678238
1662492923 3580680
1662492924 1635540
1662492925 1656798
1662492926 1645728
1662492927 2474706
1662492928 2847396
1662492929 832626
1662492930 2757726
1662492931 2019276
1662492932 5000388
1662492933 3030144
1662492934 2064594
1662492935 2306280
1662492936 1935000
1662492937 3356070
1662492938 2392662
1662492939 2460678
1662492940 3940818
1662492941 2254218
1662492942 1513056
1662492943 1745634
1662492944 2317974
1662492945 2429334
1662492946 3045738
1662492947 1934328
1662492948 3013242
1662492949 3218088
1662492950 3421914
1662492951 4214910
1662492952 5281578
1662492953 4607130
1662492954 4058418
1662492955 4991832
1662492956 2949546
1662492957 5748372
1662492958 4305774
1662492959 7472658
1662492960 5023122
1662492961 2845098
1662492962 5329020
1662492963 4701750
1662492964 5491458
1662492965 4762224
1662492966 4126332
1662492967 5176806
1662492968 4520466
1662492969 6933546
1662492970 3628110
1662492971 4161942
1662492972 2405178
1662492973 5880096
1662492974 2839476
1662492975 4815504
1662492976 4000494
1662492977 4603188
1662492978 5188812
1662492979 5180748
1662492980 5697816
1662492981 5064144
1662492982 5192712
1662492983 5443356
1662492984 3725022
1662492985 3764016
1662492986 6079812
1662492987 3558396
1662492988 4441998
1662492989 4202580
1662492990 2586066
1662492991 5041950
1662492992 5161062
1662492993 5192628
1662492994 4480668
1662492995 5920608
1662492996 4166646
1662492997 4240926
1662492998 5185866
1662492999 5086194
1662493000 4776036
1662493001 4045734
1662493002 4965582
1662493003 4541358
1662493004 5708148
1662493005 3982560
1662493006 3408144
1662493007 3869664
1662493008 4533078
1662493009 5196852
1662493010 4946262
1662493011 4797612
1662493012 4763988
1662493013 4571340
1662493014 4012506
1662493015 3824406
1662493016 1890060
1662493017 2744406
1662493018 5550576
1662493019 4944936
1662493020 3417186
1662493021 3334146
1662493022 3534192
1662493023 3801318
1662493024 3935844
1662493025 3786150
1662493026 3936150
1662493027 3224484
1662493028 5862768
1662493029 2346840
1662493030 3697614
1662493031 2741670
1662493032 2378424
1662493033 4259088
1662493034 2313714
1662493035 2731278
1662493036 3059814
1662493037 3929718
1662493038 4261566
1662493039 5036022
1662493040 4851414
1662493041 5851380
1662493042 6337476
1662493043 6295416
1662493044 3921090
1662493045 6420468
1662493046 5818398
1662493047 6762792
1662493048 6464808
1662493049 6034116
1662493050 3995262
1662493051 3412548
1662493052 4748868
1662493053 3001662
1662493054 5184660
1662493055 4403886
1662493056 4804266
1662493057 2791896
1662493058 4173900
1662493059 4801200
1662493060 3992394
1662493061 3185970
1662493062 4111350
1662493063 5113656
1662493064 4767702
1662493065 4489194
1662493066 4063566
1662493067 4588896
1662493068 3896160
1662493069 4085898
1662493070 3024360
1662493071 4289814
1662493072 4260444
1662493073 2942994
1662493074 2079252
1662493075 3007458
1662493076 2447226
1662493077 2788080
1662493078 2240802
1662493079 3036552
1662493080 4569456
1662493081 3356040
1662493082 3620376
1662493083 4858536
1662493084 4426872
1662493085 4067772
1662493086 2357052
1662493087 3400176
1662493088 4320156
1662493089 3210060
1662493090 3540630
1662493091 4477374
1662493092 2008470
1662493093 3727182
1662493094 4391190
1662493095 3965400
1662493096 2995278
1662493097 3387144
1662493098 3028656
1662493099 4286556
1662493100 3870102
1662493101 3661902
1662493102 4522818
1662493103 4076202
1662493104 4847538
1662493105 4610070
1662493106 3452202
1662493107 3277296
1662493108 3746292
1662493109 3818022
1662493110 3842694
1662493111 3181650
1662493112 4172172
1662493113 3707628
1662493114 4134186
1662493115 1756344
1662493116 3835584
1662493117 3488034
1662493118 3945726
1662493119 5569806
1662493120 4596330
1662493121 6248448
1662493122 4443042
1662493123 3926496
1662493124 6226902
1662493125 6150462
1662493126 5762922
1662493127 5998890
1662493128 5258742
1662493129 5151696
1662493130 4440270
1662493131 5395494
1662493132 5828514
1662493133 4774710
1662493134 6218046
1662493135 4664970
1662493136 4036938
1662493137 4250550
1662493138 5996466
1662493139 5603466
1662493140 4981938
1662493141 6056682
1662493142 5091576
1662493143 5641308
1662493144 6266382
1662493145 4866138
1662493146 6251766
1662493147 5484624
1662493148 5352564
1662493149 5506164
1662493150 4426176
1662493151 5228688
1662493152 3270906
1662493153 4594650
1662493154 4834050
1662493155 5148552
1662493156 5056866
1662493157 6012834
1662493158 6230928
1662493159 6242340
1662493160 4359402
1662493161 4362606
1662493162 4281666
1662493163 4951110
1662493164 3579012
1662493165 5318448
1662493166 4520964
1662493167 3596538
1662493168 4823508
1662493169 5645004
1662493170 4704984
1662493171 5277162
1662493172 5034564
1662493173 6336978
1662493174 5320782
1662493175 5395794
1662493176 3953922
1662493177 5211330
1662493178 3873222
1662493179 4700388
1662493180 3050052
1662493181 2496588
1662493182 5083062
1662493183 4934172
1662493184 2632362
1662493185 2759856
1662493186 5037810
1662493187 5211204
1662493188 5520300
1662493189 4438320
1662493190 4075734
1662493191 4757592
1662493192 5971362
1662493193 5859624
1662493194 3671922
1662493195 3143550
1662493196 4944060
1662493197 4816314
1662493198 3085410
1662493199 6128634
1662493200 3867090
1662493201 5011020
1662493202 4859838
1662493203 3944406
1662493204 4336362
1662493205 3839136
1662493206 4257534
1662493207 4538124
1662493208 3301680
1662493209 5278230
1662493210 3744588
1662493211 4455810
1662493212 4336314
1662493213 4018542
1662493214 4381110
1662493215 3329730
1662493216 4117758
1662493217 4015686
1662493218 3268146
1662493219 3914274
1662493220 3035064
1662493221 4003620
1662493222 3908502
1662493223 3886362
1662493224 2907396
1662493225 3648972
1662493226 4639644
1662493227 4878480
1662493228 5181114
1662493229 4329990
1662493230 3858432
1662493231 3597708
1662493232 2586546
1662493233 2566482
1662493234 2766792
1662493235 2856288
1662493236 3249162
1662493237 3081036
1662493238 3489384
1662493239 4032324
1662493240 3287046
1662493241 3824388
1662493242 3968628
1662493243 3937470
1662493244 2065428
1662493245 1187832
1662493246 1331910
1662493247 2355906
1662493248 3212448
1662493249 3201966
1662493250 2764818
1662493251 3028050
1662493252 3397974
1662493253 3049452
1662493254 1683294
1662493255 2595540
1662493256 2877360
1662493257 2023854
1662493258 1265976
1662493259 1230258
1662493260 1088556
1662493261 1054590
1662493262 1188480
1662493263 1967112
1662493264 2340864
1662493265 2153652
1662493266 2502366
1662493267 2399238
1662493268 2721984
1662493269 2329086
1662493270 1893222
1662493271 1742022
1662493272 1680198
1662493273 1366374
1662493274 742944
1662493275 972342
1662493276 1124538
1662493277 808602
1662493278 1204854
1662493279 1714872
1662493280 1811154
1662493281 2330700
1662493282 1762746
1662493283 1698960
1662493284 2065038
1662493285 1768302
1662493286 2041902
1662493287 2099730
1662493288 2077146
1662493289 2031672
1662493290 1830534
1662493291 2018268
1662493292 1857186
1662493293 1961046
1662493294 1943736
1662493295 1728726
1662493296 1682046
1662493297 1710762
1662493298 1987962
1662493299 1857570
1662493300 1582932
1662493301 1782198
1662493302 1784100
1662493303 1981404
1662493304 2045298
1662493305 1709466
1662493306 1896696
1662493307 1607718
1662493308 1103586
1662493309 1440594
1662493310 1294584
1662493311 1300350
1662493312 1289286
1662493313 1364496
1662493314 1338828
1662493315 1176390
1662493316 1302492
1662493317 1359672
1662493318 1386204
1662493319 1389030
1662493320 1184274
1662493321 1257252
1662493322 1304166
1662493323 1466130
1662493324 1300494
1662493325 1192260
1662493326 1262076
1662493327 1214166
1662493328 1366230
1662493329 1387950
1662493330 1190814
1662493331 1253910
1662493332 1283454
1662493333 1383330
1662493334 1373946
1662493335 1259034
1662493336 1282836
1662493337 1254486
1662493338 1403994
1662493339 1367298
1662493340 1201176
1662493341 1233504
1662493342 1309488
1662493343 1358898
1662493344 1434270
1662493345 1140588
1662493346 1328724
1662493347 1686468
1662493348 1832124
1662493349 1813986
1662493350 1165488
1662493351 1271160
1662493352 1303434
1662493353 1402242
1662493354 1474638
1662493355 1363782
1662493356 1382490
1662493357 1414836
1662493358 1438056
1662493359 1293396
1662493360 1247808
1662493361 1384992
1662493362 1383096
1662493363 1483740
1662493364 1501452
1662493365 1321140
1662493366 1289934
1662493367 1400244
1662493368 1346868
1662493369 1728768
1662493370 1916100
1662493371 1867764
1662493372 2041374
1662493373 2103468
1662493374 2295636
1662493375 2102184
1662493376 1982676
1662493377 1507830
1662493378 1578882
1662493379 1460334
1662493380 1304328
1662493381 1358316
1662493382 1414242
1662493383 1495050
1662493384 1504752
1662493385 1338912
1662493386 1516962
1662493387 1386186
1662493388 1486578
1662493389 1439880
1662493390 1354146
1662493391 1495632
1662493392 1467276
1662493393 1455240
1662493394 1460340
1662493395 1149924
1662493396 1332060
1662493397 1224978
1662493398 1420422
1662493399 1500006
1662493400 1303056
1662493401 1469118
1662493402 1410360
1662493403 1426296
1662493404 1541136
1662493405 1284558
1662493406 1448760
1662493407 1379862
1662493408 1466004
1662493409 1337442
1662493410 1157724
1662493411 1347378
1662493412 1342536
1662493413 1420482
1662493414 1444518
1662493415 1311864
1662493416 1390122
1662493417 1444242
1662493418 1486950
1662493419 1425228
1662493420 1324008
1662493421 1398882
1662493422 1536180
1662493423 1642836
1662493424 1434972
1662493425 1212072
1662493426 1292976
1662493427 1351620
1662493428 1404330
1662493429 1343718
1662493430 1206678
1662493431 1274628
1662493432 1137606
1662493433 1393728
1662493434 1234926
1662493435 1186920
1662493436 1218600
1662493437 1330896
1662493438 1509582
1662493439 1577934
1662493440 1328472
1662493441 1456998
1662493442 1428804
1662493443 1609140
1662493444 1600128
1662493445 1424454
1662493446 1732692
1662493447 1661094
1662493448 1507884
1662493449 1539540
1662493450 1356786
1662493451 1490478
1662493452 1575660
1662493453 1571172
1662493454 1537212
1662493455 1385262
1662493456 1364238
1662493457 1437882
1662493458 1418670
1662493459 1510626
1662493460 1266378
1662493461 1379352
1662493462 1440846
1662493463 1520142
1662493464 1509546
1662493465 1220274
1662493466 1440996
1662493467 1418484
1662493468 1488762
1662493469 1445340
1662493470 1268964
1662493471 1485210
1662493472 1455534
1662493473 1442874
1662493474 1542930
1662493475 1295412
1662493476 1540962
1662493477 1381908
1662493478 1413804
1662493479 1581384
1662493480 1543992
1662493481 1751586
1662493482 1756344
1662493483 1773258
1662493484 1960692
1662493485 1685070
1662493486 1854504
1662493487 1801284
1662493488 1802070
1662493489 2022192
1662493490 1785522
1662493491 1898760
1662493492 2024058
1662493493 2034078
1662493494 1961010
1662493495 1646118
1662493496 1958706
1662493497 1898424
1662493498 1981380
1662493499 2027778
1662493500 1791324
1662493501 1959360
1662493502 1986534
1662493503 1987134
1662493504 1987836
1662493505 1733976
1662493506 1958022
1662493507 1994418
1662493508 2119722
1662493509 2150592
1662493510 1648788
1662493511 1795044
1662493512 1835094
1662493513 2041746
1662493514 2062296
1662493515 1702866
1662493516 1887804
1662493517 1847718
1662493518 1993404
1662493519 1936686
1662493520 1778478
1662493521 2140854
1662493522 2017320
1662493523 2094684
1662493524 2001120
1662493525 1623282
1662493526 1820880
1662493527 1947666
1662493528 2014272
1662493529 2130078
1662493530 1667052
1662493531 1926636
1662493532 2009802
1662493533 1937670
1662493534 2097282
1662493535 1675236
1662493536 1901058
1662493537 754


# events lost
1662492404 162888
1662492405 3908886
1662492406 2887296
1662492407 5224578
1662492408 8966514
1662492409 7444428
1662492410 9106638
1662492411 9692568
1662492412 10027140
1662492413 12212316
1662492414 10821774
1662492415 9854592
1662492416 12046422
1662492417 8388972
1662492418 9263700
1662492419 11936634
1662492420 11570040
1662492421 5711772
1662492422 6948660
1662492423 8377350
1662492424 6529926
1662492425 6031734
1662492426 8871816
1662492427 6707364
1662492428 5734506
1662492429 8337282
1662492430 8254812
1662492431 7985868
1662492432 6332208
1662492433 5318826
1662492434 7197252
1662492435 7519272
1662492436 9040944
1662492437 6928008
1662492438 7672884
1662492439 7166028
1662492440 7077840
1662492441 6533508
1662492442 5839134
1662492443 5789982
1662492444 6525300
1662492445 8338320
1662492446 8728662
1662492447 5840838
1662492448 8070714
1662492449 6055506
1662492450 6034788
1662492451 6139548
1662492452 3713196
1662492453 7782282
1662492454 9177942
1662492455 7427082
1662492456 7705956
1662492457 5482326
1662492458 6844182
1662492459 8298054
1662492460 7315308
1662492461 8762316
1662492462 5703918
1662492463 7184250
1662492464 6536220
1662492465 8675304
1662492466 8003160
1662492467 7885080
1662492468 6606060
1662492469 6778470
1662492470 6595044
1662492471 7734564
1662492472 6625122
1662492473 5131548
1662492474 7468614
1662492475 5962734
1662492476 9621774
1662492477 7692042
1662492478 7383138
1662492479 5691150
1662492480 4812030
1662492481 6257646
1662492482 7747200
1662492483 6913020
1662492484 6684936
1662492485 4705500
1662492486 4990800
1662492487 8187882
1662492488 12098142
1662492489 12132078
1662492490 9971538
1662492491 9950658
1662492492 8858472
1662492493 7855452
1662492494 8512308
1662492495 11060766
1662492496 10589400
1662492497 12199278
1662492498 13149432
1662492499 10310598
1662492500 8328732
1662492501 8379042
1662492502 10416060
1662492503 10335948
1662492504 12114270
1662492505 9721620
1662492506 9412014
1662492507 9376566
1662492508 9863796
1662492509 10208502
1662492510 8508354
1662492511 10074990
1662492512 10215078
1662492513 11274960
1662492514 8199510
1662492515 6164730
1662492516 11693934
1662492517 10103118
1662492518 10242600
1662492519 12280536
1662492520 10206000
1662492521 10864134
1662492522 8149140
1662492523 6963048
1662492524 12657270
1662492525 10579056
1662492526 10628112
1662492527 12649140
1662492528 13635888
1662492529 9346968
1662492530 8902836
1662492531 7376166
1662492532 11406252
1662492533 11623590
1662492534 9614130
1662492535 13294206
1662492536 9569148
1662492537 11559144
1662492538 10487346
1662492539 7864056
1662492540 6182796
1662492541 9165624
1662492542 9764316
1662492543 11615898
1662492544 10252248
1662492545 9610548
1662492546 11753748
1662492547 10298334
1662492548 8589942
1662492549 9108282
1662492550 12667902
1662492551 12550926
1662492552 12325698
1662492553 9662838
1662492554 11488728
1662492555 9502164
1662492556 7708860
1662492557 8943372
1662492558 10014378
1662492559 12305064
1662492560 11051364
1662492561 9340284
1662492562 9300258
1662492563 10056336
1662492564 9370404
1662492565 8587434
1662492566 7406850
1662492567 9018258
1662492568 10052202
1662492569 10463394
1662492570 12286098
1662492571 9592008
1662492572 11143962
1662492573 9855924
1662492574 9542796
1662492575 10033164
1662492576 7204956
1662492577 8958528
1662492578 10742586
1662492579 10049202
1662492580 11815170
1662492581 8739384
1662492582 11305734
1662492583 10877394
1662492584 7310622
1662492585 9472248
1662492586 6497904
1662492587 9544740
1662492588 11876820
1662492589 9466848
1662492590 10402074
1662492591 8224104
1662492592 10254744
1662492593 8073552
1662492594 6916932
1662492595 10103580
1662492596 9059766
1662492597 10453926
1662492598 9552780
1662492599 10388400
1662492600 10729782
1662492601 8462838
1662492602 9534318
1662492603 10241508
1662492604 9586362
1662492605 9489162
1662492606 8779494
1662492607 8060646
1662492608 9764034
1662492609 10286838
1662492610 9459174
1662492611 7916388
1662492612 10336878
1662492613 8720928
1662492614 9293472
1662492615 9445476
1662492616 8872104
1662492617 7967946
1662492618 7692330
1662492619 5938050
1662492620 12500262
1662492621 8646384
1662492622 9927324
1662492623 10613448
1662492624 9352770
1662492625 10297476
1662492626 10060482
1662492627 10855692
1662492628 10602000
1662492629 6310392
1662492630 5919852
1662492631 6573372
1662492632 10797192
1662492633 11527266
1662492634 9685848
1662492635 9608142
1662492636 9715164
1662492637 9586794
1662492638 9817842
1662492639 9015222
1662492640 9047544
1662492641 7753446
1662492642 5288928
1662492643 5703282
1662492644 7300920
1662492645 12990036
1662492646 8768766
1662492647 10685550
1662492648 10268784
1662492649 10162584
1662492650 10251888
1662492651 8946678
1662492652 8743632
1662492653 8186742
1662492654 6095502
1662492655 7260702
1662492656 4264722
1662492657 6421986
1662492658 7401672
1662492659 8331714
1662492660 7271646
1662492661 5590596
1662492662 8111688
1662492663 7653786
1662492664 6141798
1662492665 4835220
1662492666 2582658
1662492667 4150380
1662492668 3167526
1662492669 4570950
1662492670 6784650
1662492671 6615588
1662492672 7737066
1662492673 7564962
1662492674 7099464
1662492675 5988522
1662492676 4531386
1662492677 5863548
1662492678 7138974
1662492679 6647202
1662492680 5222070
1662492681 4351884
1662492682 4983012
1662492683 5435556
1662492684 7633578
1662492685 8598048
1662492686 5689290
1662492687 6295530
1662492688 5911530
1662492689 7468182
1662492690 7770798
1662492691 5578278
1662492692 6791220
1662492693 4560258
1662492694 5378460
1662492695 6583500
1662492696 1614630
1662492697 7751556
1662492698 7816554
1662492699 6831000
1662492700 6584124
1662492701 5800854
1662492702 6575142
1662492703 6718776
1662492704 6515016
1662492705 6327804
1662492706 4094250
1662492707 4996956
1662492708 6369492
1662492709 5711538
1662492710 5115102
1662492711 5328846
1662492712 7812726
1662492713 5207166
1662492714 6443430
1662492715 8443164
1662492716 6509520
1662492717 6910488
1662492718 7813218
1662492719 5806410
1662492720 4880112
1662492721 4915200
1662492722 5655240
1662492723 3383604
1662492724 6540936
1662492725 6211170
1662492726 6658902
1662492727 7331214
1662492728 5939706
1662492729 7361346
1662492730 7540146
1662492731 7566744
1662492732 10448592
1662492733 10478268
1662492734 8308230
1662492735 7151958
1662492736 8415036
1662492737 8181948
1662492738 6934644
1662492739 7610208
1662492740 10000422
1662492741 8720298
1662492742 9260094
1662492743 10245060
1662492744 8942700
1662492745 9155634
1662492746 8929104
1662492747 10316862
1662492748 9520218
1662492749 8145498
1662492750 6882030
1662492751 6305556
1662492752 5901444
1662492753 8479668
1662492754 11655702
1662492755 9445758
1662492756 7359240
1662492757 9043014
1662492758 9858654
1662492759 9612288
1662492760 8366082
1662492761 7666872
1662492762 10471968
1662492763 9847728
1662492764 6772026
1662492765 5773608
1662492766 8467056
1662492767 9228600
1662492768 10648698
1662492769 9683004
1662492770 9422076
1662492771 8151444
1662492772 10594464
1662492773 9891642
1662492774 9300582
1662492775 7314276
1662492776 6428538
1662492777 6983028
1662492778 7506438
1662492779 7116096
1662492780 7764132
1662492781 7421334
1662492782 10130874
1662492783 8556258
1662492784 8755506
1662492785 8949414
1662492786 7372632
1662492787 9259680
1662492788 8746998
1662492789 6229944
1662492790 9139740
1662492791 7292388
1662492792 8453106
1662492793 6177246
1662492794 8851308
1662492795 9620862
1662492796 8518596
1662492797 8493324
1662492798 8910360
1662492799 8646552
1662492800 8724768
1662492801 8106150
1662492802 8589258
1662492803 8195826
1662492804 6993594
1662492805 7653384
1662492806 7101474
1662492807 9701250
1662492808 9046224
1662492809 11025702
1662492810 7463784
1662492811 7746486
1662492812 9722826
1662492813 5841564
1662492814 6412170
1662492815 5520180
1662492816 5558634
1662492817 5347422
1662492818 5074170
1662492819 5278092
1662492820 4441752
1662492821 4896294
1662492822 6760050
1662492823 6946194
1662492824 6790182
1662492825 7214928
1662492826 5082594
1662492827 7245486
1662492828 5309562
1662492829 6539082
1662492830 5662464
1662492831 3786342
1662492832 1840572
1662492833 4148994
1662492834 3966984
1662492835 2678898
1662492836 5249478
1662492837 6989892
1662492838 6567000
1662492839 6113676
1662492840 5394870
1662492841 6199380
1662492842 7426524
1662492843 4834008
1662492844 7072326
1662492845 4746546
1662492846 3287778
1662492847 5793012
1662492848 4598700
1662492849 4687110
1662492850 6361242
1662492851 5616984
1662492852 5349210
1662492853 7591656
1662492854 6629814
1662492855 6459078
1662492856 5553966
1662492857 5114028
1662492858 4762476
1662492859 5136474
1662492860 3614766
1662492861 3750780
1662492862 7344306
1662492863 5127372
1662492864 4160970
1662492865 4948356
1662492866 4572312
1662492867 4533120
1662492868 5679408
1662492869 4359552
1662492870 5172618
1662492871 4672908
1662492872 6595116
1662492873 4398156
1662492874 4963368
1662492875 5106012
1662492876 4434618
1662492877 4793202
1662492878 6005292
1662492879 5358090
1662492880 5593362
1662492881 5233980
1662492882 4406952
1662492883 5820066
1662492884 5122458
1662492885 5554992
1662492886 2785920
1662492887 5173158
1662492888 4789668
1662492889 4776666
1662492890 5453964
1662492891 4884486
1662492892 4454460
1662492893 6701016
1662492894 4791864
1662492895 6454542
1662492896 4478934
1662492897 5236272
1662492898 5505426
1662492899 5266146
1662492900 3211908
1662492901 3050610
1662492902 6155490
1662492903 3932910
1662492904 6375966
1662492905 6454290
1662492906 4861710
1662492907 4362828
1662492908 6284586
1662492909 7358106
1662492910 9668658
1662492911 6301086
1662492912 6458514
1662492913 6332598
1662492914 6540090
1662492915 5598126
1662492916 5542260
1662492917 7073568
1662492918 5916762
1662492919 7352844
1662492920 7062258
1662492921 7653906
1662492922 6644964
1662492923 7897428
1662492924 7994928
1662492925 8428296
1662492926 6258756
1662492927 6556440
1662492928 6528324
1662492929 8051634
1662492930 7035006
1662492931 6391764
1662492932 5254644
1662492933 6126498
1662492934 8281782
1662492935 8116818
1662492936 6621726
1662492937 6361458
1662492938 7826742
1662492939 7461120
1662492940 4874880
1662492941 5770386
1662492942 7918080
1662492943 7628448
1662492944 6913668
1662492945 6845892
1662492946 4962606
1662492947 9378222
1662492948 7080930
1662492949 6528420
1662492950 6399018
1662492951 4268850
1662492952 4502730
1662492953 5269422
1662492954 5043606
1662492955 4518564
1662492956 4790916
1662492957 4054932
1662492958 5219814
1662492959 1650522
1662492960 4475112
1662492961 5441592
1662492962 3901116
1662492963 5312652
1662492964 4366668
1662492965 5099160
1662492966 4475862
1662492967 4949832
1662492968 5011200
1662492969 2329260
1662492970 5693766
1662492971 4118352
1662492972 6277608
1662492973 4102968
1662492974 6247596
1662492975 4843992
1662492976 5551782
1662492977 3657270
1662492978 4871196
1662492979 4891848
1662492980 3873396
1662492981 4641612
1662492982 6470298
1662492983 4062216
1662492984 5204100
1662492985 5408514
1662492986 2569572
1662492987 5705982
1662492988 4988442
1662492989 5540346
1662492990 6869544
1662492991 2616798
1662492992 4273092
1662492993 4744770
1662492994 5288076
1662492995 4036248
1662492996 4237746
1662492997 5379612
1662492998 3977070
1662492999 4891542
1662493000 4134816
1662493001 4377138
1662493002 3480024
1662493003 5232924
1662493004 4081722
1662493005 5087148
1662493006 4637148
1662493007 3705420
1662493008 5148924
1662493009 4148604
1662493010 3668298
1662493011 3216084
1662493012 3237906
1662493013 4003662
1662493014 4434222
1662493015 4083138
1662493016 5673444
1662493017 5645760
1662493018 1657302
1662493019 2764704
1662493020 4338186
1662493021 3416502
1662493022 3159012
1662493023 4894572
1662493024 4874922
1662493025 4690074
1662493026 4010664
1662493027 4345986
1662493028 2795892
1662493029 5013972
1662493030 3827856
1662493031 4840080
1662493032 4387800
1662493033 3852186
1662493034 5035548
1662493035 5288412
1662493036 4290702
1662493037 3727584
1662493038 4184928
1662493039 3176712
1662493040 4108512
1662493041 2119068
1662493042 1092840
1662493043 1295088
1662493044 3386718
1662493045 930852
1662493046 1112760
1662493048 676914
1662493049 1191072
1662493050 3260094
1662493051 3836778
1662493052 2616924
1662493053 5111748
1662493054 3147270
1662493055 4514766
1662493056 3322704
1662493057 4870890
1662493058 3101418
1662493059 2361180
1662493060 3299700
1662493061 3712728
1662493062 2572656
1662493063 2136990
1662493064 2594370
1662493065 2957226
1662493066 3276174
1662493067 3601644
1662493068 4563450
1662493069 4311960
1662493070 4944042
1662493071 2572488
1662493072 2417040
1662493073 4014000
1662493074 5229240
1662493075 4113126
1662493076 4440174
1662493077 4243278
1662493078 4935294
1662493079 4424442
1662493080 3620892
1662493081 3702462
1662493082 4195056
1662493083 3243726
1662493084 3993690
1662493085 3989640
1662493086 4434456
1662493087 3383970
1662493088 3247338
1662493089 4136886
1662493090 3473364
1662493091 2534976
1662493092 4605216
1662493093 3409260
1662493094 3812934
1662493095 3924228
1662493096 4329792
1662493097 4201314
1662493098 4785282
1662493099 3959766
1662493100 3575028
1662493101 3429648
1662493102 2376474
1662493103 2902638
1662493104 2757312
1662493105 2449884
1662493106 3169392
1662493107 3419448
1662493108 3460710
1662493109 3444222
1662493110 4517904
1662493111 3882714
1662493112 3938010
1662493113 4225170
1662493114 3617508
1662493115 5708784
1662493116 2905056
1662493117 3557058
1662493118 3235680
1662493119 1617390
1662493120 2429802
1662493121 629442
1662493122 2378634
1662493123 3022206
1662493124 1347474
1662493125 1851396
1662493126 1360338
1662493127 1597164
1662493128 2544456
1662493129 1924386
1662493130 2748900
1662493131 728268
1662493132 688512
1662493133 1870776
1662493134 459396
1662493135 1944456
1662493136 2336904
1662493137 2648040
1662493138 624636
1662493139 934248
1662493140 1782582
1662493141 1677402
1662493142 2024076
1662493143 2371362
1662493144 1508976
1662493145 1622706
1662493146 338688
1662493147 1084488
1662493148 1217232
1662493149 1098996
1662493150 2114832
1662493151 1331316
1662493152 3256326
1662493153 2124570
1662493154 1672056
1662493155 1313034
1662493156 2573454
1662493157 2031468
1662493158 1286730
1662493159 1380720
1662493160 2028810
1662493161 2461656
1662493162 2270406
1662493163 1704444
1662493164 2893902
1662493165 496122
1662493166 2113044
1662493167 3010980
1662493168 2060070
1662493169 870810
1662493170 1912122
1662493171 2009136
1662493172 1712976
1662493173 1267788
1662493174 2700582
1662493175 1111668
1662493176 2908476
1662493177 1389906
1662493178 2741868
1662493179 1797906
1662493180 3163008
1662493181 3886326
1662493182 1654590
1662493183 1607196
1662493184 4111020
1662493185 2476998
1662493186 1557996
1662493187 1966032
1662493188 1216146
1662493189 2253810
1662493190 1425462
1662493191 1863000
1662493192 422868
1662493193 419928
1662493194 2169030
1662493195 1812342
1662493196 936012
1662493197 1619388
1662493198 2976048
1662493199 20034
1662493200 985212
1662493201 1272144
1662493202 1356114
1662493203 1818900
1662493204 1236312
1662493205 1166094
1662493206 1763376
1662493207 1106052
1662493208 2634762
1662493209 881406
1662493210 1068726
1662493211 1272114
1662493212 1355772
1662493213 1435164
1662493214 970488
1662493215 2128866
1662493216 1426878
1662493217 787698
1662493218 1379388
1662493219 1119690
1662493220 1430772
1662493221 1293018
1662493222 1316454
1662493223 1324674
1662493224 2208198
1662493225 993600
1662493226 670488
1662493227 571206
1662493228 334392
1662493229 1002528
1662493230 730878
1662493231 570222
1662493232 435144
1662493233 595374
1662493234 696624
1662493235 1299792
1662493236 1015782
1662493237 910830
1662493238 295962
1662493244 1927116
1662493245 2669196
1662493246 2690220
1662493247 1947984
1662493248 1352838
1662493249 1145646
1662493250 1066404
1662493251 925308
1662493252 755112
1662493253 817212
1662493254 2051274
1662493255 1566912
1662493256 2195490
1662493257 2105976
1662493258 2512536
1662493259 2587878
1662493260 2543748
1662493261 2973966
1662493262 2724030
1662493263 1106460
1662493264 1004646
1662493265 685224
1662493266 902940
1662493267 914370
1662493268 546390
1662493269 957144
1662493270 825108
1662493271 1416408
1662493272 1473312
1662493273 1802502
1662493274 2132790
1662493275 1849386
1662493276 2010546
1662493277 1868916
1662493278 835374
1662493279 449586
1662493280 550716
1662493281 636942
1662493282 657996
1662493283 540552
