# events called
1662514727 3687526
1662514728 9106
1662514729 10564068
1662514730 15031062
1662514731 14833518
1662514732 14487678
1662514733 13754418
1662514734 14773542
1662514735 15297048
1662514736 14146950
1662514737 14054514
1662514738 13435794
1662514739 14085624
1662514740 15069504
1662514741 13592850
1662514742 14867406
1662514743 13603548
1662514744 13545072
1662514745 14102580
1662514746 14172978
1662514747 13761132
1662514748 13529568
1662514749 13836126
1662514750 14150010
1662514751 13546326
1662514752 13690992
1662514753 12954804
1662514754 13515102
1662514755 14496264
1662514756 14630214
1662514757 12799782
1662514758 12169158
1662514759 14230170
1662514760 14855370
1662514761 13200570
1662514762 12682536
1662514763 14003742
1662514764 12688932
1662514765 13773912
1662514766 14542296
1662514767 12881196
1662514768 14188920
1662514769 13290702
1662514770 13816680
1662514771 13321680
1662514772 12739644
1662514773 13911498
1662514774 12340104
1662514775 14776440
1662514776 13098216
1662514777 14680638
1662514778 12449556
1662514779 13937286
1662514780 12805992
1662514781 13649022
1662514782 14446716
1662514783 11779368
1662514784 15135282
1662514785 11959914
1662514786 14427534
1662514787 13996266
1662514788 11695134
1662514789 15251034
1662514790 11976294
1662514791 13926546
1662514792 14567070
1662514793 11221362
1662514794 15290994
1662514795 13878654
1662514796 12261528
1662514797 15241932
1662514798 12999012
1662514799 12426846
1662514800 14641122
1662514801 14819184
1662514802 10994880
1662514803 13519572
1662514804 15144330
1662514805 11265690
1662514806 14618748
1662514807 15343146
1662514808 11513346
1662514809 12827868
1662514810 15452496
1662514811 15536016
1662514812 11066202
1662514813 13012218
1662514814 14953686
1662514815 13381698
1662514816 10535262
1662514817 14929608
1662514818 14458782
1662514819 13123584
1662514820 11805558
1662514821 15301104
1662514822 14899056
1662514823 12081234
1662514824 11288994
1662514825 14886966
1662514826 15164328
1662514827 13707300
1662514828 9816354
1662514829 14976528
1662514830 15199134
1662514831 13693896
1662514832 10328286
1662514833 12876216
1662514834 15431598
1662514835 15135786
1662514836 12019260
1662514837 11210328
1662514838 14189598
1662514839 15261096
1662514840 14866146
1662514841 10976298
1662514842 11806230
1662514843 14003694
1662514844 15140328
1662514845 15271788
1662514846 11042946
1662514847 11100456
1662514848 13526970
1662514849 15111282
1662514850 14993550
1662514851 11414766
1662514852 10920966
1662514853 13611264
1662514854 14779260
1662514855 14657658
1662514856 13510014
1662514857 10980174
1662514858 13099686
1662514859 15175080
1662514860 14578446
1662514861 15289848
1662514862 11045730
1662514863 10142868
1662514864 15218226
1662514865 14658168
1662514866 14619024
1662514867 13718268
1662514868 10707804
1662514869 10947240
1662514870 14313480
1662514871 14485536
1662514872 15108090
1662514873 12249354
1662514874 10835400
1662514875 10938372
1662514876 14383896
1662514877 15021090
1662514878 13243992
1662514879 15063132
1662514880 11366724
1662514881 10127634
1662514882 13209372
1662514883 13946346
1662514884 14825388
1662514885 14847696
1662514886 12670944
1662514887 11224236
1662514888 10155960
1662514889 15409728
1662514890 14392050
1662514891 15414894
1662514892 15072150
1662514893 11179956
1662514894 10923438
1662514895 11480394
1662514896 14710404
1662514897 15131256
1662514898 13596150
1662514899 14845614
1662514900 11958564
1662514901 11451864
1662514902 10824642
1662514903 14098860
1662514904 14879916
1662514905 14803398
1662514906 15067524
1662514907 14415264
1662514908 10256214
1662514909 10847166
1662514910 10356822
1662514911 14662698
1662514912 14829510
1662514913 15076764
1662514914 14215032
1662514915 13475424
1662514916 9973776
1662514917 9919992
1662514918 12078234
1662514919 14982228
1662514920 13524258
1662514921 14898948
1662514922 14905866
1662514923 14567634
1662514924 11940150
1662514925 10564434
1662514926 10760328
1662514927 13482936
1662514928 14888802
1662514929 14553504
1662514930 13344444
1662514931 14653704
1662514932 14553918
1662514933 10173654
1662514934 11544324
1662514935 9057504
1662514936 14187942
1662514937 14701452
1662514938 14740488
1662514939 14395212
1662514940 12767592
1662514941 13121574
1662514942 11119608
1662514943 10744806
1662514944 11029752
1662514945 13446990
1662514946 14304210
1662514947 14517870
1662514948 14369802
1662514949 14588502
1662514950 12959916
1662514951 10194306
1662514952 10292898
1662514953 10364706
1662514954 12931788
1662514955 12739524
1662514956 14269206
1662514957 14004384
1662514958 13421874
1662514959 13716630
1662514960 9828288
1662514961 11167374
1662514962 9999246
1662514963 12073602
1662514964 13998084
1662514965 11817486
1662514966 13402854
1662514967 12468960
1662514968 13643364
1662514969 11993712
1662514970 10214544
1662514971 10940430
1662514972 10432230
1662514973 13324656
1662514974 13208106
1662514975 12245808
1662514976 14752482
1662514977 13917486
1662514978 13895916
1662514979 11677818
1662514980 9433548
1662514981 10253928
1662514982 11023986
1662514983 12735588
1662514984 14301534
1662514985 11814444
1662514986 13268664
1662514987 13984086
1662514988 13081062
1662514989 13744620
1662514990 9740724
1662514991 11326764
1662514992 10902594
1662514993 10226388
1662514994 12956238
1662514995 12472428
1662514996 13011708
1662514997 13613550
1662514998 14092476
1662514999 13033710
1662515000 11791326
1662515001 10794726
1662515002 11224848
1662515003 8964906
1662515004 9055872
1662515005 14318628
1662515006 13502946
1662515007 13196760
1662515008 12093942
1662515009 13317390
1662515010 14790246
1662515011 12913578
1662515012 11026338
1662515013 10219554
1662515014 10982298
1662515015 10296276
1662515016 10849764
1662515017 13692600
1662515018 12307092
1662515019 13558962
1662515020 13150470
1662515021 13149042
1662515022 13541202
1662515023 11087670
1662515024 10479396
1662515025 10504164
1662515026 8855262
1662515027 10479426
1662515028 12093162
1662515029 14331546
1662515030 13010172
1662515031 14068980
1662515032 13292436
1662515033 11491950
1662515034 12732996
1662515035 11517300
1662515036 10492440
1662515037 10552986
1662515038 8531970
1662515039 9604746
1662515040 11135370
1662515041 14466738
1662515042 13537236
1662515043 11578212
1662515044 12572514
1662515045 13300446
1662515046 12843552
1662515047 13076826
1662515048 10706394
1662515049 10017012
1662515050 9676548
1662515051 10661124
1662515052 9480072
1662515053 8736834
1662515054 14480742
1662515055 13429884
1662515056 12762966
1662515057 13125462
1662515058 11917008
1662515059 14186544
1662515060 13806996
1662515061 12920988
1662515062 9602874
1662515063 8933298
1662515064 10255434
1662515065 10437438
1662515066 9734334
1662515067 11791914
1662515068 12624876
1662515069 13367796
1662515070 13112430
1662515071 13085718
1662515072 12903942
1662515073 11546436
1662515074 13163592
1662515075 12619914
1662515076 9914172
1662515077 9442800
1662515078 9103722
1662515079 9447666
1662515080 9605766
1662515081 13243848
1662515082 14124216
1662515083 10084410
1662515084 13270074
1662515085 13821228
1662515086 14198142
1662515087 12941544
1662515088 10452066
1662515089 10898928
1662515090 10636578
1662515091 9471840
1662515092 10095630
1662515093 8850432
1662515094 9810222
1662515095 13546086
1662515096 13640598
1662515097 13294404
1662515098 10483776
1662515099 12535758
1662515100 13031478
1662515101 12628080
1662515102 13140276
1662515103 9044820
1662515104 10345428
1662515105 9651330
1662515106 9905154
1662515107 9666810
1662515108 9022020
1662515109 14382912
1662515110 12243564
1662515111 11959110
1662515112 12322986
1662515113 10477440
1662515114 13043616
1662515115 12295200
1662515116 11635134
1662515117 10062564
1662515118 7903296
1662515119 9603912
1662515120 10012536
1662515121 10036392
1662515122 12580944
1662515123 12171324
1662515124 13207302
1662515125 11911338
1662515126 12482100
1662515127 11888664
1662515128 10071192
1662515129 12709806
1662515130 10933140
1662515131 11368584
1662515132 11156604
1662515133 10089960
1662515134 10614648
1662515135 9513384
1662515136 13334910
1662515137 12882150
1662515138 10728138
1662515139 12764022
1662515140 12839448
1662515141 12410286
1662515142 12157140
1662515143 9986568
1662515144 10798788
1662515145 10066752
1662515146 9582696
1662515147 9866034
1662515148 8811054
1662515149 10537650
1662515150 14253348
1662515151 12374532
1662515152 12496836
1662515153 10319730
1662515154 13235028
1662515155 12519450
1662515156 12030576
1662515157 10922370
1662515158 8442294
1662515159 9495150
1662515160 9821016
1662515161 9799464
1662515162 9239010
1662515163 10541046
1662515164 13598118
1662515165 12407322
1662515166 11426208
1662515167 12449478
1662515168 10896528
1662515169 12651690
1662515170 12145092
1662515171 11265648
1662515172 10426542
1662515173 8742180
1662515174 9676278
1662515175 9601668
1662515176 9314520
1662515177 13162452
1662515178 10651938
1662515179 12444684
1662515180 12335892
1662515181 12426546
1662515182 12125748
1662515183 10571694
1662515184 11257386
1662515185 10740864
1662515186 9913230
1662515187 9375030
1662515188 8507568
1662515189 10733856
1662515190 10060332
1662515191 13371036
1662515192 11652930
1662515193 10266630
1662515194 12886080
1662515195 11520072
1662515196 11458596
1662515197 12516528
1662515198 8361198
1662515199 9236358
1662515200 9125550
1662515201 9853566
1662515202 9324216
1662515203 8794104
1662515204 13706166
1662515205 12519558
1662515206 12239754
1662515207 12294366
1662515208 10311990
1662515209 12816516
1662515210 12174840
1662515211 11978868
1662515212 10572762
1662515213 7992726
1662515214 9909528
1662515215 10104810
1662515216 10391226
1662515217 9931002
1662515218 10697388
1662515219 12979920
1662515220 12058608
1662515221 12670074
1662515222 11561424
1662515223 10371144
1662515224 13004310
1662515225 11107560
1662515226 9991938
1662515227 9323490
1662515228 8667744
1662515229 9724578
1662515230 9894624
1662515231 9740592
1662515232 11042466
1662515233 8651916
1662515234 11045340
1662515235 12141702
1662515236 12507066
1662515237 12186420
1662515238 10858986
1662515239 10816326
1662515240 9900066
1662515241 9827160
1662515242 9192192
1662515243 8035878
1662515244 9725688
1662515245 9721938
1662515246 11975838
1662515247 12314544
1662515248 8948556
1662515249 11269020
1662515250 12496938
1662515251 12262848
1662515252 11712126
1662515253 8206758
1662515254 9848076
1662515255 9463158
1662515256 9505170
1662515257 9695070
1662515258 8445882
1662515259 9995472
1662515260 12527784
1662515261 12191274
1662515262 12152346
1662515263 8501058
1662515264 11576514
1662515265 12315552
1662515266 12484194
1662515267 10272780
1662515268 8117112
1662515269 9133536
1662515270 10005570
1662515271 9477696
1662515272 9774030
1662515273 8986584
1662515274 10186248
1662515275 12470742
1662515276 12542568
1662515277 12245322
1662515278 8572254
1662515279 11760354
1662515280 12415410
1662515281 10854912
1662515282 9787218
1662515283 8418288
1662515284 9284694
1662515285 9445062
1662515286 9411144
1662515287 9626358
1662515288 8179314
1662515289 10256484
1662515290 10201380
1662515291 11054820
1662515292 9888864
1662515293 8776188
1662515294 10831518
1662515295 9635784
1662515296 9783582
1662515297 9318726
1662515298 8524410
1662515299 9435438
1662515300 9661758
1662515301 9711570
1662515302 10594470
1662515303 8092482
1662515304 10564632
1662515305 9387246
1662515306 9627168
1662515307 9527382
1662515308 8015256
1662515309 9175086
1662515310 9601836
1662515311 9948504
1662515312 9296220
1662515313 7826646
1662515314 9751260
1662515315 10260000
1662515316 8964690
1662515317 9645582
1662515318 8461860
1662515319 9987756
1662515320 10347288
1662515321 10075386
1662515322 9482718
1662515323 8067480
1662515324 9652290
1662515325 9269118
1662515326 9491682
1662515327 9307140
1662515328 7517514
1662515329 8999802
1662515330 9708588
1662515331 9857478
1662515332 9809412
1662515333 8491488
1662515334 10358682
1662515335 9800136
1662515336 9179940
1662515337 9820638
1662515338 7889412
1662515339 9396384
1662515340 9800784
1662515341 8995806
1662515342 9293328
1662515343 7734132
1662515344 9867936
1662515345 9697782
1662515346 10094184
1662515347 9840630
1662515348 8440266
1662515349 10073406
1662515350 9515592
1662515351 8947386
1662515352 9379512
1662515353 8038266
1662515354 8733804
1662515355 9682086
1662515356 9400050
1662515357 9068058
1662515358 7943886
1662515359 10220958
1662515360 9523104
1662515361 9809424
1662515362 9749088
1662515363 8442570
1662515364 10101936
1662515365 9424086
1662515366 8666658
1662515367 9825018
1662515368 7623564
1662515369 9866118
1662515370 9460386
1662515371 9126660
1662515372 9020190
1662515373 7621902
1662515374 10442520
1662515375 9685086
1662515376 9664170
1662515377 9719580
1662515378 7925298
1662515379 8623098
1662515380 9201366
1662515381 9420462
1662515382 8925438
1662515383 7705884
1662515384 8207040
1662515385 9195864
1662515386 8860956
1662515387 9401328
1662515388 7522650
1662515389 9091866
1662515390 10294272
1662515391 9397866
1662515392 9647784
1662515393 8126496
1662515394 8800092
1662515395 8771040
1662515396 8516820
1662515397 9036096
1662515398 7670418
1662515399 7732260
1662515400 8158788
1662515401 9092844
1662515402 9598548
1662515403 6827814
1662515404 9042492
1662515405 9434106
1662515406 8850168
1662515407 9027126
1662515408 9134286
1662515409 9082368
1662515410 7628976
1662515411 7374780
1662515412 7942974
1662515413 6438606
1662515414 7449624
1662515415 7530468
1662515416 7509966
1662515417 8959752
1662515418 6173412
1662515419 8156298
1662515420 8531844
1662515421 7786260
1662515422 8119002
1662515423 6407208
1662515424 7621308
1662515425 7184616
1662515426 7461420
1662515427 7313286
1662515428 6150942
1662515429 7494750
1662515430 7039626
1662515431 7176234
1662515432 7526070
1662515433 6846186
1662515434 8373828
1662515435 7860312
1662515436 8437170
1662515437 7384380
1662515438 6547614
1662515439 7110078
1662515440 7231218
1662515441 7139946
1662515442 7176486
1662515443 6086664
1662515444 7584900
1662515445 6793272
1662515446 7742526
1662515447 8224308
1662515448 6545946
1662515449 8302842
1662515450 7961724
1662515451 7690038
1662515452 7334850
1662515453 6099846
1662515454 7379688
1662515455 7085358
1662515456 7309998
1662515457 7430178
1662515458 6458502
1662515459 7378410
1662515460 7298952
1662515461 7701720
1662515462 7964874
1662515463 6387882
1662515464 7826760
1662515465 8101146
1662515466 7744596
1662515467 7316760
1662515468 7570800
1662515469 8346948
1662515470 7115898
1662515471 7352040
1662515472 7172088
1662515473 6310932
1662515474 7443966
1662515475 7523946
1662515476 7776414
1662515477 7789116
1662515478 6517014
1662515479 7861032
1662515480 7766034
1662515481 7366992
1662515482 7549140
1662515483 7321500
1662515484 8745096
1662515485 6971634
1662515486 7350006
1662515487 7257432
1662515488 6176580
1662515489 7154964
1662515490 7607388
1662515491 8065182
1662515492 7924884
1662515493 6302700
1662515494 8005488
1662515495 7793976
1662515496 7829556
1662515497 7020546
1662515498 6115590
1662515499 7539960
1662515500 7016676
1662515501 6987912
1662515502 7377330
1662515503 6126096
1662515504 7025970
1662515505 7963116
1662515506 8199972
1662515507 7633056
1662515508 6470742
1662515509 8092188
1662515510 7955130
1662515511 7602768
1662515512 7045536
1662515513 6612102
1662515514 7665294
1662515515 7277586
1662515516 7134348
1662515517 7453806
1662515518 6053748
1662515519 7421052
1662515520 7346472
1662515521 7751730
1662515522 7875288
1662515523 6642192
1662515524 7854612
1662515525 7543512
1662515526 7729824
1662515527 7274052
1662515528 5772210
1662515529 6759126
1662515530 7268736
1662515531 7212000
1662515532 7157034
1662515533 6241470
1662515534 7338810
1662515535 7638774
1662515536 7726566
1662515537 7718286
1662515538 6257154
1662515539 8225472
1662515540 7936440
1662515541 7556736
1662515542 7043316
1662515543 6372738
1662515544 7347822
1662515545 7497894
1662515546 7095846
1662515547 7490640
1662515548 6015672
1662515549 7275354
1662515550 6472458
1662515551 7233414
1662515552 6917670
1662515553 5676942
1662515554 7814136
1662515555 7858398
1662515556 6911004
1662515557 6316110
1662515558 5450706
1662515559 6147804
1662515560 5835720
1662515561 5721372
1662515562 5516964
1662515563 5785488
1662515564 5627100
1662515565 5307138
1662515566 5828016
1662515567 6009882
1662515568 5133264
1662515569 6687786
1662515570 7137372
1662515571 5912250
1662515572 5916180
1662515573 5326266
1662515574 5566722
1662515575 5823420
1662515576 5827746
1662515577 5775804
1662515578 5212296
1662515579 5175306
1662515580 5142738
1662515581 5566308
1662515582 5791602
1662515583 4970124
1662515584 5894862
1662515585 6089400
1662515586 5632296
1662515587 5549754
1662515588 5025978
1662515589 5140386
1662515590 5409648
1662515591 5343948
1662515592 5583018
1662515593 4920348
1662515594 5187144
1662515595 5453172
1662515596 5106918
1662515597 4642380
1662515598 4031442
1662515599 4706118
1662515600 5044368
1662515601 5122344
1662515602 5240970
1662515603 4479630
1662515604 5102286
1662515605 5171148
1662515606 5258796
1662515607 5100120
1662515608 4699620
1662515609 5771772
1662515610 5098722
1662515611 5130810
1662515612 5510520
1662515613 4675038
1662515614 5473398
1662515615 5440080
1662515616 5439030
1662515617 5506380
1662515618 4788834
1662515619 5420028
1662515620 5328036
1662515621 5615208
1662515622 5195190
1662515623 4739094
1662515624 5484726
1662515625 5298750
1662515626 5369646
1662515627 5233476
1662515628 4813026
1662515629 5510430
1662515630 6466698
1662515631 5685942
1662515632 5293260
1662515633 4552518
1662515634 5393340
1662515635 5485062
1662515636 5590968
1662515637 5308452
1662515638 4706544
1662515639 5535546
1662515640 5322672
1662515641 5263512
1662515642 5351508
1662515643 3823962
1662515644 4314156
1662515645 4048488
1662515646 4156632
1662515647 4076238
1662515648 3482070
1662515649 4098660
1662515650 3949038
1662515651 3930186
1662515652 3928848
1662515653 3788538
1662515654 5310660
1662515655 4429482
1662515656 4230840
1662515657 4012452
1662515658 4201824
1662515659 3609972
1662515660 3119310
1662515661 3353904
1662515662 3275136
1662515663 2928900
1662515664 3447474
1662515665 3333552
1662515666 3111570
1662515667 3140730
1662515668 2661426
1662515669 3190842
1662515670 3136800
1662515671 3263424
1662515672 3213558
1662515673 2619414
1662515674 2655486
1662515675 2350824
1662515676 2633616
1662515677 2531586
1662515678 2845020
1662515679 4002372
1662515680 4181424
1662515681 2731140
1662515682 3013842
1662515683 2637522
1662515684 2925468
1662515685 2689986
1662515686 2856114
1662515687 2635086
1662515688 2186514
1662515689 1784166
1662515690 2011020
1662515691 2097858
1662515692 2106342
1662515693 1799658
1662515694 2069796
1662515695 2187492
1662515696 2040798
1662515697 1935648
1662515698 1831200
1662515699 1993884
1662515700 2004678
1662515701 2061978
1662515702 2060784
1662515703 1742460
1662515704 1879626
1662515705 1686456
1662515706 1712436
1662515707 1768374
1662515708 1488294
1662515709 1633428
1662515710 1723578
1662515711 1778232
1662515712 1701498
1662515713 1401732
1662515714 1572018
1662515715 1560078
1662515716 1697466
1662515717 1583742
1662515718 1467744
1662515719 1560288
1662515720 1184148
1662515721 886758
1662515722 1319778
1662515723 1346592
1662515724 1352256
1662515725 1226964
1662515726 1377630
1662515727 1362372
1662515728 1201080
1662515729 1274748
1662515730 1209066
1662515731 1338144
1662515732 1401168
1662515733 1235076
1662515734 1333452
1662515735 1274460
1662515736 1271298
1662515737 1360182
1662515738 1250652
1662515739 1356258
1662515740 1168560
1662515741 1356492
1662515742 1378956
1662515743 1179192
1662515744 1234602
1662515745 1267362
1662515746 1353222
1662515747 1490706
1662515748 1303098
1662515749 1435638
1662515750 1304478
1662515751 1416822
1662515752 1470246
1662515753 1326546
1662515754 1397658
1662515755 1360182
1662515756 1459218
1662515757 1519722
1662515758 1321386
1662515759 1515420
1662515760 1358634
1662515761 1423164
1662515762 1527096
1662515763 1323714
1662515764 1354866
1662515765 1449594
1662515766 1410216
1662515767 1473720
1662515768 1310964
1662515769 1388400
1662515770 1356012
1662515771 1631376
1662515772 1484454
1662515773 1379124
1662515774 1563600
1662515775 1413432
1662515776 1470420
1662515777 1502286
1662515778 1316148
1662515779 1427610
1662515780 1433520
1662515781 1452114
1662515782 1442046
1662515783 1286136
1662515784 1503030
1662515785 1473354
1662515786 1433322
1662515787 1472496
1662515788 1313868
1662515789 1413144
1662515790 1383750
1662515791 1392678
1662515792 1530762
1662515793 1174176
1662515794 1375986
1662515795 1477974
1662515796 1475880
1662515797 1487526
1662515798 1327392
1662515799 1376778
1662515800 1426968
1662515801 1378734
1662515802 1509738
1662515803 1341462
1662515804 1457310
1662515805 1334388
1662515806 1394754
1662515807 1444254
1662515808 1309134
1662515809 1410900
1662515810 1349832
1662515811 1371774
1662515812 1483848
1662515813 1327980
1662515814 1426500
1662515815 1376790
1662515816 1428042
1662515817 1712574
1662515818 1536036
1662515819 1640538
1662515820 1351914
1662515821 1306902
1662515822 1460262
1662515823 1249842
1662515824 1317528
1662515825 1342368
1662515826 1493316
1662515827 1478784
1662515828 1272168
1662515829 1510272
1662515830 1353006
1662515831 1528296
1662515832 1430544
1662515833 1419192
1662515834 1550838
1662515835 1458924
1662515836 1296726
1662515837 1418304
1662515838 1332444
1662515839 1434528
1662515840 1371228
1662515841 1361616
1662515842 1493934
1662515843 1194450
1662515844 1270332
1662515845 1316766
1662515846 1237512
1662515847 1411770
1662515848 1363872
1662515849 1571988
1662515850 1617744
1662515851 1699650
1662515852 1756638
1662515853 1383732
1662515854 1467492
1662515855 1849080
1662515856 1811394
1662515857 1891986
1662515858 1557492
1662515859 1509642
1662515860 1474056
1662515861 1521078
1662515862 1539492
1662515863 1503444
1662515864 1754382
1662515865 1625184
1662515866 1570470
1662515867 1525380
1662515868 1335504
1662515869 1458720
1662515870 1410204
1662515871 1488648
1662515872 1545210
1662515873 1489146
1662515874 1623708
1662515875 1623594
1662515876 1552146
1662515877 1600440
1662515878 1399350
1662515879 1484556
1662515880 1531956
1662515881 1479768
1662515882 1512846
1662515883 1323786
1662515884 1657248
1662515885 1604256
1662515886 1799916
1662515887 1680072
1662515888 1522356
1662515889 1769586
1662515890 1812162
1662515891 2034972
1662515892 2097804
1662515893 1702500
1662515894 1979130
1662515895 1925160
1662515896 1940406
1662515897 2031108
1662515898 1628832
1662515899 1799970
1662515900 1940682
1662515901 1882110
1662515902 1955064
1662515903 1603104
1662515904 1846836
1662515905 1934904
1662515906 2027928
1662515907 2102586
1662515908 1735092
1662515909 1969110
1662515910 1929306
1662515911 1955064
1662515912 2065176
1662515913 1719468
1662515914 2055636
1662515915 1967532
1662515916 1964160
1662515917 1965414
1662515918 1558512
1662515919 1704516
1662515920 2036124
1662515921 2060448
1662515922 1955646
1662515923 1771626
1662515924 2027088
1662515925 1958088
1662515926 1973376
1662515927 2015928
1662515928 1694202
1662515929 723870
1662515930 692


# events submitted
1662514727 3687526
1662514728 9106
1662514729 10512642
1662514730 14979432
1662514731 14796942
1662514732 14458224
1662514733 13727418
1662514734 14731194
1662514735 15252072
1662514736 14114292
1662514737 14029704
1662514738 13412472
1662514739 14048250
1662514740 15031056
1662514741 13561410
1662514742 14835276
1662514743 13575774
1662514744 13518462
1662514745 14063514
1662514746 14147496
1662514747 13729104
1662514748 13488636
1662514749 13806804
1662514750 14125950
1662514751 13511034
1662514752 13663038
1662514753 12931008
1662514754 13482756
1662514755 14453316
1662514756 14587164
1662514757 12781158
1662514758 12142122
1662514759 14198742
1662514760 14821110
1662514761 13171152
1662514762 12660822
1662514763 13963554
1662514764 12669924
1662514765 13735554
1662514766 14511246
1662514767 12851520
1662514768 14158926
1662514769 13262730
1662514770 13781124
1662514771 13296030
1662514772 12711150
1662514773 13881972
1662514774 12323076
1662514775 14740842
1662514776 13068636
1662514777 14638086
1662514778 12416616
1662514779 13900170
1662514780 12781350
1662514781 13626324
1662514782 14424720
1662514783 11760300
1662514784 15092286
1662514785 11947248
1662514786 14397108
1662514787 13965906
1662514788 11676546
1662514789 15219192
1662514790 11947740
1662514791 13889268
1662514792 14515398
1662514793 9102180
1662514794 11843484
1662514795 9442410
1662514796 7603122
1662514797 11663916
1662514798 8965026
1662514799 8510004
1662514800 10156224
1662514801 12769752
1662514802 8601336
1662514803 10575978
1662514804 11419146
1662514805 5170200
1662514806 6371724
1662514807 8584116
1662514808 4676088
1662514809 5828328
1662514810 6745146
1662514811 7151388
1662514812 4136034
1662514813 6732084
1662514814 6303222
1662514815 5650992
1662514816 5421426
1662514817 9171354
1662514818 5644344
1662514819 5634690
1662514820 6591522
1662514821 6341052
1662514822 6333558
1662514823 7361496
1662514824 6477600
1662514825 7837140
1662514826 5863836
1662514827 5984178
1662514828 6183486
1662514829 8639646
1662514830 7624572
1662514831 7685124
1662514832 6480882
1662514833 5678550
1662514834 8388192
1662514835 7125390
1662514836 3509778
1662514837 4796550
1662514838 6271464
1662514839 6921876
1662514840 7208502
1662514841 5069394
1662514842 7167990
1662514843 7810818
1662514844 7857264
1662514845 6410790
1662514846 5700948
1662514847 5235930
1662514848 4128000
1662514849 4920066
1662514850 4288386
1662514851 3770688
1662514852 3270948
1662514853 3696450
1662514854 1877016
1662514855 3244932
1662514856 3337152
1662514857 4064808
1662514858 3707280
1662514859 5013132
1662514860 4538586
1662514861 2217060
1662514862 3520380
1662514863 3388152
1662514864 2055150
1662514865 4481238
1662514866 3805734
1662514867 4072638
1662514868 1269966
1662514869 1046628
1662514870 4070676
1662514871 4414020
1662514872 2575758
1662514873 2886042
1662514874 1046304
1662514875 2801694
1662514876 4197180
1662514877 4698858
1662514878 4505040
1662514879 2801976
1662514880 2497302
1662514881 1351578
1662514882 3479784
1662514883 4220640
1662514884 4463586
1662514885 4319142
1662514886 4525812
1662514887 1847664
1662514888 3532626
1662514889 5112084
1662514890 3334566
1662514891 4219560
1662514892 3842898
1662514893 2319810
1662514894 1951902
1662514895 3106044
1662514896 4585866
1662514897 3437922
1662514898 4155186
1662514899 3517842
1662514900 3575466
1662514901 3010296
1662514902 2663688
1662514903 2960346
1662514904 4057038
1662514905 2710620
1662514906 4045614
1662514907 4060572
1662514908 3733680
1662514909 4616010
1662514910 2233302
1662514911 2321796
1662514912 3740610
1662514913 3222084
1662514914 2973138
1662514915 2984160
1662514916 4728564
1662514917 1996464
1662514918 1810890
1662514919 4719462
1662514920 3934848
1662514921 2547012
1662514922 2376942
1662514923 3560478
1662514924 3186204
1662514925 4002486
1662514926 3501792
1662514927 1866024
1662514928 3949728
1662514929 3059478
1662514930 1908042
1662514931 4420974
1662514932 3621024
1662514933 4089906
1662514934 2292000
1662514935 3398142
1662514936 4544928
1662514937 4062054
1662514938 4292190
1662514939 2922306
1662514940 3317184
1662514941 3731796
1662514942 5687874
1662514943 2726862
1662514944 1592646
1662514945 2726172
1662514946 1144884
1662514947 4497192
1662514948 4653990
1662514949 4472742
1662514950 3850914
1662514951 2019630
1662514952 3730554
1662514953 1814802
1662514954 2566590
1662514955 3332922
1662514956 4877802
1662514957 3487578
1662514958 4314018
1662514959 3397008
1662514960 2988678
1662514961 1360152
1662514962 2052180
1662514963 2375598
1662514964 2814312
1662514965 3370758
1662514966 4794588
1662514967 3658572
1662514968 3351744
1662514969 1754184
1662514970 580368
1662514971 2733396
1662514972 1862718
1662514973 2718594
1662514974 3431358
1662514975 2745948
1662514976 3388680
1662514977 3361956
1662514978 3012762
1662514979 4368306
1662514980 4595604
1662514981 3664554
1662514982 1541754
1662514983 2658198
1662514984 4682904
1662514985 2848380
1662514986 3188310
1662514987 2788938
1662514988 3125016
1662514989 3464466
1662514990 3452370
1662514991 2977560
1662514992 447336
1662514993 3976614
1662514994 3082356
1662514995 3952638
1662514996 2698518
1662514997 3614706
1662514998 3058320
1662514999 3746094
1662515000 2271750
1662515001 2660766
1662515002 2796582
1662515003 1858608
1662515004 1494582
1662515005 3739914
1662515006 3952980
1662515007 4375308
1662515008 3173628
1662515009 3444906
1662515010 4548594
1662515011 3758916
1662515012 1487478
1662515013 2553516
1662515014 3449934
1662515015 3459636
1662515016 1095120
1662515017 2988636
1662515018 1527396
1662515019 2252478
1662515020 4217922
1662515021 4081842
1662515022 3100146
1662515023 1811124
1662515024 2700276
1662515025 1698354
1662515026 3221052
1662515027 1841910
1662515028 3502782
1662515029 3360432
1662515030 3921222
1662515031 3530028
1662515032 3285330
1662515033 3263106
1662515034 4913610
1662515035 5452314
1662515036 6648450
1662515037 6221160
1662515038 5510628
1662515039 4562838
1662515040 4616994
1662515041 7885470
1662515042 6935250
1662515043 5456166
1662515044 6212844
1662515045 5887578
1662515046 6169290
1662515047 5934048
1662515048 4702998
1662515049 3659022
1662515050 4626666
1662515051 7156038
1662515052 7144176
1662515053 5505384
1662515054 6424602
1662515055 6542100
1662515056 5462310
1662515057 6489492
1662515058 4486164
1662515059 6928986
1662515060 6952026
1662515061 5998692
1662515062 5111946
1662515063 4392582
1662515064 5785692
1662515065 6914160
1662515066 3973386
1662515067 6131934
1662515068 7196490
1662515069 7265736
1662515070 6622920
1662515071 6685944
1662515072 6229884
1662515073 5033178
1662515074 5720244
1662515075 4973898
1662515076 4303086
1662515077 4586958
1662515078 4121580
1662515079 6007950
1662515080 2824488
1662515081 6804726
1662515082 6586266
1662515083 4648824
1662515084 7928646
1662515085 6839910
1662515086 6442350
1662515087 6563496
1662515088 4542120
1662515089 5420226
1662515090 4866378
1662515091 3501948
1662515092 5587464
1662515093 3720234
1662515094 5280336
1662515095 6479028
1662515096 8424384
1662515097 6244446
1662515098 5445858
1662515099 6118494
1662515100 6026916
1662515101 6158274
1662515102 6231894
1662515103 5508408
1662515104 5591706
1662515105 5190474
1662515106 6040866
1662515107 3558648
1662515108 4158900
1662515109 6007914
1662515110 6288354
1662515111 6416814
1662515112 6367308
1662515113 5507310
1662515114 5153004
1662515115 5359782
1662515116 4673550
1662515117 5565174
1662515118 4021152
1662515119 5289768
1662515120 3677946
1662515121 4628088
1662515122 2974578
1662515123 3979908
1662515124 1716702
1662515125 3037488
1662515126 3132630
1662515127 3472284
1662515128 3436776
1662515129 2349840
1662515130 1883478
1662515131 2607246
1662515132 4063464
1662515133 3816570
1662515134 3954480
1662515135 3304926
1662515136 2560206
1662515137 3830190
1662515138 2769018
1662515139 4022118
1662515140 4110666
1662515141 3684276
1662515142 2592174
1662515143 2549730
1662515144 2321820
1662515145 2995128
1662515146 1855656
1662515147 2584548
1662515148 2195310
1662515149 1328448
1662515150 4261656
1662515151 3266634
1662515152 2315382
1662515153 2586234
1662515154 2501142
1662515155 3442728
1662515156 2829630
1662515157 3068328
1662515158 3676338
1662515159 3249750
1662515160 3796728
1662515161 3183000
1662515162 3874686
1662515163 2270418
1662515164 4218702
1662515165 3889176
1662515166 3521700
1662515167 3998076
1662515168 1265328
1662515169 2814708
1662515170 3409224
1662515171 1087788
1662515172 2520990
1662515173 3409626
1662515174 2353404
1662515175 1660566
1662515176 4841694
1662515177 3876156
1662515178 2272392
1662515179 2774124
1662515180 2804850
1662515181 3463098
1662515182 3162666
1662515183 3259230
1662515184 3553350
1662515185 2144616
1662515186 2369322
1662515187 2061876
1662515188 2795526
1662515189 697134
1662515190 1771026
1662515191 2673138
1662515192 2379750
1662515193 3506598
1662515194 3601080
1662515195 2589312
1662515196 2402742
1662515197 3379302
1662515198 3785184
1662515199 3482694
1662515200 1888332
1662515201 1837164
1662515202 2721780
1662515203 2354916
1662515204 4511550
1662515205 3126900
1662515206 3248988
1662515207 3113934
1662515208 2392278
1662515209 3579468
1662515210 2836362
1662515211 3007236
1662515212 3009312
1662515213 2940180
1662515214 2849328
1662515215 1795866
1662515216 3085836
1662515217 3031476
1662515218 2736810
1662515219 2467176
1662515220 2664156
1662515221 2833596
1662515222 2370774
1662515223 2657226
1662515224 3298986
1662515225 2817828
1662515226 1907100
1662515227 793848
1662515228 351858
1662515229 1364688
1662515230 1927056
1662515231 3991746
1662515232 3463836
1662515233 2934762
1662515234 2884830
1662515235 3820374
1662515236 3480492
1662515237 6460554
1662515238 5264322
1662515239 6194640
1662515240 3520638
1662515241 5308452
1662515242 4560846
1662515243 4802232
1662515244 7809792
1662515245 5504160
1662515246 5568714
1662515247 6934308
1662515248 4654098
1662515249 6065874
1662515250 6654162
1662515251 6908748
1662515252 5327484
1662515253 3529806
1662515254 5036352
1662515255 6213288
1662515256 6620964
1662515257 3761706
1662515258 4064004
1662515259 4139964
1662515260 4852962
1662515261 5767194
1662515262 6306378
1662515263 3668520
1662515264 6738078
1662515265 6305706
1662515266 6123510
1662515267 5480058
1662515268 4914600
1662515269 6594258
1662515270 6260964
1662515271 4276734
1662515272 4506690
1662515273 5769600
1662515274 5759664
1662515275 5620962
1662515276 6820128
1662515277 5040174
1662515278 4090290
1662515279 6114402
1662515280 5439912
1662515281 5348574
1662515282 6647070
1662515283 4337148
1662515284 5283294
1662515285 4374342
1662515286 4476192
1662515287 5458668
1662515288 4143342
1662515289 4668234
1662515290 3646764
1662515291 5794758
1662515292 5609484
1662515293 5195418
1662515294 4694070
1662515295 6495234
1662515296 4109706
1662515297 5202858
1662515298 4747932
1662515299 2881314
1662515300 5453448
1662515301 3545364
1662515302 4439292
1662515303 4105008
1662515304 4462644
1662515305 4796112
1662515306 4688088
1662515307 5195448
1662515308 5020416
1662515309 4313952
1662515310 4214748
1662515311 4219512
1662515312 2941740
1662515313 3676176
1662515314 5295438
1662515315 5307174
1662515316 4512600
1662515317 4748334
1662515318 4053174
1662515319 3624030
1662515320 4726992
1662515321 4499430
1662515322 3277458
1662515323 4518648
1662515324 5541396
1662515325 2621328
1662515326 1762470
1662515327 2386458
1662515328 784914
1662515329 1573440
1662515330 1691208
1662515331 2189490
1662515332 2351118
1662515333 1311864
1662515334 2586882
1662515335 2205570
1662515336 2629032
1662515337 2423994
1662515338 470316
1662515339 76710
1662515340 1053786
1662515341 1479822
1662515342 1998576
1662515343 1169994
1662515344 2378628
1662515345 3044784
1662515346 2158506
1662515347 3632766
1662515348 2741856
1662515349 4512618
1662515350 4450110
1662515351 3509292
1662515352 3783168
1662515353 3745764
1662515354 4317804
1662515355 4835394
1662515356 4699200
1662515357 4017612
1662515358 4739760
1662515359 5056602
1662515360 4208226
1662515361 4514292
1662515362 4460988
1662515363 3830706
1662515364 4300128
1662515365 3567852
1662515366 3495168
1662515367 4633692
1662515368 1900326
1662515369 2190210
1662515370 5645568
1662515371 3408366
1662515372 3045870
1662515373 4131630
1662515374 5577336
1662515375 4729968
1662515376 4287258
1662515377 4700772
1662515378 4323192
1662515379 4108608
1662515380 5085204
1662515381 3190578
1662515382 2785044
1662515383 1768578
1662515384 3266562
1662515385 2128002
1662515386 3238362
1662515387 5075340
1662515388 4262466
1662515389 3555216
1662515390 4590684
1662515391 4512240
1662515392 4725774
1662515393 3914064
1662515394 3675546
1662515395 3573450
1662515396 5163648
1662515397 3244146
1662515398 3830760
1662515399 3810426
1662515400 3806064
1662515401 5822532
1662515402 4515366
1662515403 3401682
1662515404 4553610
1662515405 4945290
1662515406 4517514
1662515407 4427628
1662515408 5032350
1662515409 4437900
1662515410 3340836
1662515411 3152286
1662515412 3462876
1662515413 1748388
1662515414 2637210
1662515415 1945818
1662515416 2224704
1662515417 3627450
1662515418 2137740
1662515419 4908132
1662515420 3919674
1662515421 4138770
1662515422 4387914
1662515423 3243360
1662515424 3741138
1662515425 4046496
1662515426 3856866
1662515427 3498498
1662515428 4529040
1662515429 2764914
1662515430 3535974
1662515431 2873358
1662515432 4768200
1662515433 3483576
1662515434 4322580
1662515435 3043962
1662515436 3978684
1662515437 4422984
1662515438 5225580
1662515439 4393824
1662515440 6828588
1662515441 4858032
1662515442 5384874
1662515443 5224722
1662515444 6163926
1662515445 3516444
1662515446 5396934
1662515447 5817606
1662515448 5091348
1662515449 5670294
1662515450 5441196
1662515451 5195592
1662515452 5261826
1662515453 2605374
1662515454 4759512
1662515455 6556302
1662515456 5969112
1662515457 5136030
1662515458 3871974
1662515459 4835328
1662515460 6095196
1662515461 6095034
1662515462 5905668
1662515463 4140354
1662515464 5046132
1662515465 5994474
1662515466 5964792
1662515467 6125040
1662515468 6070986
1662515469 7090092
1662515470 3844356
1662515471 5476278
1662515472 2436918
1662515473 3595302
1662515474 4815378
1662515475 3261924
1662515476 3805134
1662515477 3732762
1662515478 3204558
1662515479 4172250
1662515480 4104108
1662515481 4059468
1662515482 3227514
1662515483 3716658
1662515484 5187852
1662515485 3808440
1662515486 2305008
1662515487 3382926
1662515488 3438114
1662515489 4489800
1662515490 4436946
1662515491 4130466
1662515492 4093812
1662515493 3175026
1662515494 3622626
1662515495 3054066
1662515496 3969810
1662515497 1632870
1662515498 1719660
1662515499 3985800
1662515500 2539812
1662515501 1705656
1662515502 3733956
1662515503 3665754
1662515504 3755142
1662515505 4278168
1662515506 3633570
1662515507 4220856
1662515508 4261974
1662515509 5693076
1662515510 6561948
1662515511 6838218
1662515512 4382952
1662515513 5574120
1662515514 5847408
1662515515 4087518
1662515516 5938542
1662515517 6676794
1662515518 4779342
1662515519 6430122
1662515520 5512356
1662515521 6063366
1662515522 6065922
1662515523 4705164
1662515524 5656812
1662515525 5642556
1662515526 6897258
1662515527 6843918
1662515528 3283830
1662515529 3927432
1662515530 5138790
1662515531 5450298
1662515532 6910086
1662515533 6187368
1662515534 6018018
1662515535 5936808
1662515536 5330946
1662515537 5599224
1662515538 4572804
1662515539 6054822
1662515540 6621774
1662515541 6760710
1662515542 5580546
1662515543 5194806
1662515544 7211328
1662515545 7236372
1662515546 4948326
1662515547 2777262
1662515548 4272504
1662515549 4933938
1662515550 5414424
1662515551 5335602
1662515552 5102286
1662515553 3968616
1662515554 5080134
1662515555 5931642
1662515556 5139618
1662515557 4544388
1662515558 4230978
1662515559 5305752
1662515560 4770378
1662515561 3008916
1662515562 1975272
1662515563 3562284
1662515564 2203302
1662515565 3542496
1662515566 2750640
1662515567 2493984
1662515568 3045954
1662515569 3383394
1662515570 2488422
1662515571 2879508
1662515572 2651058
1662515573 2976948
1662515574 2021790
1662515575 3685290
1662515576 4065420
1662515577 2742606
1662515578 3425436
1662515579 3749694
1662515580 3998058
1662515581 3944352
1662515582 4667448
1662515583 4119582
1662515584 4948740
1662515585 4554228
1662515586 4173180
1662515587 4674582
1662515588 4795902
1662515589 4312374
1662515590 3261510
1662515591 4207290
1662515592 4237722
1662515593 2977392
1662515594 4693614
1662515595 3931188
1662515596 4337202
1662515597 3492168
1662515598 3387834
1662515599 3520338
1662515600 3658122
1662515601 4218078
1662515602 3980250
1662515603 4146576
1662515604 3370926
1662515605 3672126
1662515606 3739026
1662515607 4086990
1662515608 3142608
1662515609 4304148
1662515610 4018986
1662515611 3600942
1662515612 3925266
1662515613 3532812
1662515614 4251450
1662515615 3910926
1662515616 4432002
1662515617 4160208
1662515618 3799458
1662515619 3621960
1662515620 3230364
1662515621 3756120
1662515622 3714768
1662515623 3081180
1662515624 3543288
1662515625 3966000
1662515626 4467894
1662515627 4074606
1662515628 3785640
1662515629 4464114
1662515630 4703550
1662515631 5494878
1662515632 5292210
1662515633 4550334
1662515634 5389140
1662515635 5483382
1662515636 5587920
1662515637 5306028
1662515638 4703148
1662515639 5534172
1662515640 5320344
1662515641 5262018
1662515642 5350596
1662515643 3823938
1662515644 4312368
1662515645 4045500
1662515646 4154142
1662515647 4073640
1662515648 3478524
1662515649 4094958
1662515650 3945798
1662515651 3929586
1662515652 3928230
1662515653 3787326
1662515654 5307744
1662515655 4426788
1662515656 4228158
1662515657 4011168
1662515658 4198872
1662515659 3608640
1662515660 3118224
1662515661 3351588
1662515662 3273186
1662515663 2926386
1662515664 3444846
1662515665 3331554
1662515666 3109644
1662515667 3139782
1662515668 2660580
1662515669 3190056
1662515670 3136170
1662515671 3264180
1662515672 3213912
1662515673 2618568
1662515674 2655960
1662515675 2348826
1662515676 2632542
1662515677 2530560
1662515678 2844246
1662515679 4001472
1662515680 4180974
1662515681 2729412
1662515682 3014106
1662515683 2637744
1662515684 2924778
1662515685 2688558
1662515686 2854296
1662515687 2633676
1662515688 2185572
1662515689 1783086
1662515690 2009424
1662515691 2096304
1662515692 2104944
1662515693 1797978
1662515694 2067984
1662515695 2186532
1662515696 2039406
1662515697 1935234
1662515698 1830420
1662515699 1992648
1662515700 2005362
1662515701 2061342
1662515702 2060214
1662515703 1742436
1662515704 1879260
1662515705 1686864
1662515706 1709844
1662515707 1767402
1662515708 1486152
1662515709 1633404
1662515710 1722204
1662515711 1775730
1662515712 1700514
1662515713 1400940
1662515714 1570878
1662515715 1559388
1662515716 1696902
1662515717 1583094
1662515718 1466880
1662515719 1560102
1662515720 1183740
1662515721 886944
1662515722 1318146
1662515723 1344954
1662515724 1350198
1662515725 1226562
1662515726 1376370
1662515727 1359378
1662515728 1199586
1662515729 1273752
1662515730 1208526
1662515731 1335522
1662515732 1398516
1662515733 1232478
1662515734 1331988
1662515735 1272468
1662515736 1268784
1662515737 1359186
1662515738 1248744
1662515739 1354908
1662515740 1166010
1662515741 1355310
1662515742 1378542
1662515743 1177782
1662515744 1230618
1662515745 1265004
1662515746 1351974
1662515747 1489164
1662515748 1302432
1662515749 1433046
1662515750 1302468
1662515751 1414182
1662515752 1467672
1662515753 1324326
1662515754 1395366
1662515755 1358310
1662515756 1456872
1662515757 1516836
1662515758 1319034
1662515759 1513368
1662515760 1356912
1662515761 1420692
1662515762 1524870
1662515763 1324086
1662515764 1352712
1662515765 1447896
1662515766 1408890
1662515767 1471254
1662515768 1308996
1662515769 1386282
1662515770 1353294
1662515771 1629168
1662515772 1481262
1662515773 1376784
1662515774 1563318
1662515775 1412922
1662515776 1467786
1662515777 1499526
1662515778 1314864
1662515779 1424112
1662515780 1431048
1662515781 1449978
1662515782 1439670
1662515783 1283886
1662515784 1499784
1662515785 1471440
1662515786 1432170
1662515787 1469472
1662515788 1312002
1662515789 1412034
1662515790 1383402
1662515791 1390398
1662515792 1528800
1662515793 1172580
1662515794 1374888
1662515795 1474746
1662515796 1474104
1662515797 1485792
1662515798 1325256
1662515799 1375206
1662515800 1425504
1662515801 1375956
1662515802 1507896
1662515803 1339974
1662515804 1455120
1662515805 1333512
1662515806 1392126
1662515807 1442076
1662515808 1307490
1662515809 1408632
1662515810 1348404
1662515811 1368912
1662515812 1481310
1662515813 1326642
1662515814 1423818
1662515815 1374438
1662515816 1425540
1662515817 1710042
1662515818 1534230
1662515819 1636182
1662515820 1350546
1662515821 1305960
1662515822 1457526
1662515823 1248042
1662515824 1315890
1662515825 1341582
1662515826 1489794
1662515827 1478160
1662515828 1268328
1662515829 1508286
1662515830 1351434
1662515831 1526958
1662515832 1429866
1662515833 1418496
1662515834 1549032
1662515835 1456602
1662515836 1295394
1662515837 1416462
1662515838 1331778
1662515839 1432812
1662515840 1370352
1662515841 1361250
1662515842 1492782
1662515843 1193490
1662515844 1269612
1662515845 1315722
1662515846 1236084
1662515847 1411176
1662515848 1361232
1662515849 1571856
1662515850 1617528
1662515851 1699266
1662515852 1756608
1662515853 1383096
1662515854 1464978
1662515855 1846776
1662515856 1809420
1662515857 1890480
1662515858 1555920
1662515859 1507830
1662515860 1471680
1662515861 1518888
1662515862 1538658
1662515863 1501374
1662515864 1752126
1662515865 1623570
1662515866 1569642
1662515867 1523730
1662515868 1333260
1662515869 1456644
1662515870 1407312
1662515871 1486836
1662515872 1543206
1662515873 1487544
1662515874 1622316
1662515875 1623042
1662515876 1547988
1662515877 1598400
1662515878 1397214
1662515879 1483974
1662515880 1529904
1662515881 1478010
1662515882 1511850
1662515883 1321638
1662515884 1655964
1662515885 1604082
1662515886 1799772
1662515887 1679994
1662515888 1522032
1662515889 1767840
1662515890 1809540
1662515891 2032524
1662515892 2096178
1662515893 1701636
1662515894 1977990
1662515895 1924314
1662515896 1939326
1662515897 2028486
1662515898 1627926
1662515899 1799274
1662515900 1939398
1662515901 1881540
1662515902 1954938
1662515903 1602678
1662515904 1846092
1662515905 1933620
1662515906 2026602
1662515907 2101752
1662515908 1734048
1662515909 1968600
1662515910 1927482
1662515911 1954860
1662515912 2064492
1662515913 1718166
1662515914 2054712
1662515915 1966860
1662515916 1963698
1662515917 1965378
1662515918 1558404
1662515919 1704150
1662515920 2035602
1662515921 2058696
1662515922 1954260
1662515923 1770330
1662515924 2026824
1662515925 1958148
1662515926 1972716
1662515927 2014404
1662515928 1692084
1662515929 722454
1662515930 692


# events lost
1662514793 2118270
1662514794 3454578
1662514795 4448832
1662514796 4668120
1662514797 3581940
1662514798 4045134
1662514799 3927396
1662514800 4498272
1662514801 2027562
1662514802 2394582
1662514803 2944068
1662514804 3720582
1662514805 6103446
1662514806 8275728
1662514807 6788658
1662514808 6849390
1662514809 7019190
1662514810 8740074
1662514811 8412162
1662514812 6942474
1662514813 6300738
1662514814 8678490
1662514815 7747902
1662514816 5123226
1662514817 5783208
1662514818 8844906
1662514819 7510206
1662514820 5226408
1662514821 8991180
1662514822 8591238
1662514823 4736034
1662514824 4824444
1662514825 7072074
1662514826 9323244
1662514827 7747332
1662514828 3639216
1662514829 6364158
1662514830 7600404
1662514831 6024906
1662514832 3856578
1662514833 7216638
1662514834 7074192
1662514835 8035674
1662514836 8521068
1662514837 6423348
1662514838 7943280
1662514839 8370504
1662514840 7679424
1662514841 5919024
1662514842 4651140
1662514843 6219318
1662514844 7312896
1662514845 8892210
1662514846 5355762
1662514847 5873136
1662514848 9405876
1662514849 10210494
1662514850 10720314
1662514851 7653912
1662514852 7650138
1662514853 9917802
1662514854 12899034
1662514855 11420370
1662514856 10167564
1662514857 6924360
1662514858 9401808
1662514859 10185522
1662514860 10060224
1662514861 13069458
1662514862 7529340
1662514863 6758028
1662514864 13164468
1662514865 10193208
1662514866 10829568
1662514867 9654402
1662514868 9430878
1662514869 9890670
1662514870 10262310
1662514871 10094694
1662514872 12526734
1662514873 9372588
1662514874 9789642
1662514875 8144388
1662514876 10197138
1662514877 10340268
1662514878 8757720
1662514879 12261954
1662514880 8880696
1662514881 8774922
1662514882 9737376
1662514883 9736308
1662514884 10376934
1662514885 10542498
1662514886 8159388
1662514887 9376272
1662514888 6628422
1662514889 10321674
1662514890 11058924
1662514891 11206602
1662514892 11236896
1662514893 8863848
1662514894 8969364
1662514895 8372628
1662514896 10136154
1662514897 11695272
1662514898 9461352
1662514899 11339268
1662514900 8391492
1662514901 8452392
1662514902 8159478
1662514903 11143380
1662514904 10833966
1662514905 12093426
1662514906 11031654
1662514907 10366092
1662514908 6527940
1662514909 6243078
1662514910 8129100
1662514911 12335718
1662514912 11098404
1662514913 11858094
1662514914 11242866
1662514915 10490220
1662514916 5253384
1662514917 7924740
1662514918 10257858
1662514919 10290870
1662514920 9607152
1662514921 12357948
1662514922 12532098
1662514923 11018148
1662514924 8758038
1662514925 6564438
1662514926 7259610
1662514927 11610852
1662514928 10956228
1662514929 11501634
1662514930 11435118
1662514931 10251288
1662514932 10937064
1662514933 6089094
1662514934 9246534
1662514935 5665476
1662514936 9662148
1662514937 10658820
1662514938 10458066
1662514939 11473578
1662514940 9456918
1662514941 9396648
1662514942 5440782
1662514943 8024430
1662514944 9437064
1662514945 10725156
1662514946 13153266
1662514947 10032150
1662514948 9743454
1662514949 10123014
1662514950 9120132
1662514951 8179134
1662514952 6568128
1662514953 8552208
1662514954 10368540
1662514955 9411684
1662514956 9402936
1662514957 10524510
1662514958 9109122
1662514959 10322454
1662514960 6836952
1662514961 9807894
1662514962 7941786
1662514963 9686166
1662514964 11189856
1662514965 8458602
1662514966 8619096
1662514967 8819118
1662514968 10298160
1662514969 10239534
1662514970 9628272
1662514971 8211474
1662514972 8562648
1662514973 10604700
1662514974 9790830
1662514975 9502284
1662514976 11376480
1662514977 10558854
1662514978 10893150
1662514979 7320336
1662514980 4849176
1662514981 6599124
1662514982 9488766
1662514983 10089786
1662514984 9637938
1662514985 8972430
1662514986 10082064
1662514987 11204652
1662514988 9966228
1662514989 10288536
1662514990 6299214
1662514991 8354136
1662514992 10444422
1662514993 6257676
1662514994 9877110
1662514995 8531754
1662514996 10311864
1662514997 10003572
1662514998 11045142
1662514999 9295158
1662515000 9525672
1662515001 8138724
1662515002 8435130
1662515003 7106586
1662515004 7557984
1662515005 10590462
1662515006 9562518
1662515007 8838990
1662515008 8923956
1662515009 9880230
1662515010 10264716
1662515011 9163248
1662515012 9531996
1662515013 7673358
1662515014 7537296
1662515015 6841344
1662515016 9748434
1662515017 10707342
1662515018 10778400
1662515019 11310510
1662515020 8942016
1662515021 9075990
1662515022 10445388
1662515023 9273432
1662515024 7785132
1662515025 8808708
1662515026 5635338
1662515027 8637420
1662515028 8607474
1662515029 10984116
1662515030 9097332
1662515031 10546098
1662515032 10006092
1662515033 8239284
1662515034 7826328
1662515035 6077550
1662515036 3852636
1662515037 4338768
1662515038 3027966
1662515039 5046696
1662515040 6525630
1662515041 6607164
1662515042 6618570
1662515043 6137196
1662515044 6379194
1662515045 7429512
1662515046 6692418
1662515047 7161504
1662515048 6013050
1662515049 6365898
1662515050 5058114
1662515051 3511134
1662515052 2343768
1662515053 3235230
1662515054 8077596
1662515055 6910446
1662515056 7316748
1662515057 6650586
1662515058 7447074
1662515059 7275498
1662515060 6875454
1662515061 6943254
1662515062 4498266
1662515063 4546686
1662515064 4479720
1662515065 3529704
1662515066 5768232
1662515067 5669382
1662515068 5447856
1662515069 6120816
1662515070 6505986
1662515071 6415968
1662515072 6690546
1662515073 6526080
1662515074 7461738
1662515075 7659744
1662515076 5619984
1662515077 4861194
1662515078 4988214
1662515079 3445242
1662515080 6787668
1662515081 6452850
1662515082 7561374
1662515083 5448822
1662515084 5359494
1662515085 6998442
1662515086 7777512
1662515087 6396072
1662515088 5923650
1662515089 5488716
1662515090 5780532
1662515091 5975832
1662515092 4516386
1662515093 5136972
1662515094 4534902
1662515095 7084800
1662515096 5237028
1662515097 7066836
1662515098 5049624
1662515099 6431412
1662515100 7022640
1662515101 6483204
1662515102 6924660
1662515103 3543996
1662515104 4763064
1662515105 4466880
1662515106 3871692
1662515107 6115242
1662515108 4871016
1662515109 8402550
1662515110 5974950
1662515111 5558256
1662515112 5972574
1662515113 4981266
1662515114 7911522
1662515115 6947814
1662515116 6973590
1662515117 4507800
1662515118 3886722
1662515119 4321668
1662515120 6341034
1662515121 5410776
1662515122 9614274
1662515123 8207058
1662515124 11489904
1662515125 8882700
1662515126 9351354
1662515127 8419326
1662515128 6644454
1662515129 10353990
1662515130 9048600
1662515131 8756496
1662515132 7102488
1662515133 6273798
1662515134 6666240
1662515135 6208620
1662515136 10771068
1662515137 9061200
1662515138 7964250
1662515139 8757078
1662515140 8743128
1662515141 8734530
1662515142 9565230
1662515143 7436436
1662515144 8475540
1662515145 7078734
1662515146 7731510
1662515147 7276788
1662515148 6606336
1662515149 9210828
1662515150 10005444
1662515151 9112794
1662515152 10170354
1662515153 7738992
1662515154 10731666
1662515155 9080946
1662515156 9201708
1662515157 7855122
1662515158 4769892
1662515159 6249372
1662515160 6028782
1662515161 6617718
1662515162 5369382
1662515163 8271006
1662515164 9394464
1662515165 8518824
1662515166 7911636
1662515167 8462820
1662515168 9625686
1662515169 9835488
1662515170 8739468
1662515171 10173150
1662515172 7909824
1662515173 5339424
1662515174 7320330
1662515175 7939656
1662515176 4476882
1662515177 9285546
1662515178 8371716
1662515179 9670404
1662515180 9520716
1662515181 8972664
1662515182 8971386
1662515183 7320690
1662515184 7710948
1662515185 8581794
1662515186 7550106
1662515187 7318368
1662515188 5717214
1662515189 10022040
1662515190 8286414
1662515191 10688160
1662515192 9277134
1662515193 6766938
1662515194 9295554
1662515195 8933790
1662515196 9057330
1662515197 9143100
1662515198 4578966
1662515199 5759328
1662515200 7240608
1662515201 8019420
1662515202 6605250
1662515203 6437988
1662515204 9213948
1662515205 9392838
1662515206 8996160
1662515207 9185916
1662515208 7923282
1662515209 9249306
1662515210 9337272
1662515211 8972940
1662515212 7569540
1662515213 5056170
1662515214 7062516
1662515215 8307228
1662515216 7310892
1662515217 6905796
1662515218 7962372
1662515219 10513458
1662515220 9395106
1662515221 9832704
1662515222 9193170
1662515223 7715238
1662515224 9706134
1662515225 8293848
1662515226 8072862
1662515227 8524128
1662515228 8304180
1662515229 8355972
1662515230 7966614
1662515231 5755512
1662515232 7580034
1662515233 5720532
1662515234 8166414
1662515235 8329338
1662515236 9035052
1662515237 5742156
1662515238 5606520
1662515239 4629234
1662515240 6386610
1662515241 4526010
1662515242 4635246
1662515243 3236826
1662515244 1919910
1662515245 4223922
1662515246 6421176
1662515247 5397396
1662515248 4302960
1662515249 5218056
1662515250 5852676
1662515251 5369304
1662515252 6396000
1662515253 4681680
1662515254 4820526
1662515255 3254184
1662515256 2890158
1662515257 5936418
1662515258 4387350
1662515259 5860776
1662515260 7689468
1662515261 6440448
1662515262 5859708
1662515263 4840104
1662515264 4851744
1662515265 6026502
1662515266 6373776
1662515267 4800774
1662515268 3206832
1662515269 2544426
1662515270 3753918
1662515271 5209620
1662515272 5274624
1662515273 3222486
1662515274 4437324
1662515275 6866688
1662515276 5738724
1662515277 7217196
1662515278 4490940
1662515279 5659932
1662515280 6990684
1662515281 5514846
1662515282 3148452
1662515283 4086768
1662515284 4005348
1662515285 5076564
1662515286 4941510
1662515287 4173450
1662515288 4042482
1662515289 5597250
1662515290 6562548
1662515291 5273340
1662515292 4288968
1662515293 3587028
1662515294 6150168
1662515295 3146148
1662515296 5681760
1662515297 4122288
1662515298 3780504
1662515299 6559008
1662515300 4217880
1662515301 6172032
1662515302 6166782
1662515303 3996510
1662515304 6114204
1662515305 4597908
1662515306 4947414
1662515307 4340604
1662515308 3000360
1662515309 4869300
1662515310 5393982
1662515311 5737470
1662515312 6358830
1662515313 4154964
1662515314 4463898
1662515315 4965300
1662515316 4461060
1662515317 4904280
1662515318 4416408
1662515319 6370782
1662515320 5629140
1662515321 5584686
1662515322 6212064
1662515323 3553344
1662515324 4117794
1662515325 6652086
1662515326 7733454
1662515327 6920592
1662515328 6734214
1662515329 7430934
1662515330 8017794
1662515331 7668216
1662515332 7461426
1662515333 7172280
1662515334 7771842
1662515335 7596060
1662515336 6554238
1662515337 7400760
1662515338 7418448
1662515339 9319686
1662515340 8746944
1662515341 7516746
1662515342 7296858
1662515343 6563508
1662515344 7489512
1662515345 6656958
1662515346 7938606
1662515347 6218370
1662515348 5700948
1662515349 5572668
1662515350 5071560
1662515351 5443356
1662515352 5602152
1662515353 4296774
1662515354 4420530
1662515355 4854744
1662515356 4710642
1662515357 5057832
1662515358 3210642
1662515359 5171040
1662515360 5323230
1662515361 5305656
1662515362 5295846
1662515363 4617468
1662515364 5810832
1662515365 5862240
1662515366 5176806
1662515367 5200248
1662515368 5727216
1662515369 7681572
1662515370 3821418
1662515371 5723328
1662515372 5980350
1662515373 3494808
1662515374 4874424
1662515375 4963956
1662515376 5385210
1662515377 5028606
1662515378 3607770
1662515379 4520520
1662515380 4120806
1662515381 6233274
1662515382 6146754
1662515383 5941326
1662515384 4945272
1662515385 7071594
1662515386 5626410
1662515387 4333722
1662515388 3264108
1662515389 5543514
1662515390 5712516
1662515391 4892394
1662515392 4930638
1662515393 4217652
1662515394 5129604
1662515395 5200728
1662515396 3356010
1662515397 5796606
1662515398 3845670
1662515399 3926772
1662515400 4358718
1662515401 3276282
1662515402 5090070
1662515403 3431598
1662515404 4495074
1662515405 4496238
1662515406 4339860
1662515407 4605726
1662515408 4112076
1662515409 4651314
1662515410 4292010
1662515411 4226592
1662515412 4484304
1662515413 4693794
1662515414 4815036
1662515415 5587356
1662515416 5291088
1662515417 5339478
1662515418 4037568
1662515419 3254502
1662515420 4617540
1662515421 3652152
1662515422 3735726
1662515423 3169140
1662515424 3886080
1662515425 3140346
1662515426 3606918
1662515427 3817296
1662515428 1623912
1662515429 4734660
1662515430 3506538
1662515431 4306584
1662515432 2761152
1662515433 3368154
1662515434 4056618
1662515435 4822500
1662515436 4465608
1662515437 2968392
1662515438 1321698
1662515439 2716746
1662515440 398766
1662515441 2283144
1662515442 1793664
1662515443 861150
1662515444 1421022
1662515445 3280380
1662515446 2346942
1662515447 2405796
1662515448 1451796
1662515449 2632428
1662515450 2521728
1662515451 2498652
1662515452 2073384
1662515453 3497160
1662515454 2624220
1662515455 529410
1662515456 1340280
1662515457 2293512
1662515458 2587884
1662515459 2546562
1662515460 1203588
1662515461 1605882
1662515462 2057682
1662515463 2249952
1662515464 2782488
1662515465 2108394
1662515466 1782450
1662515467 1188996
1662515468 1499052
1662515469 1253094
1662515470 3271992
1662515471 1875198
1662515472 4737270
1662515473 2716596
1662515474 2624220
1662515475 4264164
1662515476 3976854
1662515477 4061784
1662515478 3316650
1662515479 3694770
1662515480 3665316
1662515481 3310518
1662515482 4326486
1662515483 3607842
1662515484 3563190
1662515485 3168294
1662515486 5046450
1662515487 3878706
1662515488 2740530
1662515489 2668464
1662515490 3174090
1662515491 3940356
1662515492 3835506
1662515493 3131160
1662515494 4390872
1662515495 4745280
1662515496 3863730
1662515497 5389230
1662515498 4397358
1662515499 3559512
1662515500 4479384
1662515501 5283900
1662515502 3648498
1662515503 2461284
1662515504 3273606
1662515505 3689136
1662515506 4570902
1662515507 3415824
1662515508 2212338
1662515509 2398242
1662515510 1391910
1662515511 764838
1662515512 2660892
1662515513 1037730
1662515514 1819248
1662515515 3190728
1662515516 1195356
1662515517 775038
1662515518 1274166
1662515519 989682
1662515520 1835172
1662515521 1690956
1662515522 1810236
1662515523 1937694
1662515524 2199960
1662515525 1901130
1662515526 830616
1662515527 425946
1662515528 2489658
1662515529 2833716
1662515530 2134662
1662515531 1764066
1662515532 244650
1662515533 51558
1662515534 1321428
1662515535 1704156
1662515536 2398134
1662515537 2120868
1662515538 1687038
1662515539 2173200
1662515540 1312122
1662515541 796560
1662515542 1462680
1662515543 1177152
1662515544 131478
1662515545 261498
1662515546 2147556
1662515547 4716228
1662515548 1742694
1662515549 2343966
1662515550 1056882
1662515551 1898154
1662515552 1816434
1662515553 1710804
1662515554 2737944
1662515555 1929666
1662515556 1770702
1662515557 1772352
1662515558 1218984
1662515559 842538
1662515560 1064112
1662515561 2714382
1662515562 3542370
1662515563 2224386
1662515564 3426090
1662515565 1765848
1662515566 3078750
1662515567 3518700
1662515568 2090070
1662515569 3308340
1662515570 4652124
1662515571 3037554
1662515572 3267078
1662515573 2352690
1662515574 3546318
1662515575 2139318
1662515576 1764258
1662515577 3033810
1662515578 1790148
1662515579 1426224
1662515580 1141602
1662515581 1622820
1662515582 1123806
1662515583 849978
1662515584 944292
1662515585 1536132
1662515586 1459266
1662515587 876312
1662515588 231078
1662515589 828024
1662515590 2149716
1662515591 1136412
1662515592 1345230
1662515593 1944126
1662515594 492342
1662515595 1523022
1662515596 769158
1662515597 1149678
1662515598 642222
1662515599 1185300
1662515600 1386612
1662515601 904002
1662515602 1259742
1662515603 332106
1662515604 1731666
1662515605 1500990
1662515606 1521078
1662515607 1014282
1662515608 1557774
1662515609 1469418
1662515610 1079352
1662515611 1530684
1662515612 1585692
1662515613 1141926
1662515614 1221318
1662515615 1529022
1662515616 1007208
1662515617 1347096
1662515618 989370
1662515619 1799388
1662515620 2098956
1662515621 1860294
1662515622 1481958
1662515623 1659462
1662515624 1943910
1662515625 1334136
1662515626 902484
1662515627 1159734
1662515628 1028484
1662515629 1045602
1662515630 1763844
1662515631 189234
