# events called
1662544111 3323092
1662544112 373478
1662544113 9108162
1662544114 15209154
1662544115 20634162
1662544116 19066902
1662544117 18273618
1662544118 20064768
1662544119 18951558
1662544120 19934472
1662544121 19954542
1662544122 17551014
1662544123 19871610
1662544124 19432776
1662544125 18585222
1662544126 19565640
1662544127 19459992
1662544128 18647796
1662544129 19473456
1662544130 19502394
1662544131 18872112
1662544132 18254910
1662544133 19477086
1662544134 18081396
1662544135 19794132
1662544136 19424346
1662544137 17843316
1662544138 19377270
1662544139 19938516
1662544140 18160620
1662544141 19275078
1662544142 17773722
1662544143 20165166
1662544144 17899902
1662544145 19630272
1662544146 17805972
1662544147 16910562
1662544148 15752112
1662544149 16096230
1662544150 15494604
1662544151 17332902
1662544152 13632606
1662544153 17913294
1662544154 13795332
1662544155 16514334
1662544156 16317690
1662544157 14414856
1662544158 17264952
1662544159 14803026
1662544160 16377786
1662544161 14845008
1662544162 15292200
1662544163 14940768
1662544164 17998662
1662544165 14112834
1662544166 18089976
1662544167 14134800
1662544168 18621420
1662544169 14651262
1662544170 19219614
1662544171 19800204
1662544172 14744658
1662544173 15538578
1662544174 17133642
1662544175 17659866
1662544176 14748366
1662544177 14620398
1662544178 16639410
1662544179 17326176
1662544180 16873554
1662544181 15598842
1662544182 13888422
1662544183 15633036
1662544184 14768826
1662544185 17327664
1662544186 14237382
1662544187 16329300
1662544188 16689558
1662544189 14239200
1662544190 16143522
1662544191 15022260
1662544192 15021042
1662544193 20708418
1662544194 17540706
1662544195 13621386
1662544196 18276804
1662544197 15179352
1662544198 14698884
1662544199 16946850
1662544200 17045160
1662544201 14511564
1662544202 17994144
1662544203 18515598
1662544204 12914370
1662544205 17311866
1662544206 17409114
1662544207 11978088
1662544208 18101484
1662544209 16195206
1662544210 14495010
1662544211 13401054
1662544212 15517464
1662544213 18232008
1662544214 12756222
1662544215 15718236
1662544216 17102892
1662544217 13988022
1662544218 13133844
1662544219 16182162
1662544220 16102362
1662544221 13203576
1662544222 16489854
1662544223 16604538
1662544224 12412320
1662544225 16639326
1662544226 17066106
1662544227 17254602
1662544228 11912952
1662544229 17618682
1662544230 16984782
1662544231 16492860
1662544232 13813050
1662544233 17704404
1662544234 16473360
1662544235 20409042
1662544236 21554268
1662544237 19475448
1662544238 21523320
1662544239 14583306
1662544240 17757714
1662544241 17036178
1662544242 15182466
1662544243 18534912
1662544244 12038430
1662544245 18327690
1662544246 20928420
1662544247 15365796
1662544248 11773146
1662544249 13641942
1662544250 17836194
1662544251 17051268
1662544252 11691774
1662544253 15226080
1662544254 17389704
1662544255 16700694
1662544256 11164284
1662544257 16234188
1662544258 17409642
1662544259 16808700
1662544260 12616182
1662544261 13148832
1662544262 17893590
1662544263 18316326
1662544264 15731706
1662544265 13127892
1662544266 14687502
1662544267 15765564
1662544268 16790628
1662544269 12085542
1662544270 14137272
1662544271 16431474
1662544272 15720894
1662544273 13729398
1662544274 12589212
1662544275 17111118
1662544276 17395134
1662544277 14887218
1662544278 12226536
1662544279 12781158
1662544280 17511258
1662544281 16450266
1662544282 17458866
1662544283 11113620
1662544284 13541304
1662544285 15901590
1662544286 18052542
1662544287 16145580
1662544288 12673188
1662544289 13086348
1662544290 16615938
1662544291 17763516
1662544292 16961082
1662544293 16569642
1662544294 12122802
1662544295 14000280
1662544296 17702136
1662544297 17424600
1662544298 17411772
1662544299 13449192
1662544300 11659524
1662544301 14144292
1662544302 15689910
1662544303 17380590
1662544304 16047624
1662544305 11320716
1662544306 12978972
1662544307 16384014
1662544308 16550874
1662544309 17079900
1662544310 15041112
1662544311 10728702
1662544312 13482372
1662544313 17307408
1662544314 17621886
1662544315 16439358
1662544316 15996156
1662544317 11147748
1662544318 12468558
1662544319 16682682
1662544320 17070480
1662544321 18977088
1662544322 15245394
1662544323 16246374
1662544324 11692158
1662544325 13400508
1662544326 16418196
1662544327 14955402
1662544328 17403936
1662544329 13990212
1662544330 10541706
1662544331 16313118
1662544332 15501522
1662544333 17573994
1662544334 15824274
1662544335 16456170
1662544336 12131124
1662544337 10982070
1662544338 20052822
1662544339 21195942
1662544340 21214152
1662544341 20433258
1662544342 13739028
1662544343 18003516
1662544344 16252008
1662544345 17774814
1662544346 14049864
1662544347 8818554
1662544348 14993598
1662544349 18037098
1662544350 18122304
1662544351 17854926
1662544352 16575882
1662544353 16315380
1662544354 12451116
1662544355 10858896
1662544356 13826220
1662544357 12125352
1662544358 17687058
1662544359 17995080
1662544360 16200552
1662544361 11500992
1662544362 9704724
1662544363 14309940
1662544364 16578936
1662544365 16855782
1662544366 17010360
1662544367 14034756
1662544368 12659598
1662544369 10975824
1662544370 13037550
1662544371 16065192
1662544372 16059090
1662544373 17046708
1662544374 17267874
1662544375 17602254
1662544376 10249350
1662544377 10119288
1662544378 14378622
1662544379 17756034
1662544380 15909918
1662544381 16618968
1662544382 17658132
1662544383 17665236
1662544384 17532564
1662544385 11019486
1662544386 11383314
1662544387 13876164
1662544388 16395210
1662544389 17015202
1662544390 17882010
1662544391 20144388
1662544392 20340666
1662544393 18208410
1662544394 17022540
1662544395 15186186
1662544396 14717838
1662544397 10903398
1662544398 11087118
1662544399 16450974
1662544400 15839334
1662544401 15783600
1662544402 17075574
1662544403 16260786
1662544404 14166300
1662544405 10209162
1662544406 12593256
1662544407 16405410
1662544408 16797246
1662544409 16420338
1662544410 16131858
1662544411 19265250
1662544412 15089454
1662544413 11442756
1662544414 10360914
1662544415 11112168
1662544416 16602624
1662544417 14910654
1662544418 16966230
1662544419 18028602
1662544420 14488638
1662544421 11570652
1662544422 11553000
1662544423 10772886
1662544424 14733240
1662544425 15324810
1662544426 17147922
1662544427 15745296
1662544428 16103436
1662544429 15899730
1662544430 12968880
1662544431 11185014
1662544432 10578120
1662544433 11937600
1662544434 16295868
1662544435 14188926
1662544436 16093398
1662544437 17201832
1662544438 16075716
1662544439 17062602
1662544440 12056754
1662544441 11504934
1662544442 10540542
1662544443 13966230
1662544444 16588608
1662544445 15924000
1662544446 20204634
1662544447 20725392
1662544448 20668644
1662544449 16166022
1662544450 14399448
1662544451 15547716
1662544452 18375798
1662544453 13519668
1662544454 10619682
1662544455 10126458
1662544456 11051076
1662544457 14022810
1662544458 16248456
1662544459 19217622
1662544460 15504210
1662544461 16581156
1662544462 16267902
1662544463 12339408
1662544464 10511202
1662544465 9529656
1662544466 13612710
1662544467 15861450
1662544468 16518426
1662544469 16320684
1662544470 14642118
1662544471 17263164
1662544472 14864064
1662544473 14847132
1662544474 10868376
1662544475 8677146
1662544476 12027174
1662544477 14355174
1662544478 16216338
1662544479 14986476
1662544480 15470406
1662544481 15263574
1662544482 16590216
1662544483 11200296
1662544484 10058040
1662544485 10717326
1662544486 12478302
1662544487 16011204
1662544488 16131714
1662544489 15889836
1662544490 15970104
1662544491 15986916
1662544492 16014414
1662544493 15591546
1662544494 10390944
1662544495 8823498
1662544496 11699550
1662544497 14638842
1662544498 17271780
1662544499 17374320
1662544500 15496566
1662544501 19981044
1662544502 16991610
1662544503 16577892
1662544504 18401076
1662544505 14211762
1662544506 16526208
1662544507 15219072
1662544508 11810406
1662544509 11558292
1662544510 9900552
1662544511 12628002
1662544512 17515536
1662544513 14992116
1662544514 15471936
1662544515 14210472
1662544516 17153040
1662544517 15605556
1662544518 17048040
1662544519 10494792
1662544520 10586856
1662544521 11223708
1662544522 11593542
1662544523 15409554
1662544524 16254348
1662544525 15372876
1662544526 16311432
1662544527 15989034
1662544528 15849000
1662544529 11983620
1662544530 9018942
1662544531 10711890
1662544532 13772718
1662544533 15119568
1662544534 16647690
1662544535 12609942
1662544536 15034374
1662544537 16600260
1662544538 12711066
1662544539 11111826
1662544540 10277910
1662544541 12024972
1662544542 13723038
1662544543 14323620
1662544544 15693138
1662544545 12849360
1662544546 16194036
1662544547 17116884
1662544548 15183960
1662544549 10952352
1662544550 10705560
1662544551 10795212
1662544552 12655140
1662544553 16086978
1662544554 17103864
1662544555 15233598
1662544556 17962614
1662544557 18069150
1662544558 16774854
1662544559 16334808
1662544560 13970832
1662544561 16820790
1662544562 13178544
1662544563 11388708
1662544564 10807704
1662544565 10633866
1662544566 16071624
1662544567 14523786
1662544568 17613024
1662544569 15800772
1662544570 13753038
1662544571 16836024
1662544572 15194592
1662544573 11399946
1662544574 11232126
1662544575 9312966
1662544576 11333100
1662544577 16067274
1662544578 16828206
1662544579 15596310
1662544580 13813086
1662544581 16073214
1662544582 16679766
1662544583 13838256
1662544584 10181010
1662544585 9189708
1662544586 10440468
1662544587 14876916
1662544588 16779186
1662544589 15060948
1662544590 14041152
1662544591 17391642
1662544592 16428222
1662544593 15815934
1662544594 10724520
1662544595 9448014
1662544596 10647618
1662544597 11941380
1662544598 15239550
1662544599 17764110
1662544600 14418384
1662544601 16204992
1662544602 16178790
1662544603 16281120
1662544604 11400948
1662544605 10833606
1662544606 11460636
1662544607 10902132
1662544608 16374990
1662544609 19122216
1662544610 14669430
1662544611 19241922
1662544612 17714442
1662544613 16170048
1662544614 15781812
1662544615 15440916
1662544616 15258522
1662544617 17366106
1662544618 15439890
1662544619 11616846
1662544620 9787782
1662544621 10009146
1662544622 11823822
1662544623 19183938
1662544624 15867258
1662544625 13333014
1662544626 17389032
1662544627 15718404
1662544628 15731604
1662544629 16016802
1662544630 11150874
1662544631 10878048
1662544632 10514208
1662544633 11053272
1662544634 11865840
1662544635 15902436
1662544636 15357264
1662544637 16655028
1662544638 15552750
1662544639 16634370
1662544640 14275452
1662544641 13947252
1662544642 10045290
1662544643 10403766
1662544644 10617594
1662544645 11926962
1662544646 17145714
1662544647 15284022
1662544648 16693224
1662544649 15401970
1662544650 14865912
1662544651 15629478
1662544652 10907910
1662544653 10724856
1662544654 10615488
1662544655 12703104
1662544656 17385000
1662544657 16751766
1662544658 16684794
1662544659 16222836
1662544660 13175454
1662544661 15535572
1662544662 16904754
1662544663 12279858
1662544664 12027024
1662544665 11229198
1662544666 20166318
1662544667 17385420
1662544668 16498374
1662544669 15644808
1662544670 14866182
1662544671 15716880
1662544672 16452450
1662544673 13868400
1662544674 10534680
1662544675 9401016
1662544676 11137710
1662544677 14715480
1662544678 14099316
1662544679 16345080
1662544680 12650874
1662544681 11552538
1662544682 11269422
1662544683 11742846
1662544684 10875228
1662544685 12050046
1662544686 17706726
1662544687 15513558
1662544688 15429720
1662544689 17433498
1662544690 14550420
1662544691 14559636
1662544692 11267814
1662544693 11432838
1662544694 10068834
1662544695 11631774
1662544696 16432698
1662544697 15636948
1662544698 16199928
1662544699 15523326
1662544700 12777054
1662544701 12553680
1662544702 10840116
1662544703 11290074
1662544704 10979874
1662544705 12232152
1662544706 16527930
1662544707 14747400
1662544708 17335098
1662544709 18914298
1662544710 15941754
1662544711 17761404
1662544712 16292238
1662544713 17154732
1662544714 12700842
1662544715 10317498
1662544716 10732962
1662544717 10732824
1662544718 12007866
1662544719 14430432
1662544720 13086594
1662544721 16412706
1662544722 14943936
1662544723 17115954
1662544724 14315466
1662544725 9411312
1662544726 10659900
1662544727 10206240
1662544728 10252374
1662544729 13168494
1662544730 14493396
1662544731 15980718
1662544732 16842342
1662544733 15603462
1662544734 15346026
1662544735 13099620
1662544736 11347944
1662544737 11213964
1662544738 11352750
1662544739 10586868
1662544740 9687558
1662544741 14811306
1662544742 18685860
1662544743 15705264
1662544744 16158228
1662544745 12396096
1662544746 13995786
1662544747 16950846
1662544748 17980428
1662544749 10933800
1662544750 9635706
1662544751 11326794
1662544752 15747456
1662544753 17550930
1662544754 16989306
1662544755 13806504
1662544756 16590000
1662544757 14896188
1662544758 16673814
1662544759 15738672
1662544760 10125114
1662544761 10680396
1662544762 10509954
1662544763 10493136
1662544764 12011094
1662544765 11620596
1662544766 15330870
1662544767 16197576
1662544768 16590054
1662544769 15259134
1662544770 10093248
1662544771 12140526
1662544772 10725918
1662544773 10621284
1662544774 12484176
1662544775 14070750
1662544776 13205292
1662544777 19319808
1662544778 15438822
1662544779 16022760
1662544780 14647632
1662544781 11034492
1662544782 10753368
1662544783 9973428
1662544784 10564506
1662544785 10065930
1662544786 13563990
1662544787 15003240
1662544788 15137484
1662544789 16704984
1662544790 14261280
1662544791 14160330
1662544792 10546362
1662544793 10849368
1662544794 10759752
1662544795 9271038
1662544796 13047720
1662544797 16462224
1662544798 15987834
1662544799 17224170
1662544800 14704464
1662544801 18568512
1662544802 20614428
1662544803 20439282
1662544804 19479708
1662544805 13008504
1662544806 16062120
1662544807 11629620
1662544808 10773600
1662544809 10424190
1662544810 10099164
1662544811 10678296
1662544812 13139232
1662544813 16553196
1662544814 15044970
1662544815 13806564
1662544816 17490108
1662544817 16313340
1662544818 16814034
1662544819 12231630
1662544820 9044580
1662544821 11579478
1662544822 11515554
1662544823 11323356
1662544824 11324106
1662544825 14595522
1662544826 14796696
1662544827 17100804
1662544828 15676308
1662544829 16476024
1662544830 12080844
1662544831 13879650
1662544832 10007880
1662544833 10441296
1662544834 9978132
1662544835 9874896
1662544836 13468218
1662544837 16129872
1662544838 16527984
1662544839 15288306
1662544840 13431018
1662544841 15022980
1662544842 11657526
1662544843 11180514
1662544844 9943416
1662544845 10402602
1662544846 11214570
1662544847 11684928
1662544848 13508250
1662544849 15423522
1662544850 14215146
1662544851 16100628
1662544852 15935538
1662544853 12502350
1662544854 10519002
1662544855 9581538
1662544856 10452546
1662544857 13738908
1662544858 19291080
1662544859 17315544
1662544860 13134738
1662544861 16758624
1662544862 15171324
1662544863 18878910
1662544864 16648704
1662544865 11704254
1662544866 17869236
1662544867 16122534
1662544868 11588628
1662544869 10978758
1662544870 9893430
1662544871 10964694
1662544872 10597998
1662544873 15728988
1662544874 14833386
1662544875 12128580
1662544876 17259576
1662544877 16534128
1662544878 16191408
1662544879 15388482
1662544880 8510616
1662544881 10184178
1662544882 9891738
1662544883 10484412
1662544884 11608008
1662544885 11461722
1662544886 16793934
1662544887 14834520
1662544888 17164044
1662544889 16080588
1662544890 13078086
1662544891 15157776
1662544892 10329144
1662544893 11502864
1662544894 9697686
1662544895 9505278
1662544896 11928006
1662544897 14558040
1662544898 15432336
1662544899 15785592
1662544900 13489968
1662544901 14851422
1662544902 14826426
1662544903 11164308
1662544904 10184892
1662544905 9959334
1662544906 11006724
1662544907 10477776
1662544908 12821466
1662544909 16677426
1662544910 13840674
1662544911 15457434
1662544912 17159256
1662544913 20020698
1662544914 20545368
1662544915 15519864
1662544916 18672546
1662544917 15794982
1662544918 14165514
1662544919 10988502
1662544920 8975634
1662544921 10880226
1662544922 10391880
1662544923 11702826
1662544924 16840566
1662544925 11536272
1662544926 18567516
1662544927 16797816
1662544928 15111612
1662544929 14894652
1662544930 13934418
1662544931 10526886
1662544932 10277472
1662544933 9916902
1662544934 9614190
1662544935 9244950
1662544936 13947804
1662544937 17322330
1662544938 15727836
1662544939 16091910
1662544940 11501202
1662544941 12963018
1662544942 16736100
1662544943 10950564
1662544944 11149152
1662544945 8230944
1662544946 9463260
1662544947 10518054
1662544948 12231642
1662544949 14559474
1662544950 4823994
1662544951 9542664
1662544952 17595882
1662544953 15501708
1662544954 14163378
1662544955 10063482
1662544956 10345452
1662544957 9474912
1662544958 11059008
1662544959 11009922
1662544960 11710842
1662544961 14164500
1662544962 16326972
1662544963 15552450
1662544964 16994892
1662544965 12211308
1662544966 10268616
1662544967 11672112
1662544968 10485384
1662544969 14692884
1662544970 15242484
1662544971 15499608
1662544972 16094586
1662544973 16053084
1662544974 17269854
1662544975 12373386
1662544976 10930890
1662544977 10131318
1662544978 9994914
1662544979 11660250
1662544980 11459616
1662544981 13243302
1662544982 13202724
1662544983 15115224
1662544984 10088826
1662544985 9493836
1662544986 10778058
1662544987 10376994
1662544988 9991326
1662544989 12902274
1662544990 12264948
1662544991 16852290
1662544992 15549246
1662544993 16831152
1662544994 15335232
1662544995 9757362
1662544996 10940796
1662544997 11510370
1662544998 10302186
1662544999 9807780
1662545000 9540822
1662545001 15277224
1662545002 16121946
1662545003 15856806
1662545004 16262238
1662545005 14859894
1662545006 15761358
1662545007 12485526
1662545008 10296066
1662545009 9546522
1662545010 9322050
1662545011 10634304
1662545012 10518174
1662545013 15240786
1662545014 14902758
1662545015 15633432
1662545016 18252312
1662545017 16647822
1662545018 16297848
1662545019 16305180
1662545020 14602224
1662545021 15226938
1662545022 16909134
1662545023 16364634
1662545024 19105374
1662545025 17441670
1662545026 14683782
1662545027 9726972
1662545028 10358280
1662545029 11056902
1662545030 9996522
1662545031 10786050
1662545032 10855308
1662545033 13785288
1662545034 13220940
1662545035 14477868
1662545036 17326170
1662545037 16457022
1662545038 15512568
1662545039 12197148
1662545040 8637954
1662545041 10008702
1662545042 10404174
1662545043 10580562
1662545044 10444458
1662545045 14667546
1662545046 15547170
1662545047 15991230
1662545048 17296812
1662545049 14237400
1662545050 15367998
1662545051 13448652
1662545052 10848624
1662545053 10319772
1662545054 10288986
1662545055 10011678
1662545056 10493220
1662545057 12162954
1662545058 17021118
1662545059 16878606
1662545060 15392196
1662545061 15025236
1662545062 16793478
1662545063 15562320
1662545064 15821244
1662545065 9643452
1662545066 10076460
1662545067 9895818
1662545068 10100574
1662545069 10515402
1662545070 9522210
1662545071 12260268
1662545072 16016778
1662545073 14892912
1662545074 18881916
1662545075 11755086
1662545076 16065876
1662545077 14669592
1662545078 13727904
1662545079 11327418
1662545080 9141372
1662545081 10381710
1662545082 10346244
1662545083 11323968
1662545084 11208402
1662545085 11297358
1662545086 15203796
1662545087 15721170
1662545088 16452816
1662545089 16568046
1662545090 11593566
1662545091 16848534
1662545092 13177764
1662545093 11635158
1662545094 10676106
1662545095 8001744
1662545096 10373388
1662545097 10580154
1662545098 12132012
1662545099 20005902
1662545100 15062466
1662545101 19527414
1662545102 19629876
1662545103 16624164
1662545104 15922896
1662545105 11921622
1662545106 14713836
1662545107 15753630
1662545108 16180584
1662545109 14113152
1662545110 10325550
1662545111 9445836
1662545112 10177038
1662545113 10728246
1662545114 9480642
1662545115 11195154
1662545116 15845454
1662545117 15460008
1662545118 16626828
1662545119 14877144
1662545120 14817810
1662545121 14419680
1662545122 11075244
1662545123 9535020
1662545124 11066172
1662545125 9138648
1662545126 10306032
1662545127 10000098
1662545128 13627236
1662545129 13824450
1662545130 15044490
1662545131 15207216
1662545132 17149554
1662545133 16884954
1662545134 15783270
1662545135 8959074
1662545136 9582216
1662545137 9572832
1662545138 10838850
1662545139 10602294
1662545140 8879190
1662545141 14825712
1662545142 15556524
1662545143 13685562
1662545144 16752708
1662545145 14341014
1662545146 15713694
1662545147 14970234
1662545148 9935904
1662545149 9940674
1662545150 8735196
1662545151 9666432
1662545152 12046680
1662545153 19197618
1662545154 17910534
1662545155 13002726
1662545156 15659364
1662545157 16424442
1662545158 15812574
1662545159 16586874
1662545160 14538216
1662545161 16338678
1662545162 10574418
1662545163 10457922
1662545164 10194546
1662545165 10152672
1662545166 9514116
1662545167 12127116
1662545168 15140370
1662545169 14572764
1662545170 12471522
1662545171 17563620
1662545172 15058896
1662545173 16411290
1662545174 15785286
1662545175 9694272
1662545176 10042410
1662545177 11131842
1662545178 9897138
1662545179 11080278
1662545180 8855586
1662545181 12427320
1662545182 13754466
1662545183 12858006
1662545184 14579514
1662545185 11782524
1662545186 10655172
1662545187 10138284
1662545188 10087674
1662545189 10479282
1662545190 9928110
1662545191 9809394
1662545192 11838528
1662545193 15348978
1662545194 16034226
1662545195 11855028
1662545196 16292826
1662545197 14905464
1662545198 15406566
1662545199 18103866
1662545200 9168312
1662545201 9558750
1662545202 10369518
1662545203 10452732
1662545204 10766238
1662545205 8644206
1662545206 16997298
1662545207 18486942
1662545208 20272110
1662545209 18099414
1662545210 14127270
1662545211 15599490
1662545212 16123092
1662545213 16063140
1662545214 16507902
1662545215 14682390
1662545216 13718178
1662545217 9776262
1662545218 10583400
1662545219 9963792
1662545220 9323832
1662545221 9894108
1662545222 13618272
1662545223 15910770
1662545224 14992374
1662545225 12605496
1662545226 14333400
1662545227 17072130
1662545228 16966788
1662545229 15322920
1662545230 9944160
1662545231 10539756
1662545232 11172678
1662545233 10045656
1662545234 10034406
1662545235 8564820
1662545236 11315196
1662545237 13900248
1662545238 16245708
1662545239 16173162
1662545240 15183996
1662545241 15668760
1662545242 16662606
1662545243 10703190
1662545244 10318236
1662545245 8696178
1662545246 9352794
1662545247 9371052
1662545248 9734514
1662545249 12575574
1662545250 13252416
1662545251 17235936
1662545252 15973200
1662545253 15879732
1662545254 16034478
1662545255 13235832
1662545256 14676708
1662545257 9532038
1662545258 10170846
1662545259 9869154
1662545260 9662172
1662545261 11309328
1662545262 18205290
1662545263 19356804
1662545264 16824348
1662545265 12642756
1662545266 16972110
1662545267 15644508
1662545268 16183692
1662545269 15511842
1662545270 10620354
1662545271 11319900
1662545272 9923640
1662545273 9708138
1662545274 10808424
1662545275 9708558
1662545276 12725808
1662545277 14973066
1662545278 15577902
1662545279 16046910
1662545280 14434932
1662545281 17482944
1662545282 13518666
1662545283 10801878
1662545284 10142934
1662545285 8835522
1662545286 10225668
1662545287 11052186
1662545288 10827198
1662545289 12751284
1662545290 12531582
1662545291 13770672
1662545292 16375668
1662545293 15666222
1662545294 13313382
1662545295 8627574
1662545296 10745232
1662545297 9930480
1662545298 9352908
1662545299 9763740
1662545300 8996514
1662545301 13967934
1662545302 16114740
1662545303 15933534
1662545304 15847704
1662545305 14080284
1662545306 16634646
1662545307 14748414
1662545308 10024464
1662545309 10984254
1662545310 8709888
1662545311 11338452
1662545312 10041642
1662545313 5105430
1662545314 1238


# events submitted
1662544111 3323092
1662544112 373478
1662544113 9050004
1662544114 15118146
1662544115 20470914
1662544116 18942654
1662544117 18091992
1662544118 19909770
1662544119 18816120
1662544120 19737936
1662544121 19786278
1662544122 17369784
1662544123 19714440
1662544124 19261362
1662544125 18435708
1662544126 19372050
1662544127 19258914
1662544128 18514692
1662544129 19357128
1662544130 19399632
1662544131 18750828
1662544132 18089634
1662544133 19243578
1662544134 17908134
1662544135 19617948
1662544136 19284264
1662544137 17681364
1662544138 19253778
1662544139 19745130
1662544140 18038508
1662544141 19073550
1662544142 17583042
1662544143 20017440
1662544144 17753028
1662544145 19435104
1662544146 17652342
1662544147 16846350
1662544148 15694542
1662544149 16036548
1662544150 15444594
1662544151 17243136
1662544152 13576344
1662544153 17816850
1662544154 13749102
1662544155 16448604
1662544156 16258122
1662544157 14369802
1662544158 17198982
1662544159 14780064
1662544160 16309692
1662544161 14797776
1662544162 15233778
1662544163 12946560
1662544164 13224276
1662544165 11176752
1662544166 8757096
1662544167 2205150
1662544168 3024876
1662544169 1353924
1662544170 5389812
1662544171 5305938
1662544172 2987514
1662544173 4493442
1662544174 3035874
1662544175 3705348
1662544176 4217814
1662544177 4237092
1662544178 4816530
1662544179 4654236
1662544180 5231814
1662544181 5016138
1662544182 3225408
1662544183 3546984
1662544184 1481154
1662544185 3769938
1662544186 2024646
1662544187 4292964
1662544188 4503720
1662544189 5428638
1662544190 3374616
1662544191 3694866
1662544192 3791802
1662544193 4201692
1662544194 2475816
1662544195 2520996
1662544196 1606266
1662544197 1869240
1662544198 2255196
1662544199 2441976
1662544200 926610
1662544201 2734896
1662544202 1766856
1662544203 727662
1662544204 1116732
1662544205 3294348
1662544206 2367570
1662544207 1055160
1662544208 3439938
1662544209 2061528
1662544210 3151302
1662544211 1320270
1662544212 2914326
1662544213 2549424
1662544214 1681434
1662544215 2815422
1662544216 2059536
1662544217 1768722
1662544218 1796928
1662544219 3348300
1662544220 1142598
1662544221 2690760
1662544222 2164416
1662544223 2155956
1662544224 1870146
1662544225 2256396
1662544226 2339850
1662544227 613596
1662544228 2097096
1662544229 2147046
1662544230 2207718
1662544231 1388010
1662544232 1512426
1662544233 1823148
1662544234 2775312
1662544235 754158
1662544239 1279740
1662544240 422706
1662544241 2578410
1662544242 2113254
1662544243 1751832
1662544244 2250048
1662544245 1616280
1662544246 3504
1662544247 3000954
1662544248 788910
1662544249 2709636
1662544250 4001196
1662544251 1599780
1662544252 1484652
1662544253 3327972
1662544254 2258088
1662544255 1825812
1662544256 1443846
1662544257 3057954
1662544258 1659306
1662544259 2841042
1662544260 1500174
1662544261 2999592
1662544262 1500768
1662544263 1499172
1662544264 2647668
1662544265 366144
1662544266 3121434
1662544267 2863062
1662544268 2469252
1662544269 1643982
1662544270 2276790
1662544271 2612058
1662544272 2497500
1662544273 1734372
1662544274 2031570
1662544275 2463084
1662544276 1974396
1662544277 2115708
1662544278 1938678
1662544279 2951658
1662544280 1606278
1662544281 1929786
1662544282 2466354
1662544283 2006586
1662544284 2489082
1662544285 2608302
1662544286 1889112
1662544287 2005392
1662544288 1457856
1662544289 2459346
1662544290 2427888
1662544291 2056344
1662544292 634560
1662544293 2185164
1662544294 1762794
1662544295 2376768
1662544296 1196034
1662544297 2430234
1662544298 1688370
1662544299 593598
1662544300 579882
1662544301 2081730
1662544302 3980760
1662544303 4320678
1662544304 2553354
1662544305 1565976
1662544306 2382192
1662544307 2754636
1662544308 735390
1662544309 3767994
1662544310 1679382
1662544311 2220564
1662544312 2759406
1662544313 1984620
1662544314 1855794
1662544315 1518066
1662544316 2521296
1662544317 2473308
1662544318 1939596
1662544319 2135394
1662544320 2169966
1662544321 851544
1662544322 2886660
1662544323 1340460
1662544324 1661874
1662544325 2407080
1662544326 2284266
1662544327 2959320
1662544328 2040630
1662544329 2310090
1662544330 1499184
1662544331 1503336
1662544332 3001206
1662544333 1512930
1662544334 2799900
1662544335 1707918
1662544336 1753020
1662544337 2261052
1662544338 480780
1662544341 166170
1662544342 2526366
1662544343 1823286
1662544344 2342064
1662544345 1257798
1662544346 1183632
1662544347 1950780
1662544348 3781914
1662544349 1500804
1662544350 1502148
1662544351 1550676
1662544352 1117134
1662544353 2351760
1662544354 1663806
1662544355 1872072
1662544356 2648892
1662544357 1991166
1662544358 3156594
1662544359 366990
1662544360 3099288
1662544361 2783532
1662544362 1688658
1662544363 2032662
1662544364 3449982
1662544365 1326510
1662544366 2041608
1662544367 2716386
1662544368 401526
1662544369 2794560
1662544370 3119316
1662544371 1826784
1662544372 2587248
1662544373 1976700
1662544374 2288190
1662544375 1639146
1662544376 1764402
1662544377 948576
1662544378 4119432
1662544379 2037690
1662544380 2611680
1662544381 1878198
1662544382 1499850
1662544383 1502736
1662544384 966114
1662544385 2041980
1662544386 601326
1662544387 3713988
1662544388 2380848
1662544389 2342688
1662544393 499116
1662544394 2510826
1662544395 2489796
1662544396 1956528
1662544397 1768782
1662544398 1768614
1662544399 2384424
1662544400 2027322
1662544401 2613954
1662544402 1832430
1662544403 2478288
1662544404 1679226
1662544406 1219782
1662544407 4168938
1662544408 2134794
1662544409 1991268
1662544410 2090868
1662544411 441342
1662544412 2652462
1662544413 830556
1662544414 2339340
1662544415 2855538
1662544416 2341422
1662544417 3330714
1662544418 2236578
1662544419 980682
1662544420 2781978
1662544421 2340582
1662544422 1699596
1662544423 1332942
1662544424 3290478
1662544425 2563602
1662544426 1539240
1662544427 2959638
1662544428 1618584
1662544429 2562006
1662544430 1454544
1662544431 1923714
1662544432 2477220
1662544433 1886472
1662544434 3085470
1662544435 1962888
1662544436 2179614
1662544437 1863576
1662544438 2196342
1662544439 1614060
1662544440 1625508
1662544442 1223742
1662544443 3048660
1662544444 3810474
1662544449 1569894
1662544450 2943360
1662544451 2063100
1662544452 958548
1662544453 2559660
1662544454 1867992
1662544455 1969230
1662544456 2018784
1662544457 3707442
1662544458 1949712
1662544459 906096
1662544460 2325834
1662544461 1313916
1662544462 2857614
1662544463 335712
1662544464 2568414
1662544465 2078646
1662544466 1550904
1662544467 2249832
1662544468 3297396
1662544469 2870826
1662544470 2226774
1662544471 356640
1662544472 2144784
1662544473 1612542
1662544474 2246874
1662544475 2212512
1662544476 1472298
1662544477 3424920
1662544478 1956042
1662544479 2931726
1662544480 1641078
1662544481 2847420
1662544482 1791348
1662544483 1962012
1662544484 2248176
1662544485 1662060
1662544486 2829462
1662544487 1555302
1662544488 2671806
1662544489 2195088
1662544490 1627422
1662544491 1758312
1662544492 2315586
1662544493 1858302
1662544494 2270862
1662544495 1947042
1662544496 1165746
1662544497 3140742
1662544498 1498512
1662544499 1501152
1662544503 1499340
1662544504 246276
1662544505 2658492
1662544506 2138694
1662544507 2994096
1662544508 763230
1662544509 102558
1662544510 592164
1662544511 1154088
1662544512 3908136
1662544513 3108060
1662544514 2539020
1662544515 3186396
1662544516 2487834
1662544517 2220774
1662544518 1529316
1662544519 2164794
1662544520 1679706
1662544521 2271954
1662544522 2522790
1662544523 2353458
1662544524 2290134
1662544525 2229474
1662544526 2046456
1662544527 2035194
1662544528 2421618
1662544529 1825092
1662544530 2567622
1662544531 244530
1662544532 2601240
1662544533 2131500
1662544534 2282880
1662544535 1870230
1662544536 2986116
1662544537 1443516
1662544538 2616876
1662544539 478104
1662544540 1734936
1662544541 1474566
1662544542 3359808
1662544543 3624996
1662544544 2129322
1662544545 2468898
1662544546 2684358
1662544547 1794042
1662544548 610152
1662544549 1823208
1662544550 2563824
1662544551 1693560
1662544552 2406756
1662544553 2858532
1662544554 1810554
1662544558 1003698
1662544559 2016954
1662544560 2534748
1662544561 1943664
1662544562 1486116
1662544563 735414
1662544564 2428026
1662544565 2164740
1662544566 2220438
1662544567 876150
1662544568 3624708
1662544569 410508
1662544570 2799876
1662544571 2788896
1662544572 2108838
1662544573 988692
1662544574 2382378
1662544575 2484024
1662544576 2482812
1662544577 2764872
1662544578 1795596
1662544579 2538846
1662544580 1964898
1662544581 1865934
1662544582 2025798
1662544583 2102556
1662544584 1815990
1662544585 1271286
1662544586 2626188
1662544587 3274674
1662544588 1641390
1662544589 2545542
1662544590 1816782
1662544591 1519692
1662544592 1500294
1662544593 1936008
1662544594 2709162
1662544595 1365162
1662544596 1182918
1662544597 3604536
1662544598 2957796
1662544599 1366392
1662544600 1724388
1662544601 2264502
1662544602 2309976
1662544603 1713888
1662544604 2386224
1662544605 782232
1662544606 2047560
1662544607 2012592
1662544608 2705424
1662544612 1499496
1662544613 1722282
1662544614 2771478
1662544615 1536726
1662544616 2440866
1662544617 1761972
1662544618 2328486
1662544619 1275348
1662544620 2525592
1662544621 2059608
1662544622 2571888
1662544623 8598
1662544624 1500348
1662544625 3001440
1662544626 1501734
1662544627 1724976
1662544628 2776554
1662544629 1499874
1662544630 2866968
1662544631 1324554
1662544632 2237208
1662544633 1519950
1662544634 3738852
1662544635 1693500
1662544636 1968810
1662544637 2502642
1662544638 2347698
1662544639 2149866
1662544640 2024802
1662544641 1235286
1662544642 1015866
1662544643 1293318
1662544644 3436380
1662544645 3079932
1662544646 2931432
1662544647 2385816
1662544648 2107428
1662544649 2426802
1662544650 2076042
1662544651 1273086
1662544652 755670
1662544653 239754
1662544654 3786588
1662544655 2046444
1662544656 2463996
1662544657 1500294
1662544658 1085718
1662544659 2064210
1662544660 3073614
1662544661 2776974
1662544662 1505412
1662544663 1493028
1662544667 1497864
1662544668 1771572
1662544669 2729838
1662544670 1873218
1662544671 2624868
1662544672 1798926
1662544673 912666
1662544675 1330080
1662544676 1326102
1662544677 1437804
1662544678 1972938
1662544679 4632042
1662544680 2695368
1662544681 1535604
1662544682 2615412
1662544683 1421736
1662544684 250674
1662544685 2313522
1662544686 4369044
1662544687 3528084
1662544688 2921802
1662544689 1560732
1662544690 1443522
1662544691 1500174
1662544692 21360
1662544693 2077560
1662544694 2715174
1662544695 2158146
1662544696 3550524
1662544697 1973250
1662544698 2251458
1662544699 2304420
1662544700 2417670
1662544701 1722594
1662544702 1802784
1662544703 1353858
1662544704 1546572
1662544705 3491556
1662544706 2162154
1662544707 2124258
1662544708 2306970
1662544709 75810
1662544710 1500834
1662544711 1491606
1662544712 1953558
1662544713 1063698
1662544714 1177314
1662544715 1199364
1662544716 2794068
1662544717 834528
1662544718 692166
1662544719 3316446
1662544720 3189210
1662544721 4155360
1662544722 2695248
1662544723 1664706
1662544724 2290962
1662544725 1548312
1662544726 2318802
1662544727 1672344
1662544728 2613030
1662544729 3387078
1662544730 2078826
1662544731 2098500
1662544732 1722984
1662544733 2326110
1662544734 1538718
1662544735 2700774
1662544736 1499322
1662544737 2396868
1662544738 1721112
1662544739 1397016
1662544740 3011556
1662544741 2580678
1662544742 904260
1662544743 1647702
1662544744 2319114
1662544745 1677096
1662544746 3408888
1662544747 1943808
1662544748 434982
1662544749 2080386
1662544750 2032482
1662544753 1128
1662544754 893916
1662544755 2645700
1662544756 2460150
1662544757 2104506
1662544758 2409048
1662544759 2218302
1662544760 1160424
1662544761 1259028
1662544762 1168182
1662544763 2361762
1662544764 1590870
1662544765 2214072
1662544766 4406634
1662544767 1909260
1662544768 1751286
1662544769 2826942
1662544770 1326936
1662544771 859500
1662544772 1359672
1662544773 1800876
1662544774 3125532
1662544775 2828094
1662544776 3454992
1662544777 428850
1662544778 2129436
1662544779 2368614
1662544780 1571640
1662544781 2465826
1662544782 2408142
1662544783 2529438
1662544784 1524564
1662544785 550914
1662544786 3371946
1662544787 3608664
1662544788 2459610
1662544789 2030682
1662544790 1463490
1662544791 2312472
1662544792 1919328
1662544793 2036142
1662544794 1411356
1662544795 950166
1662544796 3121974
1662544797 3373896
1662544798 2112210
1662544799 1798062
1662544800 2005752
1662544801 661434
1662544805 999504
1662544806 2175228
1662544807 2743872
1662544808 1595982
1662544809 1069404
1662544810 529416
1662544811 920406
1662544812 3308586
1662544813 4720962
1662544814 2586354
1662544815 1911972
1662544816 1508814
1662544817 1492662
1662544818 1498878
1662544819 1773738
1662544820 1292652
1662544821 2042628
1662544822 711738
1662544823 1099092
1662544824 1149690
1662544825 3129198
1662544826 2149422
1662544827 3739908
1662544828 3061620
1662544829 3875652
1662544830 2494056
1662544831 1745796
1662544832 1308294
1662544833 1096644
1662544834 928830
1662544835 1237776
1662544836 2140848
1662544837 4047192
1662544838 3030792
1662544839 2564214
1662544840 1965534
1662544841 1586658
1662544842 3670728
1662544843 1525686
1662544844 2524128
1662544845 1197138
1662544846 1740882
1662544847 1701816
1662544848 3899412
1662544849 2165220
1662544850 2505618
1662544851 1950084
1662544852 2548308
1662544853 74466
1662544854 1770552
1662544855 2361324
1662544856 918036
1662544857 2398584
1662544860 1194486
1662544861 1856352
1662544862 2702202
1662544863 248292
1662544864 1500432
1662544865 2306772
1662544866 2198484
1662544867 1498062
1662544868 1071108
1662544869 2089836
1662544870 1812990
1662544871 2593398
1662544872 1471668
1662544873 1500426
1662544874 2541036
1662544875 2710902
1662544876 2057592
1662544877 1502178
1662544878 2673360
1662544879 2017110
1662544880 2000430
1662544881 1772022
1662544882 807546
1662544883 1633410
1662544884 4059060
1662544885 2859492
1662544886 1905084
1662544887 2897364
1662544888 1584066
1662544889 2016534
1662544890 2353968
1662544891 1714512
1662544892 771408
1662544893 1730916
1662544894 2523246
1662544895 1544718
1662544896 2268252
1662544897 3143274
1662544898 2400360
1662544899 2091108
1662544900 867300
1662544901 2407188
1662544902 2224002
1662544903 2547336
1662544904 1165374
1662544905 2410122
1662544906 2062710
1662544907 531954
1662544908 3647754
1662544909 2737806
1662544910 1906572
1662544911 2534418
1662544912 1593276
1662544913 357546
1662544916 135780
1662544917 2858136
1662544918 1430382
1662544919 1868124
1662544920 2267262
1662544921 543696
1662544922 2645388
1662544923 2159250
1662544924 1727580
1662544925 1888758
1662544926 2067612
1662544927 1500678
1662544928 2161902
1662544929 3127116
1662544930 2282196
1662544931 1394652
1662544932 2139804
1662544933 2361132
1662544934 1742970
1662544935 1762398
1662544936 3992856
1662544937 1590252
1662544938 2065050
1662544939 2336238
1662544940 1870176
1662544941 1547622
1662544942 2600154
1662544943 2319978
1662544944 1572174
1662544945 1248630
1662544946 1684746
1662544947 2655492
1662544948 3491406
1662544949 2608038
1662544950 960354
1662544951 2545962
1662544952 1941054
1662544953 574536
1662544954 3720648
1662544955 1856736
1662544956 916020
1662544957 1043454
1662544958 176010
1662544959 2116920
1662544960 4143714
1662544961 3568392
1662544962 3232404
1662544963 2631186
1662544964 1675098
1662544965 2330400
1662544966 671868
1662544970 1697388
1662544971 2403078
1662544972 2363466
1662544973 2314122
1662544974 1726674
1662544975 1483128
1662544976 1130994
1662544977 521088
1662544978 544716
1662544979 372942
1662544980 2265066
1662544981 4087152
1662544982 2932464
1662544983 3832200
1662544984 2308368
1662544985 875880
1662544986 2084808
1662544987 1447602
1662544988 1820406
1662544989 3228420
1662544990 3749730
1662544991 2009358
1662544992 2825406
1662544993 1488432
1662544994 1920084
1662544995 1547616
1662544996 183132
1662544997 1493370
1662544998 899172
1662544999 2335890
1662545000 3218286
1662545001 3491280
1662545002 3734952
1662545003 2679564
1662545004 1934742
1662545005 2178564
1662545006 2478750
1662545007 2084082
1662545008 2121534
1662545009 2231484
1662545010 806886
1662545011 2246238
1662545012 555432
1662545013 3922422
1662545014 2457792
1662545015 540600
1662545016 456312
1662545017 1123740
1662545018 2452530
1662545019 1969452
1662545020 117948
1662545021 2931552
1662545022 510396
1662545026 1630380
1662545027 2763666
1662545028 2316864
1662545029 2007264
1662545030 1279722
1662545031 147468
1662545032 619482
1662545033 4211778
1662545034 3515256
1662545035 3825408
1662545036 1708296
1662545037 1701696
1662545038 2802156
1662545039 1500318
1662545040 1544886
1662545041 1781298
1662545042 1978362
1662545043 2007000
1662545044 1606692
1662545045 3101706
1662545046 1842882
1662545047 2675916
1662545048 1504182
1662545049 2103600
1662545050 2399928
1662545051 1891092
1662545052 3170358
1662545053 2371080
1662545054 2082726
1662545055 1356648
1662545056 1794534
1662545057 2201766
1662545058 1666986
1662545059 1451370
1662545060 1536072
1662545061 2594832
1662545062 1904580
1662545063 1976142
1662545064 1746744
1662545065 1971804
1662545066 2598996
1662545067 1870014
1662545068 1758480
1662545069 1977594
1662545070 2290164
1662545071 1853856
1662545072 3008538
1662545073 1958484
1662545074 1139322
1662545075 1927680
1662545076 2788152
1662545077 1966932
1662545078 3225264
1662545079 819966
1662545080 2001786
1662545081 1797420
1662545082 1911972
1662545083 2690214
1662545084 2226588
1662545085 1652478
1662545086 4039716
1662545087 2490822
1662545088 2199342
1662545089 1681302
1662545090 2175060
1662545091 2150178
1662545092 1499190
1662545093 1515504
1662545094 1849224
1662545095 1498302
1662545096 1691118
1662545097 2508540
1662545098 2952468
1662545102 1104
1662545103 1604874
1662545104 2901030
1662545105 787248
1662545106 2397300
1662545107 2815716
1662545108 696396
1662545109 2592840
1662545110 1233492
1662545111 2063202
1662545112 1897806
1662545113 2258052
1662545114 1984074
1662545115 3378162
1662545116 1934208
1662545117 2100402
1662545118 2399700
1662545119 2061876
1662545120 2382996
1662545121 2565336
1662545122 1573068
1662545123 1916700
1662545124 2072850
1662545125 2229366
1662545126 1781142
1662545127 809784
1662545128 2916294
1662545129 3176358
1662545130 2302386
1662545131 2714310
1662545132 782802
1662545133 1945854
1662545134 1626126
1662545135 776394
1662545136 3385242
1662545137 1726812
1662545138 1959420
1662545139 2104746
1662545140 2037636
1662545141 3351270
1662545142 1815318
1662545143 2421096
1662545144 2575170
1662545145 2198442
1662545146 2471088
1662545147 1815390
1662545148 1934124
1662545149 973962
1662545150 1917024
1662545151 1504110
1662545152 1381008
1662545155 1499406
1662545156 2196792
1662545157 1739346
1662545158 2183322
1662545159 2419026
1662545160 2028342
1662545161 2074014
1662545162 922584
1662545163 1475310
1662545164 1787568
1662545165 1321158
1662545166 1148262
1662545167 2844834
1662545168 2231766
1662545169 3179580
1662545170 2525412
1662545171 1265202
1662545172 2037264
1662545173 2690010
1662545174 1499280
1662545175 1042818
1662545176 1490082
1662545177 2667078
1662545178 2119572
1662545179 709752
1662545180 1173162
1662545181 2988582
1662545182 3558366
1662545183 3616134
1662545184 3646974
1662545185 2186100
1662545186 1979574
1662545187 2038320
1662545188 1848822
1662545189 2603736
1662545190 1970730
1662545191 904614
1662545192 2609898
1662545193 2608518
1662545194 1920366
1662545195 1409424
1662545196 1903704
1662545197 2715486
1662545198 2887122
1662545199 85908
1662545200 1756206
1662545201 2906478
1662545202 2471766
1662545203 2015616
1662545204 1482840
1662545205 2377446
1662545206 411492
1662545209 562188
1662545210 2166540
1662545211 2395014
1662545212 2746200
1662545213 2094588
1662545214 1763076
1662545215 2358858
1662545216 2414604
1662545217 1500414
1662545218 1627602
1662545219 1376628
1662545220 1229232
1662545221 3276054
1662545222 1501704
1662545223 1595442
1662545224 2483760
1662545225 1249812
1662545226 3078216
1662545227 2628642
1662545228 1036422
1662545229 1406364
1662545230 2221782
1662545231 1664922
1662545232 1881102
1662545233 2572560
1662545234 16302
1662545235 2326380
1662545236 4371834
1662545237 3560760
1662545238 1940808
1662545239 2351730
1662545240 1910526
1662545241 2366034
1662545242 1904112
1662545243 1619976
1662545244 2458410
1662545245 1597272
1662545246 2347416
1662545247 2265936
1662545248 2257158
1662545249 2404974
1662545250 3035184
1662545251 1480140
1662545252 1482768
1662545253 2111028
1662545254 2393130
1662545255 1384110
1662545256 2485554
1662545257 2134212
1662545258 912924
1662545259 1364532
1662545260 2270202
1662545264 1479276
1662545265 2610420
1662545266 2723652
1662545267 2241618
1662545268 1532646
1662545269 2729256
1662545270 1686300
1662545271 1734456
1662545272 1273716
1662545273 797058
1662545274 3157296
1662545275 711150
1662545276 2697882
1662545277 3128736
1662545278 2039904
1662545279 2462712
1662545280 1839996
1662545281 1154868
1662545282 977592
1662545283 1197390
1662545284 2019306
1662545285 1853574
1662545286 3245190
1662545287 1541358
1662545288 563118
1662545289 2864778
1662545290 2473308
1662545291 3849384
1662545292 2776266
1662545293 1894524
1662545294 2436738
1662545295 514008
1662545296 1230996
1662545297 595776
1662545298 2374836
1662545299 2287026
1662545300 2053764
1662545301 2594664
1662545302 3556758
1662545303 3328614
1662545304 3701430
1662545305 1939428
1662545306 2154222
1662545307 2243892
1662545308 1665516
1662545309 1395618
1662545310 708330
1662545311 2351172
1662545312 477666
1662545313 1893774
1662545314 330


# events lost
1662544163 1967568
1662544164 4782870
1662544165 2939490
1662544166 9396528
1662544167 11929350
1662544168 15584478
1662544169 13279746
1662544170 13841718
1662544171 14520420
1662544172 11766330
1662544173 11067090
1662544174 14087466
1662544175 13954170
1662544176 10543842
1662544177 10402296
1662544178 11842536
1662544179 12672792
1662544180 11664798
1662544181 10598274
1662544182 10654134
1662544183 12079812
1662544184 13276506
1662544185 13560186
1662544186 12195504
1662544187 12028188
1662544188 12203850
1662544189 8833170
1662544190 12761772
1662544191 11334066
1662544192 11249388
1662544193 16489260
1662544194 15042144
1662544195 11106204
1662544196 16626738
1662544197 13292574
1662544198 12430668
1662544199 14484678
1662544200 16075968
1662544201 11770788
1662544202 16169280
1662544203 17721750
1662544204 11787996
1662544205 14019012
1662544206 15019440
1662544207 10908594
1662544208 14658108
1662544209 14114172
1662544210 11355534
1662544211 12069282
1662544212 12601242
1662544213 15637476
1662544214 11066046
1662544215 12894732
1662544216 15002586
1662544217 12191310
1662544218 11333718
1662544219 12829764
1662544220 14912940
1662544221 10518540
1662544222 14299188
1662544223 14416278
1662544224 10544166
1662544225 14356416
1662544226 14721870
1662544227 16586118
1662544228 9813192
1662544229 15437838
1662544230 14751450
1662544231 15053148
1662544232 12265242
1662544233 15844686
1662544234 13680618
1662544235 19540068
1662544236 21444822
1662544237 19365774
1662544238 21353400
1662544239 13262292
1662544240 17259636
1662544241 14433360
1662544242 13052058
1662544243 16707600
1662544244 9792030
1662544245 16650300
1662544246 20798082
1662544247 12362520
1662544248 10969302
1662544249 10932834
1662544250 13834884
1662544251 15435660
1662544252 10206096
1662544253 11902068
1662544254 15112296
1662544255 14855430
1662544256 9715290
1662544257 13163814
1662544258 15715164
1662544259 13963632
1662544260 11102676
1662544261 10156806
1662544262 16332222
1662544263 16755372
1662544264 13075584
1662544265 12762936
1662544266 11570850
1662544267 12897336
1662544268 14301684
1662544269 10434294
1662544270 11855904
1662544271 13791870
1662544272 13203804
1662544273 11979054
1662544274 10547838
1662544275 14622774
1662544276 15376548
1662544277 12762474
1662544278 10286982
1662544279 9841974
1662544280 15892470
1662544281 14503170
1662544282 14968428
1662544283 9108150
1662544284 11047326
1662544285 13279608
1662544286 16122732
1662544287 14109354
1662544288 11206866
1662544289 10628898
1662544290 14183502
1662544291 15676848
1662544292 16267998
1662544293 14352492
1662544294 10356642
1662544295 11628156
1662544296 16462812
1662544297 14955318
1662544298 15687342
1662544299 12842952
1662544300 11073360
1662544301 12058482
1662544302 11720172
1662544303 13084140
1662544304 13475220
1662544305 9758670
1662544306 10592334
1662544307 13613286
1662544308 15780780
1662544309 13286082
1662544310 13332690
1662544311 8514234
1662544312 10730748
1662544313 15288456
1662544314 15724890
1662544315 14910282
1662544316 13454118
1662544317 8677542
1662544318 10533948
1662544319 14518482
1662544320 14875842
1662544321 18068232
1662544322 12357438
1662544323 14863260
1662544324 10030416
1662544325 10993212
1662544326 14113914
1662544327 11993334
1662544328 15336906
1662544329 11670126
1662544330 9039420
1662544331 14783910
1662544332 12481110
1662544333 16025688
1662544334 13013304
1662544335 14720622
1662544336 10374198
1662544337 8719482
1662544338 19489548
1662544339 21096246
1662544340 21088350
1662544341 20182614
1662544342 11198466
1662544343 16119534
1662544344 13892598
1662544345 16478964
1662544346 12847998
1662544347 6872274
1662544348 11218494
1662544349 16478256
1662544350 16589220
1662544351 16253004
1662544352 15407646
1662544353 13940034
1662544354 10775058
1662544355 8989764
1662544356 11178822
1662544357 10129920
1662544358 14519226
1662544359 17559906
1662544360 13097808
1662544361 8722434
1662544362 8015412
1662544363 12268044
1662544364 13127226
1662544365 15491568
1662544366 14955246
1662544367 11317470
1662544368 12246000
1662544369 8186010
1662544370 9922626
1662544371 14210676
1662544372 13471050
1662544373 15042684
1662544374 14950782
1662544375 15923376
1662544376 8486052
1662544377 9165828
1662544378 10275684
1662544379 15690048
1662544380 13283784
1662544381 14715582
1662544382 16130988
1662544383 16114506
1662544384 16514838
1662544385 8979510
1662544386 10773342
1662544387 10162584
1662544388 14012442
1662544389 14666418
1662544390 17821608
1662544391 20059650
1662544392 20233902
1662544393 17639226
1662544394 14495874
1662544395 12683694
1662544396 12732750
1662544397 9131472
1662544398 9312156
1662544399 14053644
1662544400 13782276
1662544401 13161072
1662544402 15203412
1662544403 13769034
1662544404 12474810
1662544405 10200156
1662544406 11361192
1662544407 12242124
1662544408 14641836
1662544409 14395518
1662544410 14034582
1662544411 18757254
1662544412 12431394
1662544413 10610064
1662544414 8026164
1662544415 8264568
1662544416 14255178
1662544417 11576790
1662544418 14701050
1662544419 17015070
1662544420 11700900
1662544421 9231396
1662544422 9848418
1662544423 9444006
1662544424 11438868
1662544425 12755844
1662544426 15585066
1662544427 12783126
1662544428 14448144
1662544429 13316040
1662544430 11510148
1662544431 9265950
1662544432 8099748
1662544433 10046382
1662544434 13200570
1662544435 12219942
1662544436 13888764
1662544437 15304392
1662544438 13866438
1662544439 15416898
1662544440 10431222
1662544441 11493462
1662544442 9316476
1662544443 10919820
1662544444 12783558
1662544445 15874728
1662544446 20140986
1662544447 20656602
1662544448 20604012
1662544449 14575272
1662544450 11453676
1662544451 13462380
1662544452 17377206
1662544453 10958274
1662544454 8752188
1662544455 8159688
1662544456 9037272
1662544457 10323180
1662544458 14272254
1662544459 18267792
1662544460 13152408
1662544461 15235536
1662544462 13404162
1662544463 11991804
1662544464 7954308
1662544465 7455288
1662544466 12048690
1662544467 13608648
1662544468 13233648
1662544469 13452786
1662544470 12399060
1662544471 16844346
1662544472 12716910
1662544473 13230006
1662544474 8622438
1662544475 6466806
1662544476 10545474
1662544477 10929984
1662544478 14232588
1662544479 12046812
1662544480 13810098
1662544481 12414294
1662544482 14783904
1662544483 9235968
1662544484 7808376
1662544485 9058386
1662544486 9647340
1662544487 14420712
1662544488 13465356
1662544489 13682538
1662544490 14313402
1662544491 14210664
1662544492 13685628
1662544493 13723908
1662544494 8124546
1662544495 6875994
1662544496 10525464
1662544497 11491668
1662544498 15739098
1662544499 15839058
1662544500 15447432
1662544501 19920198
1662544502 16927584
1662544503 15046854
1662544504 18094992
1662544505 11553222
1662544506 14366652
1662544507 12213288
1662544508 11027292
1662544509 11436246
1662544510 9295038
1662544511 11462226
1662544512 13608108
1662544513 11877930
1662544514 12919860
1662544515 11022720
1662544516 14649948
1662544517 13377234
1662544518 15495924
1662544519 8332662
1662544520 8912142
1662544521 8955270
1662544522 9079140
1662544523 13042230
1662544524 13949358
1662544525 13135416
1662544526 14243526
1662544527 13938606
1662544528 13421340
1662544529 10157046
1662544530 6456756
1662544531 10464078
1662544532 11167458
1662544533 12981216
1662544534 14341704
1662544535 10736142
1662544536 12042012
1662544537 15125208
1662544538 10097982
1662544539 10629564
1662544540 8545110
1662544541 10549386
1662544542 10365168
1662544543 10698456
1662544544 13564956
1662544545 10385004
1662544546 13498962
1662544547 15299682
1662544548 14551548
1662544549 9125298
1662544550 8145960
1662544551 9101220
1662544552 10249896
1662544553 13219794
1662544554 15269088
1662544555 15188358
1662544556 17906820
1662544557 18009366
1662544558 15729228
1662544559 14291112
1662544560 11426370
1662544561 14856666
1662544562 11670936
1662544563 10647282
1662544564 8387862
1662544565 8481060
1662544566 13837602
1662544567 13632288
1662544568 13988826
1662544569 15354624
1662544570 10951026
1662544571 14021550
1662544572 13076412
1662544573 10401618
1662544574 8849016
1662544575 6834108
1662544576 8853924
1662544577 13293384
1662544578 15009306
1662544579 13050954
1662544580 11835948
1662544581 14184936
1662544582 14633100
1662544583 11730906
1662544584 8367510
1662544585 7919166
1662544586 7819470
1662544587 11609682
1662544588 15111486
1662544589 12506670
1662544590 12206400
1662544591 15837810
1662544592 14913186
1662544593 13857738
1662544594 8018322
1662544595 8085438
1662544596 9462360
1662544597 8345466
1662544598 12285480
1662544599 16363584
1662544600 12678228
1662544601 13932870
1662544602 13848156
1662544603 14537562
1662544604 9014418
1662544605 10046316
1662544606 9412830
1662544607 8888100
1662544608 13655724
1662544609 19047018
1662544610 14610432
1662544611 19181922
1662544612 16187280
1662544613 14420874
1662544614 13002180
1662544615 13883382
1662544616 12801342
1662544617 15573318
1662544618 13096686
1662544619 10337610
1662544620 7263666
1662544621 7950102
1662544622 9253146
1662544623 19119420
1662544624 14344116
1662544625 10321296
1662544626 15845880
1662544627 13972566
1662544628 12941976
1662544629 14488470
1662544630 8288538
1662544631 9546252
1662544632 8281350
1662544633 9536604
1662544634 8131164
1662544635 14166816
1662544636 13380678
1662544637 14123574
1662544638 13202388
1662544639 14457726
1662544640 12237396
1662544641 12691152
1662544642 9028812
1662544643 9112800
1662544644 7186710
1662544645 8857020
1662544646 14205714
1662544647 12893256
1662544648 14580732
1662544649 12976764
1662544650 12771102
1662544651 14335566
1662544652 10146636
1662544653 10482918
1662544654 6836748
1662544655 10660458
1662544656 14902626
1662544657 15225654
1662544658 15580068
1662544659 14129172
1662544660 10108746
1662544661 12755364
1662544662 15373236
1662544663 10787082
1662544664 12022194
1662544665 11224302
1662544666 20111256
1662544667 15850026
1662544668 14701530
1662544669 12906216
1662544670 12978402
1662544671 13088502
1662544672 14630622
1662544673 12930648
1662544674 10509348
1662544675 8071176
1662544676 9806940
1662544677 13269450
1662544678 12121848
1662544679 11738124
1662544680 9956616
1662544681 10024914
1662544682 8662758
1662544683 10322880
1662544684 10618314
1662544685 9738438
1662544686 13344780
1662544687 11996802
1662544688 12508860
1662544689 15840936
1662544690 13085820
1662544691 13047834
1662544692 11240064
1662544693 9350052
1662544694 7348386
1662544695 9471582
1662544696 12886224
1662544697 13641786
1662544698 13930440
1662544699 13214952
1662544700 10360038
1662544701 10821342
1662544702 9034692
1662544703 9935466
1662544704 9434706
1662544705 8758554
1662544706 14347548
1662544707 12615654
1662544708 15012312
1662544709 18780720
1662544710 14410704
1662544711 16226220
1662544712 14316744
1662544713 16053426
1662544714 11512170
1662544715 9113964
1662544716 7944642
1662544717 9889746
1662544718 11288052
1662544719 11124696
1662544720 9902166
1662544721 12266646
1662544722 12249504
1662544723 15426696
1662544724 12022020
1662544725 7861026
1662544726 8345412
1662544727 8533344
1662544728 7638192
1662544729 9786498
1662544730 12398106
1662544731 13867716
1662544732 15085134
1662544733 13270134
1662544734 13793538
1662544735 10394838
1662544736 9843036
1662544737 8816490
1662544738 9631548
1662544739 9186600
1662544740 6684498
1662544741 12225306
1662544742 17738646
1662544743 14031984
1662544744 13816434
1662544745 10712244
1662544746 10597290
1662544747 14984166
1662544748 17504442
1662544749 8852484
1662544750 7601718
1662544751 11308536
1662544752 15712170
1662544753 17504838
1662544754 16070874
1662544755 11158938
1662544756 14122380
1662544757 12791646
1662544758 14261394
1662544759 13499370
1662544760 8957106
1662544761 9418650
1662544762 9338682
1662544763 8137536
1662544764 10418406
1662544765 9402018
1662544766 10934952
1662544767 14268240
1662544768 14807568
1662544769 12434700
1662544770 8761566
1662544771 11281548
1662544772 9366612
1662544773 8818428
1662544774 9361782
1662544775 11241708
1662544776 9758922
1662544777 18837192
1662544778 13305102
1662544779 13631484
1662544780 13048776
1662544781 8573616
1662544782 8348130
1662544783 7446600
1662544784 9037800
1662544785 9505146
1662544786 10201578
1662544787 11394522
1662544788 12663444
1662544789 14653938
1662544790 12774372
1662544791 11845176
1662544792 8626446
1662544793 8816382
1662544794 9350844
1662544795 8325714
1662544796 9928782
1662544797 13081704
1662544798 13858602
1662544799 15406152
1662544800 12687618
1662544801 17844384
1662544802 20528448
1662544803 20359596
1662544804 19398030
1662544805 11982714
1662544806 13875468
1662544807 8886804
1662544808 9174216
1662544809 9347280
1662544810 9564162
1662544811 9748356
1662544812 9843180
1662544813 11842428
1662544814 12450360
1662544815 11869194
1662544816 15948150
1662544817 14802816
1662544818 15290316
1662544819 10457874
1662544820 7752372
1662544821 9528474
1662544822 10787538
1662544823 10216386
1662544824 10165776
1662544825 11459736
1662544826 12646812
1662544827 13374762
1662544828 12614466
1662544829 12594378
1662544830 9594576
1662544831 12110394
1662544832 8700354
1662544833 9346458
1662544834 9052668
1662544835 8636784
1662544836 11329596
1662544837 12090222
1662544838 13504170
1662544839 12726042
1662544840 11456184
1662544841 13416936
1662544842 7994028
1662544843 9647814
1662544844 7425924
1662544845 9203112
1662544846 9475578
1662544847 9986424
1662544848 9620298
1662544849 13246374
1662544850 11699784
1662544851 14119776
1662544852 13359762
1662544853 12406818
1662544854 8749806
1662544855 7217178
1662544856 9533358
1662544857 11329950
1662544858 19231950
1662544859 17268966
1662544860 11916024
1662544861 14874798
1662544862 12466632
1662544863 18587874
1662544864 15118272
1662544865 9399558
1662544866 15652116
1662544867 14596488
1662544868 10508268
1662544869 8887758
1662544870 8082708
1662544871 8371014
1662544872 9122538
1662544873 14218548
1662544874 12277554
1662544875 9412596
1662544876 15178188
1662544877 15015816
1662544878 13509216
1662544879 13361058
1662544880 6513060
1662544881 8416710
1662544882 9083862
1662544883 8850618
1662544884 7553988
1662544885 8608422
1662544886 14876934
1662544887 11935776
1662544888 15561108
1662544889 14046918
1662544890 10708218
1662544891 13423812
1662544892 9547020
1662544893 9770262
1662544894 7174098
1662544895 7964238
1662544896 9667620
1662544897 11416152
1662544898 13018068
1662544899 13681638
1662544900 12602274
1662544901 12441666
1662544902 12596682
1662544903 8623002
1662544904 9018540
1662544905 7550838
1662544906 8935734
1662544907 9942444
1662544908 9179616
1662544909 13934502
1662544910 11927100
1662544911 12912096
1662544912 15554856
1662544913 19584906
1662544914 20466126
1662544915 15471288
1662544916 18457938
1662544917 12936450
1662544918 12717150
1662544919 9125982
1662544920 6712272
1662544921 10328478
1662544922 7752624
1662544923 9537222
1662544924 15103560
1662544925 9646752
1662544926 16469490
1662544927 15284802
1662544928 12924468
1662544929 11761200
1662544930 11640384
1662544931 9127410
1662544932 8141958
1662544933 7561392
1662544934 7873536
1662544935 7487160
1662544936 9969060
1662544937 15693600
1662544938 13652562
1662544939 13745592
1662544940 9625344
1662544941 11405508
1662544942 14103138
1662544943 8637822
1662544944 9575676
1662544945 6979416
1662544946 7783590
1662544947 7860786
1662544948 8741358
1662544949 11941920
1662544950 3869382
1662544951 7001004
1662544952 15634440
1662544953 14898636
1662544954 10455210
1662544955 8211246
1662544956 9428160
1662544957 8431404
1662544958 10874778
1662544959 8893386
1662544960 7580964
1662544961 10605378
1662544962 13096032
1662544963 12907392
1662544964 15293904
1662544965 9870264
1662544966 9594930
1662544967 11665620
1662544968 10473306
1662544969 14670792
1662544970 13517676
1662544971 13083966
1662544972 13716090
1662544973 13730592
1662544974 15512850
1662544975 10877010
1662544976 9800514
1662544977 9606606
1662544978 9450072
1662544979 11283720
1662544980 9201198
1662544981 9164064
1662544982 10280892
1662544983 11291592
1662544984 7781334
1662544985 8616528
1662544986 8697168
1662544987 8928096
1662544988 8171562
1662544989 9668898
1662544990 8537028
1662544991 14808258
1662544992 12705156
1662544993 15312108
1662544994 13402560
1662544995 8211192
1662544996 10751670
1662544997 10015500
1662544998 9393744
1662544999 7472664
1662545000 6332544
1662545001 11784678
1662545002 12387756
1662545003 13154586
1662545004 14304498
1662545005 12666114
1662545006 13272642
1662545007 10399308
1662545008 8174382
1662545009 7316016
1662545010 8514042
1662545011 8389380
1662545012 9952440
1662545013 11318634
1662545014 12438924
1662545015 15049362
1662545016 17756538
1662545017 15499686
1662545018 13831692
1662545019 14320656
1662545020 14458716
1662545021 12291108
1662545022 16357290
1662545023 16320942
1662545024 19054020
1662545025 17370156
1662545026 13034886
1662545027 6961158
1662545028 8041620
1662545029 9050988
1662545030 8716800
1662545031 10630002
1662545032 10225920
1662545033 9591912
1662545034 9704430
1662545035 10663350
1662545036 15595134
1662545037 14733828
1662545038 12700488
1662545039 10684968
1662545040 7096248
1662545041 8232846
1662545042 8421930
1662545043 8579262
1662545044 8836386
1662545045 11546502
1662545046 13689684
1662545047 13306632
1662545048 15757056
1662545049 12121026
1662545050 12950082
1662545051 11553864
1662545052 7679004
1662545053 7950120
1662545054 8203302
1662545055 8652720
1662545056 8699418
1662545057 9963126
1662545058 15330204
1662545059 15389580
1662545060 13823856
1662545061 12423012
1662545062 14865714
1662545063 13565916
1662545064 14063370
1662545065 7677954
1662545066 7479678
1662545067 8025702
1662545068 8347308
1662545069 8538552
1662545070 7237158
1662545071 10395288
1662545072 12991698
1662545073 12928188
1662545074 17689692
1662545075 9834000
1662545076 13272276
1662545077 12680748
1662545078 10508280
1662545079 10496844
1662545080 7144806
1662545081 8583528
1662545082 8434794
1662545083 8634900
1662545084 8983788
1662545085 9646512
1662545086 11165862
1662545087 13230300
1662545088 14234460
1662545089 14849832
1662545090 9421470
1662545091 14671104
1662545092 11677638
1662545093 10114200
1662545094 8830224
1662545095 6506406
1662545096 8680428
1662545097 8074596
1662545098 9181710
1662545099 19939032
1662545100 14983182
1662545101 19450146
1662545102 19546440
1662545103 15000570
1662545104 12999144
1662545105 11116836
1662545106 12319224
1662545107 12907782
1662545108 15450948
1662545109 11511636
1662545110 9084192
1662545111 7387560
1662545112 8279136
1662545113 8474220
1662545114 7499328
1662545115 7823922
1662545116 13903530
1662545117 13345308
1662545118 14218140
1662545119 12805674
1662545120 12429024
1662545121 11836026
1662545122 9505956
1662545123 7614318
1662545124 8987004
1662545125 6910998
1662545126 8524062
1662545127 9187638
1662545128 10710270
1662545129 10649094
1662545130 12730932
1662545131 12493122
1662545132 16329336
1662545133 14908254
1662545134 14140362
1662545135 8180706
1662545136 6196344
1662545137 7846440
1662545138 8886126
1662545139 8500344
1662545140 6842352
1662545141 11481726
1662545142 13729530
1662545143 11265204
1662545144 14171388
1662545145 12139374
1662545146 13226592
1662545147 13134786
1662545148 8002938
1662545149 8959818
1662545150 6821754
1662545151 8163678
1662545152 10665468
1662545153 19154334
1662545154 17858484
1662545155 11497776
1662545156 13452678
1662545157 14665962
1662545158 13618698
1662545159 14164662
1662545160 12501516
1662545161 14257356
1662545162 9649416
1662545163 8977986
1662545164 8404164
1662545165 8824902
1662545166 8364510
1662545167 9282180
1662545168 12905376
1662545169 11391858
1662545170 9941508
1662545171 16254060
1662545172 13002648
1662545173 13713732
1662545174 14259744
1662545175 8642808
1662545176 8557332
1662545177 8474706
1662545178 7778106
1662545179 10362144
1662545180 7679592
1662545181 9452604
1662545182 10196628
1662545183 9239280
1662545184 10946640
1662545185 9593736
1662545186 8675040
1662545187 8104944
1662545188 8242116
1662545189 7881942
1662545190 7956444
1662545191 8901036
1662545192 9227688
1662545193 12738036
1662545194 14096550
1662545195 10433688
1662545196 14363676
1662545197 12183636
1662545198 12515934
1662545199 17953218
1662545200 7417146
1662545201 6659298
1662545202 7903812
1662545203 8442654
1662545204 9283242
1662545205 6269448
1662545206 16534542
1662545207 18433836
1662545208 20182206
1662545209 17482374
1662545210 11951208
1662545211 13198728
1662545212 13368384
1662545213 13951542
1662545214 14729844
1662545215 12311064
1662545216 11303304
1662545217 8277420
1662545218 8959446
1662545219 8587680
1662545220 8094606
1662545221 6623988
1662545222 12096060
1662545223 14297472
1662545224 12504036
1662545225 11335686
1662545226 11253870
1662545227 14426154
1662545228 15899532
1662545229 13902540
1662545230 7726392
1662545231 8873988
1662545232 9294768
1662545233 7475190
1662545234 10004454
1662545235 6238008
1662545236 6952110
1662545237 10350192
1662545238 14289018
1662545239 13810464
1662545240 13254600
1662545241 13296162
1662545242 14735430
1662545243 9078630
1662545244 7867800
1662545245 7098948
1662545246 7006014
1662545247 7109802
1662545248 7475490
1662545249 10173198
1662545250 10225446
1662545251 15726234
1662545252 14471604
1662545253 13754562
1662545254 13618350
1662545255 11828052
1662545256 12183156
1662545257 7401906
1662545258 9258708
1662545259 8507076
1662545260 7392756
1662545261 11306754
1662545262 18164280
1662545263 19294056
1662545264 15319560
1662545265 10030770
1662545266 14238108
1662545267 13392690
1662545268 14631468
1662545269 12778734
1662545270 8936496
1662545271 9586686
1662545272 8651724
1662545273 8905848
1662545274 7654860
1662545275 8988798
1662545276 10032540
1662545277 11847990
1662545278 13526214
1662545279 13567914
1662545280 12589470
1662545281 16292388
1662545282 12525468
1662545283 9604392
1662545284 8126196
1662545285 6983100
1662545286 6982164
1662545287 9509274
1662545288 10261128
1662545289 9892152
1662545290 10055526
1662545291 9929292
1662545292 13590906
1662545293 13751520
1662545294 10884810
1662545295 8110734
1662545296 9508686
1662545297 9331482
1662545298 6982422
1662545299 7482606
1662545300 6944388
1662545301 11376222
1662545302 12545910
1662545303 12609168
1662545304 12152772
1662545305 12133986
1662545306 14464428
1662545307 12503514
1662545308 8357154
1662545309 9586512
1662545310 8001312
1662545311 8988810
1662545312 9554334
1662545313 3214248
1662545314 970
