# events called
1662516135 2463260
1662516136 1200990
1662516137 2982468
1662516138 8344976
1662516139 8164068
1662516140 8361686
1662516141 8846246
1662516142 10079360
1662516143 9696694
1662516144 9979768
1662516145 10085984
1662516146 9325352
1662516147 9620226
1662516148 9576026
1662516149 9147064
1662516150 9285626
1662516151 8835302
1662516152 9717614
1662516153 9131234
1662516154 9013712
1662516155 10176198
1662516156 8257414
1662516157 9510082
1662516158 9211202
1662516159 8732170
1662516160 9779474
1662516161 8012264
1662516162 10267376
1662516163 9564924
1662516164 8497368
1662516165 9949052
1662516166 8485696
1662516167 9908480
1662516168 9286882
1662516169 8277936
1662516170 10190914
1662516171 7604514
1662516172 9766068
1662516173 9701322
1662516174 8124590
1662516175 9744788
1662516176 9312994
1662516177 8203732
1662516178 9483500
1662516179 9646592
1662516180 9917700
1662516181 7236794
1662516182 9840278
1662516183 10202170
1662516184 9493228
1662516185 7805980
1662516186 9443594
1662516187 10022986
1662516188 9994380
1662516189 7027666
1662516190 9845868
1662516191 9301246
1662516192 9954348
1662516193 7942530
1662516194 8733096
1662516195 10097460
1662516196 9214070
1662516197 9693608
1662516198 6885532
1662516199 9405802
1662516200 10012580
1662516201 9637204
1662516202 9729902
1662516203 6363924
1662516204 9885630
1662516205 10013452
1662516206 9604660
1662516207 9947566
1662516208 8792040
1662516209 7370526
1662516210 9742198
1662516211 9850610
1662516212 9719090
1662516213 9427374
1662516214 7438294
1662516215 7844908
1662516216 9333260
1662516217 9675600
1662516218 9640448
1662516219 9741392
1662516220 8598488
1662516221 6375110
1662516222 9712616
1662516223 10093984
1662516224 9962854
1662516225 9867942
1662516226 9264740
1662516227 7333200
1662516228 7185788
1662516229 9624652
1662516230 10198026
1662516231 9575104
1662516232 9739772
1662516233 9979596
1662516234 10291798
1662516235 7091596
1662516236 7386172
1662516237 10036890
1662516238 9839566
1662516239 9713578
1662516240 9956056
1662516241 9505070
1662516242 8676642
1662516243 6153748
1662516244 7769952
1662516245 10200560
1662516246 9364280
1662516247 9578156
1662516248 9645436
1662516249 9532800
1662516250 9947428
1662516251 7156906
1662516252 6444546
1662516253 8584220
1662516254 9999696
1662516255 9767998
1662516256 9172030
1662516257 10153530
1662516258 10266882
1662516259 9983850
1662516260 9446082
1662516261 6243340
1662516262 6287044
1662516263 9942100
1662516264 9714914
1662516265 9561782
1662516266 9520460
1662516267 9354350
1662516268 9695674
1662516269 9483056
1662516270 8059130
1662516271 6442856
1662516272 6873340
1662516273 9711114
1662516274 9767784
1662516275 10151336
1662516276 9493480
1662516277 9339394
1662516278 9299538
1662516279 9800638
1662516280 10130682
1662516281 7301318
1662516282 6664276
1662516283 6639888
1662516284 9209770
1662516285 10358996
1662516286 8967860
1662516287 9655742
1662516288 9244112
1662516289 9900906
1662516290 9889026
1662516291 9095374
1662516292 10102270
1662516293 7563324
1662516294 6594284
1662516295 6579036
1662516296 7754014
1662516297 9419752
1662516298 9609636
1662516299 10268188
1662516300 9575806
1662516301 9305110
1662516302 9594528
1662516303 9061332
1662516304 9956044
1662516305 7504530
1662516306 6490454
1662516307 6490618
1662516308 8312738
1662516309 10022790
1662516310 10003164
1662516311 9857682
1662516312 10175358
1662516313 8558304
1662516314 9447454
1662516315 10049258
1662516316 9886278
1662516317 9734316
1662516318 8452388
1662516319 6641772
1662516320 6749358
1662516321 7013264
1662516322 8568996
1662516323 8944758
1662516324 9699462
1662516325 9561146
1662516326 9592906
1662516327 9807070
1662516328 9217072
1662516329 9926804
1662516330 9811832
1662516331 9925520
1662516332 9877574
1662516333 7296110
1662516334 6479736
1662516335 6750426
1662516336 6508468
1662516337 9619138
1662516338 8992260
1662516339 9758798
1662516340 9493862
1662516341 10405530
1662516342 9508442
1662516343 9036218
1662516344 9768976
1662516345 9282760
1662516346 9914006
1662516347 9832010
1662516348 8522938
1662516349 6493904
1662516350 6646848
1662516351 6584824
1662516352 7102166
1662516353 8919788
1662516354 9950792
1662516355 9428212
1662516356 9488362
1662516357 9554146
1662516358 9069268
1662516359 9322668
1662516360 9700340
1662516361 9722786
1662516362 9591544
1662516363 8839076
1662516364 9661788
1662516365 9716598
1662516366 6762170
1662516367 6818990
1662516368 6153446
1662516369 6990968
1662516370 7763476
1662516371 10027574
1662516372 10031310
1662516373 9084626
1662516374 9691132
1662516375 9862764
1662516376 9593778
1662516377 10248850
1662516378 9114156
1662516379 9434112
1662516380 9564380
1662516381 9475582
1662516382 9330392
1662516383 8228890
1662516384 9410794
1662516385 6747894
1662516386 6778356
1662516387 7505132
1662516388 6350840
1662516389 7155932
1662516390 9189908
1662516391 9286952
1662516392 9522552
1662516393 8366252
1662516394 9600022
1662516395 9758730
1662516396 10148060
1662516397 9671588
1662516398 9012984
1662516399 9780976
1662516400 9155260
1662516401 9563208
1662516402 9978160
1662516403 8268968
1662516404 9866454
1662516405 7593540
1662516406 6356034
1662516407 6266190
1662516408 6396816
1662516409 6809656
1662516410 7975018
1662516411 9514646
1662516412 8869070
1662516413 9664380
1662516414 9459420
1662516415 9340646
1662516416 9741542
1662516417 8367692
1662516418 9443960
1662516419 9477478
1662516420 9829222
1662516421 9150226
1662516422 8173132
1662516423 9240394
1662516424 9556750
1662516425 9571352
1662516426 9239124
1662516427 6152796
1662516428 6581832
1662516429 6911582
1662516430 6246394
1662516431 6625540
1662516432 7856910
1662516433 9375716
1662516434 9196568
1662516435 9206998
1662516436 9033736
1662516437 8321542
1662516438 8687354
1662516439 9007308
1662516440 9051694
1662516441 9373964
1662516442 8313416
1662516443 9274482
1662516444 9130354
1662516445 9477312
1662516446 9184394
1662516447 8626612
1662516448 9034820
1662516449 9322468
1662516450 8603426
1662516451 6555366
1662516452 6333028
1662516453 7111538
1662516454 6544446
1662516455 6114074
1662516456 6289754
1662516457 6833278
1662516458 8953020
1662516459 9492460
1662516460 9106984
1662516461 9312300
1662516462 8049244
1662516463 9359748
1662516464 9211056
1662516465 9270438
1662516466 8883652
1662516467 8340262
1662516468 9314156
1662516469 9066964
1662516470 9395982
1662516471 9292092
1662516472 7698790
1662516473 9250674
1662516474 9165788
1662516475 9465658
1662516476 9320762
1662516477 6092944
1662516478 5729330
1662516479 6637950
1662516480 7276180
1662516481 6485266
1662516482 5766096
1662516483 6904250
1662516484 8538006
1662516485 9549084
1662516486 8976638
1662516487 8632180
1662516488 9053996
1662516489 9330868
1662516490 9519866
1662516491 9477356
1662516492 7576314
1662516493 8995924
1662516494 9229106
1662516495 9395164
1662516496 8994066
1662516497 8348734
1662516498 9568380
1662516499 9340280
1662516500 9231528
1662516501 9169298
1662516502 7374736
1662516503 7099732
1662516504 6742008
1662516505 6760728
1662516506 6485440
1662516507 5826648
1662516508 6175548
1662516509 6073914
1662516510 7851316
1662516511 9140950
1662516512 8523878
1662516513 8843736
1662516514 9238956
1662516515 9484368
1662516516 8650436
1662516517 8895026
1662516518 9280540
1662516519 9182334
1662516520 9493644
1662516521 9199302
1662516522 8167836
1662516523 8851844
1662516524 9250464
1662516525 9121290
1662516526 8673612
1662516527 8185744
1662516528 9105466
1662516529 7809386
1662516530 6440980
1662516531 6242266
1662516532 6158610
1662516533 6704488
1662516534 6881704
1662516535 6902324
1662516536 6601302
1662516537 7481288
1662516538 9556262
1662516539 9633642
1662516540 9751712
1662516541 9210396
1662516542 8384698
1662516543 9324146
1662516544 9190018
1662516545 9934862
1662516546 9503372
1662516547 7823952
1662516548 9197468
1662516549 9428976
1662516550 9155504
1662516551 9056146
1662516552 8393924
1662516553 8931346
1662516554 9322826
1662516555 9192176
1662516556 7360122
1662516557 5897126
1662516558 6497574
1662516559 6456610
1662516560 6468874
1662516561 6370968
1662516562 5899982
1662516563 6963700
1662516564 9583016
1662516565 9037430
1662516566 9147150
1662516567 8267860
1662516568 9191394
1662516569 9634142
1662516570 9421288
1662516571 9617308
1662516572 8269848
1662516573 9250264
1662516574 8969794
1662516575 9278052
1662516576 9156986
1662516577 8558532
1662516578 9744184
1662516579 9625128
1662516580 9210824
1662516581 9057286
1662516582 8124786
1662516583 6525274
1662516584 6097316
1662516585 6226980
1662516586 6238358
1662516587 6066710
1662516588 6123646
1662516589 5926168
1662516590 7419982
1662516591 9477678
1662516592 8248988
1662516593 8946228
1662516594 9846062
1662516595 9435600
1662516596 9536242
1662516597 8311408
1662516598 8626154
1662516599 9102344
1662516600 9175792
1662516601 8800844
1662516602 7970140
1662516603 9418160
1662516604 9269370
1662516605 9503026
1662516606 9343894
1662516607 8139240
1662516608 9262578
1662516609 8662054
1662516610 6749876
1662516611 6417558
1662516612 6081668
1662516613 5862106
1662516614 6883232
1662516615 6010346
1662516616 5967210
1662516617 6545024
1662516618 9227220
1662516619 9348486
1662516620 9330730
1662516621 8770732
1662516622 8094526
1662516623 9352596
1662516624 9260082
1662516625 9542562
1662516626 9094384
1662516627 8230662
1662516628 9054866
1662516629 8829524
1662516630 9364656
1662516631 9197678
1662516632 8542376
1662516633 9219828
1662516634 9361498
1662516635 9164940
1662516636 7607762
1662516637 5977990
1662516638 6682048
1662516639 6389756
1662516640 6585000
1662516641 6388628
1662516642 5198062
1662516643 7011122
1662516644 7422250
1662516645 9612768
1662516646 9404906
1662516647 8308110
1662516648 9388166
1662516649 9154046
1662516650 9348262
1662516651 9521602
1662516652 8220726
1662516653 9090788
1662516654 9305256
1662516655 9352288
1662516656 8984810
1662516657 8335106
1662516658 9307166
1662516659 9053366
1662516660 9352010
1662516661 9259176
1662516662 8419126
1662516663 7637166
1662516664 5787470
1662516665 6483150
1662516666 6953968
1662516667 5542254
1662516668 6340386
1662516669 5767200
1662516670 6875828
1662516671 7469874
1662516672 8585972
1662516673 9661852
1662516674 9430602
1662516675 9244162
1662516676 8968438
1662516677 8381132
1662516678 9129936
1662516679 8830328
1662516680 9024066
1662516681 8931456
1662516682 8583928
1662516683 9348472
1662516684 9110392
1662516685 9131724
1662516686 9101828
1662516687 8518626
1662516688 9314008
1662516689 9255338
1662516690 7777938
1662516691 6029824
1662516692 5479600
1662516693 6791374
1662516694 6247280
1662516695 6249518
1662516696 6516296
1662516697 5904838
1662516698 6800296
1662516699 8222956
1662516700 9309600
1662516701 9521500
1662516702 8271168
1662516703 9183780
1662516704 9643166
1662516705 9309192
1662516706 9315924
1662516707 8038912
1662516708 9520032
1662516709 9395196
1662516710 9224840
1662516711 9384856
1662516712 8018650
1662516713 9167450
1662516714 9302888
1662516715 9075920
1662516716 8883464
1662516717 7532634
1662516718 6143690
1662516719 6476486
1662516720 6338008
1662516721 6390824
1662516722 6258068
1662516723 6638892
1662516724 6079366
1662516725 6670660
1662516726 6800084
1662516727 7530038
1662516728 8957774
1662516729 9381490
1662516730 9364132
1662516731 9376304
1662516732 8131178
1662516733 9188090
1662516734 9183432
1662516735 9022532
1662516736 9535904
1662516737 8434988
1662516738 9183342
1662516739 8937834
1662516740 9293360
1662516741 9260498
1662516742 8383820
1662516743 9271222
1662516744 9379530
1662516745 9209672
1662516746 7522830
1662516747 5893522
1662516748 6275928
1662516749 6288996
1662516750 6451406
1662516751 5954670
1662516752 5518988
1662516753 7416672
1662516754 7217274
1662516755 6971992
1662516756 8319234
1662516757 8368942
1662516758 9065790
1662516759 9581752
1662516760 8988656
1662516761 9044412
1662516762 8164326
1662516763 9099606
1662516764 9581204
1662516765 9255274
1662516766 9129302
1662516767 8346156
1662516768 9379944
1662516769 9206504
1662516770 9126280
1662516771 9348158
1662516772 8349072
1662516773 8995598
1662516774 9476606
1662516775 9144556
1662516776 5803240
1662516777 5461632
1662516778 5736464
1662516779 6479670
1662516780 6573992
1662516781 6718150
1662516782 5366492
1662516783 6412388
1662516784 6557402
1662516785 7500610
1662516786 9471632
1662516787 7873730
1662516788 9052794
1662516789 9137790
1662516790 9024572
1662516791 9114930
1662516792 8087940
1662516793 9106702
1662516794 9465574
1662516795 9136382
1662516796 8964696
1662516797 8493522
1662516798 8674748
1662516799 8564768
1662516800 8605650
1662516801 9124168
1662516802 8067232
1662516803 8858384
1662516804 7521622
1662516805 6087686
1662516806 6526416
1662516807 6202732
1662516808 6937450
1662516809 6646478
1662516810 6046176
1662516811 6999310
1662516812 6264782
1662516813 6772130
1662516814 6287146
1662516815 8713412
1662516816 9774708
1662516817 8116924
1662516818 9023164
1662516819 9168888
1662516820 9285854
1662516821 9118818
1662516822 8485680
1662516823 9324580
1662516824 9141292
1662516825 9194138
1662516826 9230324
1662516827 8412388
1662516828 9322750
1662516829 9162672
1662516830 9207188
1662516831 8961716
1662516832 7877862
1662516833 8874230
1662516834 6291214
1662516835 6340678
1662516836 6181832
1662516837 6019910
1662516838 6163724
1662516839 6440686
1662516840 6963278
1662516841 6368254
1662516842 5804816
1662516843 6858138
1662516844 8625574
1662516845 9012464
1662516846 9334658
1662516847 8405826
1662516848 9116656
1662516849 9084874
1662516850 8997432
1662516851 9208968
1662516852 8144276
1662516853 9156036
1662516854 9433760
1662516855 9405638
1662516856 9420470
1662516857 7875072
1662516858 9342244
1662516859 9294256
1662516860 8864658
1662516861 9214308
1662516862 7206372
1662516863 6607954
1662516864 6623614
1662516865 6419786
1662516866 6752518
1662516867 6216206
1662516868 6266664
1662516869 6593090
1662516870 6586958
1662516871 6104780
1662516872 6318358
1662516873 7701856
1662516874 9284322
1662516875 9555390
1662516876 9410764
1662516877 8410914
1662516878 9403490
1662516879 9075424
1662516880 9127946
1662516881 9276408
1662516882 7824394
1662516883 9529670
1662516884 9487972
1662516885 9283088
1662516886 9334726
1662516887 8278992
1662516888 8732596
1662516889 9258936
1662516890 9071324
1662516891 9291354
1662516892 6422648
1662516893 6496652
1662516894 6216998
1662516895 6652886
1662516896 6092520
1662516897 6072594
1662516898 6491632
1662516899 6760268
1662516900 6902030
1662516901 6315832
1662516902 5941758
1662516903 7023194
1662516904 9116350
1662516905 9380282
1662516906 9226004
1662516907 8305850
1662516908 9139236
1662516909 9657006
1662516910 9617548
1662516911 9121912
1662516912 8043470
1662516913 9432770
1662516914 9250072
1662516915 9025876
1662516916 8950558
1662516917 8230810
1662516918 8954286
1662516919 9282582
1662516920 9321070
1662516921 9089240
1662516922 6845950
1662516923 5596470
1662516924 6805114
1662516925 6569514
1662516926 6347128
1662516927 5308184
1662516928 6758386
1662516929 6729208
1662516930 6538202
1662516931 6575130
1662516932 5560072
1662516933 7274938
1662516934 9153704
1662516935 9399806
1662516936 9555024
1662516937 8415800
1662516938 8893722
1662516939 9662072
1662516940 9491482
1662516941 9356748
1662516942 8078924
1662516943 9100360
1662516944 9323908
1662516945 9099396
1662516946 9285912
1662516947 8578148
1662516948 9193984
1662516949 9285722
1662516950 8947218
1662516951 9314884
1662516952 7128878
1662516953 6557108
1662516954 6405718
1662516955 6379912
1662516956 6169674
1662516957 5325212
1662516958 6136298
1662516959 6176264
1662516960 6219220
1662516961 6838594
1662516962 5957746
1662516963 6685578
1662516964 7687308
1662516965 9162086
1662516966 9406818
1662516967 8031778
1662516968 9251960
1662516969 9071258
1662516970 9588652
1662516971 9300008
1662516972 8442198
1662516973 9122502
1662516974 8596916
1662516975 9128582
1662516976 9651088
1662516977 8108692
1662516978 9009804
1662516979 9371624
1662516980 9514992
1662516981 9399564
1662516982 8435944
1662516983 8144022
1662516984 6067944
1662516985 6287570
1662516986 6332778
1662516987 6096300
1662516988 6385584
1662516989 6323792
1662516990 6501244
1662516991 6601508
1662516992 5863990
1662516993 6092300
1662516994 6861036
1662516995 7340516
1662516996 9057294
1662516997 8792330
1662516998 9622284
1662516999 9158650
1662517000 9683314
1662517001 8929990
1662517002 8528780
1662517003 9046568
1662517004 8959352
1662517005 8950036
1662517006 9270134
1662517007 8311870
1662517008 9289660
1662517009 9192560
1662517010 9283204
1662517011 9020218
1662517012 7864404
1662517013 9133790
1662517014 8716320
1662517015 6931830
1662517016 6252760
1662517017 5818278
1662517018 6486594
1662517019 6535160
1662517020 6207836
1662517021 6119204
1662517022 6310990
1662517023 6466314
1662517024 7031544
1662517025 6151752
1662517026 6151338
1662517027 7616488
1662517028 8972442
1662517029 9223680
1662517030 9450448
1662517031 8344980
1662517032 9138816
1662517033 9185784
1662517034 9011596
1662517035 9173780
1662517036 8535214
1662517037 8994488
1662517038 9101044
1662517039 8983298
1662517040 9163900
1662517041 7786730
1662517042 8914882
1662517043 9498750
1662517044 9133072
1662517045 9354110
1662517046 8074696
1662517047 7335828
1662517048 6891380
1662517049 6236266
1662517050 6371754
1662517051 5634436
1662517052 6920854
1662517053 6602300
1662517054 6463150
1662517055 6385162
1662517056 6068568
1662517057 6358976
1662517058 6932030
1662517059 5991582
1662517060 8100812
1662517061 8298822
1662517062 9219164
1662517063 9397132
1662517064 9247126
1662517065 9040264
1662517066 8125486
1662517067 9548428
1662517068 9333726
1662517069 9284830
1662517070 9618856
1662517071 7927042
1662517072 9030370
1662517073 9173324
1662517074 9417596
1662517075 8889882
1662517076 8591016
1662517077 9037930
1662517078 9250174
1662517079 6661808
1662517080 6419868
1662517081 5517102
1662517082 6227466
1662517083 6681634
1662517084 6917722
1662517085 6267456
1662517086 5822956
1662517087 5765270
1662517088 6315078
1662517089 6485732
1662517090 6641446
1662517091 6028328
1662517092 9109168
1662517093 9324780
1662517094 9250948
1662517095 9208324
1662517096 8058448
1662517097 9100974
1662517098 9310892
1662517099 9003376
1662517100 9544872
1662517101 8292088
1662517102 9470644
1662517103 9308340
1662517104 9396044
1662517105 9591274
1662517106 8360840
1662517107 9394770
1662517108 9560022
1662517109 9065286
1662517110 9462626
1662517111 6665514
1662517112 6059980
1662517113 6721930
1662517114 6550412
1662517115 6193506
1662517116 6090802
1662517117 6426658
1662517118 6679250
1662517119 6576522
1662517120 6541506
1662517121 5970298
1662517122 6718954
1662517123 6580772
1662517124 7918124
1662517125 9092424
1662517126 7887132
1662517127 9111754
1662517128 9405738
1662517129 9264220
1662517130 8842904
1662517131 7442372
1662517132 8932828
1662517133 9204032
1662517134 9441186
1662517135 9464096
1662517136 8111838
1662517137 9205288
1662517138 9280792
1662517139 8826168
1662517140 9383398
1662517141 8275772
1662517142 7450422
1662517143 7055994
1662517144 6263492
1662517145 6304702
1662517146 6186122
1662517147 6431376
1662517148 6677456
1662517149 6244668
1662517150 6073168
1662517151 6006746
1662517152 6641722
1662517153 6557350
1662517154 6707046
1662517155 7190002
1662517156 8011700
1662517157 9179636
1662517158 9324376
1662517159 9239112
1662517160 9580348
1662517161 8329330
1662517162 8864180
1662517163 8992566
1662517164 9255698
1662517165 9592456
1662517166 8170496
1662517167 9041008
1662517168 8915820
1662517169 9539624
1662517170 9008750
1662517171 8112806
1662517172 9339214
1662517173 9247444
1662517174 7096510
1662517175 6643130
1662517176 5575192
1662517177 6801274
1662517178 6454762
1662517179 6621118
1662517180 6474934
1662517181 6229576
1662517182 7055280
1662517183 6846552
1662517184 6632398
1662517185 6492992
1662517186 5657032
1662517187 7188544
1662517188 8471206
1662517189 9054226
1662517190 9359832
1662517191 8267106
1662517192 9210082
1662517193 9340306
1662517194 9539682
1662517195 8948394
1662517196 8175116
1662517197 9374474
1662517198 9353270
1662517199 9116682
1662517200 9456884
1662517201 8731096
1662517202 8991028
1662517203 8893052
1662517204 9211878
1662517205 9471832
1662517206 6080608
1662517207 6295020
1662517208 6057604
1662517209 6299128
1662517210 6826108
1662517211 6277118
1662517212 6463872
1662517213 6728354
1662517214 5975902
1662517215 6533482
1662517216 5710468
1662517217 6973624
1662517218 6647560
1662517219 6988642
1662517220 8184356
1662517221 8410870
1662517222 8769228
1662517223 9182056
1662517224 9822718
1662517225 9010152
1662517226 8543654
1662517227 9623036
1662517228 9318114
1662517229 9445108
1662517230 9302866
1662517231 8562126
1662517232 9288258
1662517233 8952940
1662517234 9102646
1662517235 9374000
1662517236 8107244
1662517237 8953572
1662517238 8426488
1662517239 6181606
1662517240 6437894
1662517241 6868610
1662517242 6630550
1662517243 6555612
1662517244 6306624
1662517245 6613008
1662517246 5720276
1662517247 6589788
1662517248 6887770
1662517249 6363898
1662517250 6835842
1662517251 6163480
1662517252 7013924
1662517253 9098748
1662517254 9492532
1662517255 9464914
1662517256 8016102
1662517257 9239140
1662517258 9470082
1662517259 9443722
1662517260 9118302
1662517261 8402344
1662517262 9532418
1662517263 9423014
1662517264 9273252
1662517265 9216102
1662517266 8275864
1662517267 9099296
1662517268 9016328
1662517269 9174582
1662517270 9065410
1662517271 5835092
1662517272 6605606
1662517273 6502606
1662517274 6734358
1662517275 6956174
1662517276 5757892
1662517277 6890348
1662517278 6647928
1662517279 6480614
1662517280 7520952
1662517281 5757268
1662517282 6240230
1662517283 6350986
1662517284 6695472
1662517285 6697224
1662517286 8095536
1662517287 9133442
1662517288 8943080
1662517289 8812704
1662517290 9248122
1662517291 7953174
1662517292 8833138
1662517293 9074948
1662517294 9347864
1662517295 9103260
1662517296 8400048
1662517297 9336114
1662517298 9149970
1662517299 9188262
1662517300 9301008
1662517301 8185784
1662517302 8731876
1662517303 8786522
1662517304 6781688
1662517305 6553256
1662517306 5551462
1662517307 6941810
1662517308 7221434
1662517309 6029294
1662517310 6279396
1662517311 5916222
1662517312 6688380
1662517313 6763600
1662517314 6954262
1662517315 6935896
1662517316 5645126
1662517317 6845468
1662517318 6574784
1662517319 8451960
1662517320 9274434
1662517321 7714326
1662517322 9214410
1662517323 9371580
1662517324 9208740
1662517325 9295158
1662517326 8397644
1662517327 9218088
1662517328 9273390
1662517329 9150984
1662517330 9311662
1662517331 8120228
1662517332 9166214
1662517333 9411758
1662517334 9273196
1662517335 9104300
1662517336 8258570
1662517337 6389274
1662517338 1234


# events submitted
1662516135 2463260
1662516136 1200990
1662516137 2975662
1662516138 8328492
1662516139 8140592
1662516140 8346962
1662516141 8833272
1662516142 10073100
1662516143 9687502
1662516144 9968904
1662516145 10075580
1662516146 9316506
1662516147 9613232
1662516148 9564188
1662516149 9142020
1662516150 9281432
1662516151 8828498
1662516152 9711110
1662516153 9122010
1662516154 9005920
1662516155 10162572
1662516156 8251308
1662516157 9503186
1662516158 9202818
1662516159 8726444
1662516160 9766834
1662516161 8005486
1662516162 10247652
1662516163 9556818
1662516164 8488168
1662516165 9939856
1662516166 8479692
1662516167 9896588
1662516168 9281790
1662516169 8270740
1662516170 10174038
1662516171 7600496
1662516172 9756914
1662516173 9690454
1662516174 8120984
1662516175 9729366
1662516176 9298612
1662516177 8197348
1662516178 9476006
1662516179 9638812
1662516180 9906818
1662516181 7230102
1662516182 9830690
1662516183 10191390
1662516184 9485050
1662516185 7796580
1662516186 9433080
1662516187 10012972
1662516188 9981000
1662516189 7024786
1662516190 9837134
1662516191 9292468
1662516192 9943270
1662516193 7936480
1662516194 8728406
1662516195 10089606
1662516196 9204574
1662516197 9677950
1662516198 6882656
1662516199 9398646
1662516200 10005520
1662516201 9627532
1662516202 9719008
1662516203 6361270
1662516204 9872008
1662516205 10003374
1662516206 9598192
1662516207 9938986
1662516208 8784740
1662516209 7368648
1662516210 9731518
1662516211 9839742
1662516212 9708040
1662516213 9419748
1662516214 7435068
1662516215 7840694
1662516216 9327808
1662516217 9665452
1662516218 9629764
1662516219 9730594
1662516220 8593562
1662516221 6371152
1662516222 9701598
1662516223 10082896
1662516224 9953008
1662516225 9859870
1662516226 9258512
1662516227 7327870
1662516228 7183788
1662516229 9614726
1662516230 10187696
1662516231 9568770
1662516232 9731382
1662516233 9970982
1662516234 10281756
1662516235 7087550
1662516236 7382202
1662516237 10028072
1662516238 9832268
1662516239 9701086
1662516240 9944730
1662516241 9497288
1662516242 8667144
1662516243 6149866
1662516244 7768324
1662516245 10187888
1662516246 9352704
1662516247 9568122
1662516248 9636446
1662516249 9524286
1662516250 9934052
1662516251 7153508
1662516252 6440228
1662516253 8578374
1662516254 9991660
1662516255 9760620
1662516256 9164228
1662516257 10139318
1662516258 10256422
1662516259 9972514
1662516260 9439022
1662516261 6240402
1662516262 6283328
1662516263 9931926
1662516264 9705994
1662516265 9556948
1662516266 9510530
1662516267 9346010
1662516268 9684940
1662516269 9474184
1662516270 8051710
1662516271 6440858
1662516272 6870032
1662516273 9703970
1662516274 9760650
1662516275 10139060
1662516276 9485346
1662516277 9333012
1662516278 9288158
1662516279 9791970
1662516280 10117980
1662516281 7295546
1662516282 6663368
1662516283 6637740
1662516284 9203010
1662516285 10349018
1662516286 8963018
1662516287 9647332
1662516288 9168810
1662516289 6856230
1662516290 6639238
1662516291 6509952
1662516292 8374250
1662516293 4782208
1662516294 6566626
1662516295 5895044
1662516296 6072544
1662516297 6364786
1662516298 6560472
1662516299 7227468
1662516300 7116750
1662516301 6581222
1662516302 7144812
1662516303 6673502
1662516304 8122900
1662516305 6706312
1662516306 6003306
1662516307 3345690
1662516308 5353806
1662516309 7160738
1662516310 8880942
1662516311 7995922
1662516312 7433820
1662516313 6131342
1662516314 7038778
1662516315 7052734
1662516316 7400322
1662516317 6440542
1662516318 7345944
1662516319 3683794
1662516320 2297536
1662516321 2982082
1662516322 4355024
1662516323 5536770
1662516324 3902534
1662516325 4489830
1662516326 4894492
1662516327 5850410
1662516328 4413190
1662516329 5658196
1662516330 4304338
1662516331 4012036
1662516332 4205850
1662516333 4158480
1662516334 3270754
1662516335 5565786
1662516336 2709012
1662516337 3789216
1662516338 4216230
1662516339 4385964
1662516340 5444546
1662516341 5389486
1662516342 6017268
1662516343 3665550
1662516344 6510136
1662516345 6230822
1662516346 7099232
1662516347 7338972
1662516348 7251518
1662516349 6487848
1662516350 4721088
1662516351 3539940
1662516352 5501998
1662516353 5857698
1662516354 7924932
1662516355 6753498
1662516356 7027844
1662516357 8176864
1662516358 6489704
1662516359 6967150
1662516360 6505256
1662516361 6594932
1662516362 7588496
1662516363 6263354
1662516364 8118114
1662516365 7673538
1662516366 5772644
1662516367 4471380
1662516368 4311094
1662516369 4903594
1662516370 7159576
1662516371 7371340
1662516372 3910450
1662516373 4680518
1662516374 4207912
1662516375 4232702
1662516376 4445714
1662516377 4113700
1662516378 4418090
1662516379 3642668
1662516380 4502080
1662516381 5133934
1662516382 4103558
1662516383 3654694
1662516384 5547244
1662516385 2974166
1662516386 2266004
1662516387 1937880
1662516388 3568242
1662516389 3224260
1662516390 5807810
1662516391 5640118
1662516392 3989462
1662516393 4542172
1662516394 4577370
1662516395 4567396
1662516396 4746084
1662516397 5391372
1662516398 4367684
1662516399 4788666
1662516400 3990772
1662516401 5891202
1662516402 4183464
1662516403 4542730
1662516404 3932528
1662516405 3663506
1662516406 2859702
1662516407 3029804
1662516408 2833352
1662516409 2247964
1662516410 3706860
1662516411 4661442
1662516412 4022942
1662516413 5887908
1662516414 5905500
1662516415 5983420
1662516416 5386024
1662516417 5033342
1662516418 4540480
1662516419 3908138
1662516420 4786016
1662516421 4184502
1662516422 3035374
1662516423 4861458
1662516424 7401686
1662516425 7096436
1662516426 7957164
1662516427 4391780
1662516428 4873342
1662516429 3875998
1662516430 4765276
1662516431 4345186
1662516432 5220586
1662516433 6129492
1662516434 7032388
1662516435 6356110
1662516436 6299358
1662516437 5428586
1662516438 5513048
1662516439 5799514
1662516440 7160448
1662516441 6468270
1662516442 6220956
1662516443 7454514
1662516444 6841926
1662516445 6758472
1662516446 6332300
1662516447 7147954
1662516448 7190150
1662516449 6700884
1662516450 5480360
1662516451 4241358
1662516452 5226402
1662516453 5950612
1662516454 5187726
1662516455 3262200
1662516456 3470876
1662516457 4113578
1662516458 6566850
1662516459 7299518
1662516460 6545654
1662516461 6047898
1662516462 7097850
1662516463 6554212
1662516464 6652452
1662516465 5243226
1662516466 5267956
1662516467 3887746
1662516468 5129016
1662516469 5143716
1662516470 4487446
1662516471 4179054
1662516472 3420780
1662516473 4732614
1662516474 4643212
1662516475 4001048
1662516476 3949644
1662516477 2772182
1662516478 2922336
1662516479 3294816
1662516480 1839322
1662516481 3281016
1662516482 3471306
1662516483 3125474
1662516484 4546436
1662516485 5217954
1662516486 4892662
1662516487 3427266
1662516488 4650978
1662516489 5035806
1662516490 5594996
1662516491 5392366
1662516492 4209130
1662516493 4502044
1662516494 4399998
1662516495 4160756
1662516496 4926256
1662516497 3821194
1662516498 4049774
1662516499 3279050
1662516500 4390416
1662516501 4205692
1662516502 4139894
1662516503 2741152
1662516504 4177494
1662516505 3829148
1662516506 4054046
1662516507 3203842
1662516508 3255408
1662516509 4390968
1662516510 4748962
1662516511 5725112
1662516512 5571370
1662516513 5974152
1662516514 7071298
1662516515 6620540
1662516516 7498008
1662516517 5959824
1662516518 7024834
1662516519 6997772
1662516520 6658440
1662516521 6481102
1662516522 5437888
1662516523 5817538
1662516524 7852666
1662516525 7285278
1662516526 5906302
1662516527 7619362
1662516528 7625756
1662516529 7255822
1662516530 6360756
1662516531 6176608
1662516532 4612484
1662516533 5270256
1662516534 4208022
1662516535 3788818
1662516536 4037236
1662516537 5567836
1662516538 4815860
1662516539 5269466
1662516540 5609904
1662516541 4764808
1662516542 4750056
1662516543 4764974
1662516544 4595676
1662516545 5415816
1662516546 4316172
1662516547 4278826
1662516548 5762332
1662516549 4219192
1662516550 4665730
1662516551 3934704
1662516552 4201692
1662516553 4527890
1662516554 4643036
1662516555 4206236
1662516556 2501910
1662516557 2380742
1662516558 2675926
1662516559 2667964
1662516560 3247492
1662516561 3731932
1662516562 3676698
1662516563 4264136
1662516564 4655920
1662516565 4188640
1662516566 4588874
1662516567 3414690
1662516568 5761486
1662516569 4237770
1662516570 5402068
1662516571 4813730
1662516572 3388552
1662516573 5078050
1662516574 5502436
1662516575 3952236
1662516576 4563716
1662516577 4508298
1662516578 6295624
1662516579 5320510
1662516580 4000926
1662516581 2840566
1662516582 3744882
1662516583 4566420
1662516584 4391272
1662516585 2601740
1662516586 3080300
1662516587 3982772
1662516588 2548314
1662516589 3151094
1662516590 3594006
1662516591 5199624
1662516592 4192836
1662516593 5389190
1662516594 5348054
1662516595 5658934
1662516596 8401524
1662516597 6828288
1662516598 6005458
1662516599 6423344
1662516600 6335194
1662516601 6574888
1662516602 5710598
1662516603 7413538
1662516604 6546494
1662516605 7196254
1662516606 7626354
1662516607 5936232
1662516608 6682400
1662516609 6430076
1662516610 4724686
1662516611 5933040
1662516612 4587336
1662516613 4734036
1662516614 5273150
1662516615 4519976
1662516616 3773822
1662516617 2580532
1662516618 4073516
1662516619 4063160
1662516620 4585732
1662516621 4714260
1662516622 3815336
1662516623 6025696
1662516624 5099176
1662516625 4598290
1662516626 5324924
1662516627 4117456
1662516628 4628372
1662516629 4274866
1662516630 4523758
1662516631 4670194
1662516632 3926744
1662516633 4684416
1662516634 4601842
1662516635 3500320
1662516636 3364128
1662516637 2622868
1662516638 3521758
1662516639 2896152
1662516640 3241386
1662516641 3067374
1662516642 2750038
1662516643 3394826
1662516644 2781478
1662516645 4316676
1662516646 4010976
1662516647 3748388
1662516648 4832406
1662516649 4093634
1662516650 4101236
1662516651 4131278
1662516652 4070454
1662516653 5129892
1662516654 5576728
1662516655 5261318
1662516656 5398448
1662516657 3655520
1662516658 4309102
1662516659 4227626
1662516660 3543386
1662516661 3212060
1662516662 3866078
1662516663 3827936
1662516664 2768730
1662516665 3201920
1662516666 2099388
1662516667 2162814
1662516668 2306448
1662516669 1936804
1662516670 3432244
1662516671 3289914
1662516672 3515728
1662516673 4696514
1662516674 4580806
1662516675 4256752
1662516676 8101834
1662516677 5790380
1662516678 6944238
1662516679 8494298
1662516680 6711320
1662516681 7654396
1662516682 5891564
1662516683 6241676
1662516684 6957552
1662516685 7401102
1662516686 5891338
1662516687 5614880
1662516688 6383624
1662516689 7670752
1662516690 6259988
1662516691 5355748
1662516692 4769448
1662516693 6187942
1662516694 3960288
1662516695 4315404
1662516696 5064244
1662516697 4485546
1662516698 5440074
1662516699 5987840
1662516700 6853210
1662516701 6410960
1662516702 6133994
1662516703 7498328
1662516704 6652042
1662516705 6252188
1662516706 6603972
1662516707 6856572
1662516708 7523490
1662516709 7049396
1662516710 4147456
1662516711 4330514
1662516712 4748476
1662516713 4847822
1662516714 5498382
1662516715 5090716
1662516716 4217988
1662516717 2224684
1662516718 2373966
1662516719 2701360
1662516720 4083988
1662516721 3904890
1662516722 3430578
1662516723 3799586
1662516724 2147666
1662516725 2524878
1662516726 3813884
1662516727 3998244
1662516728 5015360
1662516729 5700678
1662516730 4159058
1662516731 4131302
1662516732 2650514
1662516733 4843794
1662516734 4213040
1662516735 4996522
1662516736 4207464
1662516737 4578442
1662516738 4184028
1662516739 4004818
1662516740 4839332
1662516741 5672712
1662516742 5117178
1662516743 4537428
1662516744 4981472
1662516745 4950570
1662516746 4206350
1662516747 3719198
1662516748 2733930
1662516749 2245962
1662516750 1612086
1662516751 2517764
1662516752 2149168
1662516753 2395308
1662516754 3542388
1662516755 2192546
1662516756 3921522
1662516757 4623696
1662516758 4890654
1662516759 3645712
1662516760 5587068
1662516761 4212378
1662516762 3888650
1662516763 5222358
1662516764 4608734
1662516765 3395014
1662516766 6976450
1662516767 6572190
1662516768 6102992
1662516769 7686374
1662516770 6660656
1662516771 7252996
1662516772 5880168
1662516773 7326400
1662516774 6542164
1662516775 7124938
1662516776 3880826
1662516777 4399084
1662516778 5228828
1662516779 4674100
1662516780 3276784
1662516781 3909956
1662516782 2804910
1662516783 4049394
1662516784 4960622
1662516785 5187966
1662516786 7060476
1662516787 6802232
1662516788 7394004
1662516789 7003804
1662516790 7185418
1662516791 7198254
1662516792 5450686
1662516793 7014326
1662516794 7442634
1662516795 6462682
1662516796 6320480
1662516797 6044114
1662516798 5279388
1662516799 3681676
1662516800 3726192
1662516801 4039814
1662516802 4068570
1662516803 4521864
1662516804 3171694
1662516805 3678670
1662516806 2095588
1662516807 3908298
1662516808 4649162
1662516809 3785554
1662516810 4156424
1662516811 4917706
1662516812 3240358
1662516813 2172470
1662516814 3087882
1662516815 4936100
1662516816 4545332
1662516817 4435398
1662516818 4649790
1662516819 4293296
1662516820 4752764
1662516821 3697212
1662516822 5039286
1662516823 4785464
1662516824 4645478
1662516825 5100938
1662516826 4219032
1662516827 4079928
1662516828 4496462
1662516829 4163494
1662516830 5128176
1662516831 4232964
1662516832 3811598
1662516833 3806726
1662516834 2316530
1662516835 2173060
1662516836 3038378
1662516837 2162154
1662516838 3078656
1662516839 3671856
1662516840 1391622
1662516841 3002668
1662516842 3850604
1662516843 2761938
1662516844 4540342
1662516845 5458762
1662516846 4355868
1662516847 3907714
1662516848 3870906
1662516849 4441084
1662516850 5347138
1662516851 4430944
1662516852 4014208
1662516853 4740658
1662516854 4679204
1662516855 4916932
1662516856 6157944
1662516857 7277920
1662516858 6876460
1662516859 7652260
1662516860 8098140
1662516861 6518762
1662516862 5089596
1662516863 4954658
1662516864 5710518
1662516865 5940326
1662516866 4051148
1662516867 4526520
1662516868 4896284
1662516869 6270490
1662516870 4865476
1662516871 5645066
1662516872 4040762
1662516873 5577384
1662516874 7134388
1662516875 7028438
1662516876 8190232
1662516877 5702508
1662516878 6828548
1662516879 6751372
1662516880 7797966
1662516881 6836428
1662516882 4682078
1662516883 5030690
1662516884 4318476
1662516885 4652674
1662516886 3839076
1662516887 4306106
1662516888 4729772
1662516889 4619376
1662516890 4352976
1662516891 4823222
1662516892 3432270
1662516893 3367250
1662516894 4037516
1662516895 3732692
1662516896 2582192
1662516897 2394948
1662516898 3094216
1662516899 3327786
1662516900 2313666
1662516901 4329762
1662516902 3602822
1662516903 3081018
1662516904 5186744
1662516905 4771058
1662516906 6073216
1662516907 4026390
1662516908 3781598
1662516909 5372938
1662516910 5202976
1662516911 3949666
1662516912 3313952
1662516913 4761628
1662516914 5211476
1662516915 4558094
1662516916 4818144
1662516917 4681492
1662516918 4148198
1662516919 4464910
1662516920 4419258
1662516921 4644906
1662516922 2954992
1662516923 2311682
1662516924 2462482
1662516925 2207802
1662516926 2505550
1662516927 2481488
1662516928 2440932
1662516929 3924166
1662516930 1737720
1662516931 3355590
1662516932 3077102
1662516933 4124110
1662516934 4528580
1662516935 5922512
1662516936 4863034
1662516937 3853098
1662516938 4039640
1662516939 4871482
1662516940 4711678
1662516941 4065296
1662516942 3187864
1662516943 5062218
1662516944 4461762
1662516945 3693232
1662516946 6858758
1662516947 7245326
1662516948 7004690
1662516949 6403244
1662516950 6011598
1662516951 6653668
1662516952 4758588
1662516953 4646114
1662516954 5908710
1662516955 4268548
1662516956 3937120
1662516957 3626634
1662516958 2982470
1662516959 3343508
1662516960 3967356
1662516961 4275918
1662516962 4220368
1662516963 5998792
1662516964 6208362
1662516965 7250358
1662516966 7421654
1662516967 5723786
1662516968 6523360
1662516969 6482052
1662516970 5504316
1662516971 5027806
1662516972 3921768
1662516973 5195986
1662516974 3896116
1662516975 3915074
1662516976 4766644
1662516977 4004142
1662516978 5130862
1662516979 4425502
1662516980 5343444
1662516981 5095132
1662516982 5102348
1662516983 4590484
1662516984 3128296
1662516985 2800790
1662516986 2841730
1662516987 3313608
1662516988 2773452
1662516989 3278132
1662516990 3554098
1662516991 3493866
1662516992 2513678
1662516993 3370944
1662516994 3116832
1662516995 4047996
1662516996 4233310
1662516997 4479540
1662516998 5023754
1662516999 3888610
1662517000 4942330
1662517001 4082128
1662517002 3831760
1662517003 3825530
1662517004 4324866
1662517005 4926636
1662517006 4196226
1662517007 5204924
1662517008 4793592
1662517009 5189698
1662517010 3952620
1662517011 4382802
1662517012 2852988
1662517013 3588812
1662517014 3752866
1662517015 4291410
1662517016 4039254
1662517017 3668536
1662517018 1266378
1662517019 3736772
1662517020 2606278
1662517021 1683560
1662517022 2316124
1662517023 3037844
1662517024 4601372
1662517025 3298718
1662517026 3323152
1662517027 4212530
1662517028 4930472
1662517029 4226298
1662517030 4444040
1662517031 3802758
1662517032 4079154
1662517033 5711446
1662517034 4053230
1662517035 5275380
1662517036 5534550
1662517037 4470516
1662517038 3886226
1662517039 4916830
1662517040 4888742
1662517041 5694356
1662517042 8097040
1662517043 8371538
1662517044 6998830
1662517045 6272514
1662517046 5419906
1662517047 5798154
1662517048 4169694
1662517049 3354128
1662517050 4242712
1662517051 4333424
1662517052 5205334
1662517053 5350668
1662517054 4150152
1662517055 5112430
1662517056 4364414
1662517057 4286506
1662517058 4711926
1662517059 4272828
1662517060 4246670
1662517061 3735674
1662517062 5142916
1662517063 5414094
1662517064 4230120
1662517065 5585676
1662517066 4125650
1662517067 5239562
1662517068 3337136
1662517069 4210030
1662517070 4872368
1662517071 4101820
1662517072 3758440
1662517073 4993836
1662517074 4555206
1662517075 4976678
1662517076 4774304
1662517077 5341814
1662517078 3523802
1662517079 3722006
1662517080 4557614
1662517081 2752698
1662517082 2237142
1662517083 3779508
1662517084 3065178
1662517085 3840652
1662517086 3229722
1662517087 3952246
1662517088 2524722
1662517089 2769684
1662517090 2379686
1662517091 3928280
1662517092 4116298
1662517093 5275416
1662517094 4692110
1662517095 4928276
1662517096 3630806
1662517097 4219418
1662517098 4260606
1662517099 4490818
1662517100 3957208
1662517101 3686602
1662517102 3680266
1662517103 3737700
1662517104 3568858
1662517105 4683396
1662517106 3646522
1662517107 4662622
1662517108 4529136
1662517109 4363700
1662517110 3876494
1662517111 3967880
1662517112 2135942
1662517113 1887776
1662517114 3606064
1662517115 2429126
1662517116 3767534
1662517117 3802564
1662517118 3874630
1662517119 3366190
1662517120 3827524
1662517121 3625908
1662517122 2181774
1662517123 3377988
1662517124 4490204
1662517125 4625722
1662517126 3810926
1662517127 3815200
1662517128 3531212
1662517129 3678676
1662517130 3748830
1662517131 4499248
1662517132 3616936
1662517133 3759448
1662517134 4546268
1662517135 4532670
1662517136 5003502
1662517137 6947234
1662517138 6865624
1662517139 5614652
1662517140 6259018
1662517141 5947798
1662517142 5469260
1662517143 5909276
1662517144 4002588
1662517145 4997318
1662517146 4793562
1662517147 4645454
1662517148 3920316
1662517149 3514068
1662517150 3462492
1662517151 3617300
1662517152 5018410
1662517153 3666908
1662517154 3930004
1662517155 4874050
1662517156 5574530
1662517157 6527084
1662517158 6528056
1662517159 6022440
1662517160 6974086
1662517161 6817494
1662517162 6779714
1662517163 6602700
1662517164 7370208
1662517165 6851150
1662517166 2954078
1662517167 4878498
1662517168 4240598
1662517169 5223068
1662517170 4695814
1662517171 4431858
1662517172 4734270
1662517173 4802050
1662517174 3735712
1662517175 3319164
1662517176 2547412
1662517177 2720522
1662517178 3894572
1662517179 2116018
1662517180 3702042
1662517181 3085556
1662517182 3381624
1662517183 3163084
1662517184 4693610
1662517185 3548412
1662517186 3588116
1662517187 3403750
1662517188 3733632
1662517189 4264626
1662517190 4690342
1662517191 3359862
1662517192 5398574
1662517193 4031222
1662517194 4832078
1662517195 3984184
1662517196 3193456
1662517197 4581730
1662517198 4621338
1662517199 4873168
1662517200 5418152
1662517201 5255380
1662517202 4386056
1662517203 4758962
1662517204 4275468
1662517205 4467894
1662517206 2867478
1662517207 2833244
1662517208 3406764
1662517209 4112984
1662517210 3728510
1662517211 3188150
1662517212 3066602
1662517213 3355504
1662517214 4576474
1662517215 3547210
1662517216 2154884
1662517217 1606466
1662517218 3120770
1662517219 3882916
1662517220 3252656
1662517221 4617766
1662517222 4464896
1662517223 4786696
1662517224 4047986
1662517225 4915142
1662517226 4471322
1662517227 4674596
1662517228 3868212
1662517229 4617556
1662517230 5105014
1662517231 4637576
1662517232 4494628
1662517233 5751962
1662517234 5853466
1662517235 6964784
1662517236 5637302
1662517237 5935154
1662517238 6312216
1662517239 5688394
1662517240 5396240
1662517241 5211344
1662517242 4337018
1662517243 3354376
1662517244 5327368
1662517245 4318366
1662517246 4199368
1662517247 5052812
1662517248 5012188
1662517249 4796692
1662517250 5915982
1662517251 4616188
1662517252 3521330
1662517253 5256400
1662517254 4098136
1662517255 4405374
1662517256 4110216
1662517257 5351226
1662517258 4670490
1662517259 6282978
1662517260 3908770
1662517261 4248122
1662517262 5109068
1662517263 5086562
1662517264 5430838
1662517265 5139456
1662517266 4004484
1662517267 4218032
1662517268 3701182
1662517269 5372224
1662517270 4502648
1662517271 3254442
1662517272 3866118
1662517273 2742638
1662517274 4465726
1662517275 4283220
1662517276 3124240
1662517277 4167916
1662517278 3454286
1662517279 4799860
1662517280 5292038
1662517281 1854374
1662517282 3777948
1662517283 2773566
1662517284 2938862
1662517285 2939012
1662517286 3898594
1662517287 5181442
1662517288 4775794
1662517289 4147434
1662517290 4577306
1662517291 4947656
1662517292 4832024
1662517293 5165836
1662517294 5516826
1662517295 5886666
1662517296 4147086
1662517297 5708614
1662517298 4910294
1662517299 4887516
1662517300 5019454
1662517301 4795542
1662517302 4679724
1662517303 4565936
1662517304 3735278
1662517305 2022278
1662517306 2671960
1662517307 3250214
1662517308 3541270
1662517309 4042154
1662517310 3737828
1662517311 2840920
1662517312 3295038
1662517313 3320794
1662517314 3139904
1662517315 1619352
1662517316 3020190
1662517317 3365718
1662517318 2271826
1662517319 4531430
1662517320 4090658
1662517321 2918548
1662517322 4664146
1662517323 5640032
1662517324 3943948
1662517325 4158878
1662517326 3885330
1662517327 5034830
1662517328 4650238
1662517329 4390528
1662517330 5289132
1662517331 2969926
1662517332 6047616
1662517333 4516984
1662517334 5157276
1662517335 4845030
1662517336 4674774
1662517337 5058242
1662517338 248


# events lost
1662516288 65824
1662516289 3052894
1662516290 3255008
1662516291 2591484
1662516292 1727570
1662516293 2783780
1662516294 26620
1662516295 683152
1662516296 1680228
1662516297 3058692
1662516298 3052362
1662516299 3050110
1662516300 2458764
1662516301 2727028
1662516302 2451456
1662516303 2391050
1662516304 1830232
1662516305 795720
1662516306 484480
1662516307 3147594
1662516308 2963494
1662516309 2869496
1662516310 1120288
1662516311 1862678
1662516312 2743496
1662516313 2429398
1662516314 2411632
1662516315 3004396
1662516316 2487304
1662516317 3298824
1662516318 1105156
1662516319 2960760
1662516320 4454928
1662516321 4034866
1662516322 4219706
1662516323 3416008
1662516324 5805464
1662516325 5080754
1662516326 4708548
1662516327 3968398
1662516328 4811892
1662516329 4278714
1662516330 5516424
1662516331 5922412
1662516332 5680364
1662516333 3143172
1662516334 3213472
1662516335 1187640
1662516336 3803170
1662516337 5839586
1662516338 4783702
1662516339 5382358
1662516340 4058262
1662516341 5028502
1662516342 3499656
1662516343 5378638
1662516344 3261214
1662516345 3058682
1662516346 2820456
1662516347 2494812
1662516348 1267034
1662516350 1926728
1662516351 3048252
1662516352 1600466
1662516353 3068684
1662516354 2026470
1662516355 2676902
1662516356 2462852
1662516357 1376638
1662516358 2581386
1662516359 2358678
1662516360 3204042
1662516361 3132426
1662516362 2003932
1662516363 2579980
1662516364 1544570
1662516365 2043100
1662516366 989892
1662516367 2349258
1662516368 1845218
1662516369 2088726
1662516370 601054
1662516371 2660828
1662516372 6129562
1662516373 4414076
1662516374 5493914
1662516375 5639950
1662516376 5157032
1662516377 6145458
1662516378 4707806
1662516379 5799660
1662516380 5071044
1662516381 4351200
1662516382 5234198
1662516383 4578692
1662516384 3873082
1662516385 3776382
1662516386 4517068
1662516387 5570182
1662516388 2786858
1662516389 3935772
1662516390 3389446
1662516391 3654678
1662516392 5542930
1662516393 3831778
1662516394 5031116
1662516395 5200436
1662516396 5413114
1662516397 4289936
1662516398 4653296
1662516399 5000710
1662516400 5171496
1662516401 3680794
1662516402 5802360
1662516403 3733800
1662516404 5940838
1662516405 3934780
1662516406 3498756
1662516407 3239626
1662516408 3566168
1662516409 4564008
1662516410 4275096
1662516411 4862056
1662516412 4853072
1662516413 3784036
1662516414 3561668
1662516415 3363468
1662516416 4363044
1662516417 3340668
1662516418 4911440
1662516419 5576342
1662516420 5055540
1662516421 4970982
1662516422 5145208
1662516423 4386410
1662516424 2154824
1662516425 2477280
1662516426 1277186
1662516427 1762548
1662516428 1708208
1662516429 3037930
1662516430 1482316
1662516431 2283250
1662516432 2640112
1662516433 3253570
1662516434 2165036
1662516435 2853656
1662516436 2736568
1662516437 2897546
1662516438 3180088
1662516439 3213096
1662516440 1890262
1662516441 2909024
1662516442 2096132
1662516443 1817940
1662516444 2289216
1662516445 2719192
1662516446 2857890
1662516447 1476776
1662516448 1845156
1662516449 2623894
1662516450 3127990
1662516451 2316138
1662516452 1106576
1662516453 1160680
1662516454 1359168
1662516455 2853918
1662516456 2820564
1662516457 2721382
1662516458 2385440
1662516459 2194324
1662516460 2562398
1662516461 3268530
1662516462 948854
1662516463 2803288
1662516464 2560102
1662516465 4036754
1662516466 3621808
1662516467 4461570
1662516468 4193652
1662516469 3931446
1662516470 4915912
1662516471 5121328
1662516472 4285034
1662516473 4524982
1662516474 4528626
1662516475 5472090
1662516476 5377906
1662516477 3323174
1662516478 2809196
1662516479 3345934
1662516480 5442342
1662516481 3207554
1662516482 2296806
1662516483 3782254
1662516484 3996856
1662516485 4338764
1662516486 4089856
1662516487 5213014
1662516488 4411644
1662516489 4301958
1662516490 3932220
1662516491 4095660
1662516492 3373544
1662516493 4499340
1662516494 4836494
1662516495 5244798
1662516496 4075382
1662516497 4536910
1662516498 5527980
1662516499 6071084
1662516500 4846654
1662516501 4971448
1662516502 3240930
1662516503 4363994
1662516504 2569922
1662516505 2933938
1662516506 2434480
1662516507 2626006
1662516508 2924282
1662516509 1684996
1662516510 3106738
1662516511 3422372
1662516512 2959348
1662516513 2875746
1662516514 2169752
1662516515 2871576
1662516516 1152626
1662516517 2940540
1662516518 2257390
1662516519 2187666
1662516520 2844310
1662516521 2721832
1662516522 2735232
1662516523 3041460
1662516524 1394502
1662516525 1836194
1662516526 2772102
1662516527 561610
1662516528 1477812
1662516529 550674
1662516530 74032
1662516531 58092
1662516532 1548710
1662516533 1437006
1662516534 2675712
1662516535 3116958
1662516536 2568016
1662516537 1915110
1662516538 4748920
1662516539 4372574
1662516540 4149398
1662516541 4455178
1662516542 3641944
1662516543 4564804
1662516544 4600334
1662516545 4530492
1662516546 5196832
1662516547 3549908
1662516548 3443290
1662516549 5220460
1662516550 4496370
1662516551 5128120
1662516552 4198220
1662516553 4410062
1662516554 4691134
1662516555 4993968
1662516556 4862814
1662516557 3519492
1662516558 3824718
1662516559 3791502
1662516560 3222644
1662516561 2642266
1662516562 2226060
1662516563 2703492
1662516564 4934730
1662516565 4856700
1662516566 4567124
1662516567 4863692
1662516568 3436572
1662516569 5406776
1662516570 4027766
1662516571 4813260
1662516572 4888644
1662516573 4181340
1662516574 3474362
1662516575 5335618
1662516576 4602672
1662516577 4057248
1662516578 3455726
1662516579 4312866
1662516580 5218116
1662516581 6223454
1662516582 4385890
1662516583 1961722
1662516584 1708256
1662516585 3628614
1662516586 3162220
1662516587 2087702
1662516588 3578504
1662516589 2776704
1662516590 3829806
1662516591 4287158
1662516592 4062150
1662516593 3563672
1662516594 4509828
1662516595 3781340
1662516596 1133426
1662516597 1480804
1662516598 2627134
1662516599 2682816
1662516600 2846486
1662516601 2229810
1662516602 2263794
1662516603 2007708
1662516604 2725146
1662516605 2307404
1662516606 1716942
1662516607 2207908
1662516608 2582738
1662516609 2235902
1662516610 2025088
1662516611 482582
1662516612 1495884
1662516613 1128018
1662516614 1609142
1662516615 1491674
1662516616 2192998
1662516617 3968152
1662516618 5160686
1662516619 5296228
1662516620 4751766
1662516621 4061874
1662516622 4286212
1662516623 3334066
1662516624 4167454
1662516625 4953198
1662516626 3778074
1662516627 4119188
1662516628 4434108
1662516629 4562744
1662516630 4847840
1662516631 4535574
1662516632 4621066
1662516633 4544198
1662516634 4768764
1662516635 5669654
1662516636 4249254
1662516637 3357776
1662516638 3162222
1662516639 3496974
1662516640 3349044
1662516641 3325826
1662516642 2449548
1662516643 3618574
1662516644 4644080
1662516645 5304040
1662516646 5403976
1662516647 4565118
1662516648 4563982
1662516649 5066542
1662516650 5255134
1662516651 5399730
1662516652 4155972
1662516653 3967368
1662516654 3736996
1662516655 4098038
1662516656 3595532
1662516657 4686440
1662516658 5006544
1662516659 4833810
1662516660 5817044
1662516661 6055312
1662516662 4559938
1662516663 3814578
1662516664 3020720
1662516665 3284022
1662516666 4857710
1662516667 3380752
1662516668 4036364
1662516669 3831538
1662516670 3447794
1662516671 4185382
1662516672 5077344
1662516673 4972762
1662516674 4855848
1662516675 4995370
1662516676 864968
1662516677 2590724
1662516678 2186078
1662516679 332206
1662516680 2313448
1662516681 1274104
1662516682 2693714
1662516683 3112416
1662516684 2156020
1662516685 1730992
1662516686 3213554
1662516687 2908118
1662516688 2933806
1662516689 1583394
1662516690 1518000
1662516691 671850
1662516692 709244
1662516693 600590
1662516694 2289168
1662516695 1934640
1662516696 1452150
1662516697 1419664
1662516698 1364286
1662516699 2233394
1662516700 2461174
1662516701 3115686
1662516702 2136074
1662516703 1688124
1662516704 2997104
1662516705 3064976
1662516706 2714886
1662516707 1180546
1662516708 2000218
1662516709 2351584
1662516710 5085234
1662516711 5064408
1662516712 3277364
1662516713 4329582
1662516714 3812274
1662516715 3991228
1662516716 4671116
1662516717 5310476
1662516718 3772608
1662516719 3778462
1662516720 2256754
1662516721 2489472
1662516722 2831372
1662516723 2842480
1662516724 3933696
1662516725 4149164
1662516726 2988784
1662516727 3536578
1662516728 3948508
1662516729 3688788
1662516730 5209520
1662516731 5252908
1662516732 5486546
1662516733 4349572
1662516734 4975880
1662516735 4032886
1662516736 5338980
1662516737 3861712
1662516738 5007312
1662516739 4939576
1662516740 4462098
1662516741 3599624
1662516742 3272412
1662516743 4740916
1662516744 4408906
1662516745 4266526
1662516746 3320054
1662516747 2176910
1662516748 3544322
1662516749 4044834
1662516750 4841512
1662516751 3439280
1662516752 3372066
1662516753 5026742
1662516754 3677690
1662516755 4782320
1662516756 4402316
1662516757 3755340
1662516758 4185068
1662516759 5942408
1662516760 3407586
1662516761 4841356
1662516762 4280254
1662516763 3883746
1662516764 4982454
1662516765 5866478
1662516766 2157082
1662516767 1773878
1662516768 3277840
1662516769 1518010
1662516770 2472736
1662516771 2095278
1662516772 2473704
1662516773 1667796
1662516774 2938000
1662516775 2020366
1662516776 1924000
1662516777 1061590
1662516778 507512
1662516779 1808430
1662516780 3299934
1662516781 2811012
1662516782 2563344
1662516783 2366052
1662516784 1601310
1662516785 2314764
1662516786 2413240
1662516787 1070534
1662516788 1656094
1662516789 2135268
1662516790 1835966
1662516791 1917534
1662516792 2641608
1662516793 2095038
1662516794 2024854
1662516795 2678956
1662516796 2646848
1662516797 2453214
1662516798 3401496
1662516799 4889832
1662516800 4886530
1662516801 5091110
1662516802 4002200
1662516803 4345270
1662516804 4354578
1662516805 2410634
1662516806 4434120
1662516807 2297710
1662516808 2291828
1662516809 2865450
1662516810 1892390
1662516811 2084674
1662516812 3027136
1662516813 4601620
1662516814 3202208
1662516815 3782788
1662516816 5237730
1662516817 3686278
1662516818 4381836
1662516819 4883310
1662516820 4540576
1662516821 5429262
1662516822 3452040
1662516823 4543998
1662516824 4504068
1662516825 4101376
1662516826 5019166
1662516827 4338568
1662516828 4833644
1662516829 5007544
1662516830 4089352
1662516831 4735364
1662516832 4073584
1662516833 5073992
1662516834 3977302
1662516835 4170696
1662516836 3148494
1662516837 3859566
1662516838 3088978
1662516839 2773962
1662516840 5573316
1662516841 3368042
1662516842 1956396
1662516843 4099206
1662516844 4091474
1662516845 3561392
1662516846 4990256
1662516847 4507288
1662516848 5253504
1662516849 4652246
1662516850 3657258
1662516851 4784654
1662516852 4138000
1662516853 4422824
1662516854 4763344
1662516855 4498622
1662516856 3264626
1662516857 595702
1662516858 2472496
1662516859 1641760
1662516860 762444
1662516861 2702924
1662516862 2118506
1662516863 1653556
1662516864 913178
1662516865 479196
1662516866 2702122
1662516867 1692624
1662516868 1370662
1662516869 319268
1662516870 1723504
1662516871 460274
1662516872 2281436
1662516873 2125022
1662516874 2154162
1662516875 2532062
1662516876 1221242
1662516877 2712448
1662516878 2579602
1662516879 2323678
1662516880 1328844
1662516881 2441780
1662516882 3145062
1662516883 4510218
1662516884 5178574
1662516885 4637174
1662516886 5502838
1662516887 3979332
1662516888 4007800
1662516889 4648324
1662516890 4724738
1662516891 4476236
1662516892 2994640
1662516893 3131858
1662516894 2181976
1662516895 2924430
1662516896 3513162
1662516897 3680348
1662516898 3405428
1662516899 3436486
1662516900 4593154
1662516901 1989926
1662516902 2339746
1662516903 3945280
1662516904 3937582
1662516905 4616226
1662516906 3163552
1662516907 4288358
1662516908 5364442
1662516909 4292484
1662516910 4422098
1662516911 5180462
1662516912 4734222
1662516913 4681602
1662516914 4046654
1662516915 4475812
1662516916 4139392
1662516917 3557576
1662516918 4812330
1662516919 4826276
1662516920 4911506
1662516921 4452852
1662516922 3895828
1662516923 3287388
1662516924 4345188
1662516925 4363704
1662516926 3843480
1662516927 2829886
1662516928 4321146
1662516929 2808506
1662516930 4803542
1662516931 3220830
1662516932 2485932
1662516933 3154702
1662516934 4635654
1662516935 3485298
1662516936 4701504
1662516937 4571436
1662516938 4860358
1662516939 4801734
1662516940 4786516
1662516941 5298534
1662516942 4900480
1662516943 4044314
1662516944 4866424
1662516945 5414530
1662516946 2426828
1662516947 1330530
1662516948 2193026
1662516949 2888150
1662516950 2940678
1662516951 2665794
1662516952 2371504
1662516953 1912028
1662516954 495984
1662516955 2113610
1662516956 2234210
1662516957 1700640
1662516958 3156386
1662516959 2835010
1662516960 2252544
1662516961 2564474
1662516962 1738824
1662516963 687934
1662516964 1480222
1662516965 1915330
1662516966 1988516
1662516967 2311564
1662516968 2734882
1662516969 2592558
1662516970 4092242
1662516971 4282420
1662516972 4528788
1662516973 3932714
1662516974 4708198
1662516975 5219862
1662516976 4892838
1662516977 4110358
1662516978 3888208
1662516979 4956034
1662516980 4181104
1662516981 4312016
1662516982 3343234
1662516983 3560158
1662516984 2942874
1662516985 3490774
1662516986 3495370
1662516987 2784498
1662516988 3615204
1662516989 3048944
1662516990 2950454
1662516991 3111774
1662516992 3353420
1662516993 2724112
1662516994 3748016
1662516995 3296990
1662516996 4833630
1662516997 4321102
1662516998 4606596
1662516999 5277494
1662517000 4750926
1662517001 4853904
1662517002 4702690
1662517003 5225872
1662517004 4641448
1662517005 4032002
1662517006 5081492
1662517007 3112982
1662517008 4504084
1662517009 4008852
1662517010 5341500
1662517011 4645052
1662517012 5018798
1662517013 5551168
1662517014 4969062
1662517015 2644808
1662517016 2215378
1662517017 2152632
1662517018 5222310
1662517019 2801658
1662517020 3603614
1662517021 4439612
1662517022 3997778
1662517023 3432742
1662517024 2433206
1662517025 2855934
1662517026 2831822
1662517027 3409208
1662517028 4049176
1662517029 5007210
1662517030 5013944
1662517031 4549990
1662517032 5066714
1662517033 3481244
1662517034 4966238
1662517035 3904222
1662517036 3008282
1662517037 4532784
1662517038 5223488
1662517039 4075034
1662517040 4281580
1662517041 2092696
1662517042 811718
1662517043 1121672
1662517044 2134398
1662517045 3088024
1662517046 2660996
1662517047 1542568
1662517048 2725018
1662517049 2884894
1662517050 2130516
1662517051 1301082
1662517052 1718360
1662517053 1253334
1662517054 2314812
1662517055 1272260
1662517056 1703232
1662517057 2073820
1662517058 2221816
1662517059 1720492
1662517060 3859362
1662517061 4568264
1662517062 4084804
1662517063 3990998
1662517064 5024248
1662517065 3461642
1662517066 4006808
1662517067 4315876
1662517068 6002844
1662517069 5080682
1662517070 4757416
1662517071 3829784
1662517072 5281324
1662517073 4187524
1662517074 4870822
1662517075 3921314
1662517076 3825014
1662517077 3703414
1662517078 5733878
1662517079 2943794
1662517080 1864554
1662517081 2765598
1662517082 3992368
1662517083 2905964
1662517084 3855650
1662517085 2429328
1662517086 2596252
1662517087 1815892
1662517088 3793390
1662517089 3718680
1662517090 4264600
1662517091 2102066
1662517092 4998572
1662517093 4058822
1662517094 4564462
1662517095 4288828
1662517096 4433138
1662517097 4886868
1662517098 5061026
1662517099 4521768
1662517100 5597170
1662517101 4612882
1662517102 5798656
1662517103 5580674
1662517104 5834114
1662517105 4915488
1662517106 4721250
1662517107 4742118
1662517108 5042722
1662517109 4707940
1662517110 5596078
1662517111 2700176
1662517112 3928116
1662517113 4836216
1662517114 2945968
1662517115 3768654
1662517116 2325750
1662517117 2628436
1662517118 2807902
1662517119 3213900
1662517120 2716764
1662517121 2347390
1662517122 4540532
1662517123 3205432
1662517124 3433840
1662517125 4474940
1662517126 4081084
1662517127 5303112
1662517128 5881816
1662517129 5593746
1662517130 5101776
1662517131 2946606
1662517132 5321218
1662517133 5453188
1662517134 4900950
1662517135 4941734
1662517136 3110910
1662517137 2261206
1662517138 2422986
1662517139 3216704
1662517140 3128512
1662517141 2331004
1662517142 1983682
1662517143 1143680
1662517144 2260860
1662517145 1308524
1662517146 1393948
1662517147 1787824
1662517148 2759444
1662517149 2733598
1662517150 2612334
1662517151 2392760
1662517152 1624738
1662517153 2893398
1662517154 2780764
1662517155 2317038
1662517156 2440050
1662517157 2656592
1662517158 2801548
1662517159 3224310
1662517160 2610988
1662517161 1510078
1662517162 2089256
1662517163 2394268
1662517164 1887372
1662517165 2744546
1662517166 5223330
1662517167 4171872
1662517168 4682868
1662517169 4325420
1662517170 4320820
1662517171 3687334
1662517172 4612586
1662517173 4451742
1662517174 3364936
1662517175 3327472
1662517176 3030146
1662517177 4083726
1662517178 2564618
1662517179 4508436
1662517180 2776554
1662517181 3147720
1662517182 3677204
1662517183 3687548
1662517184 1941666
1662517185 2946080
1662517186 2070472
1662517187 3789352
1662517188 4743248
1662517189 4798094
1662517190 4677246
1662517191 4914192
1662517192 3820564
1662517193 5317994
1662517194 4719076
1662517195 4970504
1662517196 4990472
1662517197 4802792
1662517198 4739038
1662517199 4251238
1662517200 4047602
1662517201 3481008
1662517202 4613612
1662517203 4141188
1662517204 4945056
1662517205 5010396
1662517206 3215518
1662517207 3464568
1662517208 2654740
1662517209 2189138
1662517210 3100618
1662517211 3091504
1662517212 3401240
1662517213 3375340
1662517214 1401040
1662517215 2988228
1662517216 3558558
1662517217 5370172
1662517218 3531104
1662517219 3109156
1662517220 4937262
1662517221 3798574
1662517222 4311796
1662517223 4402688
1662517224 5784460
1662517225 4100514
1662517226 4082098
1662517227 4956560
1662517228 5457548
1662517229 4839804
1662517230 4204860
1662517231 3933006
1662517232 4801964
1662517233 3209346
1662517234 3254660
1662517235 2413366
1662517236 2474926
1662517237 3019302
1662517238 2119672
1662517239 491014
1662517240 1042014
1662517241 1660936
1662517242 2294960
1662517243 3204402
1662517244 978220
1662517245 2295062
1662517246 1522788
1662517247 1535148
1662517248 1878230
1662517249 1569528
1662517250 920936
1662517251 1546906
1662517252 3496118
1662517253 3850230
1662517254 5405174
1662517255 5067504
1662517256 3912730
1662517257 3895450
1662517258 4808114
1662517259 3167868
1662517260 5215256
1662517261 4163862
1662517262 4432004
1662517263 4345104
1662517264 3851998
1662517265 4083030
1662517266 4278284
1662517267 4889824
1662517268 5321676
1662517269 3812110
1662517270 4569544
1662517271 2583044
1662517272 2744516
1662517273 3762284
1662517274 2271258
1662517275 2677344
1662517276 2635810
1662517277 2724482
1662517278 3197628
1662517279 1683854
1662517280 2232366
1662517281 3905448
1662517282 2464712
1662517283 3580446
1662517284 3760160
1662517285 3762908
1662517286 4201484
1662517287 3962844
1662517288 4173772
1662517289 4671890
1662517290 4677412
1662517291 3010406
1662517292 4007640
1662517293 3916982
1662517294 3838280
1662517295 3224696
1662517296 4261682
1662517297 3636364
1662517298 4248784
1662517299 4306800
1662517300 4288958
1662517301 3398102
1662517302 4059890
1662517303 4227562
1662517304 3049798
1662517305 4535018
1662517306 2882470
1662517307 3697082
1662517308 3684108
1662517309 1989478
1662517310 2544968
1662517311 3078228
1662517312 3397562
1662517313 3447736
1662517314 3819034
1662517315 5318420
1662517316 2626932
1662517317 3481986
1662517318 4306562
1662517319 3924770
1662517320 5192080
1662517321 4804452
1662517322 4560898
1662517323 3739614
1662517324 5273288
1662517325 5143892
1662517326 4519802
1662517327 4190638
1662517328 4631860
1662517329 4768324
1662517330 4030330
1662517331 5156424
1662517332 3125994
1662517333 4901726
1662517334 4126892
1662517335 4264568
1662517336 3589264
1662517337 1330090
1662517338 1048
