# events called


# events submitted


# events lost
# events called
1662493705 2446542
1662493706 1217522
1662493707 3156662
1662493708 8579638
1662493709 8483698
1662493710 8933546
1662493711 9286254
1662493712 9923228
1662493713 9898084
1662493714 9323368
1662493715 9816194
1662493716 9187352
1662493717 9281824
1662493718 9725438
1662493719 9517758
1662493720 10412648
1662493721 8975048
1662493722 8872896
1662493723 9317540
1662493724 9569352
1662493725 9257656
1662493726 9153008
1662493727 8971206
1662493728 9457302
1662493729 8932912
1662493730 9560536
1662493731 8518460
1662493732 9590134
1662493733 8957080
1662493734 10146096
1662493735 8253134
1662493736 10005958
1662493737 9837282
1662493738 8692090
1662493739 9858766
1662493740 8012756
1662493741 9686508
1662493742 9892952
1662493743 8246908
1662493744 9854654
1662493745 10687066
1662493746 8413506
1662493747 9088828
1662493748 9841676
1662493749 9981352
1662493750 7701994
1662493751 9118650
1662493752 10475832
1662493753 9590412
1662493754 8025102
1662493755 9852192
1662493756 9067682
1662493757 8779740
1662493758 8298392
1662493759 10490140
1662493760 10015744
1662493761 9232754
1662493762 6978590
1662493763 10019718
1662493764 9885582
1662493765 9914028
1662493766 8433182
1662493767 7926268
1662493768 9733994
1662493769 9575430
1662493770 9949650
1662493771 7905656
1662493772 8135634
1662493773 9949400
1662493774 10249574
1662493775 10136238
1662493776 8009162
1662493777 7065550
1662493778 10158384
1662493779 10011022
1662493780 10070930
1662493781 9566544
1662493782 8176762
1662493783 7208288
1662493784 9992068
1662493785 9747622
1662493786 9466668
1662493787 10370480
1662493788 9221030
1662493789 6718940
1662493790 9620514
1662493791 9722794
1662493792 9915126
1662493793 9658738
1662493794 9638050
1662493795 7168178
1662493796 6934166
1662493797 10174662
1662493798 10034610
1662493799 9994982
1662493800 10385410
1662493801 8845788
1662493802 8772680
1662493803 8031600
1662493804 7906840
1662493805 10493116
1662493806 9601170
1662493807 10263788
1662493808 9309094
1662493809 9647072
1662493810 9663258
1662493811 6569018
1662493812 7417952
1662493813 10132972
1662493814 9668094
1662493815 9696292
1662493816 9136756
1662493817 9685420
1662493818 9258052
1662493819 7617768
1662493820 6830348
1662493821 8802760
1662493822 10237274
1662493823 9817572
1662493824 10114800
1662493825 9956396
1662493826 9366054
1662493827 9862118
1662493828 8065986
1662493829 7028068
1662493830 7702898
1662493831 8949874
1662493832 9588148
1662493833 9715460
1662493834 10256352
1662493835 9659658
1662493836 9740842
1662493837 9972036
1662493838 7684090
1662493839 6960790
1662493840 7524084
1662493841 9122774
1662493842 9951148
1662493843 9966268
1662493844 9893412
1662493845 9697306
1662493846 9382298
1662493847 9822972
1662493848 9948202
1662493849 6628962
1662493850 6209686
1662493851 8411710
1662493852 9745468
1662493853 9741256
1662493854 10129510
1662493855 10103516
1662493856 9273448
1662493857 9465914
1662493858 9808522
1662493859 9776244
1662493860 7800932
1662493861 7717350
1662493862 7554788
1662493863 7607722
1662493864 9822932
1662493865 10067814
1662493866 9053880
1662493867 9581174
1662493868 9280788
1662493869 9733690
1662493870 10340876
1662493871 9199586
1662493872 10243124
1662493873 8608470
1662493874 7816928
1662493875 6795952
1662493876 7383386
1662493877 9558642
1662493878 9711130
1662493879 9621704
1662493880 10131322
1662493881 9070932
1662493882 9892892
1662493883 9758666
1662493884 9472796
1662493885 10054422
1662493886 8840210
1662493887 6985124
1662493888 6890486
1662493889 6794366
1662493890 8716748
1662493891 9627046
1662493892 9904728
1662493893 10022552
1662493894 9877456
1662493895 9647916
1662493896 8574568
1662493897 10189264
1662493898 9648894
1662493899 9638730
1662493900 9797472
1662493901 7916544
1662493902 7308296
1662493903 6878644
1662493904 7733036
1662493905 7622122
1662493906 10017772
1662493907 9899234
1662493908 9524298
1662493909 9341336
1662493910 8883444
1662493911 10132990
1662493912 10155346
1662493913 10090046
1662493914 9649654
1662493915 9010418
1662493916 9414640
1662493917 7149410
1662493918 6631628
1662493919 6715044
1662493920 7143494
1662493921 9663206
1662493922 10080818
1662493923 9731716
1662493924 9874778
1662493925 8389470
1662493926 9786048
1662493927 9791482
1662493928 9485582
1662493929 9707536
1662493930 8959054
1662493931 9935092
1662493932 9802818
1662493933 9490280
1662493934 6556946
1662493935 5916864
1662493936 6659452
1662493937 6788406
1662493938 9282606
1662493939 9625464
1662493940 8724088
1662493941 9497574
1662493942 9722318
1662493943 9445678
1662493944 9865804
1662493945 8572352
1662493946 9029826
1662493947 9158382
1662493948 9847878
1662493949 9753584
1662493950 8518858
1662493951 9018664
1662493952 6735706
1662493953 6924932
1662493954 6994172
1662493955 5993182
1662493956 7904232
1662493957 9644106
1662493958 9467630
1662493959 9283800
1662493960 8930772
1662493961 9325156
1662493962 9427824
1662493963 9652822
1662493964 9200704
1662493965 8768612
1662493966 9273152
1662493967 9672034
1662493968 9439236
1662493969 9768114
1662493970 7715858
1662493971 6519430
1662493972 6898420
1662493973 7059252
1662493974 7543946
1662493975 6016400
1662493976 8495252
1662493977 9780208
1662493978 9426464
1662493979 9581224
1662493980 8625098
1662493981 9813608
1662493982 9994340
1662493983 9694762
1662493984 9469488
1662493985 8717692
1662493986 9251464
1662493987 9289026
1662493988 9803820
1662493989 9424556
1662493990 8623088
1662493991 9313974
1662493992 7594516
1662493993 6271378
1662493994 7093784
1662493995 6266318
1662493996 6432398
1662493997 7260838
1662493998 9139024
1662493999 9575020
1662494000 8004730
1662494001 9006460
1662494002 9687658
1662494003 9331316
1662494004 9430340
1662494005 8220764
1662494006 9708090
1662494007 9139624
1662494008 9164956
1662494009 8809778
1662494010 8308924
1662494011 9331428
1662494012 8915174
1662494013 8674790
1662494014 9156272
1662494015 6817976
1662494016 6818690
1662494017 6296444
1662494018 7117266
1662494019 6129344
1662494020 5870626
1662494021 6695620
1662494022 9219064
1662494023 9335830
1662494024 9343912
1662494025 8171898
1662494026 8787602
1662494027 9453768
1662494028 9214764
1662494029 9092986
1662494030 8698144
1662494031 9325630
1662494032 9124616
1662494033 9377234
1662494034 9173568
1662494035 7369700
1662494036 8662230
1662494037 8408226
1662494038 8354038
1662494039 9223830
1662494040 6479812
1662494041 6313038
1662494042 6783580
1662494043 6459886
1662494044 6760798
1662494045 6035628
1662494046 6245248
1662494047 7514930
1662494048 8715902
1662494049 8876480
1662494050 8467590
1662494051 8865732
1662494052 8077746
1662494053 8174476
1662494054 8334818
1662494055 8439918
1662494056 8573064
1662494057 7531878
1662494058 9419254
1662494059 9257006
1662494060 9187064
1662494061 9156978
1662494062 7905258
1662494063 9495464
1662494064 9376534
1662494065 7284138
1662494066 6085232
1662494067 6378302
1662494068 6682446
1662494069 6561490
1662494070 6622094
1662494071 6838340
1662494072 6597832
1662494073 9121650
1662494074 9244454
1662494075 9292770
1662494076 9500510
1662494077 8136400
1662494078 9234702
1662494079 9591668
1662494080 9335966
1662494081 9569936
1662494082 8041492
1662494083 8945750
1662494084 9349336
1662494085 9119446
1662494086 8923098
1662494087 8355800
1662494088 9496214
1662494089 9264812
1662494090 9437546
1662494091 9037802
1662494092 5230982
1662494093 6671356
1662494094 6133230
1662494095 7014932
1662494096 6718876
1662494097 5635676
1662494098 6145960
1662494099 8183662
1662494100 9750918
1662494101 9622004
1662494102 8414208
1662494103 8711052
1662494104 9385836
1662494105 9542214
1662494106 8793510
1662494107 8625244
1662494108 9088798
1662494109 9051986
1662494110 9257972
1662494111 9220726
1662494112 8358748
1662494113 8960934
1662494114 9392738
1662494115 9354090
1662494116 8935478
1662494117 8389790
1662494118 8465068
1662494119 6036498
1662494120 6681294
1662494121 6310274
1662494122 5440672
1662494123 6361724
1662494124 6221654
1662494125 6364666
1662494126 8153002
1662494127 8082994
1662494128 9097794
1662494129 9198010
1662494130 9513966
1662494131 9291654
1662494132 8289728
1662494133 8911044
1662494134 9649938
1662494135 9406410
1662494136 9221568
1662494137 7972654
1662494138 8808808
1662494139 9626088
1662494140 9402958
1662494141 9161058
1662494142 8070540
1662494143 9253000
1662494144 9395700
1662494145 7633026
1662494146 6889490
1662494147 5403302
1662494148 5654966
1662494149 6292586
1662494150 6420912
1662494151 6412790
1662494152 5677522
1662494153 8857710
1662494154 9218856
1662494155 9122126
1662494156 9192030
1662494157 8701792
1662494158 9731276
1662494159 9359594
1662494160 9895692
1662494161 9770900
1662494162 8176554
1662494163 9421434
1662494164 9253910
1662494165 9399804
1662494166 9149784
1662494167 8029698
1662494168 9086698
1662494169 9771784
1662494170 9206104
1662494171 9120778
1662494172 6607760
1662494173 6525690
1662494174 6578630
1662494175 6616818
1662494176 6990840
1662494177 5501736
1662494178 6303752
1662494179 6511250
1662494180 7109348
1662494181 8902968
1662494182 7343214
1662494183 9350946
1662494184 9315262
1662494185 9480876
1662494186 9135116
1662494187 8635352
1662494188 9287286
1662494189 9237306
1662494190 9064996
1662494191 9101126
1662494192 7747590
1662494193 8928118
1662494194 9514034
1662494195 9312336
1662494196 9107950
1662494197 7815376
1662494198 9384772
1662494199 7210296
1662494200 6691252
1662494201 5926442
1662494202 5873270
1662494203 6393254
1662494204 6916542
1662494205 6303972
1662494206 5729520
1662494207 7004168
1662494208 9256684
1662494209 8890542
1662494210 9033846
1662494211 9422380
1662494212 7785634
1662494213 9347040
1662494214 9067682
1662494215 8986796
1662494216 9324332
1662494217 7973826
1662494218 9279446
1662494219 8964694
1662494220 9195224
1662494221 9042452
1662494222 8027940
1662494223 9138110
1662494224 9183624
1662494225 9208860
1662494226 7280068
1662494227 5902494
1662494228 6958500
1662494229 6356016
1662494230 6285112
1662494231 6270458
1662494232 6133022
1662494233 6092106
1662494234 7534606
1662494235 9206714
1662494236 9384088
1662494237 8162470
1662494238 9485156
1662494239 9255698
1662494240 9486080
1662494241 8971926
1662494242 8127470
1662494243 9446542
1662494244 9332458
1662494245 9316448
1662494246 9438128
1662494247 8402034
1662494248 9527576
1662494249 9840340
1662494250 9190026
1662494251 9009330
1662494252 7891214
1662494253 8967306
1662494254 7275388
1662494255 6246046
1662494256 6810664
1662494257 5984658
1662494258 6933752
1662494259 6573946
1662494260 6843420
1662494261 5694544
1662494262 6729200
1662494263 9097254
1662494264 9443406
1662494265 9194826
1662494266 9745252
1662494267 8639158
1662494268 8515486
1662494269 9321738
1662494270 9377148
1662494271 9464328
1662494272 8951218
1662494273 9643306
1662494274 9662980
1662494275 9373978
1662494276 9473610
1662494277 8086668
1662494278 9262068
1662494279 9137280
1662494280 9134500
1662494281 8950104
1662494282 6431298
1662494283 5956068
1662494284 6650514
1662494285 6755038
1662494286 6582420
1662494287 4638524
1662494288 5603200
1662494289 5897540
1662494290 6052398
1662494291 8750002
1662494292 8581416
1662494293 9612128
1662494294 9364074
1662494295 9112992
1662494296 9110354
1662494297 8253044
1662494298 9136612
1662494299 9125084
1662494300 9598312
1662494301 9210606
1662494302 8180258
1662494303 9346024
1662494304 8958688
1662494305 9054046
1662494306 9083914
1662494307 6994038
1662494308 9463340
1662494309 9321672
1662494310 9471890
1662494311 7340916
1662494312 6336128
1662494313 6673770
1662494314 6673822
1662494315 6392390
1662494316 6091802
1662494317 5436606
1662494318 6534696
1662494319 6491002
1662494320 7477856
1662494321 8966262
1662494322 8334582
1662494323 9223210
1662494324 9186882
1662494325 9099788
1662494326 9422510
1662494327 8616880
1662494328 8779020
1662494329 9060420
1662494330 9347936
1662494331 9139630
1662494332 8145982
1662494333 9319546
1662494334 9255758
1662494335 8712228
1662494336 9456404
1662494337 8411854
1662494338 9398056
1662494339 9240560
1662494340 7496956
1662494341 6914860
1662494342 4860956
1662494343 6191624
1662494344 6822514
1662494345 6955112
1662494346 7090172
1662494347 5874790
1662494348 6253082
1662494349 6490908
1662494350 8340872
1662494351 9167012
1662494352 8645666
1662494353 8827968
1662494354 8809594
1662494355 9334826
1662494356 9169422
1662494357 8799774
1662494358 9122192
1662494359 9504424
1662494360 8831022
1662494361 9125290
1662494362 8481662
1662494363 9121048
1662494364 9018400
1662494365 9061414
1662494366 9602484
1662494367 8335268
1662494368 9400530
1662494369 8889612
1662494370 6502858
1662494371 6445184
1662494372 5505792
1662494373 6428566
1662494374 6796674
1662494375 7255220
1662494376 6473692
1662494377 5727456
1662494378 6378520
1662494379 6754656
1662494380 7156608
1662494381 9476796
1662494382 8277496
1662494383 9547866
1662494384 9126080
1662494385 9199182
1662494386 9297864
1662494387 7907842
1662494388 9376884
1662494389 9393062
1662494390 9253734
1662494391 9369210
1662494392 8153900
1662494393 9574512
1662494394 9431142
1662494395 9078074
1662494396 9196194
1662494397 8336884
1662494398 9596150
1662494399 9037716
1662494400 6901772
1662494401 6541784
1662494402 6090590
1662494403 6276038
1662494404 6809154
1662494405 7193152
1662494406 6645864
1662494407 5905810
1662494408 6988912
1662494409 6558014
1662494410 6757030
1662494411 8009688
1662494412 7870930
1662494413 9072796
1662494414 9091846
1662494415 9347292
1662494416 9189368
1662494417 8432016
1662494418 9318414
1662494419 9176898
1662494420 9517844
1662494421 9660596
1662494422 8376408
1662494423 9252916
1662494424 8877902
1662494425 9162142
1662494426 9225802
1662494427 8471342
1662494428 9461596
1662494429 8914516
1662494430 6051472
1662494431 6504690
1662494432 5728046
1662494433 6238850
1662494434 6151396
1662494435 6693896
1662494436 6725032
1662494437 6144868
1662494438 6530856
1662494439 6711594
1662494440 7153048
1662494441 9019710
1662494442 8350456
1662494443 9466176
1662494444 8963688
1662494445 9710942
1662494446 9397192
1662494447 8498226
1662494448 9284830
1662494449 9318778
1662494450 9202258
1662494451 9311694
1662494452 8637274
1662494453 9181404
1662494454 8971892
1662494455 9355366
1662494456 9403216
1662494457 8377416
1662494458 9236200
1662494459 8479274
1662494460 5817336
1662494461 6659422
1662494462 5674470
1662494463 7022210
1662494464 5989096
1662494465 6658286
1662494466 6308134
1662494467 5766792
1662494468 5897480
1662494469 6169132
1662494470 7239722
1662494471 8734028
1662494472 8140750
1662494473 8901430
1662494474 9406486
1662494475 9321066
1662494476 9374288
1662494477 8535030
1662494478 9084390
1662494479 9325194
1662494480 8996328
1662494481 9115848
1662494482 8496706
1662494483 8888202
1662494484 9516938
1662494485 8983070
1662494486 9128782
1662494487 8478274
1662494488 8957346
1662494489 9812516
1662494490 7792552
1662494491 6727206
1662494492 5486606
1662494493 6130826
1662494494 7056036
1662494495 6818182
1662494496 6486144
1662494497 5538696
1662494498 6107800
1662494499 6615770
1662494500 6359200
1662494501 7587936
1662494502 8421478
1662494503 9016768
1662494504 9269242
1662494505 9481564
1662494506 9398116
1662494507 8328740
1662494508 9110986
1662494509 9401984
1662494510 9452298
1662494511 9285610
1662494512 8251854
1662494513 9122300
1662494514 9514076
1662494515 9317760
1662494516 9015638
1662494517 8024860
1662494518 9339042
1662494519 9471980
1662494520 7855470
1662494521 6652390
1662494522 6061292
1662494523 6693092
1662494524 6642890
1662494525 6539020
1662494526 6520124
1662494527 5549892
1662494528 6251784
1662494529 6396544
1662494530 6430854
1662494531 7125414
1662494532 7497082
1662494533 8897288
1662494534 9511130
1662494535 9481094
1662494536 9262056
1662494537 7997442
1662494538 9311314
1662494539 9356748
1662494540 9503768
1662494541 9104406
1662494542 8485154
1662494543 9211692
1662494544 9263284
1662494545 9271486
1662494546 9239430
1662494547 8480178
1662494548 9064594
1662494549 9554904
1662494550 9096386
1662494551 6958164
1662494552 5569906
1662494553 6412840
1662494554 7102618
1662494555 6151694
1662494556 6543238
1662494557 6481394
1662494558 5492150
1662494559 6766550
1662494560 6303652
1662494561 6485250
1662494562 5899178
1662494563 8656424
1662494564 9525584
1662494565 8903846
1662494566 9647194
1662494567 8677570
1662494568 9572734
1662494569 9717800
1662494570 8991990
1662494571 9024382
1662494572 7932644
1662494573 8950404
1662494574 9197434
1662494575 9805660
1662494576 9569462
1662494577 8157520
1662494578 9089620
1662494579 9152516
1662494580 9490666
1662494581 9492172
1662494582 6166216
1662494583 6564870
1662494584 6739600
1662494585 6843456
1662494586 6636042
1662494587 6311180
1662494588 6857102
1662494589 6744760
1662494590 6756118
1662494591 6944526
1662494592 6650144
1662494593 7225330
1662494594 7142472
1662494595 7638110
1662494596 9425958
1662494597 8090710
1662494598 9546592
1662494599 9292924
1662494600 9208430
1662494601 9369766
1662494602 8056992
1662494603 9080246
1662494604 9289420
1662494605 9409936
1662494606 9253744
1662494607 7828614
1662494608 8822940
1662494609 8920442
1662494610 8938534
1662494611 9274394
1662494612 8432800
1662494613 8827086
1662494614 6713966
1662494615 6631404
1662494616 6644536
1662494617 5772472
1662494618 6491196
1662494619 6713946
1662494620 6091640
1662494621 6321284
1662494622 6359568
1662494623 6784426
1662494624 6931674
1662494625 6645740
1662494626 6850356
1662494627 8062582
1662494628 9032132
1662494629 8709616
1662494630 8767556
1662494631 9087878
1662494632 8542166
1662494633 9051726
1662494634 9082354
1662494635 9125004
1662494636 9056440
1662494637 8340900
1662494638 8982618
1662494639 9270940
1662494640 9735928
1662494641 9062888
1662494642 8376888
1662494643 9466434
1662494644 9103282
1662494645 8923708
1662494646 6490550
1662494647 5813702
1662494648 6817576
1662494649 6297410
1662494650 6053156
1662494651 6717606
1662494652 5663352
1662494653 6834436
1662494654 6961302
1662494655 6317328
1662494656 6818800
1662494657 6315752
1662494658 6772542
1662494659 8793644
1662494660 9328468
1662494661 9089694
1662494662 8210338
1662494663 9396942
1662494664 9316120
1662494665 9597848
1662494666 8976474
1662494667 7966498
1662494668 8951016
1662494669 8956044
1662494670 9071662
1662494671 9017860
1662494672 8375360
1662494673 9173704
1662494674 9204976
1662494675 9371068
1662494676 9150232
1662494677 7370446
1662494678 6522808
1662494679 6775484
1662494680 6675740
1662494681 6323580
1662494682 5550550
1662494683 6280496
1662494684 6051340
1662494685 6329104
1662494686 6603366
1662494687 6344604
1662494688 6428952
1662494689 6795396
1662494690 6794670
1662494691 8886636
1662494692 8306488
1662494693 9238932
1662494694 9053180
1662494695 8800722
1662494696 9035870
1662494697 8152696
1662494698 8952474
1662494699 8938468
1662494700 9424716
1662494701 9638894
1662494702 8273822
1662494703 8656684
1662494704 9538094
1662494705 9570826
1662494706 9078698
1662494707 8355740
1662494708 7895858
1662494709 6890608
1662494710 6741024
1662494711 7384412
1662494712 5986340
1662494713 6830722
1662494714 6519184
1662494715 6669262
1662494716 6949222
1662494717 5992098
1662494718 6947058
1662494719 6913234
1662494720 6385402
1662494721 6393288
1662494722 7185068
1662494723 9239308
1662494724 9682452
1662494725 9700590
1662494726 9731272
1662494727 8403880
1662494728 9629842
1662494729 9349382
1662494730 9253210
1662494731 9378476
1662494732 8121038
1662494733 9853340
1662494734 9296214
1662494735 9148320
1662494736 9460740
1662494737 8479334
1662494738 9366224
1662494739 9170806
1662494740 9039444
1662494741 6893068
1662494742 6155098
1662494743 6779554
1662494744 6368352
1662494745 6638554
1662494746 6245720
1662494747 6152368
1662494748 6595268
1662494749 6809752
1662494750 6597212
1662494751 6497310
1662494752 5997628
1662494753 7367744
1662494754 6420518
1662494755 8080340
1662494756 9110252
1662494757 8228614
1662494758 9007886
1662494759 9435602
1662494760 9124652
1662494761 9496022
1662494762 7792998
1662494763 9328724
1662494764 8929060
1662494765 9208766
1662494766 9008170
1662494767 8172498
1662494768 9319736
1662494769 9245482
1662494770 9248334
1662494771 9229786
1662494772 8585454
1662494773 6838246
1662494774 7052488
1662494775 6680750
1662494776 6590632
1662494777 5841348
1662494778 6820196
1662494779 6356514
1662494780 6473712
1662494781 6550794
1662494782 5850410
1662494783 6161964
1662494784 6739756
1662494785 6612256
1662494786 6870672
1662494787 8012178
1662494788 9261410
1662494789 9686498
1662494790 9466850
1662494791 9549622
1662494792 8519140
1662494793 9439180
1662494794 9388164
1662494795 9396588
1662494796 9495520
1662494797 8149138
1662494798 9327782
1662494799 9250204
1662494800 9378436
1662494801 8994574
1662494802 7806670
1662494803 9236886
1662494804 9453456
1662494805 8091024
1662494806 6390422
1662494807 5580688
1662494808 6530918
1662494809 6331106
1662494810 6037496
1662494811 6191150
1662494812 6561856
1662494813 6061196
1662494814 6266700
1662494815 6596368
1662494816 6185904
1662494817 6618140
1662494818 7315430
1662494819 7801942
1662494820 9329738
1662494821 9405998
1662494822 8459002
1662494823 9395552
1662494824 9321024
1662494825 9647950
1662494826 9289978
1662494827 8054402
1662494828 9108062
1662494829 9319084
1662494830 9154204
1662494831 9278708
1662494832 7246210
1662494833 9125082
1662494834 9387058
1662494835 9079464
1662494836 9135608
1662494837 6859434
1662494838 6802252
1662494839 6594484
1662494840 6142322
1662494841 6344156
1662494842 5886690
1662494843 6300716
1662494844 6120872
1662494845 6653878
1662494846 6381692
1662494847 6745908
1662494848 6962934
1662494849 6848820
1662494850 6744644
1662494851 7840486
1662494852 8106288
1662494853 8516880
1662494854 9137518
1662494855 9332682
1662494856 9271000
1662494857 8336702
1662494858 9208316
1662494859 9247722
1662494860 9475648
1662494861 9295158
1662494862 8021600
1662494863 8779664
1662494864 8973330
1662494865 9611542
1662494866 9195686
1662494867 8084320
1662494868 8980584
1662494869 6831526
1662494870 6151802
1662494871 6370702
1662494872 5618718
1662494873 6503502
1662494874 6850024
1662494875 6829994
1662494876 6552130
1662494877 5834416
1662494878 6686190
1662494879 6623928
1662494880 6598274
1662494881 6881816
1662494882 5227424
1662494883 7704140
1662494884 9347878
1662494885 9176024
1662494886 9296274
1662494887 8050304
1662494888 8944834
1662494889 8961502
1662494890 8697612
1662494891 9044928
1662494892 7886708
1662494893 9164144
1662494894 9212074
1662494895 9398846
1662494896 8991196
1662494897 8055678
1662494898 9227940
1662494899 9043708
1662494900 9005582
1662494901 6679234
1662494902 6067332
1662494903 6579046
1662494904 6853960
1662494905 6520032
1662494906 6676432
1662494907 4882412
1662494908 1234


# events submitted
1662493705 2446542
1662493706 1217522
1662493707 3147578
1662493708 8550406
1662493709 8462304
1662493710 8914322
1662493711 9275112
1662493712 9911834
1662493713 9889068
1662493714 9314614
1662493715 9807456
1662493716 9177596
1662493717 9274058
1662493718 9716532
1662493719 9508504
1662493720 10401374
1662493721 8968390
1662493722 8866146
1662493723 9306350
1662493724 9557674
1662493725 9246296
1662493726 9151084
1662493727 8966638
1662493728 9448896
1662493729 8924244
1662493730 9554192
1662493731 8512106
1662493732 9581882
1662493733 8949674
1662493734 10134504
1662493735 8246772
1662493736 9996448
1662493737 9827012
1662493738 8683014
1662493739 9847346
1662493740 8006110
1662493741 9674676
1662493742 9885872
1662493743 8237422
1662493744 9845470
1662493745 10672278
1662493746 8410810
1662493747 9085188
1662493748 9831832
1662493749 9972602
1662493750 7691038
1662493751 9107704
1662493752 10468424
1662493753 9577786
1662493754 8020574
1662493755 9844368
1662493756 9057374
1662493757 8769666
1662493758 8291960
1662493759 10477254
1662493760 10004174
1662493761 9227070
1662493762 6975656
1662493763 10008844
1662493764 9876420
1662493765 9903914
1662493766 8424290
1662493767 7924946
1662493768 9727792
1662493769 9568992
1662493770 9938546
1662493771 7899678
1662493772 8133166
1662493773 9944634
1662493774 10238514
1662493775 10126618
1662493776 8005058
1662493777 7062040
1662493778 10146612
1662493779 10001120
1662493780 10060154
1662493781 9557036
1662493782 8173260
1662493783 7203178
1662493784 9979710
1662493785 9737714
1662493786 9455662
1662493787 10357190
1662493788 9213410
1662493789 6715948
1662493790 9610422
1662493791 9715608
1662493792 9904640
1662493793 9645532
1662493794 9633754
1662493795 7165462
1662493796 6930192
1662493797 10161452
1662493798 10019678
1662493799 9987582
1662493800 10374822
1662493801 8836550
1662493802 8767872
1662493803 8029066
1662493804 7901782
1662493805 10476348
1662493806 9597778
1662493807 10253714
1662493808 9304138
1662493809 9635012
1662493810 9655172
1662493811 6566138
1662493812 7412114
1662493813 10119992
1662493814 9660058
1662493815 9681064
1662493816 9128510
1662493817 9669696
1662493818 9245284
1662493819 7613532
1662493820 6829580
1662493821 8800098
1662493822 10224854
1662493823 9804974
1662493824 10103420
1662493825 9942782
1662493826 9358204
1662493827 9851712
1662493828 8060904
1662493829 7025978
1662493830 7698098
1662493831 8940308
1662493832 9578102
1662493833 9705556
1662493834 10242260
1662493835 9650124
1662493836 9727594
1662493837 9956184
1662493838 7679286
1662493839 6958070
1662493840 7513894
1662493841 9116366
1662493842 9939724
1662493843 9958966
1662493844 9885082
1662493845 7554018
1662493846 6693142
1662493847 6818796
1662493848 6967634
1662493849 4432436
1662493850 3087888
1662493851 5581554
1662493852 8085802
1662493853 8188418
1662493854 8110030
1662493855 7343590
1662493856 6836542
1662493857 6167784
1662493858 7823056
1662493859 6793902
1662493860 5165060
1662493861 5006752
1662493862 6569690
1662493863 5870184
1662493864 6923728
1662493865 6857648
1662493866 7108052
1662493867 6250274
1662493868 7500732
1662493869 8684980
1662493870 10330816
1662493871 9189114
1662493872 10234870
1662493873 8600470
1662493874 7814996
1662493875 6791456
1662493876 7004482
1662493877 7405822
1662493878 8670104
1662493879 8000434
1662493880 7819522
1662493881 6991780
1662493882 7243372
1662493883 6530678
1662493884 6429824
1662493885 9111298
1662493886 6095690
1662493887 3856500
1662493888 4127546
1662493889 4536508
1662493890 5993994
1662493891 7919224
1662493892 8098784
1662493893 7579528
1662493894 8031374
1662493895 7459564
1662493896 6905886
1662493897 8433058
1662493898 8107556
1662493899 6361972
1662493900 7514318
1662493901 5557468
1662493902 4415774
1662493903 5577686
1662493904 5936402
1662493905 6013394
1662493906 7363308
1662493907 8867510
1662493908 6546350
1662493909 7529272
1662493910 3970256
1662493911 4801092
1662493912 5735758
1662493913 5105052
1662493914 4444378
1662493915 4389938
1662493916 6228544
1662493917 3977808
1662493918 2465744
1662493919 3621454
1662493920 3178086
1662493921 5275528
1662493922 5396940
1662493923 5360910
1662493924 5449404
1662493925 3276044
1662493926 4236306
1662493927 5476408
1662493928 4158054
1662493929 5595264
1662493930 3791492
1662493931 5547458
1662493932 5791132
1662493933 5866080
1662493934 4222342
1662493935 2858632
1662493936 3429650
1662493937 3403214
1662493938 3854392
1662493939 3867820
1662493940 3769202
1662493941 3963364
1662493942 4151408
1662493943 6106614
1662493944 5285898
1662493945 5202310
1662493946 5562536
1662493947 4184040
1662493948 4999166
1662493949 5399224
1662493950 3735100
1662493951 4029250
1662493952 4896190
1662493953 3234038
1662493954 2211046
1662493955 3800158
1662493956 3928938
1662493957 5022238
1662493958 6994966
1662493959 5978784
1662493960 6222568
1662493961 7920108
1662493962 6343314
1662493963 6736682
1662493964 8097512
1662493965 6621164
1662493966 6088576
1662493967 6697582
1662493968 7549936
1662493969 6637052
1662493970 5313166
1662493971 4046048
1662493972 4261382
1662493973 4166438
1662493974 4738102
1662493975 2620484
1662493976 4696006
1662493977 4407778
1662493978 5051742
1662493979 4807978
1662493980 5051134
1662493981 5343124
1662493982 5395860
1662493983 4903422
1662493984 4510850
1662493985 3269940
1662493986 4438974
1662493987 5328532
1662493988 3364742
1662493989 4423696
1662493990 3066444
1662493991 3995542
1662493992 4049560
1662493993 2334794
1662493994 4877020
1662493995 3717012
1662493996 2685524
1662493997 4564162
1662493998 4016056
1662493999 4225720
1662494000 3822008
1662494001 4982494
1662494002 4227422
1662494003 4644480
1662494004 4602276
1662494005 4920434
1662494006 3930328
1662494007 4848622
1662494008 4171732
1662494009 3670144
1662494010 4696680
1662494011 4072484
1662494012 5031674
1662494013 3866672
1662494014 4164542
1662494015 3180006
1662494016 3691996
1662494017 2214804
1662494018 5316206
1662494019 3884242
1662494020 2973984
1662494021 2935004
1662494022 3950896
1662494023 4398644
1662494024 4441384
1662494025 4256358
1662494026 4726758
1662494027 4023570
1662494028 5033906
1662494029 3846602
1662494030 4540456
1662494031 4310998
1662494032 5697784
1662494033 7443938
1662494034 7477296
1662494035 4882932
1662494036 6808504
1662494037 6557964
1662494038 6102024
1662494039 7201996
1662494040 3955990
1662494041 5809742
1662494042 5748020
1662494043 3530448
1662494044 4430622
1662494045 4547974
1662494046 4419710
1662494047 5106194
1662494048 6357740
1662494049 6620038
1662494050 6437150
1662494051 6657080
1662494052 5669934
1662494053 6264098
1662494054 5560720
1662494055 6047430
1662494056 5783558
1662494057 5396706
1662494058 7640680
1662494059 6205884
1662494060 6155658
1662494061 7935794
1662494062 5180872
1662494063 6869062
1662494064 7386852
1662494065 3755886
1662494066 3046340
1662494067 3559846
1662494068 3331678
1662494069 3081442
1662494070 3220606
1662494071 2693474
1662494072 3491816
1662494073 5468388
1662494074 3219482
1662494075 5634786
1662494076 5077824
1662494077 4590586
1662494078 4340140
1662494079 3675542
1662494080 4402060
1662494081 5475500
1662494082 3242612
1662494083 4341220
1662494084 4935180
1662494085 5259746
1662494086 3615486
1662494087 3276440
1662494088 4618718
1662494089 4621498
1662494090 4781616
1662494091 5566568
1662494092 2814024
1662494093 4356816
1662494094 3131214
1662494095 2802224
1662494096 2279504
1662494097 3378704
1662494098 2535534
1662494099 4457140
1662494100 5082982
1662494101 3911908
1662494102 3783642
1662494103 4494448
1662494104 4640228
1662494105 3556330
1662494106 4561886
1662494107 5957638
1662494108 6034036
1662494109 6756666
1662494110 6469276
1662494111 5950288
1662494112 6954324
1662494113 8563170
1662494114 6332448
1662494115 6673598
1662494116 6856934
1662494117 5611262
1662494118 6460992
1662494119 3974650
1662494120 4007656
1662494121 4408108
1662494122 4741972
1662494123 6224052
1662494124 5757818
1662494125 5237768
1662494126 6229322
1662494127 5961972
1662494128 6872232
1662494129 6957120
1662494130 6398770
1662494131 6611078
1662494132 5619910
1662494133 7492272
1662494134 6714644
1662494135 7862460
1662494136 7028838
1662494137 5353022
1662494138 7137838
1662494139 6557540
1662494140 6441362
1662494141 6163424
1662494142 5464736
1662494143 4345342
1662494144 3809148
1662494145 4575022
1662494146 3968968
1662494147 2787388
1662494148 2684660
1662494149 2549876
1662494150 2623364
1662494151 2251346
1662494152 3210012
1662494153 4210900
1662494154 4201438
1662494155 3956274
1662494156 5153022
1662494157 4509440
1662494158 5561814
1662494159 4349628
1662494160 5327166
1662494161 6138318
1662494162 3818344
1662494163 4435432
1662494164 5083396
1662494165 4272094
1662494166 4584370
1662494167 4000062
1662494168 5524016
1662494169 5360494
1662494170 5005022
1662494171 4323168
1662494172 2337412
1662494173 3407046
1662494174 1817226
1662494175 3377102
1662494176 3334928
1662494177 1847028
1662494178 3063084
1662494179 4111968
1662494180 3886344
1662494181 4386130
1662494182 3630296
1662494183 4447132
1662494184 3926692
1662494185 4660648
1662494186 5300830
1662494187 5077830
1662494188 5468408
1662494189 6546136
1662494190 6188784
1662494191 6047862
1662494192 5954596
1662494193 7118160
1662494194 9077798
1662494195 8528544
1662494196 6788210
1662494197 6160814
1662494198 7517074
1662494199 4986714
1662494200 4224558
1662494201 4026800
1662494202 4949108
1662494203 5281884
1662494204 6295614
1662494205 4074908
1662494206 3646532
1662494207 4440974
1662494208 7096356
1662494209 5894900
1662494210 6000090
1662494211 6586006
1662494212 5310462
1662494213 6848636
1662494214 6978418
1662494215 7279898
1662494216 8272794
1662494217 6379830
1662494218 6844166
1662494219 7663890
1662494220 6582884
1662494221 6088376
1662494222 4093968
1662494223 3640180
1662494224 3894286
1662494225 4979646
1662494226 4331406
1662494227 2092256
1662494228 2523720
1662494229 2320172
1662494230 2729830
1662494231 2636184
1662494232 3271420
1662494233 2578146
1662494234 4077932
1662494235 4495678
1662494236 4711972
1662494237 3043700
1662494238 4497210
1662494239 5870978
1662494240 5621750
1662494241 3712620
1662494242 3461192
1662494243 4242182
1662494244 4891460
1662494245 5616288
1662494246 4341486
1662494247 3719764
1662494248 4794364
1662494249 5504980
1662494250 4338910
1662494251 4351844
1662494252 4994158
1662494253 4501622
1662494254 4196358
1662494255 3228820
1662494256 2974684
1662494257 1484048
1662494258 1644870
1662494259 2805572
1662494260 3359398
1662494261 3629438
1662494262 2600550
1662494263 5859066
1662494264 5748104
1662494265 5421224
1662494266 4513552
1662494267 3856822
1662494268 4291136
1662494269 5503080
1662494270 5228188
1662494271 4836536
1662494272 5961428
1662494273 7448392
1662494274 6672044
1662494275 6385896
1662494276 6398286
1662494277 5246736
1662494278 7718664
1662494279 7294012
1662494280 6053570
1662494281 6881362
1662494282 6091740
1662494283 5267798
1662494284 5100472
1662494285 4953784
1662494286 4424658
1662494287 4363456
1662494288 4840872
1662494289 5878724
1662494290 5959280
1662494291 7114648
1662494292 6557110
1662494293 7349020
1662494294 6591188
1662494295 6911806
1662494296 7217382
1662494297 6301226
1662494298 6937128
1662494299 6774968
1662494300 7216932
1662494301 6293342
1662494302 5611678
1662494303 6798090
1662494304 5265254
1662494305 4908606
1662494306 5847058
1662494307 3341398
1662494308 5136028
1662494309 3412874
1662494310 5068014
1662494311 3029408
1662494312 2134378
1662494313 2862800
1662494314 1845580
1662494315 3470498
1662494316 1864730
1662494317 3367764
1662494318 3796798
1662494319 3325402
1662494320 3455696
1662494321 4904826
1662494322 2974336
1662494323 4584390
1662494324 5347894
1662494325 4325344
1662494326 3860940
1662494327 3352664
1662494328 4971960
1662494329 3883950
1662494330 5273600
1662494331 4647048
1662494332 4016108
1662494333 3682682
1662494334 3774962
1662494335 5024712
1662494336 3926260
1662494337 3747246
1662494338 4816750
1662494339 3824670
1662494340 3645190
1662494341 3250940
1662494342 2480898
1662494343 4996758
1662494344 1610032
1662494345 2312922
1662494346 2574796
1662494347 3556620
1662494348 2180176
1662494349 1781632
1662494350 4749798
1662494351 4120582
1662494352 3973072
1662494353 4287416
1662494354 4099826
1662494355 3740594
1662494356 4751340
1662494357 3837292
1662494358 5214100
1662494359 4524184
1662494360 4343886
1662494361 6948550
1662494362 7260714
1662494363 8198148
1662494364 6754306
1662494365 8137536
1662494366 6588564
1662494367 6629132
1662494368 6690496
1662494369 5768086
1662494370 4796142
1662494371 3723168
1662494372 3323898
1662494373 5497290
1662494374 5318836
1662494375 4750392
1662494376 4297646
1662494377 4379312
1662494378 4522078
1662494379 5977446
1662494380 5111790
1662494381 7123506
1662494382 6525372
1662494383 6614614
1662494384 6455370
1662494385 6863008
1662494386 6187394
1662494387 5279158
1662494388 4271120
1662494389 4375584
1662494390 3867530
1662494391 3619936
1662494392 3319818
1662494393 5032110
1662494394 3768680
1662494395 4844206
1662494396 4530304
1662494397 3018886
1662494398 4877880
1662494399 5787646
1662494400 3554546
1662494401 2851712
1662494402 4318510
1662494403 2018964
1662494404 2644228
1662494405 3128316
1662494406 2159196
1662494407 2691762
1662494408 3013740
1662494409 3658216
1662494410 2712238
1662494411 3198546
1662494412 3921102
1662494413 4409100
1662494414 5205200
1662494415 4785644
1662494416 4291266
1662494417 3396668
1662494418 3273014
1662494419 4816858
1662494420 5152078
1662494421 5124240
1662494422 3889430
1662494423 3500494
1662494424 5650590
1662494425 3550322
1662494426 3546724
1662494427 4411230
1662494428 4006436
1662494429 4437758
1662494430 708234
1662494431 3071576
1662494432 3235074
1662494433 3670090
1662494434 3227162
1662494435 2218188
1662494436 5154202
1662494437 3858112
1662494438 2240028
1662494439 1550242
1662494440 3507116
1662494441 4518632
1662494442 3865082
1662494443 5196728
1662494444 3695794
1662494445 4392568
1662494446 3910600
1662494447 3138460
1662494448 5338362
1662494449 5106228
1662494450 3309548
1662494451 4577262
1662494452 5648028
1662494453 5965462
1662494454 6893724
1662494455 6578618
1662494456 6134334
1662494457 5666746
1662494458 6146354
1662494459 6306806
1662494460 5437616
1662494461 6520932
1662494462 4589480
1662494463 4086396
1662494464 4328942
1662494465 5453052
1662494466 5337854
1662494467 3952996
1662494468 3500236
1662494469 3757868
1662494470 5381302
1662494471 5497682
1662494472 5973460
1662494473 7538018
1662494474 6764472
1662494475 6284442
1662494476 6420226
1662494477 5602260
1662494478 6337884
1662494479 7364112
1662494480 8556922
1662494481 8265000
1662494482 6146716
1662494483 7749456
1662494484 6343040
1662494485 5778506
1662494486 5159268
1662494487 4052426
1662494488 5288934
1662494489 4862990
1662494490 3749718
1662494491 3689730
1662494492 2918200
1662494493 2966788
1662494494 3577238
1662494495 3373294
1662494496 2766060
1662494497 3083272
1662494498 2901328
1662494499 3662576
1662494500 3504598
1662494501 3401022
1662494502 5055360
1662494503 5362316
1662494504 4126192
1662494505 4049118
1662494506 4124550
1662494507 3701382
1662494508 5254650
1662494509 4635728
1662494510 4660190
1662494511 4406424
1662494512 4184364
1662494513 4901680
1662494514 4899554
1662494515 4174076
1662494516 4271164
1662494517 3115788
1662494518 4159152
1662494519 4377598
1662494520 3805732
1662494521 3652982
1662494522 4121418
1662494523 3963394
1662494524 4262020
1662494525 3901926
1662494526 3048812
1662494527 2585152
1662494528 4413008
1662494529 2724160
1662494530 4326146
1662494531 4091208
1662494532 3281934
1662494533 3008488
1662494534 4421754
1662494535 4712340
1662494536 3666792
1662494537 3455748
1662494538 4687374
1662494539 4618384
1662494540 5606032
1662494541 5264786
1662494542 5189904
1662494543 4135252
1662494544 4577270
1662494545 4952032
1662494546 7255508
1662494547 7598094
1662494548 7816812
1662494549 8255736
1662494550 8621504
1662494551 4530776
1662494552 2922256
1662494553 5602382
1662494554 4350106
1662494555 4045834
1662494556 5309592
1662494557 5937934
1662494558 2707040
1662494559 5279280
1662494560 3318496
1662494561 5257114
1662494562 5113786
1662494563 5798866
1662494564 6778650
1662494565 5520700
1662494566 6064188
1662494567 4359242
1662494568 3834446
1662494569 5204638
1662494570 3949148
1662494571 3528140
1662494572 3597612
1662494573 4545642
1662494574 5243516
1662494575 4843760
1662494576 4870022
1662494577 4448320
1662494578 3773028
1662494579 3722762
1662494580 4656502
1662494581 4928734
1662494582 3167600
1662494583 3477848
1662494584 4059022
1662494585 2885748
1662494586 4034582
1662494587 2906184
1662494588 4048500
1662494589 2293678
1662494590 3308540
1662494591 4780464
1662494592 3026066
1662494593 4546524
1662494594 4991250
1662494595 4376570
1662494596 4428978
1662494597 3383920
1662494598 4207824
1662494599 4156810
1662494600 5201256
1662494601 5355018
1662494602 4186534
1662494603 3752062
1662494604 4766170
1662494605 4997862
1662494606 4854074
1662494607 3692540
1662494608 4051942
1662494609 4046950
1662494610 4496604
1662494611 4417674
1662494612 4188772
1662494613 4761698
1662494614 3630830
1662494615 3238880
1662494616 3656858
1662494617 2258342
1662494618 2464570
1662494619 3755212
1662494620 3312386
1662494621 4175382
1662494622 2961288
1662494623 3459858
1662494624 3510294
1662494625 3337228
1662494626 4540540
1662494627 4374054
1662494628 5104272
1662494629 3747612
1662494630 4136312
1662494631 4860896
1662494632 4004218
1662494633 4745410
1662494634 4786266
1662494635 4634850
1662494636 4875640
1662494637 4262612
1662494638 4272864
1662494639 3254158
1662494640 5795614
1662494641 5366358
1662494642 4607072
1662494643 4598300
1662494644 5997134
1662494645 5005020
1662494646 3593814
1662494647 2820522
1662494648 3727478
1662494649 3943434
1662494650 5423448
1662494651 5325878
1662494652 4395176
1662494653 5780114
1662494654 4404366
1662494655 5158372
1662494656 5150570
1662494657 5826474
1662494658 6238404
1662494659 6534894
1662494660 6477544
1662494661 5630090
1662494662 3400876
1662494663 3260074
1662494664 3703604
1662494665 4690398
1662494666 4270750
1662494667 2787416
1662494668 4269994
1662494669 4131574
1662494670 4847568
1662494671 4850236
1662494672 4265160
1662494673 3290754
1662494674 4934372
1662494675 3910700
1662494676 5069870
1662494677 3686098
1662494678 2929308
1662494679 2471094
1662494680 3511002
1662494681 1388134
1662494682 2857656
1662494683 2955966
1662494684 3224724
1662494685 3425472
1662494686 3244966
1662494687 2889576
1662494688 3685080
1662494689 2882420
1662494690 4324274
1662494691 4429546
1662494692 3985266
1662494693 4133054
1662494694 5532308
1662494695 4050188
1662494696 4910840
1662494697 4600200
1662494698 5076540
1662494699 4271674
1662494700 4146110
1662494701 4511018
1662494702 3314222
1662494703 3481270
1662494704 4558774
1662494705 4633266
1662494706 3728576
1662494707 3653980
1662494708 3213596
1662494709 3156834
1662494710 4398084
1662494711 3372692
1662494712 3626468
1662494713 3726346
1662494714 1814536
1662494715 3571772
1662494716 2840220
1662494717 2615684
1662494718 2918658
1662494719 2923058
1662494720 879276
1662494721 2694230
1662494722 3653314
1662494723 4095754
1662494724 3883060
1662494725 3790736
1662494726 5336834
1662494727 3455018
1662494728 4375400
1662494729 5692176
1662494730 4161030
1662494731 4922664
1662494732 3869224
1662494733 4543256
1662494734 5202408
1662494735 5242076
1662494736 4359924
1662494737 3231854
1662494738 4631036
1662494739 4808656
1662494740 3515664
1662494741 3582870
1662494742 2733578
1662494743 4672294
1662494744 3762586
1662494745 3344462
1662494746 5366428
1662494747 5603318
1662494748 5108018
1662494749 5738498
1662494750 5084480
1662494751 5037912
1662494752 4000494
1662494753 4793178
1662494754 5493382
1662494755 5471914
1662494756 6841636
1662494757 6891170
1662494758 5872112
1662494759 6862882
1662494760 6054118
1662494761 7774338
1662494762 5781356
1662494763 7761512
1662494764 5933126
1662494765 6025834
1662494766 7929842
1662494767 6623168
1662494768 4931544
1662494769 3977340
1662494770 4137432
1662494771 5406264
1662494772 4301426
1662494773 2366454
1662494774 3668854
1662494775 2936000
1662494776 2219544
1662494777 2325188
1662494778 2243418
1662494779 3586468
1662494780 4565532
1662494781 5107226
1662494782 4011970
1662494783 3889664
1662494784 2190930
1662494785 3976400
1662494786 1676544
1662494787 4299272
1662494788 4190550
1662494789 4317066
1662494790 3910224
1662494791 3915624
1662494792 3754164
1662494793 5331788
1662494794 3448080
1662494795 5118084
1662494796 3822516
1662494797 3605186
1662494798 3685068
1662494799 4398730
1662494800 4731178
1662494801 5291564
1662494802 3584704
1662494803 4557324
1662494804 4394122
1662494805 2728518
1662494806 3457310
1662494807 2762182
1662494808 3076130
1662494809 3650692
1662494810 2715540
1662494811 1343782
1662494812 3537768
1662494813 2228880
1662494814 3016272
1662494815 2877924
1662494816 2507700
1662494817 3525280
1662494818 3496122
1662494819 4091670
1662494820 4706492
1662494821 4858794
1662494822 3925670
1662494823 3885328
1662494824 4358992
1662494825 4086476
1662494826 4475794
1662494827 4445468
1662494828 4423746
1662494829 4411912
1662494830 4920734
1662494831 4092502
1662494832 3551136
1662494833 3339868
1662494834 4823180
1662494835 5929726
1662494836 4807932
1662494837 3448976
1662494838 4182714
1662494839 3430986
1662494840 4138926
1662494841 3735694
1662494842 3004922
1662494843 3338096
1662494844 2499984
1662494845 4177866
1662494846 4133884
1662494847 5767120
1662494848 6144020
1662494849 4964150
1662494850 5278304
1662494851 6579744
1662494852 6225256
1662494853 7090278
1662494854 6514352
1662494855 6316576
1662494856 6345158
1662494857 6750512
1662494858 6079342
1662494859 6880964
1662494860 7413284
1662494861 7505890
1662494862 6080310
1662494863 6532588
1662494864 6385492
1662494865 6574384
1662494866 7071262
1662494867 6209242
1662494868 6947974
1662494869 2088210
1662494870 3222338
1662494871 2831142
1662494872 2774438
1662494873 3296308
1662494874 3099028
1662494875 2485476
1662494876 2722344
1662494877 3563916
1662494878 4582226
1662494879 3541840
1662494880 3457312
1662494881 4197342
1662494882 2258664
1662494883 2697686
1662494884 4859684
1662494885 5087546
1662494886 5211520
1662494887 3805814
1662494888 4738498
1662494889 4520800
1662494890 4131926
1662494891 4210876
1662494892 3972778
1662494893 4705538
1662494894 5375652
1662494895 5605078
1662494896 3840252
1662494897 4334940
1662494898 5525254
1662494899 3735042
1662494900 4361894
1662494901 3857748
1662494902 1661436
1662494903 2207394
1662494904 2741580
1662494905 2179094
1662494906 2390446
1662494907 1920330
1662494908 908


# events lost
1662493845 2143926
1662493846 2693070
1662493847 3012706
1662493848 2984412
1662493849 2197696
1662493850 3124680
1662493851 2835468
1662493852 1659002
1662493853 1549426
1662493854 2019932
1662493855 2766516
1662493856 2440242
1662493857 3307164
1662493858 1982220
1662493859 2990408
1662493860 2640044
1662493861 2711790
1662493862 986846
1662493863 1737932
1662493864 2904182
1662493865 3217972
1662493866 1945480
1662493867 3335764
1662493868 1778614
1662493869 1041768
1662493876 375320
1662493877 2153252
1662493878 1034532
1662493879 1622884
1662493880 2314860
1662493881 2080784
1662493882 2650292
1662493883 3233188
1662493884 3046658
1662493885 940652
1662493886 2749788
1662493887 3130300
1662493888 2767496
1662493889 2260298
1662493890 2728478
1662493891 1708380
1662493892 1806278
1662493893 2443292
1662493894 1850150
1662493895 2186586
1662493896 1669774
1662493897 1754922
1662493898 1538668
1662493899 3284200
1662493900 2282536
1662493901 2364484
1662493902 2895314
1662493903 1303356
1662493904 1794578
1662493905 1610076
1662493906 2660450
1662493907 1029428
1662493908 2983236
1662493909 1812662
1662493910 4921968
1662493911 5342354
1662493912 4428470
1662493913 4997020
1662493914 5214658
1662493915 4628146
1662493916 3192474
1662493917 3176556
1662493918 4169682
1662493919 3096820
1662493920 3969548
1662493921 4396878
1662493922 4694492
1662493923 4378622
1662493924 4435954
1662493925 5120720
1662493926 5558726
1662493927 4324832
1662493928 5335374
1662493929 4121650
1662493930 5176496
1662493931 4397796
1662493932 4017228
1662493933 3633370
1662493934 2337960
1662493935 3059970
1662493936 3234246
1662493937 3388898
1662493938 5437088
1662493939 5766228
1662493940 4961340
1662493941 5542232
1662493942 5578912
1662493943 3346074
1662493944 4589390
1662493945 3377402
1662493946 3475630
1662493947 4980234
1662493948 4857536
1662493949 4363722
1662493950 4791114
1662493951 4995790
1662493952 1843800
1662493953 3694418
1662493954 4784498
1662493955 2196102
1662493956 3980156
1662493957 4629718
1662493958 2480012
1662493959 3310024
1662493960 2716640
1662493961 1403928
1662493962 3089326
1662493963 2919896
1662493964 1101172
1662493965 2147020
1662493966 3190030
1662493967 2980756
1662493968 1892020
1662493969 3137410
1662493970 2407128
1662493971 2476698
1662493972 2639110
1662493973 2896832
1662493974 2809812
1662493975 3398698
1662493976 3804858
1662493977 5382296
1662493978 4381874
1662493979 4780188
1662493980 3579044
1662493981 4482804
1662493982 4608872
1662493983 4799594
1662493984 4967372
1662493985 5453618
1662493986 4817850
1662493987 3968762
1662493988 6449524
1662493989 5009710
1662493990 5564484
1662493991 5326190
1662493992 3549710
1662493993 3940776
1662493994 2218824
1662493995 2552090
1662493996 3748646
1662493997 2702470
1662493998 5128666
1662493999 5357138
1662494000 4188102
1662494001 4031720
1662494002 5470540
1662494003 4695708
1662494004 4838078
1662494005 3307980
1662494006 5787410
1662494007 4299176
1662494008 5001788
1662494009 5148054
1662494010 3618482
1662494011 5268032
1662494012 3891350
1662494013 4814476
1662494014 4998766
1662494015 3642226
1662494016 3130340
1662494017 4085098
1662494018 1803006
1662494019 2247426
1662494020 2900760
1662494021 3763284
1662494022 5274096
1662494023 4944810
1662494024 4908618
1662494025 3921888
1662494026 4068596
1662494027 5437176
1662494028 4191296
1662494029 5251918
1662494030 4164010
1662494031 5025026
1662494032 3432266
1662494033 1931004
1662494034 1692934
1662494035 2490760
1662494036 1853228
1662494037 1852996
1662494038 2255028
1662494039 2021372
1662494040 2525662
1662494041 502336
1662494042 1034972
1662494043 2932848
1662494044 2331896
1662494045 1489806
1662494046 1826302
1662494047 2413286
1662494048 2360136
1662494049 2258934
1662494050 2032484
1662494051 2212928
1662494052 2410382
1662494053 1909896
1662494054 2776488
1662494055 2395468
1662494056 2793006
1662494057 2136508
1662494058 1778672
1662494059 3057342
1662494060 3037298
1662494061 1220874
1662494062 2728788
1662494063 2629538
1662494064 1989964
1662494065 3531838
1662494066 3040764
1662494067 2821678
1662494068 3353056
1662494069 3484026
1662494070 3403314
1662494071 4148142
1662494072 3109782
1662494073 3663726
1662494074 6033236
1662494075 3664802
1662494076 4432812
1662494077 3551168
1662494078 4902376
1662494079 5923496
1662494080 4944546
1662494081 4103870
1662494082 4804728
1662494083 4612582
1662494084 4421252
1662494085 3866884
1662494086 5313698
1662494087 5084738
1662494088 4885264
1662494089 4651662
1662494090 4667320
1662494091 3477574
1662494092 2418770
1662494093 2317646
1662494094 3004956
1662494095 4215968
1662494096 4441866
1662494097 2258598
1662494098 3612726
1662494099 3733686
1662494100 4677298
1662494101 5719922
1662494102 4637624
1662494103 4223180
1662494104 4752558
1662494105 5994732
1662494106 4235458
1662494107 2672470
1662494108 3060996
1662494109 2295816
1662494110 2793242
1662494111 3274824
1662494112 1405730
1662494113 395644
1662494114 3066292
1662494115 2684366
1662494116 2079114
1662494117 2781808
1662494118 2004484
1662494119 2063666
1662494120 2675430
1662494121 1902810
1662494122 695788
1662494123 135008
1662494124 460834
1662494125 1126772
1662494126 1922820
1662494127 2124530
1662494128 2225902
1662494129 2239950
1662494130 3121686
1662494131 2685794
1662494132 2671472
1662494133 1418836
1662494134 2942050
1662494135 1542526
1662494136 2195790
1662494137 2622932
1662494138 1670746
1662494139 3072390
1662494140 2963470
1662494141 2999938
1662494142 2608530
1662494143 4915772
1662494144 5592814
1662494145 3064504
1662494146 2924540
1662494147 2618272
1662494148 2971514
1662494149 3746442
1662494150 3800470
1662494151 4164126
1662494152 2470562
1662494153 4652772
1662494154 5023444
1662494155 5174058
1662494156 4046776
1662494157 4199258
1662494158 4176894
1662494159 5019418
1662494160 4577044
1662494161 3641474
1662494162 4363642
1662494163 4993242
1662494164 4178688
1662494165 5137178
1662494166 4575596
1662494167 4035542
1662494168 3567812
1662494169 4421130
1662494170 4209746
1662494171 4804286
1662494172 4274748
1662494173 3122524
1662494174 4764908
1662494175 3243568
1662494176 3660380
1662494177 3655972
1662494178 3243466
1662494179 2402684
1662494180 3227406
1662494181 4524418
1662494182 3718252
1662494183 4914270
1662494184 5396888
1662494185 4827276
1662494186 3843040
1662494187 3567868
1662494188 3819854
1662494189 2695850
1662494190 2880286
1662494191 3059718
1662494192 1795662
1662494193 1809702
1662494194 428556
1662494195 781444
1662494196 2324220
1662494197 1651428
1662494198 1867852
1662494199 2226002
1662494200 2466906
1662494201 1901508
1662494202 925234
1662494203 1109834
1662494204 618734
1662494205 2231390
1662494206 2085062
1662494207 2564438
1662494208 2161270
1662494209 3001630
1662494210 3040024
1662494211 2839232
1662494212 2476286
1662494213 2494940
1662494214 2092932
1662494215 1706812
1662494216 1049052
1662494217 1595830
1662494218 2440582
1662494219 1299600
1662494220 2613242
1662494221 2960066
1662494222 3935268
1662494223 5505028
1662494224 5296116
1662494225 4238764
1662494226 2951348
1662494227 3813970
1662494228 4438184
1662494229 4040056
1662494230 3557882
1662494231 3636928
1662494232 2864810
1662494233 3516344
1662494234 3462768
1662494235 4717168
1662494236 4678466
1662494237 5124928
1662494238 4997752
1662494239 3392692
1662494240 3870798
1662494241 5265446
1662494242 4671830
1662494243 5213268
1662494244 4448992
1662494245 3707468
1662494246 5104796
1662494247 4687434
1662494248 4741122
1662494249 4343412
1662494250 4859304
1662494251 4665528
1662494252 2902158
1662494253 4473372
1662494254 3083840
1662494255 3019804
1662494256 3839352
1662494257 4504336
1662494258 5293140
1662494259 3772496
1662494260 3487852
1662494261 2066288
1662494262 4132238
1662494263 3245788
1662494264 3703432
1662494265 3781208
1662494266 5240760
1662494267 4791234
1662494268 4230558
1662494269 3827514
1662494270 4158940
1662494271 4635786
1662494272 2993914
1662494273 2198438
1662494274 2995198
1662494275 2994682
1662494276 3078322
1662494277 2843522
1662494278 1544362
1662494279 1845684
1662494280 3088940
1662494281 2070300
1662494282 335464
1662494283 686696
1662494284 1552232
1662494285 1802014
1662494286 2159750
1662494287 272022
1662494288 761584
1662494289 14338
1662494290 88806
1662494291 1633790
1662494292 2028402
1662494293 2267486
1662494294 2778714
1662494295 2203226
1662494296 1892074
1662494297 1955988
1662494298 2202460
1662494299 2353596
1662494300 2385308
1662494301 2921710
1662494302 2575230
1662494303 2551536
1662494304 3702834
1662494305 4154890
1662494306 3244122
1662494307 3658240
1662494308 4338288
1662494309 5918378
1662494310 4413382
1662494311 4317310
1662494312 4205406
1662494313 3815548
1662494314 4831274
1662494315 2925556
1662494316 4227632
1662494317 2070972
1662494318 2740398
1662494319 3167964
1662494320 4026762
1662494321 4066670
1662494322 5368194
1662494323 4645914
1662494324 3845562
1662494325 4781208
1662494326 5571800
1662494327 5271922
1662494328 3813630
1662494329 5182038
1662494330 4083534
1662494331 4501964
1662494332 4136726
1662494333 5645512
1662494334 5487674
1662494335 3693752
1662494336 5537904
1662494337 4670806
1662494338 4589544
1662494339 5424964
1662494340 3855504
1662494341 3667468
1662494342 2381260
1662494343 1195496
1662494344 5215402
1662494345 4647966
1662494346 4520490
1662494347 2320596
1662494348 4075678
1662494349 4711240
1662494350 3598412
1662494351 5053878
1662494352 4679062
1662494353 4547038
1662494354 4715246
1662494355 5600042
1662494356 4427166
1662494357 4971764
1662494358 3917128
1662494359 4992096
1662494360 4491892
1662494361 2180978
1662494362 1218866
1662494363 917754
1662494364 2268450
1662494365 918052
1662494366 3017218
1662494367 1706422
1662494368 2712882
1662494369 3128484
1662494370 1710112
1662494371 2726206
1662494372 2184800
1662494373 929378
1662494374 1478034
1662494375 2508260
1662494376 2176830
1662494377 1349536
1662494378 1858066
1662494379 772306
1662494380 2045748
1662494381 2352102
1662494382 1749540
1662494383 2933940
1662494384 2674978
1662494385 2338668
1662494386 3119954
1662494387 2632374
1662494388 5112894
1662494389 5025970
1662494390 5395470
1662494391 5756748
1662494392 4841598
1662494393 4551682
1662494394 5670164
1662494395 4241742
1662494396 4673560
1662494397 5325296
1662494398 4728918
1662494399 3255994
1662494400 3351930
1662494401 3693486
1662494402 1774150
1662494403 4259944
1662494404 4167870
1662494405 4068982
1662494406 4489930
1662494407 3217790
1662494408 3978586
1662494409 2905236
1662494410 4048458
1662494411 4817114
1662494412 3954774
1662494413 4671392
1662494414 3893166
1662494415 4568374
1662494416 4905014
1662494417 5042116
1662494418 6053278
1662494419 4370618
1662494420 4374920
1662494421 4546558
1662494422 4494130
1662494423 5758506
1662494424 3234820
1662494425 5619720
1662494426 5686546
1662494427 4067824
1662494428 5466846
1662494429 4482130
1662494430 5344510
1662494431 3436206
1662494432 2495634
1662494433 2571450
1662494434 2927380
1662494435 4477642
1662494436 1574646
1662494437 2290190
1662494438 4293146
1662494439 5163890
1662494440 3650894
1662494441 4507678
1662494442 4493220
1662494443 4278228
1662494444 5276622
1662494445 5328252
1662494446 5490382
1662494447 5366350
1662494448 3954130
1662494449 4221468
1662494450 5901186
1662494451 4742922
1662494452 2993154
1662494453 3217264
1662494454 2076128
1662494455 2779332
1662494456 3274556
1662494457 2714296
1662494458 3095954
1662494459 2174804
1662494460 377030
1662494461 135992
1662494462 1083256
1662494463 2939130
1662494464 1662270
1662494465 1204196
1662494466 970956
1662494467 1814238
1662494468 2399616
1662494469 2413764
1662494470 1861660
1662494471 3240694
1662494472 2167202
1662494473 1360834
1662494474 2646952
1662494475 3040546
1662494476 2960112
1662494477 2937656
1662494478 2750524
1662494479 1961742
1662494480 434554
1662494481 847552
1662494482 2352284
1662494483 1138484
1662494484 3180658
1662494485 3210796
1662494486 3978268
1662494487 4431080
1662494488 3674100
1662494489 4956680
1662494490 4051250
1662494491 3042114
1662494492 2570492
1662494493 3166354
1662494494 3484352
1662494495 3450638
1662494496 3723484
1662494497 2458456
1662494498 3210640
1662494499 2956882
1662494500 2856488
1662494501 4193140
1662494502 3373926
1662494503 3663270
1662494504 5149012
1662494505 5439550
1662494506 5282018
1662494507 4633958
1662494508 3864150
1662494509 4775402
1662494510 4797598
1662494511 4886384
1662494512 4073650
1662494513 4227360
1662494514 4621294
1662494515 5151874
1662494516 4751830
1662494517 4914636
1662494518 5185980
1662494519 5104538
1662494520 4055708
1662494521 3001868
1662494522 1942610
1662494523 2733822
1662494524 2385572
1662494525 2640756
1662494526 3475108
1662494527 2966564
1662494528 1841544
1662494529 3673996
1662494530 2107588
1662494531 3039696
1662494532 4220872
1662494533 5894312
1662494534 5099160
1662494535 4774194
1662494536 5603620
1662494537 4548126
1662494538 4633078
1662494539 4745856
1662494540 3906030
1662494541 3844516
1662494542 3301262
1662494543 5084492
1662494544 4691682
1662494545 4327222
1662494546 1981648
1662494547 877426
1662494548 1245474
1662494549 1296982
1662494550 471784
1662494551 2425312
1662494552 2649050
1662494553 810304
1662494554 2755894
1662494555 2108278
1662494556 1233238
1662494557 542170
1662494558 2786600
1662494559 1489924
1662494560 2989368
1662494561 1227564
1662494562 784052
1662494563 2863188
1662494564 2750090
1662494565 3389812
1662494566 3594662
1662494567 4325530
1662494568 5748210
1662494569 4523908
1662494570 5049406
1662494571 5503298
1662494572 4340236
1662494573 4412082
1662494574 3961904
1662494575 4971646
1662494576 4707982
1662494577 3716690
1662494578 5324744
1662494579 5438022
1662494580 4843278
1662494581 4570774
1662494582 3001818
1662494583 3090462
1662494584 2686714
1662494585 3961474
1662494586 2603662
1662494587 3408106
1662494588 2811526
1662494589 4455214
1662494590 3451570
1662494591 2169116
1662494592 3627170
1662494593 2682474
1662494594 2153960
1662494595 3265394
1662494596 5006916
1662494597 4712832
1662494598 5348814
1662494599 5146154
1662494600 4016950
1662494601 4020728
1662494602 3876352
1662494603 5333318
1662494604 4532842
1662494605 4418638
1662494606 4406196
1662494607 4143904
1662494608 4778062
1662494609 4880708
1662494610 4449028
1662494611 4863440
1662494612 4252816
1662494613 4072348
1662494614 3085714
1662494615 3397244
1662494616 2990294
1662494617 3517364
1662494618 4030176
1662494619 2963004
1662494620 2781288
1662494621 2148108
1662494622 3401922
1662494623 3327432
1662494624 3424686
1662494625 3311012
1662494626 2312804
1662494627 3695354
1662494628 3933732
1662494629 4969350
1662494630 4638974
1662494631 4237370
1662494632 4545446
1662494633 4312232
1662494634 4304104
1662494635 4496614
1662494636 4188548
1662494637 4086086
1662494638 4718664
1662494639 6024988
1662494640 3950080
1662494641 3704018
1662494642 3774228
1662494643 4877470
1662494644 3112596
1662494645 3925136
1662494646 2899902
1662494647 2997470
1662494648 3095028
1662494649 2355282
1662494650 629442
1662494651 1391050
1662494652 1268812
1662494653 1054790
1662494654 2557370
1662494655 1159124
1662494656 1668324
1662494657 486640
1662494658 533810
1662494659 2263472
1662494660 2857730
1662494661 3464166
1662494662 4814160
1662494663 6144878
1662494664 5622388
1662494665 4919378
1662494666 4715326
1662494667 5184616
1662494668 4685328
1662494669 4831522
1662494670 4230108
1662494671 4174082
1662494672 4116918
1662494673 5893614
1662494674 4278966
1662494675 5467004
1662494676 4088378
1662494677 3690652
1662494678 3597288
1662494679 4307286
1662494680 3168706
1662494681 4938168
1662494682 2694094
1662494683 3327052
1662494684 2829110
1662494685 2906118
1662494686 3362346
1662494687 3458416
1662494688 2745966
1662494689 3916424
1662494690 2472424
1662494691 4464576
1662494692 4327822
1662494693 5113678
1662494694 3529206
1662494695 4757108
1662494696 4133866
1662494697 3560026
1662494698 3884070
1662494699 4672496
1662494700 5287666
1662494701 5136770
1662494702 4964772
1662494703 5182124
1662494704 4987402
1662494705 4948134
1662494706 5356948
1662494707 4710424
1662494708 4685676
1662494709 3738566
1662494710 2345304
1662494711 4014138
1662494712 2364004
1662494713 3109270
1662494714 4707280
1662494715 3100254
1662494716 4111120
1662494717 3379170
1662494718 4031856
1662494719 3993198
1662494720 5508594
1662494721 3702372
1662494722 3537186
1662494723 5152376
1662494724 5809966
1662494725 5917628
1662494726 4403938
1662494727 4955650
1662494728 5267368
1662494729 3665220
1662494730 5099772
1662494731 4465542
1662494732 4257848
1662494733 5320774
1662494734 4102988
1662494735 3913622
1662494736 5107260
1662494737 5254186
1662494738 4745192
1662494739 4368330
1662494740 5527790
1662494741 3312822
1662494742 3424374
1662494743 2109946
1662494744 2608100
1662494745 3295274
1662494746 873382
1662494747 547122
1662494748 1487042
1662494749 1069610
1662494750 1511442
1662494751 1459070
1662494752 2000092
1662494753 2579072
1662494754 926550
1662494755 2612824
1662494756 2268324
1662494757 1337066
1662494758 3141578
1662494759 2572378
1662494760 3075468
1662494761 1718762
1662494762 2014904
1662494763 1568220
1662494764 3001850
1662494765 3188428
1662494766 1075224
1662494767 1551342
1662494768 4394684
1662494769 5276706
1662494770 5117360
1662494771 3828670
1662494772 4292566
1662494773 4477384
1662494774 3385728
1662494775 3747030
1662494776 4374400
1662494777 3517892
1662494778 4580322
1662494779 2772714
1662494780 1911786
1662494781 1445088
1662494782 1840918
1662494783 2275180
1662494784 4551866
1662494785 2638822
1662494786 5197060
1662494787 3719214
1662494788 5078426
1662494789 5375956
1662494790 5564320
1662494791 5641052
1662494792 4768898
1662494793 4114756
1662494794 5947126
1662494795 4286506
1662494796 5681494
1662494797 4551258
1662494798 5648880
1662494799 4859564
1662494800 4654778
1662494801 3711568
1662494802 4225828
1662494803 4687000
1662494804 5066498
1662494805 5368734
1662494806 2936322
1662494807 2820974
1662494808 3458034
1662494809 2682868
1662494810 3324456
1662494811 4849596
1662494812 3025694
1662494813 3836846
1662494814 3253630
1662494815 3720864
1662494816 3680528
1662494817 3096752
1662494818 3824290
1662494819 3715188
1662494820 4629192
1662494821 4555428
1662494822 4540400
1662494823 5518814
1662494824 4969958
1662494825 5570120
1662494826 4822274
1662494827 3614484
1662494828 4692904
1662494829 4914624
1662494830 4241960
1662494831 5192970
1662494832 3700672
1662494833 5793690
1662494834 4574130
1662494835 3158214
1662494836 4337534
1662494837 3414644
1662494838 2623504
1662494839 3167460
1662494840 2004402
1662494841 2612478
1662494842 2884342
1662494843 2966250
1662494844 3623230
1662494845 2478662
1662494846 2251506
1662494847 977688
1662494848 818700
1662494849 1886528
1662494850 1466370
1662494851 1261664
1662494852 1881680
1662494853 1423184
1662494854 2623560
1662494855 3018680
1662494856 2930396
1662494857 1587570
1662494858 3137168
1662494859 2368160
1662494860 2063648
1662494861 1789418
1662494862 1941326
1662494863 2248998
1662494864 2591232
1662494865 3044756
1662494866 2125710
1662494867 1877610
1662494868 2032970
1662494869 4747100
1662494870 2932028
1662494871 3541146
1662494872 2846476
1662494873 3210292
1662494874 3753434
1662494875 4348346
1662494876 3832712
1662494877 2271742
1662494878 2105768
1662494879 3084678
1662494880 3144836
1662494881 2686746
1662494882 2970988
1662494883 5010602
1662494884 4497788
1662494885 4097734
1662494886 4091604
1662494887 4251610
1662494888 4213270
1662494889 4446154
1662494890 4572412
1662494891 4842960
1662494892 3920652
1662494893 4465414
1662494894 3842538
1662494895 3802198
1662494896 5158808
1662494897 3726398
1662494898 3709284
1662494899 5317962
1662494900 4651332
1662494901 2824134
1662494902 4409058
1662494903 4374930
1662494904 4115480
1662494905 4346444
1662494906 4290510
1662494907 2963088
1662494908 326
