# events called
1662546213 2804816
1662546214 859496
1662546215 4135162
1662546216 8509744
1662546217 12687688
1662546218 13716480
1662546219 10885642
1662546220 11303638
1662546221 11272212
1662546222 12350226
1662546223 12029880
1662546224 10015920
1662546225 11230536
1662546226 12017300
1662546227 12001796
1662546228 11055696
1662546229 11322128
1662546230 10238186
1662546231 12012396
1662546232 10751584
1662546233 11582896
1662546234 11034412
1662546235 10919202
1662546236 11849696
1662546237 11308380
1662546238 10143208
1662546239 11709038
1662546240 11592362
1662546241 11425974
1662546242 10716622
1662546243 13075432
1662546244 10909764
1662546245 11118910
1662546246 10156548
1662546247 11368648
1662546248 12018594
1662546249 9591168
1662546250 12059592
1662546251 10040410
1662546252 10445826
1662546253 11145168
1662546254 10738754
1662546255 9855336
1662546256 11015514
1662546257 12133598
1662546258 11982516
1662546259 9887758
1662546260 11856356
1662546261 11007832
1662546262 10746194
1662546263 11243896
1662546264 11783684
1662546265 12136846
1662546266 11229720
1662546267 9348080
1662546268 11932268
1662546269 11372034
1662546270 12371072
1662546271 8658506
1662546272 11602912
1662546273 12041178
1662546274 10634482
1662546275 9608758
1662546276 11735868
1662546277 11666786
1662546278 12767328
1662546279 10647156
1662546280 8726844
1662546281 12314640
1662546282 11548756
1662546283 12037808
1662546284 11766556
1662546285 9131342
1662546286 10621328
1662546287 10888436
1662546288 12252504
1662546289 8737574
1662546290 11876694
1662546291 11470516
1662546292 11285550
1662546293 12038996
1662546294 8225862
1662546295 11159532
1662546296 11632660
1662546297 11261902
1662546298 11671240
1662546299 8823516
1662546300 12011490
1662546301 10950052
1662546302 12111868
1662546303 9979122
1662546304 9755746
1662546305 12775060
1662546306 12367044
1662546307 11069430
1662546308 13490614
1662546309 10273956
1662546310 7929760
1662546311 12444610
1662546312 10990190
1662546313 12145232
1662546314 13005452
1662546315 10622010
1662546316 7622636
1662546317 11840536
1662546318 12223466
1662546319 11524774
1662546320 11436588
1662546321 12270370
1662546322 7574256
1662546323 11951512
1662546324 10856916
1662546325 12319150
1662546326 11676334
1662546327 10437184
1662546328 9141242
1662546329 11413224
1662546330 12499738
1662546331 11186876
1662546332 11927758
1662546333 10643272
1662546334 10400474
1662546335 12270594
1662546336 12138954
1662546337 11549016
1662546338 11355772
1662546339 11163058
1662546340 7881110
1662546341 12345938
1662546342 11966598
1662546343 10702814
1662546344 11225380
1662546345 12119646
1662546346 8427554
1662546347 9768066
1662546348 12021898
1662546349 10446832
1662546350 11610354
1662546351 12085076
1662546352 12163800
1662546353 7412414
1662546354 9706026
1662546355 12038556
1662546356 12222612
1662546357 11070578
1662546358 12027156
1662546359 11705944
1662546360 8061764
1662546361 10251594
1662546362 11901136
1662546363 12299034
1662546364 9593544
1662546365 13431546
1662546366 11579488
1662546367 8162084
1662546368 10347606
1662546369 11148706
1662546370 10909936
1662546371 13061098
1662546372 11424446
1662546373 11353216
1662546374 8457926
1662546375 8233152
1662546376 12286432
1662546377 11175734
1662546378 12051374
1662546379 9969900
1662546380 12230362
1662546381 9958586
1662546382 7280142
1662546383 10418216
1662546384 11291970
1662546385 11837742
1662546386 11611450
1662546387 11918972
1662546388 12299242
1662546389 11867914
1662546390 10408988
1662546391 7661062
1662546392 10079706
1662546393 12029434
1662546394 12413794
1662546395 11359600
1662546396 10713888
1662546397 12211264
1662546398 11800050
1662546399 10623032
1662546400 7437312
1662546401 11454030
1662546402 11148408
1662546403 11232064
1662546404 11580436
1662546405 11486982
1662546406 11383460
1662546407 11354792
1662546408 6871434
1662546409 9435744
1662546410 12050842
1662546411 11571582
1662546412 11624900
1662546413 11767382
1662546414 10590660
1662546415 12211906
1662546416 9070552
1662546417 7189434
1662546418 10963278
1662546419 9961500
1662546420 12131082
1662546421 12121784
1662546422 11477134
1662546423 11699814
1662546424 12032884
1662546425 12085026
1662546426 9278656
1662546427 6710908
1662546428 11086060
1662546429 9748370
1662546430 12163070
1662546431 11982098
1662546432 10207442
1662546433 11287692
1662546434 10331154
1662546435 10043280
1662546436 6972524
1662546437 9133750
1662546438 12011796
1662546439 10335238
1662546440 11694206
1662546441 12281722
1662546442 12192134
1662546443 12116806
1662546444 10321412
1662546445 12151764
1662546446 8397470
1662546447 7126392
1662546448 10550316
1662546449 10197144
1662546450 11157914
1662546451 11634358
1662546452 11537218
1662546453 11948838
1662546454 11537840
1662546455 10499718
1662546456 12671984
1662546457 7707394
1662546458 6949638
1662546459 9557968
1662546460 11639238
1662546461 13043494
1662546462 11056880
1662546463 10612022
1662546464 10773702
1662546465 11866794
1662546466 10880012
1662546467 12564582
1662546468 10269206
1662546469 7121368
1662546470 7383278
1662546471 10912288
1662546472 10949594
1662546473 12091404
1662546474 11224484
1662546475 11765356
1662546476 11440304
1662546477 10945716
1662546478 11903896
1662546479 10988766
1662546480 7292492
1662546481 7042504
1662546482 10915656
1662546483 11513296
1662546484 12956200
1662546485 10957018
1662546486 11562468
1662546487 10853402
1662546488 10687810
1662546489 13223472
1662546490 11371932
1662546491 8607308
1662546492 7442040
1662546493 8610852
1662546494 12516214
1662546495 11731150
1662546496 10839548
1662546497 11781532
1662546498 11067328
1662546499 12136794
1662546500 11204338
1662546501 11423050
1662546502 11183168
1662546503 11223176
1662546504 9004136
1662546505 6997454
1662546506 7814026
1662546507 11759912
1662546508 11588696
1662546509 11503210
1662546510 11751408
1662546511 10552886
1662546512 12213686
1662546513 10887888
1662546514 12662684
1662546515 11736442
1662546516 10099140
1662546517 10326884
1662546518 7331528
1662546519 7036342
1662546520 9957952
1662546521 9955228
1662546522 11592144
1662546523 10322146
1662546524 11042764
1662546525 11399534
1662546526 9818046
1662546527 11368172
1662546528 11874520
1662546529 11839770
1662546530 10959398
1662546531 6514714
1662546532 7013012
1662546533 8895008
1662546534 11389426
1662546535 10752364
1662546536 10607150
1662546537 11002746
1662546538 11242024
1662546539 12064836
1662546540 11386436
1662546541 9775398
1662546542 11907622
1662546543 10388156
1662546544 6205320
1662546545 7200472
1662546546 11025568
1662546547 11599970
1662546548 11098898
1662546549 10222194
1662546550 12886392
1662546551 8971488
1662546552 9960830
1662546553 12595832
1662546554 10882006
1662546555 10198362
1662546556 7639254
1662546557 7110946
1662546558 7247202
1662546559 10233250
1662546560 10860428
1662546561 11100774
1662546562 10923352
1662546563 12050850
1662546564 11419582
1662546565 11668858
1662546566 10600998
1662546567 11742978
1662546568 10761614
1662546569 11936200
1662546570 7589364
1662546571 5854574
1662546572 7448340
1662546573 11346952
1662546574 11555884
1662546575 11331010
1662546576 10626464
1662546577 10567992
1662546578 11802698
1662546579 13168734
1662546580 10236614
1662546581 10567884
1662546582 10253944
1662546583 12062942
1662546584 7715002
1662546585 7635010
1662546586 6545264
1662546587 10133970
1662546588 11426804
1662546589 11002110
1662546590 11390910
1662546591 10736442
1662546592 10867188
1662546593 11698896
1662546594 11314794
1662546595 12339864
1662546596 10346708
1662546597 11954816
1662546598 10051324
1662546599 6581776
1662546600 7357424
1662546601 8332412
1662546602 10795622
1662546603 11584166
1662546604 11752722
1662546605 12590500
1662546606 9828516
1662546607 11704562
1662546608 11922180
1662546609 10533918
1662546610 12285478
1662546611 11026448
1662546612 9114438
1662546613 7175272
1662546614 7594300
1662546615 6910980
1662546616 10643330
1662546617 11474584
1662546618 11340238
1662546619 11062428
1662546620 11398190
1662546621 10766348
1662546622 12000904
1662546623 11258378
1662546624 11659256
1662546625 11216052
1662546626 10933858
1662546627 6908656
1662546628 7211030
1662546629 6456408
1662546630 11153836
1662546631 10872646
1662546632 11293128
1662546633 12931472
1662546634 10981548
1662546635 11879056
1662546636 11281426
1662546637 10983022
1662546638 10315978
1662546639 13205530
1662546640 11089044
1662546641 9735536
1662546642 8459450
1662546643 7657830
1662546644 6962232
1662546645 7186848
1662546646 9618112
1662546647 11795402
1662546648 10938648
1662546649 12588788
1662546650 11976178
1662546651 10400232
1662546652 11524594
1662546653 11353698
1662546654 11208960
1662546655 12028902
1662546656 7561176
1662546657 6514148
1662546658 6775482
1662546659 8536470
1662546660 11434870
1662546661 11850344
1662546662 10824196
1662546663 11957962
1662546664 11612652
1662546665 10752768
1662546666 11206730
1662546667 10723086
1662546668 11972618
1662546669 10472576
1662546670 13048118
1662546671 6839324
1662546672 6591668
1662546673 6775560
1662546674 7383932
1662546675 11348228
1662546676 10594360
1662546677 11495562
1662546678 11061446
1662546679 11128304
1662546680 11335648
1662546681 10471336
1662546682 11890302
1662546683 11970358
1662546684 11883164
1662546685 10553804
1662546686 7112982
1662546687 6600446
1662546688 7004742
1662546689 9325808
1662546690 10750872
1662546691 10620932
1662546692 10925190
1662546693 12724968
1662546694 11964170
1662546695 10328132
1662546696 9250314
1662546697 11204728
1662546698 11287516
1662546699 11094980
1662546700 9833732
1662546701 5933070
1662546702 7023932
1662546703 10901332
1662546704 10529238
1662546705 10425016
1662546706 9832968
1662546707 11380958
1662546708 11343580
1662546709 10961552
1662546710 11356478
1662546711 9920512
1662546712 11701090
1662546713 9039122
1662546714 7670386
1662546715 6643428
1662546716 7571998
1662546717 9993512
1662546718 11099828
1662546719 11332378
1662546720 11085250
1662546721 10973206
1662546722 11855832
1662546723 11886032
1662546724 11766202
1662546725 11157888
1662546726 11605246
1662546727 10199502
1662546728 12461042
1662546729 9165234
1662546730 6835962
1662546731 6589218
1662546732 7294392
1662546733 9490426
1662546734 11898644
1662546735 10868372
1662546736 11095826
1662546737 11800740
1662546738 10830946
1662546739 11609414
1662546740 10641216
1662546741 10531508
1662546742 11620798
1662546743 11898536
1662546744 9142742
1662546745 6892428
1662546746 6355686
1662546747 7498332
1662546748 10043256
1662546749 11695438
1662546750 11396142
1662546751 10658468
1662546752 11467624
1662546753 10804730
1662546754 13455046
1662546755 11929432
1662546756 11061942
1662546757 11609784
1662546758 12005636
1662546759 12100250
1662546760 13262710
1662546761 9447078
1662546762 9794512
1662546763 7099888
1662546764 7112732
1662546765 6987124
1662546766 9017406
1662546767 11366512
1662546768 11494318
1662546769 11135002
1662546770 11986778
1662546771 10189092
1662546772 12685026
1662546773 12112238
1662546774 10782988
1662546775 13119020
1662546776 10889744
1662546777 11361610
1662546778 11861462
1662546779 8613648
1662546780 7570372
1662546781 6202294
1662546782 6951740
1662546783 10768758
1662546784 11344396
1662546785 12699462
1662546786 9912696
1662546787 10668320
1662546788 11053074
1662546789 11635196
1662546790 10792704
1662546791 10979358
1662546792 11979524
1662546793 11991960
1662546794 8624596
1662546795 7240232
1662546796 6655052
1662546797 6981324
1662546798 10004204
1662546799 11564788
1662546800 11074688
1662546801 10908658
1662546802 11048794
1662546803 11500402
1662546804 11966944
1662546805 11037638
1662546806 9914598
1662546807 11366630
1662546808 10952580
1662546809 10978302
1662546810 7214766
1662546811 6521564
1662546812 7014394
1662546813 10016952
1662546814 10889016
1662546815 11518556
1662546816 11152238
1662546817 11745320
1662546818 11606768
1662546819 11467462
1662546820 10189042
1662546821 10823552
1662546822 12583486
1662546823 10926390
1662546824 8322678
1662546825 6824614
1662546826 6446860
1662546827 7463384
1662546828 10637238
1662546829 11379522
1662546830 10994320
1662546831 10014442
1662546832 10598724
1662546833 12361994
1662546834 10684928
1662546835 11478154
1662546836 8887104
1662546837 11636608
1662546838 10562154
1662546839 7086850
1662546840 6668484
1662546841 6271054
1662546842 7482442
1662546843 12420260
1662546844 11707634
1662546845 11024634
1662546846 8709660
1662546847 11250842
1662546848 12235994
1662546849 10154304
1662546850 11131316
1662546851 10476242
1662546852 10010850
1662546853 7439578
1662546854 7191474
1662546855 7702684
1662546856 6621726
1662546857 9884240
1662546858 11548696
1662546859 11353124
1662546860 10676576
1662546861 10262292
1662546862 10763314
1662546863 12151448
1662546864 11274126
1662546865 11179018
1662546866 10894528
1662546867 13434788
1662546868 13375352
1662546869 13550012
1662546870 11877778
1662546871 10370242
1662546872 7835638
1662546873 7251736
1662546874 7611416
1662546875 7696362
1662546876 8536062
1662546877 11575704
1662546878 10883402
1662546879 11405504
1662546880 12471710
1662546881 11310156
1662546882 10601888
1662546883 12995704
1662546884 10517318
1662546885 10511514
1662546886 10240284
1662546887 7717974
1662546888 6591074
1662546889 6201684
1662546890 6999180
1662546891 8489592
1662546892 11849300
1662546893 11050188
1662546894 11334212
1662546895 11110328
1662546896 9069814
1662546897 11571636
1662546898 11252700
1662546899 11294206
1662546900 11267084
1662546901 8741300
1662546902 7612114
1662546903 6969500
1662546904 7100270
1662546905 7886734
1662546906 10024594
1662546907 10145450
1662546908 11532612
1662546909 10968778
1662546910 11851188
1662546911 10226944
1662546912 12643534
1662546913 11798340
1662546914 10682432
1662546915 11863506
1662546916 10578366
1662546917 8742472
1662546918 6557058
1662546919 6938494
1662546920 7317008
1662546921 8718942
1662546922 12460814
1662546923 13356772
1662546924 13404432
1662546925 13533194
1662546926 10171844
1662546927 11109780
1662546928 10981178
1662546929 11785910
1662546930 11029684
1662546931 9605244
1662546932 11326666
1662546933 11184484
1662546934 12769600
1662546935 11344152
1662546936 8652812
1662546937 7100326
1662546938 7033610
1662546939 7092098
1662546940 7402684
1662546941 9760516
1662546942 12662856
1662546943 10612164
1662546944 10742382
1662546945 11596388
1662546946 9921976
1662546947 10979804
1662546948 10032284
1662546949 11572486
1662546950 11857064
1662546951 8192252
1662546952 7033012
1662546953 6480468
1662546954 7086898
1662546955 8521622
1662546956 11228794
1662546957 10516920
1662546958 11564368
1662546959 10919890
1662546960 11297246
1662546961 11154376
1662546962 10901690
1662546963 12798442
1662546964 11192216
1662546965 11054940
1662546966 11301758
1662546967 9120326
1662546968 6299906
1662546969 6563194
1662546970 7464918
1662546971 7017372
1662546972 11924664
1662546973 11109668
1662546974 11040886
1662546975 11652534
1662546976 9011454
1662546977 11538320
1662546978 11264372
1662546979 12320796
1662546980 13472226
1662546981 11732444
1662546982 13445482
1662546983 12146202
1662546984 11087768
1662546985 10966616
1662546986 11378354
1662546987 7919868
1662546988 6969286
1662546989 6879570
1662546990 6908986
1662546991 8102530
1662546992 10989784
1662546993 12584472
1662546994 11724324
1662546995 12176140
1662546996 11176020
1662546997 10603422
1662546998 11518152
1662546999 12054186
1662547000 10340938
1662547001 10834796
1662547002 10145296
1662547003 10816012
1662547004 7256396
1662547005 6085312
1662547006 6264624
1662547007 6978362
1662547008 10528288
1662547009 11469210
1662547010 10510540
1662547011 11158460
1662547012 10568264
1662547013 11817830
1662547014 10663974
1662547015 11291914
1662547016 10702860
1662547017 10654950
1662547018 8960268
1662547019 7423144
1662547020 7292390
1662547021 6462692
1662547022 6881916
1662547023 11305788
1662547024 11304424
1662547025 10855862
1662547026 11253798
1662547027 11711170
1662547028 10565770
1662547029 12641556
1662547030 10438552
1662547031 10646810
1662547032 10809576
1662547033 11768428
1662547034 9565898
1662547035 6900758
1662547036 6877506
1662547037 7938152
1662547038 13220036
1662547039 11824656
1662547040 10974088
1662547041 9765438
1662547042 10887294
1662547043 11645294
1662547044 11433806
1662547045 10899820
1662547046 8392630
1662547047 11140268
1662547048 10861950
1662547049 7192890
1662547050 7071418
1662547051 6700494
1662547052 6920604
1662547053 10069798
1662547054 10517400
1662547055 11856398
1662547056 11017854
1662547057 11988344
1662547058 10546548
1662547059 12142278
1662547060 11635048
1662547061 10163910
1662547062 11176626
1662547063 7632258
1662547064 6966728
1662547065 6582382
1662547066 5769338
1662547067 8732444
1662547068 11066338
1662547069 11840536
1662547070 10508960
1662547071 9750620
1662547072 10980208
1662547073 11535826
1662547074 11580596
1662547075 11728680
1662547076 9510240
1662547077 9433158
1662547078 7517622
1662547079 6728866
1662547080 7138118
1662547081 6550966
1662547082 9519098
1662547083 11048482
1662547084 11073422
1662547085 13140516
1662547086 10997942
1662547087 9843858
1662547088 12485996
1662547089 11701290
1662547090 10542202
1662547091 12620182
1662547092 13242378
1662547093 13529076
1662547094 13430222
1662547095 11955190
1662547096 10207958
1662547097 8265712
1662547098 6643168
1662547099 6450748
1662547100 6837118
1662547101 6628410
1662547102 10942514
1662547103 11412780
1662547104 11658162
1662547105 11907888
1662547106 9158678
1662547107 11698944
1662547108 10795402
1662547109 11086848
1662547110 11966512
1662547111 10818214
1662547112 10701454
1662547113 8712386
1662547114 7046234
1662547115 6686714
1662547116 6421514
1662547117 8044316
1662547118 11356196
1662547119 11589620
1662547120 11328494
1662547121 7961908
1662547122 11301632
1662547123 12404000
1662547124 11026356
1662547125 10571722
1662547126 10066778
1662547127 12198124
1662547128 8976466
1662547129 7075244
1662547130 6913144
1662547131 6569588
1662547132 6718738
1662547133 8161210
1662547134 11081866
1662547135 11003422
1662547136 9837912
1662547137 11192242
1662547138 11718178
1662547139 11311916
1662547140 10845514
1662547141 10878562
1662547142 7266142
1662547143 6779024
1662547144 6880112
1662547145 6979852
1662547146 6712744
1662547147 11782374
1662547148 13136786
1662547149 13289140
1662547150 13463844
1662547151 11078870
1662547152 11403580
1662547153 12123026
1662547154 11144344
1662547155 11318276
1662547156 10115656
1662547157 11223986
1662547158 11478098
1662547159 11083872
1662547160 11262232
1662547161 7801102
1662547162 7504628
1662547163 6988724
1662547164 6904428
1662547165 7179012
1662547166 6796128
1662547167 11183046
1662547168 11104904
1662547169 11580838
1662547170 11246494
1662547171 10980084
1662547172 10567106
1662547173 11738576
1662547174 11035318
1662547175 12310534
1662547176 10040194
1662547177 8422840
1662547178 6465164
1662547179 7179210
1662547180 7267666
1662547181 6493468
1662547182 9257106
1662547183 11769032
1662547184 11831346
1662547185 10059038
1662547186 10182492
1662547187 11201802
1662547188 11139402
1662547189 11760808
1662547190 10945658
1662547191 11231278
1662547192 8380132
1662547193 7272736
1662547194 7220398
1662547195 6899832
1662547196 5935230
1662547197 9636526
1662547198 10972724
1662547199 11318196
1662547200 11423554
1662547201 9624088
1662547202 11399114
1662547203 13307770
1662547204 13323012
1662547205 13584040
1662547206 11609532
1662547207 10489422
1662547208 11963620
1662547209 11779678
1662547210 11351172
1662547211 10937024
1662547212 7521886
1662547213 7291010
1662547214 6728642
1662547215 7296568
1662547216 6140618
1662547217 11576038
1662547218 12127296
1662547219 10201466
1662547220 10975280
1662547221 11133408
1662547222 10359810
1662547223 11707334
1662547224 11957134
1662547225 10779924
1662547226 11324486
1662547227 10946520
1662547228 10034326
1662547229 7525036
1662547230 7191930
1662547231 6888608
1662547232 7116516
1662547233 7270908
1662547234 10569132
1662547235 11215390
1662547236 9168360
1662547237 10737028
1662547238 11660228
1662547239 11744570
1662547240 11690478
1662547241 9882420
1662547242 10017238
1662547243 11335946
1662547244 9441474
1662547245 7175700
1662547246 6602674
1662547247 6939862
1662547248 6816680
1662547249 8069512
1662547250 11095382
1662547251 10732866
1662547252 11154688
1662547253 11178188
1662547254 10969896
1662547255 11277488
1662547256 8799808
1662547257 11814724
1662547258 11823678
1662547259 13208868
1662547260 13272714
1662547261 12283612
1662547262 11982832
1662547263 11930056
1662547264 11227968
1662547265 7229664
1662547266 6781588
1662547267 6833566
1662547268 7000004
1662547269 7528252
1662547270 10227400
1662547271 9213964
1662547272 11608766
1662547273 11742634
1662547274 10799442
1662547275 12547636
1662547276 9257564
1662547277 11266816
1662547278 10898390
1662547279 11788442
1662547280 10528698
1662547281 5846328
1662547282 7003350
1662547283 6794466
1662547284 7107228
1662547285 7276902
1662547286 10571018
1662547287 10498110
1662547288 11630816
1662547289 11020720
1662547290 11070668
1662547291 10498442
1662547292 10998778
1662547293 11329654
1662547294 12214370
1662547295 10369632
1662547296 10962232
1662547297 8171544
1662547298 6911558
1662547299 7354170
1662547300 6317816
1662547301 6191128
1662547302 10070396
1662547303 10703842
1662547304 10433230
1662547305 11452416
1662547306 10337576
1662547307 11145504
1662547308 13250172
1662547309 11839418
1662547310 11801784
1662547311 11456206
1662547312 10693158
1662547313 12121090
1662547314 10078426
1662547315 6864842
1662547316 6186020
1662547317 7478768
1662547318 6706206
1662547319 10119024
1662547320 13281504
1662547321 10588288
1662547322 10995956
1662547323 11360242
1662547324 11511940
1662547325 10310548
1662547326 8825700
1662547327 11647684
1662547328 9821202
1662547329 12215778
1662547330 11560492
1662547331 9919750
1662547332 7119656
1662547333 6162428
1662547334 6749190
1662547335 6500926
1662547336 6786894
1662547337 10941992
1662547338 11305982
1662547339 10856790
1662547340 11616540
1662547341 9908686
1662547342 11896068
1662547343 12018432
1662547344 11428362
1662547345 11239788
1662547346 10412402
1662547347 7475626
1662547348 7033226
1662547349 6730804
1662547350 7011042
1662547351 6713642
1662547352 8335820
1662547353 11753264
1662547354 12019032
1662547355 11212394
1662547356 11770952
1662547357 10078408
1662547358 11233648
1662547359 11861164
1662547360 10310286
1662547361 10321404
1662547362 11402142
1662547363 9069106
1662547364 7020360
1662547365 7391378
1662547366 6514162
1662547367 6573706
1662547368 7232626
1662547369 10887478
1662547370 11372446
1662547371 10514654
1662547372 11077088
1662547373 13344938
1662547374 13357358
1662547375 13511814
1662547376 11180004
1662547377 11008436
1662547378 11458066
1662547379 13273276
1662547380 12191486
1662547381 10081236
1662547382 11261480
1662547383 10907718
1662547384 11452530
1662547385 8091046
1662547386 6397290
1662547387 6800130
1662547388 6275046
1662547389 6678456
1662547390 10094452
1662547391 9512788
1662547392 10122276
1662547393 11968614
1662547394 10594236
1662547395 11896910
1662547396 10067732
1662547397 11898216
1662547398 11387142
1662547399 11549754
1662547400 10928906
1662547401 7158478
1662547402 6768830
1662547403 6462142
1662547404 6676654
1662547405 7339350
1662547406 7268110
1662547407 10858064
1662547408 11062276
1662547409 10957606
1662547410 11292078
1662547411 10160360
1662547412 11478998
1662547413 10382800
1662547414 12898680
1662547415 7749034
1662547416 1234


# events submitted
1662546213 2804816
1662546214 859496
1662546215 4120512
1662546216 8481886
1662546217 12649810
1662546218 13693640
1662546219 10866282
1662546220 11290730
1662546221 11256182
1662546222 12321678
1662546223 12010430
1662546224 9999292
1662546225 11217422
1662546226 11998386
1662546227 11983866
1662546228 11045582
1662546229 11304740
1662546230 10220702
1662546231 11995938
1662546232 10740418
1662546233 11568542
1662546234 11022640
1662546235 10905578
1662546236 11834856
1662546237 11295392
1662546238 10131508
1662546239 11699594
1662546240 11579872
1662546241 11407180
1662546242 10709304
1662546243 13055650
1662546244 10895754
1662546245 11111228
1662546246 10146160
1662546247 11359496
1662546248 12002812
1662546249 9581860
1662546250 12040868
1662546251 10028434
1662546252 10432304
1662546253 11127556
1662546254 10727636
1662546255 9847062
1662546256 11005278
1662546257 12120442
1662546258 11970924
1662546259 9884782
1662546260 11841036
1662546261 10991564
1662546262 10733156
1662546263 11230686
1662546264 11767656
1662546265 12120866
1662546266 11216188
1662546267 9338764
1662546268 11908432
1662546269 11359654
1662546270 12359164
1662546271 8654948
1662546272 11588404
1662546273 12020170
1662546274 10614104
1662546275 9595206
1662546276 11716576
1662546277 11655282
1662546278 12754930
1662546279 10629290
1662546280 8715110
1662546281 12293550
1662546282 11527548
1662546283 12017090
1662546284 11755010
1662546285 9120450
1662546286 10606524
1662546287 10877462
1662546288 12238386
1662546289 8725240
1662546290 11866770
1662546291 11462068
1662546292 11271242
1662546293 12021104
1662546294 8220882
1662546295 11149008
1662546296 11614274
1662546297 11257674
1662546298 8404044
1662546299 6144296
1662546300 8534784
1662546301 5883758
1662546302 5715900
1662546303 6118886
1662546304 4158560
1662546305 4361264
1662546306 2425314
1662546307 2328350
1662546308 3052642
1662546309 1843722
1662546310 1637572
1662546311 3339978
1662546312 2655620
1662546313 2227786
1662546314 3205272
1662546315 2937818
1662546316 1484906
1662546317 2909678
1662546318 3316088
1662546319 3255152
1662546320 3253640
1662546321 3149720
1662546322 2925514
1662546323 3408166
1662546324 2982042
1662546325 3252780
1662546326 2283440
1662546327 3421974
1662546328 3484908
1662546329 3176484
1662546330 3330750
1662546331 3126652
1662546332 3368072
1662546333 2588594
1662546334 2516736
1662546335 3330702
1662546336 3279948
1662546337 3384484
1662546338 2330666
1662546339 2285828
1662546340 1854710
1662546341 2763908
1662546342 3305286
1662546343 2072056
1662546344 3195974
1662546345 3045136
1662546346 2702874
1662546347 2961008
1662546348 3324386
1662546349 2088242
1662546350 1681828
1662546351 2160772
1662546352 3260316
1662546353 2756106
1662546354 2793308
1662546355 3241670
1662546356 3238850
1662546357 3274420
1662546358 3373828
1662546359 2509624
1662546360 1299228
1662546361 2095178
1662546362 3370630
1662546363 3399396
1662546364 2589266
1662546365 3397640
1662546366 3236986
1662546367 789702
1662546368 1858692
1662546369 2228216
1662546370 2978456
1662546371 3304810
1662546372 3281994
1662546373 3003424
1662546374 2776998
1662546375 1849162
1662546376 3166798
1662546377 2349506
1662546378 2227828
1662546379 2660856
1662546380 3193870
1662546381 1490374
1662546383 2849778
1662546384 2957846
1662546385 3374280
1662546386 3302982
1662546387 3268928
1662546388 2421420
1662546389 2329422
1662546390 2181246
1662546391 1985154
1662546392 1933426
1662546393 2693120
1662546394 3094126
1662546395 2979534
1662546396 3099390
1662546397 3340208
1662546398 2872998
1662546399 2509150
1662546400 1771366
1662546401 3284802
1662546402 3065672
1662546403 2746868
1662546404 3086080
1662546405 2758940
1662546406 2322394
1662546407 3304300
1662546408 946746
1662546409 1479096
1662546410 2759782
1662546411 3244056
1662546412 3392818
1662546413 3131502
1662546414 2674676
1662546415 2699008
1662546416 1023378
1662546417 556290
1662546418 2504848
1662546419 2175288
1662546420 2210894
1662546421 1797136
1662546422 3086930
1662546423 2484358
1662546424 2792190
1662546425 2917942
1662546426 1874924
1662546427 436464
1662546428 2786322
1662546429 2375442
1662546430 2651902
1662546431 3370096
1662546432 3286128
1662546433 3266354
1662546434 2464716
1662546435 2694072
1662546436 1926144
1662546437 1167010
1662546438 2474676
1662546439 2771106
1662546440 2483260
1662546441 2904874
1662546442 2824808
1662546443 2855898
1662546444 2865394
1662546445 3294970
1662546446 1788788
1662546447 1029940
1662546448 3190408
1662546449 2419060
1662546450 2963542
1662546451 2492528
1662546452 3044746
1662546453 3212852
1662546454 2892532
1662546455 2781926
1662546456 2313498
1662546457 3128518
1662546458 3416544
1662546459 2852292
1662546460 2251340
1662546461 3359462
1662546462 3226086
1662546463 2264910
1662546464 2838062
1662546465 2909938
1662546466 2084286
1662546467 2494274
1662546468 1259710
1662546469 1836876
1662546470 2188346
1662546471 2966412
1662546472 3281384
1662546473 2686138
1662546474 1630640
1662546475 2688384
1662546476 2709354
1662546477 1396190
1662546478 2500524
1662546479 2564702
1662546480 1955158
1662546481 1760244
1662546482 2480050
1662546483 1965830
1662546484 2458886
1662546485 2677872
1662546486 1692008
1662546487 1947578
1662546488 3117252
1662546489 803614
1662546490 1823204
1662546491 1594586
1662546492 2342848
1662546493 1609246
1662546494 475162
1662546495 2175666
1662546496 2884978
1662546497 1796110
1662546498 2271700
1662546499 2126358
1662546500 1913228
1662546501 2221070
1662546502 1730454
1662546503 2621196
1662546504 1777876
1662546505 1744054
1662546506 2083008
1662546507 2036252
1662546508 1788558
1662546509 2519882
1662546510 1595378
1662546511 1655424
1662546512 2702434
1662546513 1847676
1662546514 1085484
1662546515 1477016
1662546516 2371922
1662546517 1703868
1662546518 1454054
1662546519 2135122
1662546520 2637376
1662546521 1879488
1662546522 1651562
1662546523 2098624
1662546524 2382332
1662546525 2972816
1662546526 1780352
1662546527 2467272
1662546528 1624848
1662546529 2202722
1662546530 1736758
1662546531 1447514
1662546532 1996988
1662546533 1702974
1662546534 2825266
1662546535 2491166
1662546536 1820222
1662546537 2507830
1662546538 1898322
1662546539 2098730
1662546540 1514940
1662546541 2723462
1662546542 1625962
1662546543 2299824
1662546544 716404
1662546545 242240
1662546546 2627048
1662546547 1843392
1662546548 1719264
1662546549 2904586
1662546550 1241064
1662546551 1474634
1662546552 2207996
1662546553 2182020
1662546554 1779102
1662546555 3353154
1662546556 1455680
1662546557 627374
1662546558 1539428
1662546559 999940
1662546560 2243178
1662546561 2495962
1662546562 2880976
1662546563 3385224
1662546564 2700268
1662546565 1466064
1662546566 2872482
1662546567 1526102
1662546568 2579944
1662546569 1818912
1662546570 1703218
1662546571 1658454
1662546572 747694
1662546573 2959112
1662546574 2364344
1662546575 2816366
1662546576 238760
1662546577 2033774
1662546578 3348782
1662546579 255392
1662546580 2619818
1662546581 2752478
1662546582 1925028
1662546583 2473938
1662546584 1475900
1662546585 1667670
1662546586 692386
1662546587 3020110
1662546588 2787142
1662546589 2159486
1662546590 2478414
1662546591 1845710
1662546592 2224638
1662546593 1201038
1662546594 2528382
1662546595 1376126
1662546596 1632640
1662546597 2765138
1662546598 1233044
1662546599 1700686
1662546600 1698720
1662546601 1512526
1662546602 2798800
1662546603 2336580
1662546604 1916198
1662546605 409924
1662546606 1876988
1662546607 2246130
1662546608 2044500
1662546609 2871272
1662546610 1284850
1662546611 2008414
1662546612 2517010
1662546613 1261808
1662546614 1434500
1662546615 1702408
1662546616 3050778
1662546617 3205122
1662546618 1776108
1662546619 2748102
1662546620 2106464
1662546621 1270210
1662546622 2393726
1662546623 1645046
1662546624 2415906
1662546625 2235014
1662546626 2025726
1662546627 1863164
1662546628 2011590
1662546629 2146358
1662546630 2243260
1662546631 1616044
1662546632 2408702
1662546633 374052
1662546634 2173610
1662546635 2225860
1662546636 1466082
1662546637 831350
1662546638 3089534
1662546639 1944728
1662546640 1970914
1662546641 2511526
1662546642 1211512
1662546643 1380012
1662546644 1548546
1662546645 1772882
1662546646 1967004
1662546647 3169004
1662546648 2466650
1662546649 2612094
1662546650 1466216
1662546651 2173598
1662546652 1594048
1662546653 2305304
1662546654 2358440
1662546655 627768
1662546656 1893608
1662546657 1650568
1662546658 2771618
1662546659 2924800
1662546660 2292616
1662546661 1409718
1662546662 1860666
1662546663 2529988
1662546664 960432
1662546665 2038768
1662546666 1706434
1662546667 2595998
1662546668 2418582
1662546669 1817310
1662546670 1117290
1662546671 1465862
1662546672 66446
1662546673 2244722
1662546674 1670872
1662546675 2338164
1662546676 2679976
1662546677 2716416
1662546678 2813378
1662546679 3148152
1662546680 1959522
1662546681 2989586
1662546682 1701270
1662546683 2061504
1662546684 1465896
1662546685 2090996
1662546686 1561626
1662546687 1250620
1662546688 1116978
1662546689 2320688
1662546690 1830314
1662546691 2676410
1662546692 2990026
1662546693 1758300
1662546694 1465942
1662546695 1946850
1662546696 1817506
1662546697 1857334
1662546698 2985680
1662546699 1430658
1662546700 2794986
1662546701 1705366
1662546702 130344
1662546703 1223614
1662546704 2742516
1662546705 2352248
1662546706 1791514
1662546707 2243740
1662546708 1800234
1662546709 2398568
1662546710 1672174
1662546711 2339644
1662546712 1986350
1662546713 1466190
1662546714 1466032
1662546715 1463908
1662546716 1968838
1662546717 2427396
1662546718 2052824
1662546719 2345642
1662546720 1611546
1662546721 2373230
1662546722 1877670
1662546723 572270
1662546724 2360866
1662546725 2540990
1662546726 391804
1662546727 2451346
1662546728 1133164
1662546729 2305494
1662546730 1743178
1662546731 2224084
1662546732 3049438
1662546733 2418174
1662546734 2271752
1662546735 1350172
1662546736 1854212
1662546737 2527394
1662546738 1814458
1662546739 2623602
1662546740 2039264
1662546741 1989190
1662546742 1929574
1662546743 1466164
1662546744 2623446
1662546745 1028880
1662546746 2275008
1662546747 2651932
1662546748 2176384
1662546749 2438704
1662546750 1692432
1662546751 1910566
1662546752 2078242
1662546753 2321898
1662546754 795412
1662546755 1465730
1662546756 720486
1662546757 2213776
1662546758 1423036
1662546759 1508510
1662546760 1564
1662546761 778452
1662546762 2156998
1662546763 1255128
1662546764 1430568
1662546765 1946332
1662546766 859556
1662546767 2487986
1662546768 2126000
1662546769 2366500
1662546770 2981756
1662546771 2312122
1662546772 2849332
1662546773 1381374
1662546774 2358020
1662546775 575242
1662546776 1761346
1662546777 2279788
1662546778 1824766
1662546779 1509270
1662546780 759650
1662546781 2383204
1662546782 3221082
1662546783 2389502
1662546784 1733976
1662546785 1198844
1662546786 1474426
1662546787 2366518
1662546788 2284918
1662546789 2224236
1662546790 2807740
1662546791 1566314
1662546792 1467128
1662546793 1172916
1662546794 1084308
1662546795 1820812
1662546796 929278
1662546797 2259606
1662546798 2500688
1662546799 3076974
1662546800 2924678
1662546801 3121912
1662546802 1723680
1662546803 2343032
1662546804 1967470
1662546805 1647868
1662546806 1757552
1662546807 2731458
1662546808 2134802
1662546809 732444
1662546810 827288
1662546811 802478
1662546812 1361642
1662546813 2637150
1662546814 2524544
1662546815 2322380
1662546816 2957420
1662546817 1890110
1662546818 1500912
1662546819 1665588
1662546820 2978680
1662546821 2651638
1662546822 244450
1662546823 1788128
1662546824 1490768
1662546825 1744344
1662546826 1850652
1662546827 2099098
1662546828 3057070
1662546829 2389554
1662546830 2130496
1662546831 1625812
1662546832 1620776
1662546833 1990932
1662546834 1595168
1662546835 1526358
1662546836 2370980
1662546837 3177512
1662546838 2228388
1662546839 1987630
1662546840 566046
1662546841 2124398
1662546842 2142224
1662546843 2473618
1662546844 1508396
1662546845 1856826
1662546846 1964066
1662546847 2390754
1662546848 1880298
1662546849 2604050
1662546850 3164062
1662546851 31446
1662546852 1782424
1662546853 1963120
1662546854 2504120
1662546855 3113810
1662546856 1665446
1662546857 2692852
1662546858 2150938
1662546859 1837708
1662546860 1860998
1662546861 2392338
1662546862 1905280
1662546863 1425134
1662546864 1649654
1662546865 2496780
1662546866 1319686
1662546870 898210
1662546871 2035352
1662546872 1796598
1662546873 2102628
1662546874 1457580
1662546875 801426
1662546876 1648996
1662546877 2539440
1662546878 2147600
1662546879 2770172
1662546880 2278968
1662546881 1466236
1662546882 2323700
1662546883 610178
1662546884 2216732
1662546885 2019736
1662546886 2969850
1662546887 464768
1662546888 1708800
1662546889 2378808
1662546890 1258512
1662546891 2326108
1662546892 3346466
1662546893 2663430
1662546894 1668468
1662546895 2286972
1662546896 2277962
1662546897 2425346
1662546898 2774774
1662546899 2053182
1662546900 2129580
1662546901 1980544
1662546902 1321430
1662546903 2198964
1662546904 1300746
1662546905 1680682
1662546906 253318
1662546907 2471694
1662546908 1914320
1662546909 2712194
1662546910 2766930
1662546911 1840772
1662546912 1093468
1662546913 1467032
1662546914 1804006
1662546915 2595380
1662546916 1607764
1662546917 825400
1662546918 457368
1662546919 831776
1662546920 640704
1662546921 1470320
1662546922 3066946
1662546923 3298680
1662546924 995002
1662546926 1466144
1662546927 1686400
1662546928 2132790
1662546929 2011392
1662546930 1652198
1662546931 2123818
1662546932 2220106
1662546933 1963914
1662546934 872450
1662546935 1653698
1662546936 2456374
1662546937 2277442
1662546938 956920
1662546939 506640
1662546940 2073512
1662546941 2324146
1662546942 2724858
1662546943 2278528
1662546944 2793248
1662546945 2077424
1662546946 223534
1662546947 2276316
1662546948 2993166
1662546949 2846528
1662546950 1616910
1662546951 1909062
1662546952 1806564
1662546953 2187706
1662546954 1931290
1662546955 1922932
1662546956 2034488
1662546957 1727160
1662546958 2717072
1662546959 1839908
1662546960 2513520
1662546961 1710028
1662546962 2258420
1662546963 673608
1662546964 1220444
1662546965 3115372
1662546966 1578140
1662546967 1992344
1662546968 2427274
1662546969 810384
1662546970 1069096
1662546971 2255826
1662546972 2477278
1662546973 2824984
1662546974 2615010
1662546975 1470032
1662546976 1736144
1662546977 2609336
1662546978 1674494
1662546979 1307622
1662546983 1456298
1662546984 1260872
1662546985 2240516
1662546986 2373302
1662546987 1642400
1662546988 1930020
1662546989 2042550
1662546990 1514126
1662546991 1515480
1662546992 3344688
1662546993 1205084
1662546994 1579074
1662546995 1353748
1662546996 1465440
1662546997 2137998
1662546998 2413438
1662546999 1361932
1662547000 1859382
1662547001 1126124
1662547002 2340430
1662547003 2097576
1662547004 2561728
1662547005 1959534
1662547006 1485366
1662547007 458100
1662547008 2929812
1662547009 3235040
1662547010 3178844
1662547011 1696600
1662547012 1861086
1662547013 2398992
1662547014 2100014
1662547015 2436328
1662547016 1447192
1662547017 2716682
1662547018 1604172
1662547019 1108040
1662547020 2313588
1662547021 1934632
1662547022 1576078
1662547023 2624756
1662547024 1559264
1662547025 2839578
1662547026 1538736
1662547027 1466780
1662547028 2165206
1662547029 850446
1662547030 1985620
1662547031 2041120
1662547032 1205754
1662547033 2762704
1662547034 2271130
1662547035 868012
1662547036 591928
1662547037 845334
1662547039 1060894
1662547040 2159522
1662547041 2343032
1662547042 1195840
1662547043 2322898
1662547044 1268306
1662547045 2731324
1662547046 1795554
1662547047 1892186
1662547048 1514170
1662547049 2244848
1662547050 1486054
1662547051 1712858
1662547052 1746368
1662547053 2593850
1662547054 2304346
1662547055 2555284
1662547056 1526538
1662547057 1223586
1662547058 1904400
1662547059 2013830
1662547060 1990388
1662547061 2674316
1662547062 2157946
1662547063 741860
1662547064 782750
1662547065 425850
1662547066 162010
1662547067 2372904
1662547068 1946704
1662547069 3075846
1662547070 2945414
1662547071 2047058
1662547072 2023472
1662547073 3226396
1662547074 2765304
1662547075 3036732
1662547076 2950550
1662547077 2057170
1662547078 1662852
1662547079 421210
1662547080 541552
1662547081 1437558
1662547082 1939230
1662547083 2967002
1662547084 3218864
1662547085 2488494
1662547086 1465768
1662547087 2957740
1662547088 1441670
1662547089 1466202
1662547090 1319294
1662547091 1613118
1662547095 900116
1662547096 2616830
1662547097 2134978
1662547098 980244
1662547099 827002
1662547100 815728
1662547101 1408928
1662547102 2902660
1662547103 3249180
1662547104 2516182
1662547105 2186018
1662547106 1517536
1662547107 2982496
1662547108 3115410
1662547109 2166348
1662547110 1939686
1662547111 1473854
1662547112 2075482
1662547113 1156148
1662547114 1163010
1662547115 2810388
1662547116 1538722
1662547117 1883480
1662547118 1757562
1662547119 2282890
1662547120 1479320
1662547121 2314906
1662547122 2908320
1662547123 831702
1662547124 2219442
1662547125 2606722
1662547126 2765730
1662547127 1014642
1662547128 742914
1662547129 1367244
1662547130 1880888
1662547131 1150412
1662547132 2523450
1662547133 2093818
1662547134 3302086
1662547135 2998768
1662547136 2732518
1662547137 2855544
1662547138 1738430
1662547139 1481318
1662547140 2585554
1662547141 1860654
1662547142 2123236
1662547143 1379374
1662547144 1640950
1662547145 1675434
1662547146 939094
1662547147 2853402
1662547148 993662
1662547151 669010
1662547152 2265226
1662547153 634270
1662547154 2174466
1662547155 1930738
1662547156 2997730
1662547157 2294266
1662547158 2235958
1662547159 1864590
1662547160 1815530
1662547161 1175768
1662547162 1625498
1662547163 2112924
1662547164 788754
1662547165 1639468
1662547166 1677890
1662547167 2326024
1662547168 3239810
1662547169 2582122
1662547170 2363162
1662547171 1793880
1662547172 2260812
1662547173 2073336
1662547174 1558794
1662547175 1375522
1662547176 1618704
1662547177 3005526
1662547178 1284594
1662547179 338754
1662547180 2847246
1662547181 2029422
1662547182 1428624
1662547183 2924388
1662547184 1884008
1662547185 2754928
1662547186 2570392
1662547187 1906292
1662547188 1910752
1662547189 1667574
1662547190 2667230
1662547191 1465602
1662547192 1006674
1662547193 2153618
1662547194 1485080
1662547195 2055330
1662547196 354722
1662547197 2102604
1662547198 3106538
1662547199 2933354
1662547200 2189040
1662547201 2349086
1662547202 2256918
1662547207 2554326
1662547208 1843870
1662547209 1003040
1662547210 2116012
1662547211 1898660
1662547212 2526506
1662547213 1912258
1662547215 700616
1662547216 619570
1662547217 2769150
1662547218 2938530
1662547219 1578364
1662547220 2923446
1662547221 2891738
1662547222 2361746
1662547223 2280856
1662547224 1547454
1662547225 2078352
1662547226 2200784
1662547227 2030606
1662547228 1661862
1662547229 1735630
1662547230 1708432
1662547231 1142104
1662547232 2847900
1662547233 1242652
1662547234 2612072
1662547235 2673392
1662547236 2109012
1662547237 2843090
1662547238 1527488
1662547239 1296370
1662547240 1816648
1662547241 1738828
1662547242 2599958
1662547243 2552786
1662547244 2022284
1662547245 719250
1662547246 1125408
1662547247 363752
1662547248 1990610
1662547249 1488092
1662547250 2816484
1662547251 2754406
1662547252 2465796
1662547253 1871448
1662547254 2358514
1662547255 2332966
1662547256 1267010
1662547257 2927752
1662547258 2501602
1662547259 872936
1662547262 875820
1662547263 2055374
1662547264 707372
1662547265 2190882
1662547266 1218700
1662547267 506048
1662547268 1426328
1662547269 1821512
1662547270 1703536
1662547271 1660482
1662547272 3219058
1662547273 3290662
1662547274 1546200
1662547275 2938792
1662547276 2802108
1662547277 1604500
1662547278 2483516
1662547279 1802822
1662547280 1726886
1662547281 511234
1662547282 1882998
1662547283 1255016
1662547284 1357982
1662547285 1491814
1662547286 2643002
1662547287 2356826
1662547288 2887230
1662547289 1842220
1662547290 2412380
1662547291 2712066
1662547292 3346672
1662547293 2244560
1662547294 653306
1662547295 2719270
1662547296 3067712
1662547297 268914
1662547298 1280862
1662547299 1076032
1662547300 2094220
1662547301 1542478
1662547302 2463130
1662547303 2453072
1662547304 1765882
1662547305 3026148
1662547306 2879994
1662547307 2495794
1662547308 906606
1662547309 1465810
1662547310 1465880
1662547311 1466886
1662547312 2096454
1662547313 1263232
1662547314 1266300
1662547315 2667248
1662547316 978188
1662547317 251686
1662547319 1727970
1662547320 11852
1662547321 1201286
1662547322 1713584
1662547323 2124572
1662547324 1769448
1662547325 1790358
1662547326 1488568
1662547327 2541824
1662547328 1743650
1662547329 2585122
1662547330 1665982
1662547331 1218340
1662547332 1006320
1662547333 1741490
1662547334 2230924
1662547335 1820904
1662547336 1158390
1662547337 2955844
1662547338 2182664
1662547339 3134086
1662547340 3114154
1662547341 2442870
1662547342 1955350
1662547343 650860
1662547344 2282532
1662547345 1494536
1662547346 2213940
1662547347 808282
1662547348 905236
1662547349 514488
1662547350 466492
1662547351 1927246
1662547352 2118200
1662547353 3011148
1662547354 3224164
1662547355 2620328
1662547356 2923708
1662547357 2414516
1662547358 1995836
1662547359 2065728
1662547360 1287956
1662547361 1611082
1662547362 3018892
1662547363 2530212
1662547364 1356560
1662547365 2274856
1662547366 1427548
1662547367 1055128
1662547368 1003728
1662547369 2664902
1662547370 2300630
1662547371 3172508
1662547372 2982940
1662547373 330092
1662547377 1904324
1662547378 2041104
1662547379 452716
1662547380 828744
1662547381 1251082
1662547382 2317328
1662547383 1909312
1662547384 2488576
1662547385 87328
1662547386 620772
1662547387 1343554
1662547388 1595250
1662547389 1527766
1662547390 2448368
1662547391 2370712
1662547392 2338848
1662547393 3062062
1662547394 2567912
1662547395 2755656
1662547396 2233854
1662547397 2084890
1662547398 1732928
1662547399 2219768
1662547400 2175108
1662547401 1443172
1662547402 954724
1662547403 1430864
1662547404 1461098
1662547405 1018084
1662547406 2237870
1662547407 2998904
1662547408 3242156
1662547409 3189344
1662547410 1847162
1662547411 2165424
1662547412 2675946
1662547413 2184388
1662547414 749484
1662547415 1415140
1662547416 330


# events lost
1662546298 3277132
1662546299 2683576
1662546300 3483848
1662546301 5079494
1662546302 6414016
1662546303 3869742
1662546304 5609414
1662546305 8424550
1662546306 9943588
1662546307 8747506
1662546308 10442618
1662546309 8431290
1662546310 6293302
1662546311 9112094
1662546312 8344210
1662546313 9919814
1662546314 9808732
1662546315 7685928
1662546316 6139254
1662546317 8939458
1662546318 8918254
1662546319 8277348
1662546320 8188760
1662546321 9128136
1662546322 4651012
1662546323 8549458
1662546324 7883440
1662546325 9074214
1662546326 9398904
1662546327 7024856
1662546328 5665806
1662546329 8249672
1662546330 9180406
1662546331 8071262
1662546332 8568716
1662546333 8058926
1662546334 7890358
1662546335 8947512
1662546336 8867596
1662546337 8173974
1662546338 9028994
1662546339 8879278
1662546340 6025988
1662546341 9585566
1662546342 8663898
1662546343 8634868
1662546344 8038732
1662546345 9083744
1662546346 5726656
1662546347 6813608
1662546348 8706992
1662546349 8357892
1662546350 9931930
1662546351 9924270
1662546352 8904254
1662546353 4660202
1662546354 6916374
1662546355 8803796
1662546356 8991838
1662546357 7805110
1662546358 8663262
1662546359 9201706
1662546360 6765326
1662546361 8158692
1662546362 8538866
1662546363 8907742
1662546364 7012854
1662546365 10046804
1662546366 8354056
1662546367 7371264
1662546368 8492858
1662546369 8923084
1662546370 7942458
1662546371 9766554
1662546372 8154226
1662546373 8351602
1662546374 5682814
1662546375 6387546
1662546376 9124206
1662546377 8828204
1662546378 9828254
1662546379 7313880
1662546380 9043568
1662546381 8468876
1662546382 7274176
1662546383 7574904
1662546384 8343170
1662546385 8477286
1662546386 8318020
1662546387 8659630
1662546388 9878650
1662546389 9542092
1662546390 8229562
1662546391 5679260
1662546392 8150014
1662546393 9338970
1662546394 9325860
1662546395 8383166
1662546396 7624934
1662546397 8885070
1662546398 8933058
1662546399 8120056
1662546400 5666914
1662546401 8178972
1662546402 8090154
1662546403 8494728
1662546404 8503308
1662546405 8735338
1662546406 9068836
1662546407 8056946
1662546408 5923826
1662546409 7957182
1662546410 9300218
1662546411 8338680
1662546412 8239948
1662546413 8641822
1662546414 7925156
1662546415 9516124
1662546416 8045668
1662546417 6630626
1662546418 8463042
1662546419 7790718
1662546420 9924642
1662546421 10328254
1662546422 8393338
1662546423 9214952
1662546424 9249522
1662546425 9174800
1662546426 7404742
1662546427 6274026
1662546428 8302328
1662546429 7378354
1662546430 9522340
1662546431 8618668
1662546432 6930084
1662546433 8031818
1662546434 7871622
1662546435 7354112
1662546436 5050240
1662546437 7966678
1662546438 9539294
1662546439 7573154
1662546440 9217554
1662546441 9384108
1662546442 9374320
1662546443 9266322
1662546444 7461650
1662546445 8865800
1662546446 6614314
1662546447 6098850
1662546448 7370636
1662546449 7780842
1662546450 8201902
1662546451 9147474
1662546452 8500138
1662546453 8744050
1662546454 8655146
1662546455 7721172
1662546456 10366578
1662546457 4584020
1662546458 3537340
1662546459 6713350
1662546460 9388458
1662546461 9690286
1662546462 7839018
1662546463 8348968
1662546464 7943456
1662546465 8965900
1662546466 8796934
1662546467 10075876
1662546468 9010484
1662546469 5287142
1662546470 5200330
1662546471 7956124
1662546472 7674898
1662546473 9401732
1662546474 9594998
1662546475 9082252
1662546476 8734596
1662546477 9550612
1662546478 9408894
1662546479 8427046
1662546480 5340736
1662546481 5285210
1662546482 8440148
1662546483 9547924
1662546484 10500080
1662546485 8285984
1662546486 9872196
1662546487 8906646
1662546488 7577178
1662546489 12409474
1662546490 9547298
1662546491 7016128
1662546492 5102684
1662546493 7002528
1662546494 12030796
1662546495 9559774
1662546496 7960952
1662546497 9990582
1662546498 8797438
1662546499 10003740
1662546500 9292822
1662546501 9205062
1662546502 9455222
1662546503 8607634
1662546504 7223292
1662546505 5252552
1662546506 5733388
1662546507 9725804
1662546508 9803388
1662546509 8986876
1662546510 10156296
1662546511 8899836
1662546512 9515860
1662546513 9042616
1662546514 11571904
1662546515 10258108
1662546516 7733396
1662546517 8625632
1662546518 5877898
1662546519 4903408
1662546520 7321956
1662546521 8080362
1662546522 9940646
1662546523 8223232
1662546524 8664318
1662546525 8434718
1662546526 8042356
1662546527 8901774
1662546528 10244530
1662546529 9641692
1662546530 9218176
1662546531 5067122
1662546532 5018962
1662546533 7195292
1662546534 8572718
1662546535 8262216
1662546536 8789588
1662546537 8496110
1662546538 9338088
1662546539 9962452
1662546540 9872014
1662546541 7056094
1662546542 10281254
1662546543 8092602
1662546544 5489808
1662546545 6956528
1662546546 8406618
1662546547 9761254
1662546548 9377442
1662546549 7322888
1662546550 11637162
1662546551 7499996
1662546552 7756258
1662546553 10418030
1662546554 9100824
1662546555 6853178
1662546556 6186376
1662546557 6484712
1662546558 5707756
1662546559 9234520
1662546560 8618744
1662546561 8611008
1662546562 8049206
1662546563 8670226
1662546564 8723020
1662546565 10202212
1662546566 7738294
1662546567 10216722
1662546568 8189066
1662546569 10114904
1662546570 5888194
1662546571 4197482
1662546572 6702564
1662546573 8393984
1662546574 9193438
1662546575 8520064
1662546576 10378286
1662546577 8535804
1662546578 8465600
1662546579 12898676
1662546580 7621860
1662546581 7820434
1662546582 8329372
1662546583 9596260
1662546584 6241056
1662546585 5966672
1662546586 5853406
1662546587 7120650
1662546588 8647824
1662546589 8845122
1662546590 8921732
1662546591 8892612
1662546592 8643344
1662546593 10497764
1662546594 8789140
1662546595 10960334
1662546596 8717426
1662546597 9194330
1662546598 8813464
1662546599 4884458
1662546600 5661958
1662546601 6819990
1662546602 8003176
1662546603 9250262
1662546604 9830052
1662546605 12169094
1662546606 7957332
1662546607 9463600
1662546608 9878832
1662546609 7668188
1662546610 10995530
1662546611 9017374
1662546612 6603114
1662546613 5911898
1662546614 6160152
1662546615 5211716
1662546616 7600882
1662546617 8280288
1662546618 9561604
1662546619 8318072
1662546620 9294090
1662546621 9493086
1662546622 9610196
1662546623 9617434
1662546624 9247896
1662546625 8986316
1662546626 8913446
1662546627 5045980
1662546628 5201288
1662546629 4309512
1662546630 8913012
1662546631 9256082
1662546632 8883046
1662546633 12543716
1662546634 8812706
1662546635 9655852
1662546636 9817296
1662546637 10148214
1662546638 7231216
1662546639 11265768
1662546640 9123000
1662546641 7227686
1662546642 7244712
1662546643 6278696
1662546644 5415790
1662546645 5414380
1662546646 7655400
1662546647 8634174
1662546648 8477530
1662546649 9987268
1662546650 10509998
1662546651 8226086
1662546652 9932554
1662546653 9051494
1662546654 8854740
1662546655 11395870
1662546656 5670328
1662546657 4866770
1662546658 4008192
1662546659 5617564
1662546660 9145154
1662546661 10437668
1662546662 8966430
1662546663 9429722
1662546664 10649596
1662546665 8712178
1662546666 9498408
1662546667 8125912
1662546668 9558762
1662546669 8655436
1662546670 11923704
1662546671 5374310
1662546672 6522846
1662546673 4534390
1662546674 5715836
1662546675 9017562
1662546676 7917256
1662546677 8787084
1662546678 8252874
1662546679 7987622
1662546680 9377346
1662546681 7484432
1662546682 10191880
1662546683 9914964
1662546684 10410302
1662546685 8471230
1662546686 5552918
1662546687 5352144
1662546688 5887774
1662546689 7011106
1662546690 8924368
1662546691 7951804
1662546692 7940680
1662546693 10962240
1662546694 10497114
1662546695 8383672
1662546696 7441210
1662546697 9349594
1662546698 8310408
1662546699 9659964
1662546700 7045730
1662546701 4228140
1662546702 6891874
1662546703 9669568
1662546704 7791354
1662546705 8076498
1662546706 8046864
1662546707 9140396
1662546708 9544566
1662546709 8564360
1662546710 9684948
1662546711 7586890
1662546712 9714042
1662546713 7573594
1662546714 6206990
1662546715 5178122
1662546716 5607892
1662546717 7565744
1662546718 9044374
1662546719 8992692
1662546720 9476208
1662546721 8604268
1662546722 9978360
1662546723 11305446
1662546724 9413158
1662546725 8622958
1662546726 11199712
1662546727 7752406
1662546728 11319278
1662546729 6862932
1662546730 5095460
1662546731 4367324
1662546732 4248202
1662546733 7076436
1662546734 9629384
1662546735 9511908
1662546736 9245592
1662546737 9282614
1662546738 9019698
1662546739 8990636
1662546740 8609618
1662546741 8542376
1662546742 9693390
1662546743 10433176
1662546744 6521948
1662546745 5864580
1662546746 4084882
1662546747 4849754
1662546748 7870608
1662546749 9262970
1662546750 9705992
1662546751 8752124
1662546752 9394610
1662546753 8483528
1662546754 12651922
1662546755 10462758
1662546756 10332906
1662546757 9397210
1662546758 10577946
1662546759 10587028
1662546760 13247140
1662546761 8667048
1662546762 7641638
1662546763 5843694
1662546764 5684596
1662546765 5042244
1662546766 8159406
1662546767 8884322
1662546768 9368688
1662546769 8769250
1662546770 9015014
1662546771 7882464
1662546772 9845454
1662546773 10727376
1662546774 8429352
1662546775 12537914
1662546776 9126670
1662546777 9085800
1662546778 10032158
1662546779 7104934
1662546780 6813558
1662546781 3821194
1662546782 3735226
1662546783 8386838
1662546784 9610368
1662546785 11497270
1662546786 8439714
1662546787 8302144
1662546788 8770854
1662546789 9414998
1662546790 7993254
1662546791 9417726
1662546792 10509508
1662546793 10814274
1662546794 7540960
1662546795 5423120
1662546796 5726956
1662546797 4724872
1662546798 7508346
1662546799 8498596
1662546800 8158402
1662546801 7796214
1662546802 9325396
1662546803 9163590
1662546804 10002880
1662546805 9389062
1662546806 8155704
1662546807 8640254
1662546808 8821688
1662546809 10241870
1662546810 6382274
1662546811 5716254
1662546812 5653226
1662546813 7385490
1662546814 8365404
1662546815 9201790
1662546816 8204014
1662546817 9854580
1662546818 10106442
1662546819 9801270
1662546820 7219616
1662546821 8178068
1662546822 12324406
1662546823 9137302
1662546824 6831794
1662546825 5082778
1662546826 4600198
1662546827 5367798
1662546828 7584886
1662546829 8997074
1662546830 8864528
1662546831 8391348
1662546832 8977494
1662546833 10369868
1662546834 9094330
1662546835 9954874
1662546836 6521726
1662546837 8466934
1662546838 8336342
1662546839 5099992
1662546840 6102784
1662546841 4149482
1662546842 5343394
1662546843 9951760
1662546844 10194664
1662546845 9168182
1662546846 6749132
1662546847 8866430
1662546848 10354806
1662546849 7550596
1662546850 7975690
1662546851 10433754
1662546852 8228660
1662546853 5477854
1662546854 4691508
1662546855 4594464
1662546856 4957718
1662546857 7196066
1662546858 9400972
1662546859 9509598
1662546860 8820540
1662546861 7878834
1662546862 8860950
1662546863 10716698
1662546864 9626346
1662546865 8688318
1662546866 9572940
1662546867 13421088
1662546868 13364190
1662546869 13526798
1662546870 10972790
1662546871 8340942
1662546872 6040504
1662546873 5149842
1662546874 6154288
1662546875 6893542
1662546876 6887902
1662546877 9039958
1662546878 8740878
1662546879 8638772
1662546880 10192236
1662546881 9840492
1662546882 8278120
1662546883 12372986
1662546884 8305122
1662546885 8495060
1662546886 7277626
1662546887 7248552
1662546888 4883496
1662546889 3825816
1662546890 5740782
1662546891 6165860
1662546892 8509312
1662546893 8395092
1662546894 9664092
1662546895 8824428
1662546896 6798196
1662546897 9152368
1662546898 8482080
1662546899 9243102
1662546900 9138968
1662546901 6762904
1662546902 6292288
1662546903 4774118
1662546904 5800356
1662546905 6207602
1662546906 9764104
1662546907 7675084
1662546908 9616888
1662546909 8258166
1662546910 9088746
1662546911 8387540
1662546912 11546902
1662546913 10325302
1662546914 8879000
1662546915 9269396
1662546916 8969760
1662546917 7916630
1662546918 6097656
1662546919 6106352
1662546920 6675940
1662546921 7250564
1662546922 9401572
1662546923 10067198
1662546924 12408562
1662546925 13516066
1662546926 8701396
1662546927 9425214
1662546928 8850360
1662546929 9781500
1662546930 9379692
1662546931 7482376
1662546932 9111230
1662546933 9224704
1662546934 11891494
1662546935 9687280
1662546936 6201532
1662546937 4825904
1662546938 6077870
1662546939 6582902
1662546940 5330740
1662546941 7445186
1662546942 9941956
1662546943 8337950
1662546944 7955390
1662546945 9518800
1662546946 9688660
1662546947 8709268
1662546948 7044846
1662546949 8730130
1662546950 10240196
1662546951 6283080
1662546952 5227394
1662546953 4294516
1662546954 5157568
1662546955 6602354
1662546956 9196736
1662546957 8790290
1662546958 8857520
1662546959 9082592
1662546960 8791142
1662546961 9443218
1662546962 8646744
1662546963 12115394
1662546964 9970414
1662546965 7950196
1662546966 9720778
1662546967 7128196
1662546968 3874564
1662546969 5750962
1662546970 6398004
1662546971 4766168
1662546972 9449580
1662546973 8289404
1662546974 8430442
1662546975 10183152
1662546976 7276734
1662546977 8937772
1662546978 9588690
1662546979 11009770
1662546980 13455546
1662546981 11720452
1662546982 13426076
1662546983 10679796
1662546984 9823860
1662546985 8727522
1662546986 9007402
1662546987 6279202
1662546988 5042932
1662546989 4840020
1662546990 5394972
1662546991 6589530
1662546992 7652600
1662546993 11372928
1662546994 10145094
1662546995 10817956
1662546996 9701592
1662546997 8470266
1662546998 9103532
1662546999 10689296
1662547000 8480930
1662547001 9703592
1662547002 7810072
1662547003 8720332
1662547004 4699316
1662547005 4127684
1662547006 4780756
1662547007 6516710
1662547008 7604546
1662547009 8244296
1662547010 7340378
1662547011 9463664
1662547012 8709352
1662547013 9422200
1662547014 8568688
1662547015 8862796
1662547016 9252316
1662547017 7943302
1662547018 7353552
1662547019 6316796
1662547020 4980398
1662547021 4531860
1662547022 5308182
1662547023 8683342
1662547024 9741730
1662547025 8021286
1662547026 9709264
1662547027 10240340
1662547028 8397948
1662547029 11782304
1662547030 8459046
1662547031 8605600
1662547032 9601870
1662547033 9014036
1662547034 7293754
1662547035 6032522
1662547036 6286870
1662547037 7089176
1662547038 13206610
1662547039 10761070
1662547040 8815370
1662547041 7425078
1662547042 9689910
1662547043 9325358
1662547044 10164010
1662547045 8177746
1662547046 6599976
1662547047 9249838
1662547048 9348456
1662547049 4952390
1662547050 5586690
1662547051 4990192
1662547052 5175848
1662547053 7482220
1662547054 8218042
1662547055 9311504
1662547056 9491674
1662547057 10757988
1662547058 8638734
1662547059 10129102
1662547060 9643560
1662547061 7494134
1662547062 9021786
1662547063 6888056
1662547064 6182698
1662547065 6154610
1662547066 5604270
1662547067 6364032
1662547068 9123970
1662547069 8773794
1662547070 7572456
1662547071 7707058
1662547072 8959890
1662547073 8317244
1662547074 8823978
1662547075 8701482
1662547076 6569188
1662547077 7380972
1662547078 5854254
1662547079 6303860
1662547080 6591638
1662547081 5115268
1662547082 7582274
1662547083 8091518
1662547084 7859468
1662547085 10647678
1662547086 9529686
1662547087 6893910
1662547088 11045366
1662547089 10233952
1662547090 9221034
1662547091 11003254
1662547092 13228418
1662547093 13508520
1662547094 13417158
1662547095 11039436
1662547096 7600002
1662547097 6135076
1662547098 5662946
1662547099 5625728
1662547100 6020582
1662547101 5221436
1662547102 8050084
1662547103 8176878
1662547104 9149498
1662547105 9729550
1662547106 7638606
1662547107 8720174
1662547108 7691364
1662547109 8923540
1662547110 10028038
1662547111 9344132
1662547112 8627202
1662547113 7554502
1662547114 5884570
1662547115 3877982
1662547116 4884906
1662547117 6160952
1662547118 9601652
1662547119 9306326
1662547120 9844396
1662547121 5653724
1662547122 8399838
1662547123 11570846
1662547124 8811716
1662547125 7971858
1662547126 7311736
1662547127 11178352
1662547128 8235250
1662547129 5708670
1662547130 5037130
1662547131 5421600
1662547132 4199642
1662547133 6072066
1662547134 7787018
1662547135 8004086
1662547136 7113758
1662547137 8345128
1662547138 9978650
1662547139 9827780
1662547140 8266272
1662547141 9019584
1662547142 5145044
1662547143 5401032
1662547144 5242612
1662547145 5306398
1662547146 5774990
1662547147 8938616
1662547148 12135136
1662547149 13272030
1662547150 13454810
1662547151 10399100
1662547152 9140832
1662547153 11474490
1662547154 8969628
1662547155 9393272
1662547156 7124860
1662547157 8933478
1662547158 9247840
1662547159 9217988
1662547160 9449196
1662547161 6627624
1662547162 5882828
1662547163 4876698
1662547164 6113468
1662547165 5540046
1662547166 5119638
1662547167 8861308
1662547168 7874072
1662547169 9003464
1662547170 8888316
1662547171 9188748
1662547172 8306344
1662547173 9665494
1662547174 9473574
1662547175 10932628
1662547176 8423538
1662547177 5423574
1662547178 5181830
1662547179 6842192
1662547180 4423304
1662547181 4465002
1662547182 7829906
1662547183 8851266
1662547184 9949626
1662547185 7311280
1662547186 7619530
1662547187 9296312
1662547188 9228268
1662547189 10097376
1662547190 8286668
1662547191 9764050
1662547192 7372668
1662547193 5118300
1662547194 5736908
1662547195 4848928
1662547196 5576498
1662547197 7540982
1662547198 7874372
1662547199 8391178
1662547200 9239480
1662547201 7281308
1662547202 9143724
1662547203 13287436
1662547204 13306466
1662547205 13571154
1662547206 11597316
1662547207 7940196
1662547208 10114100
1662547209 10771142
1662547210 9233192
1662547211 9040388
1662547212 5000522
1662547213 5378422
1662547214 6725844
1662547215 6595992
1662547216 5520194
1662547217 8813114
1662547218 9197504
1662547219 8625520
1662547220 8060752
1662547221 8251652
1662547222 7999004
1662547223 9429072
1662547224 10402332
1662547225 8703014
1662547226 9130436
1662547227 8915032
1662547228 8372150
1662547229 5792238
1662547230 5483364
1662547231 5748600
1662547232 4272152
1662547233 6028810
1662547234 7964396
1662547235 8548504
1662547236 7067444
1662547237 7900778
1662547238 10128412
1662547239 10444358
1662547240 9874662
1662547241 8142862
1662547242 7422828
1662547243 8786504
1662547244 7418954
1662547245 6455768
1662547246 5478988
1662547247 6577480
1662547248 4827790
1662547249 6580550
1662547250 8285428
1662547251 7984054
1662547252 8694170
1662547253 9307674
1662547254 8617976
1662547255 8949682
1662547256 7532792
1662547257 8891150
1662547258 9322242
1662547259 12333038
1662547260 13256778
1662547261 12271910
1662547262 11100278
1662547263 9876504
1662547264 10512556
1662547265 5039056
1662547266 5561430
1662547267 6327652
1662547268 5573400
1662547269 5710070
1662547270 8525326
1662547271 7556562
1662547272 8400112
1662547273 8460712
1662547274 9255984
1662547275 9611348
1662547276 6462464
1662547277 9662048
1662547278 8420928
1662547279 9988384
1662547280 8804920
1662547281 5334918
1662547282 5121102
1662547283 5540334
1662547284 5747278
1662547285 5786614
1662547286 7933962
1662547287 8143074
1662547288 8750936
1662547289 9185610
1662547290 8658174
1662547291 7793842
1662547292 7662652
1662547293 9089002
1662547294 11556150
1662547295 7657508
1662547296 7899308
1662547297 7900660
1662547298 5632706
1662547299 6278824
1662547300 4225920
1662547301 4650544
1662547302 7611430
1662547303 8254716
1662547304 8668468
1662547305 8436258
1662547306 7463952
1662547307 8655778
1662547308 12334816
1662547309 10374310
1662547310 10334996
1662547311 9983716
1662547312 8598812
1662547313 10853588
1662547314 8812582
1662547315 4200628
1662547316 5206870
1662547317 7223768
1662547318 6700658
1662547319 8391452
1662547320 13256266
1662547321 9378542
1662547322 9285182
1662547323 9237738
1662547324 9742562
1662547325 8522670
1662547326 7341790
1662547327 9113612
1662547328 8079324
1662547329 9638896
1662547330 9887974
1662547331 8702420
1662547332 6113604
1662547333 4423350
1662547334 4521062
1662547335 4680466
1662547336 5626788
1662547337 7997102
1662547338 9129484
1662547339 7731038
1662547340 8510300
1662547341 7472322
1662547342 9939562
1662547343 11359850
1662547344 9147504
1662547345 9744150
1662547346 8206318
1662547347 6667552
1662547348 6126684
1662547349 6214774
1662547350 6543524
1662547351 4788080
1662547352 6222500
1662547353 8752618
1662547354 8806280
1662547355 8597428
1662547356 8855118
1662547357 7668462
1662547358 9242844
1662547359 9797114
1662547360 9021332
1662547361 8714040
1662547362 8390108
1662547363 6543554
1662547364 5664884
1662547365 5119562
1662547366 5087614
1662547367 5517670
1662547368 6229732
1662547369 8231100
1662547370 9074382
1662547371 7352868
1662547372 8099366
1662547373 13007334
1662547374 13348110
1662547375 13494964
1662547376 11169812
1662547377 9100086
1662547378 9417610
1662547379 12809886
1662547380 11354042
1662547381 8831332
1662547382 8949302
1662547383 8996374
1662547384 8967732
1662547385 7999454
1662547386 5774750
1662547387 5455580
1662547388 4681154
1662547389 5151922
1662547390 7649916
1662547391 7150726
1662547392 7786330
1662547393 8911480
1662547394 8029522
1662547395 9146536
1662547396 7834854
1662547397 9820778
1662547398 9654698
1662547399 9332966
1662547400 8758780
1662547401 5715404
1662547402 5815702
1662547403 5032226
1662547404 5217106
1662547405 6322492
1662547406 5034854
1662547407 7865768
1662547408 7827244
1662547409 7778208
1662547410 9449640
1662547411 8002002
1662547412 8805138
1662547413 8200434
1662547414 12142610
1662547415 6336708
1662547416 904
