# add2disk
1659619673 40422
1659619674 25866
1659619675 83
1659619676 27310
1659619677 45251
1659619678 49441
1659619679 48699
1659619680 48261
1659619681 47818
1659619682 46817
1659619683 49888
1659619684 49410
1659619685 46778
1659619686 45616
1659619687 47148
1659619688 48013
1659619689 48410
1659619690 49030
1659619691 46414
1659619692 45320
1659619693 46949
1659619694 45508
1659619695 46481
1659619696 47450
1659619697 48936
1659619698 45131
1659619699 48106
1659619700 46679
1659619701 48055
1659619702 49271
1659619703 49661
1659619704 46074
1659619705 46306
1659619706 48547
1659619707 46445
1659619708 46921
1659619709 48840
1659619710 45051
1659619711 49490
1659619712 49589
1659619713 46924
1659619714 49415
1659619715 46992
1659619716 44770
1659619717 48556
1659619718 46542
1659619719 50133
1659619720 43417
1659619721 45236
1659619722 47914
1659619723 46816
1659619724 47493
1659619725 48116
1659619726 44810
1659619727 46237
1659619728 50042
1659619729 46975
1659619730 47277
1659619731 47910
1659619732 46120
1659619733 45891
1659619734 48841
1659619735 44763
1659619736 44400
1659619737 46250
1659619738 46513
1659619739 45954
1659619740 44987
1659619741 45310
1659619742 45310
1659619743 43264
1659619744 47203
1659619745 45791
1659619746 43659
1659619747 46011
1659619748 46511
1659619749 43995
1659619750 46368
1659619751 45584
1659619752 43900
1659619753 45060
1659619754 48169
1659619755 45701
1659619756 46690
1659619757 47728
1659619758 44924
1659619759 47034
1659619760 45552
1659619761 45044
1659619762 43891
1659619763 45523
1659619764 48139
1659619765 43941
1659619766 43165
1659619767 45447
1659619768 46004
1659619769 47768
1659619770 47336
1659619771 45215
1659619772 45554
1659619773 47700
1659619774 46496
1659619775 46272
1659619776 46102
1659619777 45652
1659619778 46876
1659619779 47429
1659619780 43787
1659619781 44704
1659619782 46379
1659619783 46361
1659619784 46929
1659619785 47076
1659619786 44898
1659619787 43030
1659619788 48353
1659619789 47061
1659619790 44033
1659619791 43640
1659619792 47027
1659619793 44145
1659619794 45061
1659619795 44349
1659619796 41449
1659619797 47329
1659619798 44884
1659619799 47646
1659619800 46557
1659619801 44709
1659619802 47763
1659619803 46946
1659619804 48171
1659619805 46885
1659619806 46623
1659619807 47632
1659619808 44412
1659619809 46054
1659619810 46932
1659619811 48348
1659619812 46485
1659619813 46072
1659619814 47985
1659619815 44379
1659619816 42702
1659619817 43924
1659619818 44993
1659619819 49854
1659619820 42928
1659619821 46216
1659619822 46623
1659619823 45214
1659619824 47949
1659619825 46452
1659619826 47638
1659619827 46929
1659619828 44633
1659619829 46989
1659619830 44982
1659619831 45425
1659619832 46878
1659619833 45104
1659619834 47123
1659619835 44467
1659619836 49054
1659619837 47007
1659619838 44342
1659619839 47409
1659619840 43943
1659619841 46752
1659619842 42896
1659619843 48036
1659619844 47113
1659619845 42608
1659619846 45880
1659619847 46053
1659619848 49072
1659619849 45941
1659619850 46339
1659619851 46998
1659619852 44005
1659619853 48354
1659619854 47237
1659619855 45315
1659619856 46579
1659619857 46346
1659619858 50107
1659619859 43239
1659619860 45600
1659619861 45940
1659619862 45551
1659619863 48927
1659619864 46541
1659619865 45722
1659619866 44137
1659619867 44356
1659619868 48270
1659619869 46294
1659619870 47065
1659619871 47638
1659619872 47141
1659619873 45599
1659619874 50163
1659619875 45393
1659619876 47809
1659619877 45639
1659619878 47280
1659619879 46800
1659619880 45411
1659619881 44328
1659619882 48465
1659619883 48862
1659619884 46784
1659619885 47271
1659619886 48615
1659619887 46285
1659619888 46915
1659619889 50242
1659619890 45217
1659619891 47152
1659619892 45072
1659619893 48377
1659619894 48721
1659619895 46318
1659619896 47317
1659619897 46449
1659619898 48395
1659619899 48144
1659619900 47125
1659619901 48755
1659619902 45242
1659619903 49621
1659619904 46605
1659619905 43833
1659619906 45820
1659619907 45635
1659619908 44965
1659619909 45534
1659619910 44924
1659619911 43303
1659619912 44158
1659619913 48121
1659619914 44510
1659619915 44948
1659619916 42044
1659619917 45658
1659619918 45219
1659619919 47785
1659619920 48116
1659619921 46894
1659619922 44154
1659619923 45301
1659619924 50630
1659619925 44970
1659619926 45741
1659619927 43815
1659619928 46873
1659619929 45204
1659619930 47591
1659619931 44731
1659619932 41974
1659619933 48221
1659619934 44876
1659619935 47949
1659619936 46228
1659619937 43371
1659619938 47223
1659619939 45159
1659619940 43496
1659619941 46796
1659619942 46349
1659619943 47883
1659619944 45248
1659619945 43625
1659619946 45139
1659619947 41676
1659619948 48947
1659619949 43703
1659619950 45360
1659619951 44900
1659619952 42642
1659619953 46629
1659619954 43694
1659619955 45525
1659619956 46975
1659619957 45606
1659619958 43115
1659619959 45269
1659619960 44237
1659619961 45455
1659619962 43698
1659619963 46225
1659619964 46029
1659619965 45128
1659619966 43276
1659619967 48272
1659619968 45286
1659619969 48952
1659619970 42993
1659619971 44140
1659619972 44323
1659619973 46595
1659619974 43728
1659619975 44986
1659619976 43805
1659619977 47257
1659619978 43363
1659619979 48552
1659619980 43394
1659619981 43082
1659619982 42701
1659619983 45487
1659619984 48171
1659619985 45591
1659619986 42303
1659619987 45308
1659619988 46011
1659619989 45470
1659619990 44061
1659619991 44016
1659619992 47089
1659619993 46344
1659619994 46938
1659619995 45764
1659619996 44461
1659619997 43697
1659619998 48569
1659619999 47574
1659620000 45259
1659620001 44534
1659620002 43268
1659620003 44781
1659620004 48515
1659620005 44137
1659620006 45537
1659620007 42908
1659620008 45770
1659620009 47546
1659620010 45153
1659620011 47510
1659620012 46095
1659620013 46660
1659620014 47659
1659620015 44610
1659620016 46340
1659620017 43614
1659620018 45942
1659620019 47909
1659620020 46305
1659620021 43412
1659620022 45217
1659620023 45297
1659620024 44812
1659620025 45067
1659620026 44950
1659620027 43373
1659620028 46238
1659620029 48332
1659620030 45072
1659620031 45996
1659620032 43766
1659620033 43696
1659620034 47239
1659620035 43883
1659620036 42076
1659620037 46200
1659620038 43142
1659620039 47217
1659620040 46480
1659620041 44773
1659620042 46786
1659620043 47496
1659620044 45511
1659620045 44956
1659620046 45172
1659620047 43015
1659620048 45821
1659620049 45835
1659620050 45393
1659620051 46256
1659620052 44737
1659620053 44721
1659620054 44098
1659620055 44292
1659620056 45797
1659620057 42317
1659620058 47076
1659620059 44179
1659620060 45092
1659620061 45374
1659620062 45250
1659620063 46571
1659620064 45442
1659620065 46158
1659620066 47344
1659620067 43797
1659620068 48435
1659620069 48155
1659620070 42348
1659620071 48063
1659620072 43686
1659620073 44192
1659620074 46943
1659620075 44390
1659620076 44120
1659620077 46356
1659620078 44224
1659620079 47585
1659620080 44006
1659620081 46291
1659620082 45256
1659620083 43311
1659620084 43431
1659620085 43314
1659620086 45379
1659620087 45156
1659620088 46097
1659620089 48787
1659620090 46229
1659620091 46236
1659620092 44982
1659620093 44864
1659620094 49087
1659620095 45544
1659620096 44251
1659620097 46423
1659620098 43399
1659620099 46636
1659620100 48166
1659620101 45180
1659620102 45392
1659620103 45736
1659620104 49502
1659620105 42943
1659620106 44912
1659620107 45438
1659620108 47213
1659620109 49657
1659620110 45390
1659620111 45613
1659620112 45447
1659620113 46677
1659620114 47205
1659620115 44597
1659620116 45147
1659620117 47658
1659620118 42665
1659620119 49379
1659620120 44531
1659620121 47131
1659620122 42703
1659620123 43955
1659620124 48732
1659620125 44689
1659620126 42170
1659620127 45737
1659620128 47033
1659620129 47345
1659620130 44173
1659620131 45792
1659620132 44212
1659620133 46377
1659620134 46327
1659620135 45312
1659620136 43781
1659620137 46783
1659620138 44330
1659620139 48344
1659620140 45195
1659620141 47098
1659620142 47073
1659620143 45675
1659620144 47308
1659620145 45276
1659620146 46391
1659620147 47670
1659620148 43978
1659620149 45009
1659620150 44931
1659620151 46682
1659620152 46325
1659620153 44780
1659620154 46815
1659620155 45974
1659620156 45508
1659620157 47405
1659620158 46625
1659620159 46527
1659620160 47922
1659620161 46085
1659620162 47160
1659620163 46855
1659620164 44946
1659620165 44410
1659620166 49135
1659620167 49149
1659620168 45474
1659620169 45692
1659620170 45531
1659620171 49809
1659620172 47901
1659620173 45717
1659620174 45204
1659620175 47404
1659620176 46932
1659620177 45903
1659620178 43365
1659620179 45077
1659620180 46713
1659620181 47267
1659620182 46208
1659620183 44977
1659620184 48173
1659620185 43690
1659620186 46272
1659620187 49893
1659620188 47649
1659620189 47273
1659620190 47723
1659620191 46869
1659620192 51221
1659620193 47082
1659620194 47274
1659620195 47962
1659620196 48408
1659620197 48165
1659620198 45426
1659620199 44948
1659620200 50893
1659620201 46682
1659620202 45011
1659620203 45650
1659620204 46032
1659620205 46195
1659620206 48119
1659620207 49281
1659620208 45997
1659620209 44174
1659620210 43577
1659620211 45991
1659620212 47258
1659620213 46594
1659620214 44708
1659620215 46417
1659620216 43636
1659620217 46967
1659620218 44549
1659620219 46139
1659620220 44632
1659620221 47611
1659620222 47552
1659620223 45816
1659620224 46404
1659620225 41970
1659620226 46015
1659620227 49746
1659620228 44601
1659620229 49003
1659620230 45367
1659620231 45169
1659620232 54728
1659620233 45024
1659620234 44965
1659620235 44885
1659620236 45933
1659620237 49214
1659620238 44528
1659620239 46021
1659620240 44193
1659620241 45553
1659620242 47787
1659620243 44850
1659620244 45943
1659620245 44207
1659620246 45572
1659620247 49193
1659620248 42546
1659620249 46361
1659620250 44539
1659620251 44070
1659620252 39721
1659620253 46387
1659620254 46646
1659620255 46380
1659620256 45226
1659620257 52850
1659620258 45849
1659620259 42247
1659620260 46485
1659620261 42717
1659620262 45684
1659620263 46693
1659620264 44982
1659620265 40608
1659620266 45308
1659620267 51623
1659620268 45019
1659620269 46142
1659620270 44757
1659620271 44320
1659620272 47406
1659620273 46646
1659620274 44370
1659620275 44396
1659620276 46220
1659620277 45306
1659620278 45930
1659620279 44916
1659620280 44359
1659620281 45669
1659620282 47534
1659620283 46153
1659620284 44865
1659620285 44963
1659620286 45758
1659620287 45232
1659620288 44566
1659620289 44259
1659620290 45155
1659620291 45691
1659620292 56595
1659620293 43967
1659620294 48054
1659620295 46823
1659620296 45464
1659620297 49219
1659620298 46079
1659620299 44182
1659620300 47299
1659620301 46061
1659620302 47609
1659620303 41721
1659620304 44872
1659620305 45241
1659620306 45078
1659620307 47045
1659620308 46034
1659620309 46188
1659620310 44339
1659620311 44671
1659620312 49676
1659620313 43811
1659620314 46311
1659620315 44550
1659620316 44551
1659620317 50289
1659620318 45982
1659620319 46529
1659620320 45701
1659620321 45781
1659620322 47598
1659620323 44522
1659620324 46124
1659620325 45145
1659620326 47015
1659620327 51659
1659620328 44066
1659620329 47643
1659620330 48660
1659620331 43920
1659620332 49717
1659620333 44402
1659620334 46887
1659620335 44741
1659620336 46750
1659620337 48843
1659620338 46280
1659620339 46339
1659620340 45246
1659620341 45920
1659620342 51982
1659620343 44844
1659620344 47447
1659620345 44719
1659620346 44214
1659620347 49539
1659620348 46430
1659620349 45071
1659620350 45681
1659620351 45651
1659620352 48610
1659620353 46586
1659620354 44584
1659620355 46761
1659620356 46300
1659620357 48406
1659620358 46400
1659620359 43132
1659620360 47876
1659620361 45470
1659620362 47493
1659620363 44451
1659620364 46025
1659620365 47045
1659620366 43805
1659620367 46351
1659620368 47764
1659620369 45022
1659620370 46140
1659620371 46291
1659620372 48636
1659620373 47183
1659620374 44306
1659620375 48386
1659620376 45517
1659620377 50268
1659620378 47600
1659620379 44281
1659620380 45652
1659620381 45930
1659620382 60949
1659620383 45024
1659620384 46965
1659620385 46928
1659620386 46852
1659620387 52363
1659620388 47968
1659620389 45457
1659620390 48058
1659620391 47115
1659620392 51528
1659620393 46722
1659620394 47552
1659620395 48253
1659620396 47311
1659620397 46334
1659620398 44615
1659620399 45722
1659620400 45260
1659620401 46489
1659620402 49733
1659620403 46780
1659620404 47587
1659620405 48978
1659620406 45147
1659620407 52320
1659620408 44559
1659620409 45485
1659620410 46591
1659620411 48783
1659620412 51259
1659620413 47862
1659620414 49503
1659620415 46536
1659620416 44628
1659620417 42281
1659620418 45237
1659620419 46197
1659620420 46275
1659620421 48840
1659620422 45977
1659620423 45981
1659620424 49828
1659620425 46082
1659620426 46533
1659620427 50827
1659620428 46355
1659620429 48524
1659620430 48303
1659620431 46039
1659620432 51911
1659620433 45938
1659620434 47529
1659620435 46966
1659620436 49704
1659620437 43646
1659620438 49576
1659620439 44893
1659620440 45585
1659620441 48226
1659620442 50178
1659620443 46240
1659620444 42852
1659620445 49656
1659620446 46806
1659620447 53962
1659620448 45147
1659620449 50184
1659620450 50212
1659620451 43689
1659620452 49518
1659620453 48507
1659620454 48099
1659620455 49274
1659620456 46040
1659620457 46087
1659620458 44916
1659620459 44186
1659620460 52326
1659620461 43358
1659620462 45000
1659620463 47444
1659620464 47089
1659620465 46920
1659620466 45665
1659620467 46571
1659620468 46124
1659620469 44762
1659620470 50598
1659620471 46364
1659620472 45261
1659620473 44808
1659620474 45240
1659620475 51198
1659620476 42759
1659620477 44988
1659620478 44747
1659620479 46071
1659620480 39581
1659620481 43283
1659620482 43710
1659620483 45090
1659620484 42708
1659620485 46587
1659620486 46532
1659620487 43369
1659620488 46306
1659620489 45113
1659620490 46444
1659620491 45479
1659620492 45810
1659620493 47151
1659620494 44414
1659620495 49637
1659620496 46349
1659620497 45836
1659620498 45552
1659620499 44699
1659620500 57449
1659620501 44441
1659620502 45545
1659620503 44644
1659620504 45398
1659620505 42882
1659620506 45095
1659620507 45036
1659620508 44183
1659620509 47402
1659620510 44719
1659620511 44964
1659620512 43723
1659620513 44532
1659620514 48920
1659620515 48180
1659620516 43643
1659620517 44391
1659620518 45077
1659620519 46114
1659620520 50657
1659620521 48090
1659620522 46349
1659620523 43941
1659620524 45407
1659620525 53533
1659620526 44538
1659620527 43752
1659620528 45326
1659620529 47097
1659620530 49081
1659620531 45505
1659620532 45700
1659620533 43577
1659620534 46452
1659620535 51318
1659620536 40148
1659620537 45841
1659620538 46302
1659620539 45506
1659620540 47392
1659620541 47120
1659620542 43577
1659620543 46536
1659620544 42946
1659620545 48430
1659620546 43220
1659620547 42451
1659620548 42282
1659620549 48197
1659620550 42045
1659620551 46706
1659620552 42668
1659620553 46874
1659620554 47510
1659620555 46129
1659620556 44676
1659620557 48018
1659620558 42938
1659620559 44406
1659620560 55796
1659620561 45239
1659620562 44376
1659620563 44342
1659620564 44258
1659620565 49699
1659620566 44287
1659620567 46202
1659620568 43295
1659620569 41372
1659620570 48532
1659620571 47133
1659620572 42173
1659620573 47738
1659620574 46067
1659620575 48668
1659620576 47119
1659620577 46914
1659620578 45891
1659620579 45366
1659620580 46575
1659620581 46778
1659620582 47275
1659620583 43590
1659620584 44653
1659620585 45257
1659620586 45414
1659620587 45001
1659620588 46714
1659620589 44000
1659620590 53023
1659620591 46791
1659620592 44638
1659620593 45718
1659620594 46241
1659620595 50811
1659620596 41338
1659620597 47096
1659620598 44882
1659620599 44530
1659620600 47645
1659620601 45398
1659620602 47370
1659620603 46484
1659620604 48300
1659620605 47421
1659620606 45339
1659620607 47011
1659620608 45311
1659620609 43208
1659620610 42969
1659620611 45807
1659620612 47094
1659620613 44075
1659620614 45848
1659620615 47529
1659620616 44409
1659620617 47473
1659620618 44993
1659620619 47037
1659620620 50216
1659620621 44545
1659620622 45801
1659620623 47351
1659620624 44628
1659620625 50519
1659620626 45143
1659620627 46871
1659620628 48531
1659620629 44941
1659620630 51292
1659620631 44074
1659620632 47692
1659620633 45757
1659620634 49496
1659620635 47651
1659620636 45830
1659620637 46130
1659620638 45372
1659620639 47595
1659620640 47104
1659620641 47162
1659620642 47519
1659620643 42241
1659620644 46287
1659620645 47931
1659620646 44560
1659620647 45003
1659620648 46266
1659620649 48366
1659620650 48096
1659620651 42497
1659620652 45548
1659620653 47152
1659620654 44960
1659620655 45110
1659620656 45217
1659620657 47181
1659620658 48082
1659620659 45519
1659620660 47982
1659620661 47956
1659620662 43116
1659620663 46682
1659620664 45610
1659620665 48954
1659620666 45750
1659620667 46865
1659620668 46738
1659620669 47108
1659620670 47433
1659620671 46576
1659620672 45620
1659620673 44078
1659620674 44725
1659620675 50630
1659620676 46406
1659620677 47153
1659620678 48189
1659620679 47987
1659620680 48123
1659620681 45478
1659620682 44383
1659620683 45733
1659620684 44439
1659620685 47621
1659620686 44133
1659620687 45574
1659620688 45448
1659620689 43889
1659620690 48842
1659620691 45408
1659620692 44838
1659620693 44567
1659620694 46129
1659620695 50527
1659620696 46750
1659620697 44518
1659620698 46809
1659620699 45264
1659620700 46958
1659620701 46548
1659620702 45340
1659620703 44466
1659620704 45602
1659620705 54431
1659620706 48277
1659620707 48868
1659620708 44973
1659620709 45382
1659620710 51847
1659620711 46757
1659620712 48083
1659620713 48021
1659620714 46928
1659620715 51538
1659620716 47165
1659620717 47282
1659620718 46815
1659620719 47040
1659620720 44315
1659620721 47945
1659620722 46247
1659620723 49146
1659620724 45796
1659620725 51119
1659620726 48814
1659620727 45404
1659620728 49054
1659620729 47810
1659620730 47664
1659620731 48446
1659620732 45999
1659620733 47385
1659620734 46906
1659620735 51171
1659620736 45061
1659620737 44554
1659620738 46141
1659620739 42847
1659620740 50045
1659620741 46666
1659620742 46417
1659620743 46974
1659620744 44460
1659620745 43061
1659620746 45409
1659620747 45407
1659620748 43954
1659620749 45925
1659620750 47242
1659620751 46848
1659620752 45084
1659620753 47413
1659620754 45418
1659620755 50081
1659620756 44351
1659620757 46256
1659620758 42723
1659620759 47332
1659620760 43667
1659620761 48620
1659620762 45172
1659620763 42912
1659620764 44407
1659620765 46583
1659620766 47841
1659620767 43368
1659620768 46577
1659620769 45654
1659620770 45833
1659620771 47332
1659620772 45777
1659620773 43449
1659620774 44995
1659620775 47919
1659620776 44609
1659620777 48087
1659620778 45542
1659620779 43745
1659620780 41735
1659620781 50035
1659620782 44759
1659620783 46660
1659620784 47303
1659620785 45759
1659620786 47568
1659620787 43873
1659620788 44483
1659620789 45022
1659620790 46197
1659620791 48254
1659620792 45846
1659620793 44441
1659620794 45726
1659620795 45795
1659620796 46787
1659620797 46998
1659620798 45993
1659620799 44625
1659620800 43156
1659620801 51485
1659620802 45094
1659620803 45061
1659620804 47460
1659620805 42398
1659620806 46640
1659620807 41888
1659620808 45862
1659620809 45631
1659620810 44988
1659620811 46502
1659620812 47800
1659620813 44888
1659620814 46267
1659620815 47786
1659620816 48363
1659620817 46179
1659620818 48225
1659620819 48787
1659620820 45361
1659620821 51654
1659620822 44845
1659620823 46552
1659620824 44865
1659620825 47127
1659620826 47429
1659620827 48021
1659620828 43397
1659620829 45795
1659620830 47235
1659620831 49734
1659620832 47007
1659620833 44635
1659620834 46406
1659620835 45254
1659620836 59984
1659620837 45858
1659620838 44393
1659620839 46779
1659620840 45659
1659620841 47537
1659620842 41608
1659620843 46727
1659620844 45701
1659620845 46034
1659620846 47599
1659620847 44341
1659620848 46324
1659620849 43932
1659620850 47649
1659620851 47135
1659620852 44287
1659620853 46563
1659620854 44881
1659620855 46404
1659620856 47660
1659620857 45913
1659620858 46310
1659620859 44777
1659620860 45693
1659620861 45409
1659620862 41199
1659620863 46089
1659620864 47004
1659620865 46959
1659620866 52718
1659620867 45023
1659620868 46660
1659620869 44345
1659620870 45356
1659620871 52473
1659620872 48588
1659620873 44843
1659620874 47122
1659620875 44123
1659620876 66492
1659620877 83084
1659620878 83836
1659620879 81336
1659620880 83498
1659620881 32621
1659620882 80385
1659620883 81987
1659620884 82579
1659620885 85146
1659620886 84811
1659620887 80936
1659620888 79320
1659620889 81639
1659620890 80614
1659620891 76729
1659620892 80376
1659620893 81607
1659620894 80866
1659620895 81217
1659620896 80576
1659620897 80922
1659620898 83186
1659620899 81088
1659620900 77058
1659620901 81809
1659620902 81114
1659620903 80747
1659620904 79709
1659620905 81263
1659620906 80946
1659620907 79694
1659620908 80382
1659620909 80244
1659620910 77937
1659620911 81638
1659620912 81501
1659620913 80349
1659620914 81217
1659620915 80044
1659620916 80274
1659620917 80114
1659620918 71796
1659620919 80543
1659620920 77619
1659620921 80667
1659620922 77606
1659620923 80874
1659620924 77413
1659620925 79126
1659620926 76810
1659620927 78094
1659620928 79500
1659620929 81315
1659620930 80131
1659620931 79426
1659620932 81123
1659620933 80047
1659620934 81142
1659620935 78734
1659620936 80535
1659620937 79616
1659620938 81381
1659620939 80981
1659620940 81046
1659620941 78190
1659620942 80173
1659620943 81495
1659620944 80735
1659620945 80403
1659620946 82035
1659620947 81077
1659620948 80371
1659620949 80051
1659620950 80534
1659620951 78174
1659620952 57703
1659620953 74096
1659620954 80178
1659620955 79912
1659620956 79561
1659620957 79860
1659620958 80903
1659620959 80518
1659620960 80683
1659620961 78047
1659620962 81292
1659620963 81292
1659620964 80820
1659620965 81261
1659620966 80047
1659620967 80325
1659620968 80779
1659620969 81225
1659620970 83153
1659620971 79483
1659620972 79101
1659620973 80970
1659620974 80445
1659620975 80862
1659620976 80148
1659620977 81969
1659620978 80871
1659620979 80967
1659620980 80999
1659620981 81330
1659620982 77372
1659620983 80668
1659620984 80625
1659620985 80425
1659620986 82296
1659620987 75640