# events called
1659364172 11815 853538
1659364173 37113 2852000
1659364174 17781 1503958
1659364175 13584 1269532
1659364176 128257 11995130
1659364177 138359 12939056
1659364178 139218 13018944
1659364179 135332 12656014
1659364180 139072 13006076
1659364181 138501 12952420
1659364182 138268 12929810
1659364183 137366 12844848
1659364184 134143 12543492
1659364185 135980 12716340
1659364186 133442 12477288
1659364187 136483 12763130
1659364188 138938 12993082
1659364189 134997 12624102
1659364190 137872 12892628
1659364191 137252 12834664
1659364192 137170 12827564
1659364193 138817 12982922
1659364194 135800 12698892
1659364195 136854 12798084
1659364196 134889 12616494
1659364197 131279 12276346
1659364198 137609 12867538
1659364199 135571 12678142
1659364200 138064 12911290
1659364201 138435 12946182
1659364202 137847 12889962
1659364203 137877 12895272
1659364204 134478 12576434
1659364205 138730 12972142
1659364206 137164 12826948
1659364207 132349 12376972
1659364208 137265 12835604
1659364209 134042 12535482
1659364210 138112 12916392
1659364211 136490 12762446
1659364212 136547 12768986
1659364213 137465 12856152
1659364214 135090 12635418
1659364215 136253 12742050
1659364216 137023 12815070
1659364217 128673 12034060
1659364218 134992 12625202
1659364219 133987 12529112
1659364220 136879 12799004
1659364221 136790 12791150
1659364222 137552 12861276
1659364223 139099 13007810
1659364224 131543 12301004
1659364225 137564 12866132
1659364226 138292 12932938
1659364227 131489 12296004
1659364228 134951 12620000
1659364229 132187 12362384
1659364230 128867 12052440
1659364231 136342 12749750
1659364232 137728 12880796
1659364233 137629 12869674
1659364234 137215 12831530
1659364235 134031 12534654
1659364236 135827 12703070
1659364237 137449 12854392
1659364238 127021 11879278
1659364239 137614 12868626
1659364240 137681 12876730
1659364241 135609 12682776
1659364242 137098 12820914
1659364243 133324 12467186
1659364244 137713 12877724
1659364245 137491 12858180
1659364246 136519 12767224
1659364247 136483 12763260
1659364248 126305 11814050
1659364249 135824 12700422
1659364250 138477 12950346
1659364251 135170 12639146
1659364252 139974 13089246
1659364253 132980 12435830
1659364254 138909 12991020
1659364255 139638 13057602
1659364256 140595 13148342
1659364257 140391 13128874
1659364258 129364 12096900
1659364259 139650 13058750
1659364260 140508 13140782
1659364261 140173 13108594
1659364262 138992 12999340
1659364263 134028 12534070
1659364264 139404 13036692
1659364265 140437 13134166
1659364266 140004 13092926
1659364267 141420 13224650
1659364268 129168 12078300
1659364269 138894 12988326
1659364270 140336 13123786
1659364271 139716 13064572
1659364272 140210 13112720
1659364273 133961 12526954
1659364274 141451 13227792
1659364275 140357 13126794
1659364276 141218 13206644
1659364277 140752 13162516
1659364278 131185 12266744
1659364279 136320 12747468
1659364280 138965 12997972
1659364281 140316 13120194
1659364282 139956 13088420
1659364283 132749 12415344
1659364284 138003 12905432
1659364285 140407 13129140
1659364286 141561 13237624
1659364287 141434 13227496
1659364288 132351 12377250
1659364289 136095 12726406
1659364290 137964 12901486
1659364291 141357 13216312
1659364292 141085 13193348
1659364293 132857 12424144
1659364294 140596 13148486
1659364295 114836 10739060
1659364296 64 4224


# events submitted
1659364172 11815 853538
1659364173 37113 2852000
1659364174 17781 1503958
1659364175 13545 1266002
1659364176 127958 11967562
1659364177 138104 12917534
1659364178 138890 12987052
1659364179 134907 12618654
1659364180 138775 12981116
1659364181 138225 12927646
1659364182 137951 12902100
1659364183 137018 12815336
1659364184 133819 12514020
1659364185 135685 12689078
1659364186 133186 12455952
1659364187 136195 12738778
1659364188 138581 12960646
1659364189 134693 12598244
1659364190 137609 12869262
1659364191 136876 12801954
1659364192 136759 12792476
1659364193 138458 12952352
1659364194 135496 12670954
1659364195 136481 12765408
1659364196 134602 12588560
1659364197 131066 12257040
1659364198 137302 12840132
1659364199 135354 12659870
1659364200 137781 12886494
1659364201 138122 12918052
1659364202 137627 12870332
1659364203 137574 12867032
1659364204 134258 12556736
1659364205 138385 12942114
1659364206 136880 12799918
1659364207 132105 12353128
1659364208 137030 12817128
1659364209 133727 12509310
1659364210 137892 12896632
1659364211 136177 12737126
1659364212 136185 12735924
1659364213 137131 12826472
1659364214 134785 12606744
1659364215 135929 12711800
1659364216 136730 12786704
1659364217 128400 12010262
1659364218 134635 12591142
1659364219 133673 12500968
1659364220 136618 12777672
1659364221 136481 12763414
1659364222 137227 12833636
1659364223 138774 12979896
1659364224 131250 12275592
1659364225 137336 12845152
1659364226 138026 12907796
1659364227 131238 12274346
1659364228 134674 12595586
1659364229 131970 12345292
1659364230 128606 12027700
1659364231 136033 12722110
1659364232 137517 12860810
1659364233 137374 12845790
1659364234 136928 12805226
1659364235 133785 12512234
1659364236 135557 12678262
1659364237 137117 12822828
1659364238 126740 11853204
1659364239 137324 12843568
1659364240 137444 12854580
1659364241 135358 12657700
1659364242 136803 12795234
1659364243 133094 12445008
1659364244 137397 12853102
1659364245 137225 12833848
1659364246 136246 12743072
1659364247 136226 12740010
1659364248 125276 11718056
1659364249 83027 7764000
1659364250 31956 2987640
1659364251 31188 2915440
1659364252 32419 3031350
1659364253 32866 3072436
1659364254 34881 3261090
1659364255 34349 3211204
1659364256 31926 2985036
1659364257 31184 2915774
1659364258 30432 2845824
1659364259 31351 2931086
1659364260 32178 3008628
1659364261 31029 2901322
1659364262 31067 2904040
1659364263 32957 3081906
1659364264 35070 3279326
1659364265 35322 3302950
1659364266 34918 3264458
1659364267 5269 493390
1659364268 9725 909100
1659364269 6314 589596
1659364270 6593 617468
1659364271 5973 558346
1659364272 6805 636862
1659364273 9275 866802
1659364274 5265 492178
1659364275 6152 574630
1659364276 5459 510080
1659364277 6292 588418
1659364278 9926 927770
1659364279 4446 416208
1659364280 6907 646604
1659364281 6296 587428
1659364282 4984 466022
1659364283 8042 751670
1659364284 6172 576904
1659364285 5526 517112
1659364286 4866 455048
1659364287 5876 549484
1659364288 10713 1002738
1659364289 5134 480662
1659364290 8416 786464
1659364291 5229 488636
1659364292 4894 457158
1659364293 9147 855278
1659364294 6303 588842
1659364295 4451 415864
1659364296 22 1428


# events lost
1659364248 766 71578
1659364249 52928 4948364
1659364250 106615 9971602
1659364251 104103 9737026
1659364252 107619 10063964
1659364253 100180 9371032
1659364254 104108 9738066
1659364255 105427 9859036
1659364256 108709 10167176
1659364257 109278 10218946
1659364258 99027 9259756
1659364259 108437 10141236
1659364260 108419 10140264
1659364261 109208 10211682
1659364262 108066 10106458
1659364263 101214 9465588
1659364264 104442 9766290
1659364265 105198 9838420
1659364266 105171 9836314
1659364267 136110 12730924
1659364268 119360 11163630
1659364269 132554 12397976
1659364270 133753 12508576
1659364271 133623 12497022
1659364272 133301 12467258
1659364273 124612 11654844
1659364274 136120 12731462
1659364275 134055 12539996
1659364276 135633 12685766
1659364277 134335 12560830
1659364278 121266 11340194
1659364279 131864 12333286
1659364280 132000 12346804
1659364281 133926 12522456
1659364282 134936 12621266
1659364283 124651 11659818
1659364284 131722 12319130
1659364285 134856 12611614
1659364286 136573 12771222
1659364287 135479 12670650
1659364288 121549 11368492
1659364289 130883 12240278
1659364290 129463 12109888
1659364291 136107 12728116
1659364292 136172 12736486
1659364293 123674 11565632
1659364294 134218 12554632
1659364295 110292 10315976
1659364296 43 2920
