#readfromrb
1659637178 45136
1659637179 107
1659637180 59338
1659637181 49254
1659637183 27403
1659637184 28228
1659637185 10604
1659637186 19002
1659637187 15251
1659637188 24392
1659637189 22136
1659637190 14603
1659637191 16535
1659637192 15493
1659637193 21493
1659637194 25714
1659637195 15909
1659637196 24747
1659637197 19700
1659637198 21481
1659637199 21030
1659637200 23808
1659637201 16734
1659637202 30789
1659637203 15902
1659637204 18626
1659637205 25425
1659637206 19608
1659637207 21119
1659637208 15808
1659637209 10760
1659637210 15977
1659637211 21163
1659637212 29589
1659637213 21994
1659637214 24765
1659637215 6634
1659637216 15965
1659637217 24064
1659637218 31755
1659637219 24030
1659637220 15965
1659637221 31964
1659637222 6131
1659637223 25847
1659637224 15990
1659637225 20825
1659637226 27116
1659637227 15983
1659637228 15994
1659637229 18950
1659637230 29011
1659637231 15994
1659637232 20831
1659637233 27141
1659637234 15999
1659637235 20404
1659637236 27570
1659637237 15990
1659637238 15989
1659637239 15992
1659637240 15998
1659637241 1249
1659637242 26696
1659637243 36035
1659637244 15995
1659637245 3821
1659637246 29930
1659637247 34415
1659637248 11818
1659637249 13347
1659637250 18648
1659637251 33738
1659637252 30231
1659637253 3832
1659637254 35003
1659637255 18376
1659637256 31733
1659637257 11296
1659637258 27732
1659637259 24919
1659637260 25611
1659637261 25338
1659637262 24114
1659637263 18498
1659637264 25498
1659637265 21686
1659637266 26280
1659637267 19140
1659637268 22678
1659637269 15978
1659637270 26819
1659637271 5179
1659637272 20904
1659637273 39891
1659637274 9619
1659637275 27555
1659637276 30013
1659637277 13
1659637278 22430
1659637279 41472
1659637280 16077
1659637281 29732
1659637282 18554
1659637283 24084
1659637284 23600
1659637285 20036
1659637286 27945
1659637287 20555
1659637288 27433
1659637289 15997
1659637290 31799
1659637291 15786
1659637292 20499
1659637293 18664
1659637294 25223
1659637295 15998
1659637296 22259
1659637297 25732
1659637298 16856
1659637299 15437
1659637300 15996
1659637301 23891
1659637302 33441
1659637303 7623
1659637304 18697
1659637305 35432
1659637306 25840
1659637307 10071
1659637308 22485
1659637309 39368
1659637310 24046
1659637311 22195
1659637312 25790
1659637313 15997
1659637314 23134
1659637315 24848
1659637316 26735
1659637317 21259
1659637318 22867
1659637319 25115
1659637320 19267
1659637321 25577
1659637322 22501
1659637323 26805
1659637324 23484
1659637325 22519
1659637326 19792
1659637327 23437
1659637328 9044
1659637329 15996
1659637330 23801
1659637331 25899
1659637332 22955
1659637333 25030
1659637334 17840
1659637335 30146
1659637336 18088
1659637337 29897
1659637338 16000
1659637339 31989
1659637340 16000
1659637341 15995
1659637342 31990
1659637343 3396
1659637344 28607
1659637345 16277
1659637346 31698
1659637347 15991
1659637348 31992
1659637349 16929
1659637350 31051
1659637351 18733
1659637352 29254
1659637353 17309
1659637354 30674
1659637355 17015
1659637356 29489
1659637357 17471
1659637358 15985
1659637359 28527
1659637360 3477
1659637361 22746
1659637362 25253
1659637363 26316
1659637364 15992
1659637365 19324
1659637366 28659
1659637367 3363
1659637368 29637
1659637369 35645
1659637370 28340
1659637371 15993
1659637372 32000
1659637373 15996
1659637374 27528
1659637375 10154
1659637376 28586
1659637377 24875
1659637378 20829
1659637379 24218
1659637380 23764
1659637381 15992
1659637382 28556
1659637383 19432
1659637384 22069
1659637385 25916
1659637386 20415
1659637387 27557
1659637388 22955
1659637389 9042
1659637390 15991
1659637391 23153
1659637392 24854
1659637393 15696
1659637394 31205
1659637395 3859
1659637396 22152
1659637397 19168
1659637398 18788
1659637399 30487
1659637400 17515
1659637401 26439
1659637402 21550
1659637403 25704
1659637404 22295
1659637405 27845
1659637406 20144
1659637407 30096
1659637408 17890
1659637409 24912
1659637410 23072
1659637411 25832
1659637412 22142
1659637413 29102
1659637414 18893
1659637415 21857
1659637416 26133
1659637417 19720
1659637418 28270
1659637419 16021
1659637420 15996
1659637421 31998
1659637422 16006
1659637423 42
1659637424 31277
1659637425 19180
1659637426 29933
1659637427 28462
1659637428 18889
1659637429 29093
1659637430 18470
1659637431 29510
1659637432 22342
1659637433 25634
1659637434 15996
1659637435 31999
1659637436 15993
1659637437 31989
1659637438 16917
1659637439 31063
1659637440 15998
1659637441 27492
1659637442 20486
1659637443 15987
1659637444 20793
1659637445 12824
1659637446 30388
1659637447 15987
1659637448 31991
1659637449 109
1659637450 30756
1659637451 33234
1659637452 11563
1659637453 32933
1659637454 7011
1659637455 27552
1659637456 32926
1659637457 15996
1659637458 15985
1659637459 16005
1659637460 6898
1659637461 38475
1659637462 18599
1659637463 31995
1659637464 15997
1659637465 31987
1659637466 15994
1659637467 31990
1659637468 15997
1659637469 29600
1659637470 18389
1659637471 18084
1659637472 29906
1659637473 15991
1659637474 29828
1659637475 18146
1659637476 16887
1659637477 19996
1659637478 24672
1659637479 17489
1659637480 30515
1659637481 16703
1659637482 742
1659637483 29244
1659637484 19917
1659637485 29876
1659637486 20404
1659637487 23259
1659637488 24493
1659637489 21073
1659637490 24111
1659637491 26309
1659637492 17069
1659637493 14921
1659637494 22991
1659637495 25001
1659637496 16000
1659637497 32003
1659637498 16001
1659637499 22569
1659637500 25396
1659637501 26440
1659637502 21538
1659637503 25203
1659637504 22256
1659637505 17000
1659637506 21522
1659637507 26993
1659637508 20868
1659637509 14952
1659637510 37701
1659637511 5948
1659637512 16259
1659637513 33036
1659637514 14720
1659637515 31984
1659637516 29907
1659637517 15851
1659637518 18248
1659637519 21590
1659637520 27233
1659637521 27473
1659637522 23356
1659637523 26591
1659637524 17716
1659637525 15995
1659637526 27275
1659637527 20716
1659637528 29861
1659637529 18121
1659637530 27433
1659637531 20548
1659637532 29599
1659637533 18406
1659637534 23759
1659637535 24226
1659637536 19502
1659637537 28499
1659637538 28918
1659637539 3841
1659637540 28204
1659637541 27354
1659637542 16794
1659637543 22876
1659637544 8328
1659637545 854
1659637546 25303
1659637547 37837
1659637548 13
1659637549 25276
1659637550 38718
1659637551 15990
1659637552 31979
1659637553 16002
1659637554 30642
1659637555 17362
1659637556 29907
1659637557 18107
1659637558 31991
1659637559 15991
1659637560 31978
1659637561 15995
1659637562 31982
1659637563 16003
1659637564 31984
1659637565 16009
1659637566 31987
1659637567 16015
1659637568 32000
1659637569 6
1659637570 24443
1659637571 39533
1659637572 1258
1659637573 31290
1659637574 31427
1659637575 3162
1659637576 38959
1659637577 8555
1659637578 26903
1659637579 34417
1659637580 29577
1659637581 2435
1659637582 20396
1659637583 27586
1659637584 19839
1659637585 28146
1659637586 19679
1659637587 28310
1659637588 20268
1659637589 26592
1659637590 17142
1659637591 31855
1659637592 16118
1659637593 19487
1659637594 18874
1659637595 10767
1659637596 30824
1659637597 16000
1659637598 115
1659637599 28660
1659637600 11131
1659637601 24206
1659637602 4874
1659637603 31129
1659637604 17906
1659637605 21552
1659637606 36533
1659637607 16012
1659637608 3
1659637609 31994
1659637610 32002
1659637611 31991
1659637612 16464
1659637613 26564
1659637614 20971
1659637615 27250
1659637616 20726
1659637617 31987
1659637618 15997
1659637619 29447
1659637620 18525
1659637621 30041
1659637622 17942
1659637623 31990
1659637624 16002
1659637625 17153
1659637626 17095
1659637627 30175
1659637628 19972
1659637629 12297
1659637630 25206
1659637631 38681
1659637632 212
1659637633 29392
1659637634 20898
1659637635 41128
1659637636 20360
1659637637 32004
1659637638 15996
1659637639 24897
1659637640 23109
1659637641 25357
1659637642 22614
1659637643 15991
1659637644 31998
1659637645 15986
1659637646 18274
1659637647 29711
1659637648 20130
1659637649 22814
1659637650 24669
1659637651 24735
1659637652 27100
1659637653 24511
1659637654 22433
1659637655 19088
1659637656 22467
1659637657 28414
1659637658 19730
1659637659 14083
1659637660 21769
1659637661 31434
1659637662 12695
1659637663 18718
1659637664 31768
1659637665 29531
1659637666 18030
1659637667 14063
1659637668 22899
1659637669 27906
1659637670 13201
1659637671 31961
1659637672 17275
1659637673 30738
1659637674 15994
1659637675 26288
1659637676 21725
1659637677 31993
1659637678 16001
1659637679 32001
1659637680 15982
1659637681 5179
1659637682 29014
1659637683 24856
1659637684 24538
1659637685 18387
1659637686 26019
1659637687 15992
1659637688 1923
1659637689 31925
1659637690 18570
1659637691 27562
1659637692 1579
1659637693 31476
1659637694 16773
1659637695 31221
1659637696 15990
1659637697 23171
1659637698 24831
1659637699 16396
1659637700 31388
1659637701 16214
1659637702 31990
1659637703 15993
1659637704 31984
1659637705 15991
1659637706 31988
1659637707 16015
1659637708 29180
1659637709 18835
1659637710 28142
1659637711 19856
1659637712 25834
1659637713 17227
1659637714 27868
1659637715 15780
1659637716 25244
1659637717 25076
1659637718 22922
1659637719 16049
1659637720 15955
1659637721 20416
1659637722 32020
1659637723 13887
1659637724 29659
1659637725 26880
1659637726 31069
1659637727 22030
1659637728 29942
1659637729 18043
1659637730 25383
1659637731 8924
1659637732 29667
1659637733 16005
1659637734 24150
1659637735 23852
1659637736 24325
1659637737 23663
1659637738 19467
1659637739 28550
1659637740 18257
1659637741 29747
1659637742 18509
1659637743 29469
1659637744 15996
1659637745 16568
1659637746 24888
1659637747 22529
1659637748 15996
1659637749 7264
1659637750 27232
1659637751 20802
1659637752 25173
1659637753 26589
1659637754 32099
1659637755 16007
1659637756 15990
1659637757 31971
1659637758 21096
1659637759 26872
1659637760 25961
1659637761 22018
1659637762 30211
1659637763 17766
1659637764 22179
1659637765 25223
1659637766 24082
1659637767 24507
1659637768 17644
1659637769 28427
1659637770 23845
1659637771 25405
1659637772 22279
1659637773 26412
1659637774 19875
1659637775 24469
1659637776 20620
1659637777 28255
1659637778 18758
1659637779 16006
1659637780 15989
1659637782 30873
1659637783 26523
1659637784 25689
1659637785 24778
1659637786 9343
1659637787 22958
1659637788 15837
1659637789 27047
1659637790 36799
1659637791 31995
1659637792 11494
1659637793 14964
1659637794 21541
1659637795 16002
1659637796 18779
1659637797 13212
1659637798 16005
1659637799 24911
1659637800 11613
1659637801 27463
1659637802 18828
1659637803 29158
1659637804 17677
1659637805 30316
1659637806 15997
1659637807 30705
1659637808 17286
1659637809 29024
1659637810 2966
1659637811 24704
1659637812 23277
1659637813 22346
1659637814 17449
1659637815 24983
1659637816 18080
1659637817 29993
1659637818 33174
1659637819 19774
1659637820 26964
1659637821 16005
1659637822 31993
1659637823 15997
1659637824 27377
1659637825 20672
1659637826 24275
1659637827 23692
1659637828 29535
1659637829 18446
1659637830 31984
1659637831 16014
1659637832 29316
1659637833 18690
1659637834 25989
1659637835 22000
1659637836 21055
1659637837 26952
1659637838 16006
1659637839 14663
1659637840 17344
1659637841 31997
1659637842 29786
1659637843 2233
1659637844 15990
1659637845 26882
1659637846 20712
1659637847 33191
1659637848 18157
1659637849 5247
1659637850 28973
1659637851 19236
1659637852 28737
1659637853 15988
1659637854 31994
1659637855 15988
1659637856 31995
1659637857 15991
1659637858 16349
1659637859 28495
1659637860 19144
1659637861 29693
1659637862 18285
1659637863 30128
1659637864 17862
1659637865 28271
1659637866 19720
1659637867 31997
1659637868 895
1659637869 25799
1659637870 37300
1659637871 4704
1659637872 28580
1659637873 17814
1659637874 28911
1659637875 31995
1659637876 16075
1659637877 11797
1659637878 27727
1659637879 40436
1659637880 15980
1659637881 32016
1659637882 16002
1659637883 29265
1659637884 18731
1659637885 25319
1659637886 22666
1659637887 28621
1659637888 19372
1659637889 16000
1659637890 22114
1659637891 20768
1659637892 27463
1659637893 21413
1659637894 20231
1659637895 15999
1659637896 15990
1659637897 19634
1659637898 12383
1659637899 13443
1659637900 32513
1659637901 4763
1659637902 29261
1659637903 32019
1659637904 15998
1659637905 16010
1659637906 31999
1659637907 16001
1659637908 35223
1659637909 28755
1659637910 20520
1659637911 27455
1659637912 21223
1659637913 26763
1659637914 18921
1659637915 29058
1659637916 22764
1659637917 13491
1659637918 24104
1659637919 20379
1659637920 15234
1659637921 23682
1659637922 24336
1659637923 15987
1659637924 29305
1659637925 18675
1659637926 24532
1659637927 11747
1659637928 11740
1659637929 16900
1659637930 40071
1659637931 8617
1659637932 29602
1659637933 32805
1659637934 12229
1659637935 19758
1659637936 28508
1659637937 19490
1659637938 24181
1659637939 23793
1659637940 17762
1659637941 24624
1659637942 28439
1659637943 16022
1659637944 25109
1659637945 16001
1659637946 20447
1659637947 27523
1659637948 15999
1659637949 16351
1659637950 20956
1659637951 26682
1659637952 18999
1659637953 28992
1659637954 21367
1659637955 26613
1659637956 17981
1659637957 29997
1659637958 16000
1659637959 30074
1659637960 2040
1659637961 22597
1659637962 40421
1659637963 1036
1659637964 28090
1659637965 35887
1659637966 2012
1659637967 28334
1659637968 19726
1659637969 26761
1659637970 35160
1659637971 18960
1659637972 28969
1659637973 17878
1659637974 29256
1659637975 27048
1659637976 21814
1659637977 23046
1659637978 23480
1659637979 21168
1659637980 23636
1659637981 20609
1659637982 17603
1659637983 25417
1659637984 20958
1659637985 15980
1659637986 31997
1659637987 15991
1659637988 16003
1659637989 26547
1659637990 21447
1659637991 14
1659637992 15999
1659637993 32012
1659637994 22240
1659637995 16400
1659637996 27933
1659637997 13407
1659637998 15999
1659637999 17079
1659638000 30907
1659638001 15999
1659638002 32014
1659638003 13843
1659638004 24778
1659638005 19407
1659638006 34422
1659638007 19558
1659638008 29226
1659638009 9301
1659638010 31397
1659638011 22635
1659638012 28631
1659638013 22776
1659638014 26671
1659638015 21324
1659638016 22199
1659638017 25800
1659638018 16031
1659638019 15994
1659638020 16002
1659638021 16641
1659638022 29781
1659638023 20074
1659638024 15997
1659638025 26645
1659638026 37317
1659638027 21193
1659638028 26796
1659638029 15988
1659638030 15987
1659638031 31987
1659638032 17427
1659638033 30582
1659638034 17922
1659638035 24190
1659638036 21890
1659638037 31987
1659638038 15995
1659638039 30113
1659638040 17882
1659638041 15476
1659638042 16519
1659638043 25546
1659638044 25044
1659638045 19386
1659638046 25984
1659638047 15990
1659638048 15997
1659638049 88
1659638050 18601
1659638051 18140
1659638052 29083
1659638053 14032
1659638054 3388
1659638055 28614
1659638056 17447
1659638057 32501
1659638058 30066
1659638059 6348
1659638060 26295
1659638061 31337
1659638062 32012
1659638063 15994
1659638064 30471
1659638065 17526
1659638066 22563
1659638067 25432
1659638068 15997
1659638069 23307
1659638070 24690
1659638071 23884
1659638072 25186
1659638073 27546
1659638074 19771
1659638075 26367
1659638076 23667
1659638077 29541
1659638078 16003
1659638079 7998
1659638080 32411
1659638081 23567
1659638082 16001
1659638083 32006
1659638084 15011
1659638085 20087
1659638086 31780
1659638087 29128
1659638088 18652
1659638089 29347
1659638090 16914
1659638091 31075
1659638092 15997
1659638093 31984
1659638094 15988
1659638095 31996
1659638096 15993
1659638097 15990
1659638098 15993
1659638099 21659
1659638100 26323
1659638101 15992
1659638102 16012
1659638103 20061
1659638104 27939
1659638105 15999
1659638106 31992
1659638107 15997
1659638108 31982
1659638109 15992
1659638110 14117
1659638111 16357
1659638112 22017
1659638113 31999
1659638114 6805
1659638115 25192
1659638116 12030
1659638117 25371
1659638118 11549
1659638119 28232
1659638120 34878
1659638121 28057
1659638122 19926
1659638123 31987
1659638124 16000
1659638125 27534
1659638126 18456
1659638127 22051
1659638128 22655
1659638129 27879
1659638130 9384
1659638131 26301
1659638132 21687
1659638133 23246
1659638134 24740
1659638135 22892
1659638136 15294
1659638137 25806
1659638138 15997
1659638139 16230
1659638140 16675
1659638141 16026
1659638142 32001
1659638143 16531
1659638144 15996
1659638145 24133
1659638146 38805
1659638147 14385
1659638148 10000
1659638149 20134
1659638150 23292
1659638151 36571
1659638152 16001
1659638153 25673
1659638154 22309
1659638155 16005
1659638156 31981
1659638157 15997
1659638158 19440
1659638159 22502
1659638160 26138
1659638161 20226
1659638162 27616
1659638163 12061
1659638164 32005
1659638165 15993
1659638166 31997
1659638167 16004
1659638168 16002
1659638169 31982
1659638170 16004
1659638171 13065
1659638172 19972
1659638173 30941
1659638174 16880
1659638175 15640
1659638176 32007
1659638177 29826
1659638178 18139
1659638179 25757
1659638180 22250
1659638181 23161
1659638182 24800
1659638183 16001
1659638184 19550
1659638185 28438
1659638186 21004
1659638187 26979
1659638188 19297
1659638189 14460
1659638190 30217
1659638191 22802
1659638192 25190
1659638193 21943
1659638194 20181
1659638195 21865
1659638196 16261
1659638197 21833
1659638198 25899
1659638199 16719
1659638200 15994
1659638201 26722
1659638202 26408
1659638203 21618
1659638204 31629
1659638205 354
1659638206 15998
1659638207 32021
1659638208 13260
1659638209 27820
1659638210 36226
1659638211 18657
1659638212 31997
1659638213 15995
1659638214 28886
1659638215 19132
1659638216 32007
1659638217 18938
1659638218 30147
1659638219 22110
1659638220 24824
1659638221 15996
1659638222 16007
1659638223 31992
1659638224 16629
1659638225 31335
1659638226 15991
1659638227 31978
1659638228 15997
1659638229 30703
1659638230 1497
1659638231 27606
1659638232 20382
1659638233 18391
1659638234 29589
1659638235 15990
1659638236 32008
1659638237 15993
1659638238 8329
1659638239 24360
1659638240 36222
1659638241 27102
1659638242 16000
1659638243 25739
1659638244 22254
1659638245 28200
1659638246 4635
1659638247 31180
1659638248 18092
1659638249 29869
1659638250 16073
1659638251 29174
1659638252 18750
1659638253 15997
1659638254 18983
1659638255 14736
1659638256 29549
1659638257 18207
1659638258 15562
1659638259 15997
1659638260 32006
1659638261 15995
1659638262 28510
1659638263 19481
1659638264 32000
1659638265 16012
1659638266 16010
1659638267 29672
1659638268 34336
1659638269 15986
1659638270 31841
1659638271 16128
1659638272 28764
1659638273 19223
1659638274 19994
1659638275 27986
1659638276 26850
1659638277 21140
1659638278 21951
1659638279 26011
1659638280 22198
1659638281 25811
1659638282 23594
1659638283 24396
1659638284 19036
1659638285 28939
1659638286 19679
1659638287 28333
1659638288 18111
1659638289 29877
1659638290 752
1659638291 31279
1659638292 20269
1659638293 32470
1659638294 31495
1659638295 14
1659638296 19559
1659638297 28449
1659638298 30858
1659638299 18184
1659638300 16699
1659638301 20158
1659638302 26055
1659638303 15992
1659638304 19756
1659638305 19401
1659638306 24837
1659638307 15995
1659638308 25650
1659638309 22331
1659638310 19723
1659638311 28243
1659638312 23013
1659638313 24979
1659638314 17032
1659638315 30954
1659638316 17314
1659638317 30671
1659638318 16071
1659638319 16212
1659638320 15998
1659638321 3462
1659638322 44534
1659638323 9
1659638324 31460
1659638325 20280
1659638326 38845
1659638327 21413
1659638328 16002
1659638329 31994
1659638330 15983
1659638331 26845
1659638332 21158
1659638333 21983
1659638334 15190
1659638335 26798
1659638336 24258
1659638337 23756
1659638338 16007
1659638339 29204
1659638340 18785
1659638341 24936
1659638342 23045
1659638343 17853
1659638344 30132
1659638345 21580
1659638346 26409
1659638347 18476
1659638348 17245
1659638349 22619
1659638350 41378
1659638351 9
1659638352 26999
1659638353 10700
1659638354 26390
1659638355 23773
1659638356 24256
1659638357 6470
1659638358 25511
1659638359 31976
1659638361 32005
1659638362 17498
1659638363 23145
1659638364 23337
1659638365 15998
1659638366 17278
1659638367 30720
1659638368 20110
1659638369 24314
1659638370 19577
1659638371 21916
1659638372 26058
1659638373 20536
1659638374 27460
1659638375 28068
1659638376 19919
1659638377 26158
1659638378 21819
1659638379 22186
1659638380 9798
1659638381 33688
1659638382 30287
1659638383 15996
1659638384 16007
1659638385 31984
1659638386 16008
1659638387 16007
1659638388 31992
1659638389 32001
1659638390 16004
1659638391 31994
1659638392 16003
1659638393 31987
1659638394 15996
1659638395 32018
1659638396 16012
1659638397 15988
1659638398 19860
1659638399 28131
1659638400 16007
1659638401 31991
1659638402 15999
1659638403 16001
1659638404 21998
1659638405 20463
1659638406 21539
1659638407 21875
1659638408 26137
1659638409 14
1659638410 19876
1659638411 42878
1659638412 16001
1659638413 22113
1659638414 25859
1659638415 9507
1659638416 22490
1659638417 22236
1659638418 29709
1659638419 34275
1659638420 15995
1659638421 31993
1659638422 15987
1659638423 23227
1659638424 24758
1659638425 21129
1659638426 25726
1659638427 17126
1659638428 31998
1659638431 22497
1659638432 25488
1659638433 15990
1659638434 31986
1659638435 16051
1659638436 31940
1659638437 15991
1659638438 28372
1659638439 3642
1659638440 15992
1659638441 36722
1659638442 15984
1659638443 32037
1659638444 15996
1659638445 16017
1659638446 21601
1659638447 26412
1659638448 31981
1659638449 25443
1659638450 15276
1659638451 24290
1659638452 30954
1659638453 15986
1659638454 31987
1659638455 16011
1659638456 31442
1659638457 16532
1659638458 15987
1659638459 15991
1659638460 32014
1659638461 15990
1659638462 32014
1659638463 6671
1659638464 25322
1659638465 21197
1659638466 26786
1659638467 21389
1659638468 26577
1659638469 2485
1659638470 29514
1659638471 24279
1659638472 7703
1659638473 28379
1659638474 19591
1659638475 31948
1659638476 19064
1659638477 14367
1659638478 30358
1659638479 15932
1659638480 15880
1659638481 31706
1659638482 15827
1659638483 15844
1659638484 15794
1659638485 15774
1659638486 22272
1659638487 16334
1659638488 23796
1659638489 15230
1659638490 15451
1659638491 18934
1659638492 26245
1659638493 14901
1659638494 29501
1659638495 14307
1659638496 20264
1659638497 22251
1659638498 13730
1659638499 13880
1659638500 13227
1659638501 13316
1659638502 21422
1659638503 12293
1659638504 28563
1659638505 16488
1659638506 16566
1659638507 16599
1659638508 33467
1659638509 9
1659638510 33667
1659638511 16035
1659638512 2455
1659638513 13709
1659638514 15824
1659638515 19076
1659638516 28910
1659638517 15994
1659638518 20134
1659638519 27846
1659638520 26694
1659638521 21292
1659638522 31980
1659638523 16002
1659638524 31990
1659638525 15999
1659638526 23669
1659638527 24317
1659638528 15996
1659638529 16002
1659638530 31987
1659638531 387
1659638532 25295
1659638533 38303
1659638534 9243
1659638535 38757
1659638536 31982
1659638537 15998
1659638538 15998
1659638539 15994
1659638540 15992
1659638541 15995
1659638542 31984
1659638543 15993
1659638544 16011
1659638545 31973
1659638546 15993
1659638547 21588
1659638548 26402
1659638549 15997
1659638550 31983
1659638551 15994
1659638552 15996
1659638553 29848
1659638554 18146
1659638555 31984
1659638556 18534
1659638557 28117
1659638558 17334
1659638559 16006
1659638560 31984
1659638561 27035
1659638562 5147
1659638563 15992
1659638564 31986
1659638565 15995
1659638566 16000
1659638567 15995
1659638568 31264
1659638569 32719
1659638570 15991
1659638571 31995
1659638572 21385
1659638573 26601
1659638574 15995
1659638575 19805
1659638576 28179
1659638577 20282
1659638578 27705
1659638579 18278
1659638580 29700
1659638581 15989
1659638582 15998
1659638583 31975
1659638584 15997
1659638585 31991
1659638586 15997
1659638587 31997
1659638588 15995
1659638589 15992
1659638590 15994
1659638591 16009
1659638592 31985
1659638593 31989
1659638594 6
1659638595 15996
1659638596 43462
1659638597 20523
1659638598 1632
1659638599 46358
1659638600 16009
1659638601 15993
1659638602 33223
1659638603 30750
1659638604 15992
1659638605 26095
1659638606 21890
1659638607 24606
1659638608 23378
1659638609 18442
1659638610 27390
1659638611 18150
1659638612 15993
1659638613 15996
1659638614 15999
1659638615 15996
1659638616 31990
1659638617 15998
1659638618 11
1659638619 16004
1659638620 18933
1659638621 13057
1659638622 15991
1659638623 14
1659638624 47840
1659638625 16152
1659638626 15996
1659638627 31984
1659638628 13
1659638629 27053
1659638630 36923
1659638631 22125
1659638632 25862
1659638633 31656
1659638634 16327
1659638635 28967
1659638636 19026
1659638637 31988
1659638638 15998
1659638639 31986
1659638640 15994
1659638641 29804
1659638642 18178
1659638643 15992
1659638644 15993
1659638645 24158
1659638646 23829
1659638647 27913
1659638648 20068
1659638649 15998
1659638650 16003
1659638651 17149
1659638652 14854
1659638653 24457
1659638654 37674
1659638655 1845
1659638656 28452
1659638657 27650
1659638658 31988
1659638659 22202
1659638660 25784
1659638661 15992
1659638662 20095
1659638663 27894
1659638664 15995
1659638665 31987
1659638666 15992
1659638667 15993
1659638668 31996
1659638669 15992
1659638670 15996
1659638671 17991
1659638672 14001
1659638673 22978
1659638674 24999
1659638675 16000
1659638676 26575
1659638677 21408
1659638678 9
1659638679 24805
1659638680 39166
1659638681 13
1659638682 47986
1659638683 14
1659638684 20181
1659638685 43805
1659638686 2304
1659638687 29697
1659638688 41983
1659638689 22007
1659638690 31989
1659638691 15994
1659638692 31983
1659638693 15996
1659638694 23881
1659638695 24102
1659638696 31988
1659638697 19237
1659638698 12747
1659638699 15996
1659638700 17515
1659638701 30473
1659638702 21248
1659638703 26743
1659638704 20788
1659638705 18862
1659638706 24332
1659638707 29478
1659638708 18491
1659638709 14
1659638710 17843
1659638711 43039
1659638712 19089
1659638713 3935
1659638714 44057
1659638715 16010
1659638716 15792
1659638717 32182
1659638718 4
1659638719 15997
1659638720 40709
1659638721 13611
1659638722 25651
1659638723 15996
1659638724 17110
1659638725 30871
1659638726 21853
1659638727 26137
1659638728 31991
1659638729 15990
1659638730 24294
1659638731 11576
1659638732 28111
1659638733 31319
1659638734 16662
1659638735 31990
1659638736 15996
1659638738 29012
1659638739 2996
1659638740 15992
1659638741 39993
1659638742 23984
1659638743 6811
1659638744 12912
1659638745 42031
1659638746 18229
1659638747 11175
1659638748 34036
1659638749 28267
1659638750 19722
1659638751 15996
1659638752 31996
1659638753 15992
1659638754 16497
1659638755 31490
1659638756 19758
1659638757 28218
1659638758 19456
1659638759 28522
1659638760 19814
1659638761 28179
1659638762 17809
1659638763 30174
1659638764 15988
1659638765 21233
1659638766 26763
1659638767 31992
1659638768 9
1659638769 31995
1659638770 15996
1659638771 15996
1659638772 9
1659638773 15993
1659638774 15996
1659638775 17512
1659638776 30486
1659638777 15996
1659638778 31993
1659638779 31992
1659638780 15992
1659638781 20996
1659638782 26984
1659638783 15996
1659638785 31993
1659638786 15991
1659638787 21295
1659638788 26693
1659638789 15995
1659638790 16303
1659638791 31676
1659638792 15995
1659638793 31994
1659638794 15996
1659638795 24463
1659638796 23524
1659638797 23992
1659638798 23999
1659638799 11485
1659638800 33997
1659638801 15996
1659638802 31987
1659638803 15988
1659638804 15994
1659638805 16005
1659638806 31988
1659638807 16004
1659638808 16001
1659638809 47979
1659638812 20590
1659638813 27396
1659638814 15990
1659638815 31992
1659638816 15994
1659638817 31988
1659638818 15994
1659638819 31990
1659638820 15992
1659638821 22715
1659638822 15171
1659638823 26092
1659638824 15995
1659638825 15983
1659638826 28060
1659638827 19929
1659638828 15995
1659638829 16006
1659638830 1288
1659638831 20735
1659638832 25975
1659638833 21499
1659638834 26487
1659638835 15998
1659638836 16005
1659638837 31990
1659638838 15992
1659638839 16002
1659638840 21807
1659638841 42168
1659638842 15996
1659638843 31989
1659638844 10513
1659638845 21478
1659638846 15991
1659638847 31992
1659638848 20392
1659638849 26146
1659638850 17442
1659638851 15999
1659638852 31983
1659638853 15995
1659638854 31993
1659638855 4190
1659638856 11802
1659638857 15994
1659638858 4086


#add2bulk
1659637178 45134
1659637179 103
1659637180 8591
1659637183 25243
1659637184 25244
1659637185 11796
1659637186 13451
1659637187 12623
1659637188 21914
1659637189 15590
1659637190 12392
1659637191 12389
1659637192 12301
1659637193 24480
1659637194 12174
1659637195 12170
1659637196 20605
1659637197 15843
1659637198 17182
1659637199 16569
1659637200 14600
1659637201 12870
1659637202 23291
1659637203 12047
1659637204 14966
1659637205 21157
1659637206 12034
1659637207 20565
1659637208 9279
1659637209 6268
1659637210 12015
1659637211 20940
1659637212 19782
1659637213 16234
1659637214 20594
1659637215 921
1659637216 12008
1659637217 31733
1659637218 16295
1659637219 12001
1659637220 12009
1659637221 24014
1659637222 11232
1659637223 12773
1659637224 12006
1659637225 21002
1659637226 15002
1659637227 11999
1659637228 12092
1659637229 14372
1659637230 21532
1659637231 11999
1659637232 18643
1659637233 17353
1659637234 12001
1659637235 19250
1659637236 16742
1659637237 11997
1659637238 11998
1659637239 11998
1659637240 12001
1659637241 3371
1659637242 20623
1659637243 23993
1659637244 12006
1659637245 3395
1659637246 24474
1659637247 27249
1659637248 4872
1659637249 11996
1659637250 11997
1659637251 25886
1659637252 22098
1659637253 11598
1659637254 20228
1659637255 11828
1659637256 28323
1659637257 5063
1659637258 18929
1659637259 21179
1659637260 17585
1659637261 21218
1659637262 16703
1659637263 15733
1659637264 16109
1659637265 20929
1659637266 14500
1659637267 19252
1659637268 14313
1659637269 9782
1659637270 23991
1659637271 9
1659637272 21932
1659637273 26051
1659637274 11318
1659637275 15491
1659637276 21184
1659637277 9
1659637278 23759
1659637279 24224
1659637280 11995
1659637281 23992
1659637282 14690
1659637283 21298
1659637284 11996
1659637285 19515
1659637286 16473
1659637287 17967
1659637288 18023
1659637289 11996
1659637290 23992
1659637291 11996
1659637292 19554
1659637293 14106
1659637294 14325
1659637295 11996
1659637296 22807
1659637297 13182
1659637298 13232
1659637299 10990
1659637300 11996
1659637301 26600
1659637302 21384
1659637303 735
1659637304 16988
1659637305 30995
1659637306 12005
1659637307 11991
1659637308 12808
1659637309 31138
1659637310 16040
1659637311 18048
1659637312 17940
1659637313 11996
1659637314 22992
1659637315 12996
1659637316 23992
1659637317 11995
1659637318 23992
1659637319 11996
1659637320 17990
1659637321 17999
1659637322 21619
1659637323 14369
1659637324 18046
1659637325 17942
1659637326 11997
1659637327 20171
1659637328 4190
1659637329 11996
1659637330 21045
1659637331 16233
1659637332 23885
1659637333 12101
1659637334 15817
1659637335 20171
1659637336 15343
1659637337 20646
1659637338 11996
1659637339 23993
1659637340 11996
1659637341 11996
1659637342 23992
1659637343 4232
1659637344 20002
1659637345 12003
1659637346 23744
1659637347 11996
1659637348 23993
1659637349 13176
1659637350 22812
1659637351 17016
1659637352 18972
1659637353 13854
1659637354 22135
1659637355 13356
1659637356 22632
1659637357 11996
1659637358 11996
1659637359 23085
1659637360 915
1659637361 26812
1659637362 9183
1659637363 19740
1659637364 11996
1659637365 16028
1659637366 19959
1659637367 5169
1659637368 19583
1659637369 28002
1659637370 19981
1659637371 11996
1659637372 23994
1659637373 11996
1659637374 23992
1659637375 11126
1659637376 16157
1659637377 20700
1659637378 11996
1659637379 18869
1659637380 17119
1659637381 11996
1659637382 23992
1659637383 11996
1659637384 23993
1659637385 11996
1659637386 19182
1659637387 16806
1659637388 23191
1659637389 809
1659637390 11996
1659637391 29014
1659637392 6991
1659637393 23172
1659637394 11996
1659637395 6803
1659637396 15025
1659637397 14159
1659637398 11996
1659637399 23991
1659637400 11996
1659637401 23992
1659637402 11996
1659637403 23991
1659637404 11996
1659637405 23992
1659637406 11996
1659637407 23992
1659637408 11996
1659637409 23991
1659637410 11996
1659637411 23992
1659637412 11996
1659637413 23992
1659637414 11996
1659637415 19538
1659637416 16451
1659637417 22532
1659637418 13456
1659637419 12005
1659637420 11996
1659637421 23992
1659637422 11996
1659637423 2974
1659637424 33015
1659637425 3125
1659637426 23557
1659637427 18977
1659637428 15590
1659637429 20397
1659637430 15783
1659637431 20205
1659637432 19391
1659637433 16596
1659637434 11996
1659637435 23992
1659637436 11995
1659637437 23992
1659637438 15839
1659637439 20148
1659637440 11996
1659637441 23992
1659637442 11996
1659637443 11996
1659637444 15951
1659637445 11202
1659637446 20831
1659637447 11995
1659637448 23992
1659637449 81
1659637450 35987
1659637451 12005
1659637452 11996
1659637453 23991
1659637454 9148
1659637455 14853
1659637456 23991
1659637457 11999
1659637458 11996
1659637459 11996
1659637460 5472
1659637461 30515
1659637462 11996
1659637463 23991
1659637464 11997
1659637465 23992
1659637466 11996
1659637467 23992
1659637468 11996
1659637469 23992
1659637470 11995
1659637471 13986
1659637472 22003
1659637473 11996
1659637474 23992
1659637475 11996
1659637476 14302
1659637477 18554
1659637478 13314
1659637479 15695
1659637480 20293
1659637481 12527
1659637482 3362
1659637483 32624
1659637484 1875
1659637485 23449
1659637486 17668
1659637487 13596
1659637488 23593
1659637489 12396
1659637490 20839
1659637491 15149
1659637492 14794
1659637493 9198
1659637494 23992
1659637495 11996
1659637496 11996
1659637497 23992
1659637498 11996
1659637499 23992
1659637500 11997
1659637501 21486
1659637502 14503
1659637503 22630
1659637504 13357
1659637505 12874
1659637506 21378
1659637507 16814
1659637508 20757
1659637509 6266
1659637510 30233
1659637511 9
1659637512 12853
1659637513 34450
1659637514 706
1659637515 23992
1659637516 23991
1659637517 11996
1659637518 11996
1659637519 18448
1659637520 18415
1659637521 23117
1659637522 14938
1659637523 21050
1659637524 11995
1659637525 11995
1659637526 22811
1659637527 13177
1659637528 23991
1659637529 13308
1659637530 22680
1659637531 11996
1659637532 23992
1659637533 11996
1659637534 21989
1659637535 14000
1659637536 15195
1659637537 20793
1659637538 23370
1659637539 1195
1659637540 29661
1659637541 11996
1659637542 12822
1659637543 23164
1659637544 10
1659637545 1587
1659637546 34399
1659637547 11996
1659637548 9
1659637549 30954
1659637550 17030
1659637551 11996
1659637552 23992
1659637553 11996
1659637554 23992
1659637555 11996
1659637556 23992
1659637557 11996
1659637558 23992
1659637559 11996
1659637560 23992
1659637561 11995
1659637562 23992
1659637563 11996
1659637564 23992
1659637565 11996
1659637566 23991
1659637567 11996
1659637568 23992
1659637569 6
1659637570 29974
1659637571 18009
1659637572 1318
1659637573 34674
1659637574 11997
1659637575 3775
1659637576 32220
1659637577 2665
1659637578 21336
1659637579 23991
1659637580 23992
1659637582 23378
1659637583 12610
1659637584 19429
1659637585 16559
1659637586 21234
1659637587 14754
1659637588 16971
1659637589 19018
1659637590 11996
1659637591 23992
1659637592 11996
1659637593 19019
1659637594 11635
1659637595 7596
1659637596 21730
1659637597 11996
1659637598 87
1659637599 23991
1659637600 10629
1659637601 13363
1659637602 11024
1659637603 24972
1659637604 6892
1659637605 16585
1659637606 24511
1659637607 11996
1659637608 3
1659637609 23992
1659637610 24353
1659637611 23630
1659637612 13263
1659637613 20369
1659637614 14352
1659637615 23992
1659637616 11996
1659637617 23991
1659637618 11996
1659637619 23992
1659637620 11996
1659637621 23992
1659637622 11996
1659637623 23993
1659637624 11997
1659637625 13823
1659637626 19655
1659637627 15205
1659637628 17840
1659637629 6187
1659637630 29555
1659637631 18129
1659637632 222
1659637633 33778
1659637634 9135
1659637635 28851
1659637636 11996
1659637637 23992
1659637638 11996
1659637639 23992
1659637640 11996
1659637641 21556
1659637642 14431
1659637643 12018
1659637644 23970
1659637645 11996
1659637646 17558
1659637647 18429
1659637648 18974
1659637649 17015
1659637650 19104
1659637651 16884
1659637652 22675
1659637653 13312
1659637654 23552
1659637655 11597
1659637656 13194
1659637657 23633
1659637658 12107
1659637659 11996
1659637660 16424
1659637661 23867
1659637662 7701
1659637663 14644
1659637664 28949
1659637665 16386
1659637666 15356
1659637667 8717
1659637668 23991
1659637669 15109
1659637670 9310
1659637671 23565
1659637672 13941
1659637673 22047
1659637674 11996
1659637675 23992
1659637676 11996
1659637677 23993
1659637678 11996
1659637679 23992
1659637680 11995
1659637681 10953
1659637682 16692
1659637683 20340
1659637684 17143
1659637685 18844
1659637686 11996
1659637687 11996
1659637688 3063
1659637689 32933
1659637690 4236
1659637691 19772
1659637692 8070
1659637693 16728
1659637694 23992
1659637695 11996
1659637696 11997
1659637697 20472
1659637698 15517
1659637699 14055
1659637700 21932
1659637701 11996
1659637702 23991
1659637703 11997
1659637704 23991
1659637705 11996
1659637706 23992
1659637707 11996
1659637708 23992
1659637709 11996
1659637710 23991
1659637711 11996
1659637712 23299
1659637713 12689
1659637714 23993
1659637715 11993
1659637716 11998
1659637717 23992
1659637718 11996
1659637719 12111
1659637720 11892
1659637721 18164
1659637722 29820
1659637723 2626
1659637724 21385
1659637725 23991
1659637726 23993
1659637727 11996
1659637728 23495
1659637729 12492
1659637730 23992
1659637731 6108
1659637732 17884
1659637733 11996
1659637734 22756
1659637735 13232
1659637736 21991
1659637737 13996
1659637738 18970
1659637739 17019
1659637740 19573
1659637741 16415
1659637742 15619
1659637743 20370
1659637744 11996
1659637745 13333
1659637746 22196
1659637747 12456
1659637748 12005
1659637749 8552
1659637750 17314
1659637751 16682
1659637752 23306
1659637753 16097
1659637754 22388
1659637755 12006
1659637756 11996
1659637757 23990
1659637758 23992
1659637759 11996
1659637760 23992
1659637761 11996
1659637762 23992
1659637763 11997
1659637764 23992
1659637765 11996
1659637766 22992
1659637767 12996
1659637768 17876
1659637769 18112
1659637770 16424
1659637771 19564
1659637772 18264
1659637773 17725
1659637774 17564
1659637775 17225
1659637776 17015
1659637777 20172
1659637778 11996
1659637779 12005
1659637780 11996
1659637782 27469
1659637783 17434
1659637784 22890
1659637785 13103
1659637786 12005
1659637787 23992
1659637788 1215
1659637789 22786
1659637790 23991
1659637791 23993
1659637792 11996
1659637793 11926
1659637794 12065
1659637795 11996
1659637796 17280
1659637797 6712
1659637798 11996
1659637799 23992
1659637800 5546
1659637801 18446
1659637802 18758
1659637803 17230
1659637804 16697
1659637805 19291
1659637806 11996
1659637807 23993
1659637808 11996
1659637809 23992
1659637810 2
1659637811 20375
1659637812 15616
1659637813 21107
1659637814 11111
1659637815 16383
1659637816 14332
1659637817 33651
1659637818 15919
1659637819 14610
1659637820 17455
1659637821 12495
1659637822 23493
1659637823 11996
1659637824 23992
1659637825 12396
1659637826 23585
1659637827 12005
1659637828 23992
1659637829 11996
1659637830 23992
1659637831 11996
1659637832 23993
1659637833 11995
1659637834 23992
1659637835 11995
1659637836 18764
1659637837 17224
1659637838 12005
1659637839 14051
1659637840 9948
1659637841 23990
1659637842 23992
1659637843 9
1659637844 11995
1659637845 21050
1659637846 14638
1659637847 28193
1659637848 11996
1659637849 9728
1659637850 14264
1659637851 16472
1659637852 19516
1659637853 11996
1659637854 23992
1659637855 11996
1659637856 23991
1659637857 11997
1659637858 13264
1659637859 22723
1659637860 11996
1659637861 23992
1659637862 11996
1659637863 23992
1659637864 11997
1659637865 23992
1659637866 11996
1659637867 23991
1659637868 1755
1659637869 26450
1659637870 19780
1659637871 9395
1659637872 26600
1659637873 3682
1659637874 20320
1659637875 23991
1659637876 12048
1659637877 11996
1659637878 25652
1659637879 22331
1659637880 11996
1659637881 23992
1659637882 11995
1659637883 23992
1659637884 11996
1659637885 23992
1659637886 11996
1659637887 23992
1659637888 11996
1659637889 11996
1659637890 21372
1659637891 14615
1659637892 18521
1659637893 17468
1659637894 11996
1659637895 11996
1659637896 11996
1659637897 18921
1659637898 5080
1659637899 11996
1659637900 23990
1659637901 4322
1659637902 19675
1659637903 23990
1659637904 12005
1659637905 11996
1659637906 23993
1659637907 11996
1659637908 29159
1659637909 18825
1659637910 17822
1659637911 18167
1659637912 18322
1659637913 17665
1659637914 16021
1659637915 19968
1659637916 22537
1659637917 6085
1659637918 19362
1659637919 14092
1659637920 9900
1659637921 23484
1659637922 12503
1659637923 11995
1659637924 23993
1659637925 11996
1659637926 23992
1659637927 9245
1659637928 2760
1659637929 14520
1659637930 33462
1659637931 1511
1659637932 34484
1659637933 11996
1659637934 11995
1659637935 11996
1659637936 23991
1659637937 11996
1659637938 23671
1659637939 12317
1659637940 15701
1659637941 20287
1659637942 17187
1659637943 14380
1659637944 16416
1659637945 11996
1659637946 17107
1659637947 18881
1659637948 11996
1659637949 14487
1659637950 13626
1659637951 19871
1659637952 16723
1659637953 19265
1659637954 17635
1659637955 18353
1659637956 16841
1659637957 19146
1659637958 11996
1659637959 23992
1659637960 93
1659637961 24502
1659637962 23481
1659637963 51
1659637964 33441
1659637965 14542
1659637966 2866
1659637967 33128
1659637968 4460
1659637969 19537
1659637970 23991
1659637971 19187
1659637972 16801
1659637973 14403
1659637974 21585
1659637975 23992
1659637976 11996
1659637977 22757
1659637978 13231
1659637979 19778
1659637980 16210
1659637981 11996
1659637982 17674
1659637983 18315
1659637984 11996
1659637985 11996
1659637986 23992
1659637987 11996
1659637988 12006
1659637989 23991
1659637990 11996
1659637991 10
1659637992 12726
1659637993 23266
1659637994 23990
1659637995 7662
1659637996 19475
1659637997 8859
1659637998 11996
1659637999 13320
1659638000 22668
1659638001 11996
1659638002 23992
1659638003 11996
1659638004 19349
1659638005 14472
1659638006 25038
1659638007 13117
1659638008 23991
1659638009 10094
1659638010 20672
1659638011 17218
1659638012 20461
1659638013 15527
1659638014 23548
1659638015 12440
1659638016 18476
1659638017 17512
1659638018 11996
1659638019 11996
1659638020 12005
1659638021 12478
1659638022 25388
1659638023 11996
1659638024 12001
1659638025 29267
1659638026 18715
1659638027 17898
1659638028 18089
1659638029 11996
1659638030 11996
1659638031 23992
1659638032 14344
1659638033 21643
1659638034 16079
1659638035 19100
1659638036 12804
1659638037 23991
1659638038 11995
1659638039 23992
1659638040 11996
1659638041 11996
1659638042 11996
1659638043 21564
1659638044 17176
1659638045 20999
1659638046 12237
1659638047 11996
1659638048 11996
1659638049 2704
1659638050 14601
1659638051 16300
1659638052 16565
1659638053 9818
1659638054 7195
1659638055 16806
1659638056 14355
1659638057 32827
1659638058 12807
1659638059 8882
1659638060 17215
1659638061 21886
1659638062 23991
1659638063 11996
1659638064 23991
1659638065 11996
1659638066 19446
1659638067 16543
1659638068 11995
1659638069 23990
1659638070 13336
1659638071 22654
1659638072 13487
1659638073 22501
1659638074 12523
1659638075 23465
1659638076 14803
1659638077 21185
1659638078 12001
1659638079 9529
1659638080 26457
1659638081 12005
1659638082 11996
1659638083 24000
1659638084 23034
1659638085 9132
1659638086 22390
1659638087 17420
1659638088 15430
1659638089 20557
1659638090 13041
1659638091 22947
1659638092 11995
1659638093 23991
1659638094 11996
1659638095 23991
1659638096 11996
1659638097 11996
1659638098 11996
1659638099 19736
1659638100 16252
1659638101 11996
1659638102 11996
1659638103 19102
1659638104 16885
1659638105 11996
1659638106 23992
1659638107 11996
1659638108 23991
1659638109 11996
1659638110 12042
1659638111 15340
1659638112 11996
1659638113 23990
1659638114 11690
1659638115 12302
1659638116 12003
1659638117 23991
1659638118 2284
1659638119 21717
1659638120 23991
1659638121 23992
1659638122 11996
1659638123 23992
1659638124 11996
1659638125 23992
1659638126 11995
1659638127 22500
1659638128 13488
1659638129 23992
1659638131 23992
1659638132 11996
1659638133 22342
1659638134 13646
1659638135 19413
1659638136 11506
1659638137 17065
1659638138 11996
1659638139 15552
1659638140 9126
1659638141 11996
1659638142 24751
1659638143 11647
1659638144 11996
1659638145 18675
1659638146 30987
1659638147 8862
1659638148 6960
1659638149 19058
1659638150 20919
1659638151 20001
1659638152 11996
1659638153 23247
1659638154 12739
1659638155 11996
1659638156 23991
1659638157 11997
1659638158 18106
1659638159 17882
1659638160 23790
1659638161 12197
1659638162 17297
1659638163 6696
1659638164 23992
1659638165 11996
1659638166 23992
1659638167 11996
1659638168 12006
1659638169 23990
1659638170 12005
1659638171 11996
1659638172 16089
1659638173 19902
1659638174 20419
1659638175 3953
1659638176 23990
1659638177 23991
1659638178 11996
1659638179 23991
1659638180 11996
1659638181 21136
1659638182 14852
1659638183 11996
1659638184 17908
1659638185 18079
1659638186 15830
1659638187 20158
1659638188 20132
1659638189 6682
1659638190 21169
1659638191 20528
1659638192 15460
1659638193 19879
1659638194 16109
1659638195 11996
1659638196 12221
1659638197 23591
1659638198 12467
1659638199 12243
1659638200 11996
1659638201 20039
1659638202 23991
1659638203 11995
1659638204 23992
1659638205 9
1659638206 11995
1659638207 24019
1659638208 11997
1659638209 19051
1659638210 28933
1659638211 11995
1659638212 23992
1659638213 11996
1659638214 23992
1659638215 11996
1659638216 23991
1659638217 15716
1659638218 21439
1659638219 18124
1659638220 16698
1659638221 11996
1659638222 11996
1659638223 23992
1659638224 13135
1659638225 22853
1659638226 11997
1659638227 23992
1659638228 11997
1659638229 23993
1659638230 159
1659638231 35985
1659638232 9
1659638233 17174
1659638234 18815
1659638235 11996
1659638236 23991
1659638237 11996
1659638238 12005
1659638239 14583
1659638240 29251
1659638241 16145
1659638242 11996
1659638243 22219
1659638244 13769
1659638245 23992
1659638246 1546
1659638247 22446
1659638248 15373
1659638249 20615
1659638250 12896
1659638251 23091
1659638252 11996
1659638253 11995
1659638254 21635
1659638255 4749
1659638256 21600
1659638257 16615
1659638258 8154
1659638259 11995
1659638260 23993
1659638261 11996
1659638262 32750
1659638263 3247
1659638264 25250
1659638265 10746
1659638266 11996
1659638267 28248
1659638268 19734
1659638269 11996
1659638270 23992
1659638271 11996
1659638272 23992
1659638273 11997
1659638274 23992
1659638275 11996
1659638276 23993
1659638277 11996
1659638278 21550
1659638279 14438
1659638280 18871
1659638281 17117
1659638282 21941
1659638283 14046
1659638284 14524
1659638285 21464
1659638286 15513
1659638287 20473
1659638288 15810
1659638289 20178
1659638290 1013
1659638291 26225
1659638292 11996
1659638293 25635
1659638294 22347
1659638295 10
1659638296 18868
1659638297 17122
1659638298 23992
1659638299 13462
1659638300 12166
1659638301 19221
1659638302 15131
1659638303 11996
1659638304 23991
1659638305 11995
1659638306 11996
1659638307 11996
1659638308 19499
1659638309 16489
1659638310 17172
1659638311 18815
1659638312 21636
1659638313 14351
1659638314 13920
1659638315 22068
1659638316 15704
1659638317 20284
1659638318 14978
1659638319 9233
1659638320 11996
1659638321 8169
1659638322 27818
1659638323 44
1659638324 35952
1659638325 5918
1659638326 30073
1659638327 11995
1659638328 11996
1659638329 23992
1659638330 11996
1659638331 23992
1659638332 11996
1659638333 23760
1659638334 9885
1659638335 14338
1659638336 22414
1659638337 13574
1659638338 11996
1659638339 23992
1659638340 11996
1659638341 23991
1659638342 11996
1659638343 18407
1659638344 17581
1659638345 18868
1659638346 17120
1659638347 14794
1659638348 12011
1659638349 22558
1659638350 25425
1659638351 9
1659638352 22786
1659638353 12907
1659638354 12371
1659638355 23989
1659638356 12009
1659638357 10321
1659638358 13671
1659638359 23991
1659638361 23992
1659638362 13574
1659638363 22413
1659638364 11996
1659638365 11996
1659638366 15143
1659638367 20845
1659638368 17467
1659638369 18521
1659638370 11996
1659638371 23992
1659638372 11995
1659638373 22113
1659638374 13876
1659638375 22777
1659638376 13211
1659638377 23991
1659638378 11996
1659638379 22397
1659638380 1604
1659638381 34786
1659638382 13196
1659638383 12000
1659638384 12001
1659638385 23990
1659638386 12005
1659638387 12004
1659638388 23991
1659638389 23992
1659638390 11996
1659638391 23992
1659638392 11997
1659638393 23992
1659638394 11996
1659638395 23992
1659638396 11996
1659638397 11995
1659638398 19705
1659638399 16283
1659638400 11996
1659638401 23992
1659638402 11996
1659638403 11996
1659638404 23425
1659638405 12563
1659638406 11996
1659638407 23988
1659638408 11998
1659638409 10
1659638410 17134
1659638411 29941
1659638412 11996
1659638413 21397
1659638414 14590
1659638415 12005
1659638416 11996
1659638417 16680
1659638418 23993
1659638419 23991
1659638420 11996
1659638421 23992
1659638422 11996
1659638423 21602
1659638424 14386
1659638425 19616
1659638426 16372
1659638427 11996
1659638428 23992
1659638431 23351
1659638432 12637
1659638433 11996
1659638434 23992
1659638435 12138
1659638436 23850
1659638437 11996
1659638438 23991
1659638439 10
1659638440 11996
1659638441 27539
1659638442 11996
1659638443 23991
1659638444 11996
1659638445 12008
1659638446 20641
1659638447 15355
1659638448 23991
1659638449 23993
1659638450 11996
1659638451 13498
1659638452 22490
1659638453 11995
1659638454 23992
1659638455 11996
1659638456 23992
1659638457 11996
1659638458 11996
1659638459 11996
1659638460 23992
1659638461 11997
1659638462 23992
1659638463 11997
1659638464 11996
1659638465 23253
1659638466 12735
1659638467 19217
1659638468 16771
1659638469 3607
1659638470 20402
1659638471 21301
1659638472 2698
1659638473 23999
1659638474 11997
1659638475 23994
1659638476 14485
1659638477 11424
1659638478 22078
1659638479 11999
1659638480 11998
1659638481 24000
1659638482 12000
1659638483 12004
1659638484 12003
1659638485 12005
1659638486 20970
1659638487 15072
1659638488 12017
1659638489 12013
1659638490 12026
1659638491 15432
1659638492 20683
1659638493 12041
1659638494 24124
1659638495 12088
1659638496 21773
1659638497 14534
1659638498 12169
1659638499 12176
1659638500 12185
1659638501 12218
1659638502 20841
1659638503 12293
1659638504 24637
1659638505 12368
1659638506 12422
1659638507 12451
1659638508 25099
1659638509 9
1659638510 25252
1659638511 12027
1659638512 3827
1659638513 8577
1659638514 11588
1659638515 18317
1659638516 17671
1659638517 11996
1659638518 19390
1659638519 16598
1659638520 22973
1659638521 13015
1659638522 23992
1659638523 11996
1659638524 23992
1659638525 11996
1659638526 23154
1659638527 12835
1659638528 11996
1659638529 12005
1659638530 23991
1659638531 669
1659638532 27255
1659638533 20067
1659638534 11613
1659638535 24387
1659638536 23992
1659638537 11997
1659638538 11996
1659638539 11996
1659638540 11996
1659638541 11996
1659638542 23991
1659638543 11996
1659638544 13969
1659638545 22019
1659638546 11996
1659638547 19785
1659638548 16203
1659638549 11996
1659638550 23992
1659638551 11996
1659638552 11996
1659638553 23992
1659638554 11996
1659638555 23992
1659638556 16566
1659638557 19422
1659638558 11996
1659638559 12005
1659638560 23991
1659638561 23992
1659638562 140
1659638563 11996
1659638564 23991
1659638565 11996
1659638566 12000
1659638567 11996
1659638568 28200
1659638569 19789
1659638570 11996
1659638571 23992
1659638572 19447
1659638573 16541
1659638574 11996
1659638575 17569
1659638576 18419
1659638577 21438
1659638578 14550
1659638579 17145
1659638580 18843
1659638581 11996
1659638582 11996
1659638583 23992
1659638584 11997
1659638585 23992
1659638586 11996
1659638587 23992
1659638588 11995
1659638589 11996
1659638590 11996
1659638591 12005
1659638592 23991
1659638593 23993
1659638594 6
1659638595 11997
1659638596 35987
1659638597 11996
1659638598 4593
1659638599 31404
1659638600 12005
1659638601 11997
1659638602 26604
1659638603 21379
1659638604 11996
1659638605 23994
1659638606 11996
1659638607 21834
1659638608 14154
1659638609 14002
1659638610 21986
1659638611 11996
1659638612 11997
1659638613 11996
1659638614 11996
1659638615 11996
1659638616 23993
1659638617 11996
1659638618 7
1659638619 11996
1659638620 19320
1659638621 4671
1659638622 11996
1659638623 10
1659638624 35987
1659638625 12005
1659638626 11996
1659638627 23991
1659638628 9
1659638629 33385
1659638630 14598
1659638631 22417
1659638632 13571
1659638633 23992
1659638634 11996
1659638635 23992
1659638636 11996
1659638637 23993
1659638638 11996
1659638639 23992
1659638640 11996
1659638641 23992
1659638642 11996
1659638643 11996
1659638644 11996
1659638645 23993
1659638646 11996
1659638647 23992
1659638648 11996
1659638649 11996
1659638650 11999
1659638651 16396
1659638652 7605
1659638653 32687
1659638654 15296
1659638655 2
1659638656 28957
1659638657 13116
1659638658 23992
1659638659 22178
1659638660 13810
1659638661 11996
1659638662 17930
1659638663 18058
1659638664 11996
1659638665 23992
1659638666 11996
1659638667 11997
1659638668 23992
1659638669 11996
1659638670 11996
1659638671 15753
1659638672 8245
1659638673 21809
1659638674 14175
1659638675 11996
1659638676 23992
1659638677 11996
1659638678 9
1659638679 31366
1659638680 16617
1659638681 9
1659638682 35988
1659638683 10
1659638684 23917
1659638685 24068
1659638686 6702
1659638687 17299
1659638688 35988
1659638689 11996
1659638690 23992
1659638691 11996
1659638692 23993
1659638693 11996
1659638694 21903
1659638695 14085
1659638696 23992
1659638697 18409
1659638698 5583
1659638699 11996
1659638700 17029
1659638701 18960
1659638702 21206
1659638703 14782
1659638704 21078
1659638705 13728
1659638706 13179
1659638707 23991
1659638708 11996
1659638709 10
1659638710 14867
1659638711 33114
1659638712 11996
1659638713 7614
1659638714 28382
1659638715 12006
1659638716 11996
1659638717 23991
1659638718 4
1659638719 11997
1659638720 34126
1659638721 10535
1659638722 15317
1659638723 11996
1659638724 15536
1659638725 20452
1659638726 17837
1659638727 18151
1659638728 23991
1659638729 11996
1659638730 23993
1659638731 6688
1659638732 17304
1659638733 23992
1659638734 11996
1659638735 23992
1659638736 11996
1659638738 23993
1659638739 9
1659638740 11996
1659638741 35988
1659638742 11996
1659638743 12004
1659638744 7353
1659638745 28634
1659638746 11996
1659638747 12005
1659638748 21902
1659638749 23992
1659638750 11995
1659638751 11996
1659638752 23993
1659638753 11996
1659638754 12477
1659638755 23511
1659638756 22195
1659638757 13793
1659638758 15859
1659638759 20129
1659638760 16208
1659638761 19780
1659638762 15648
1659638763 20339
1659638764 11996
1659638765 23029
1659638766 12959
1659638767 23992
1659638768 9
1659638769 23991
1659638770 11996
1659638771 11996
1659638772 9
1659638773 11995
1659638774 11996
1659638775 13471
1659638776 22527
1659638777 11996
1659638778 23991
1659638779 23992
1659638780 11996
1659638781 20046
1659638782 15942
1659638783 11996
1659638785 23992
1659638786 11996
1659638787 20832
1659638788 15156
1659638789 11996
1659638790 12684
1659638791 23304
1659638792 11996
1659638793 23993
1659638794 11996
1659638795 23992
1659638796 11997
1659638797 23992
1659638798 11996
1659638799 12003
1659638800 22115
1659638801 11996
1659638802 23992
1659638803 11996
1659638804 11996
1659638805 12005
1659638806 23992
1659638807 12005
1659638808 11996
1659638809 35988
1659638812 20636
1659638813 15352
1659638814 11996
1659638815 23992
1659638816 11996
1659638817 23991
1659638818 11996
1659638819 23992
1659638820 11996
1659638821 21985
1659638822 10995
1659638823 15004
1659638824 11997
1659638825 11996
1659638826 23992
1659638827 11997
1659638828 11995
1659638829 12005
1659638830 2398
1659638831 16440
1659638832 17159
1659638833 23991
1659638834 11996
1659638835 11996
1659638836 12005
1659638837 23991
1659638838 11996
1659638839 12006
1659638840 17855
1659638841 30127
1659638842 11996
1659638843 23993
1659638844 11996
1659638845 11995
1659638846 11996
1659638847 23992
1659638848 19211
1659638849 16777
1659638850 11996
1659638851 11996
1659638852 23991
1659638853 11996
1659638854 23991
1659638855 10157
1659638856 1839
1659638857 11995
1659638858 12005
1659638859 11996
1659638860 23991
1659638861 23992
1659638862 9
1659638863 11996
1659638864 19077
