# events called
1659623968 1907012
1659623969 2526758
1659623970 7228
1659623971 9721632
1659623972 12186186
1659623973 12433552
1659623974 12109668
1659623975 11789584
1659623976 12445396
1659623977 12661538
1659623978 12411140
1659623979 11538076
1659623980 11837314
1659623981 12403328
1659623982 12145890
1659623983 12487716
1659623984 11739778
1659623985 11978154
1659623986 12533246
1659623987 12318590
1659623988 12412210
1659623989 11266920
1659623990 12273532
1659623991 12489560
1659623992 12426224
1659623993 12285148
1659623994 11799692
1659623995 11762876
1659623996 12090112
1659623997 12162702
1659623998 11897904
1659623999 11784132
1659624000 12114712
1659624001 12368266
1659624002 12185558
1659624003 12127982
1659624004 10992498
1659624005 12184302
1659624006 11661246
1659624007 12200774
1659624008 11929888
1659624009 11605718
1659624010 11696508
1659624011 12156524
1659624012 12192704
1659624013 12115192
1659624014 11714908
1659624015 12120974
1659624016 11439992
1659624017 11987222
1659624018 11997898
1659624019 11441128
1659624020 12248436
1659624021 12185002
1659624022 12141784
1659624023 12096442
1659624024 11491168
1659624025 12110764
1659624026 11364660
1659624027 12235848
1659624028 12196798
1659624029 11352992
1659624030 11904626
1659624031 12608942
1659624032 12172440
1659624033 11784152
1659624034 11310646
1659624035 12034436
1659624036 11871688
1659624037 11853842
1659624038 12192544
1659624039 11219724
1659624040 12061832
1659624041 12175864
1659624042 11902404
1659624043 12262782
1659624044 11600924
1659624045 12141464
1659624046 12366618
1659624047 11589904
1659624048 12284342
1659624049 11770400
1659624050 12187488
1659624051 12109410
1659624052 12380754
1659624053 12134222
1659624054 11495030
1659624055 12623910
1659624056 12181448
1659624057 12054270
1659624058 12674030
1659624059 11437694
1659624060 12415958
1659624061 12250114
1659624062 12801874
1659624063 12533034
1659624064 11795688
1659624065 12227642
1659624066 12610646
1659624067 11498796
1659624068 12068360
1659624069 11894184
1659624070 12505798
1659624071 12733666
1659624072 12444416
1659624073 12571666
1659624074 12362322
1659624075 12386374
1659624076 12806838
1659624077 12046606
1659624078 12500460
1659624079 11659722
1659624080 12500122
1659624081 12299512
1659624082 12579554
1659624083 12212212
1659624084 11192520
1659624085 12968782
1659624086 13203010
1659624087 12642636
1659624088 12132080
1659624089 11748376
1659624090 12292894
1659624091 12404376
1659624092 12505140
1659624093 12417070
1659624094 11709354
1659624095 12700814
1659624096 12406490
1659624097 12526376
1659624098 11841996
1659624099 9880790
1659624100 12345110
1659624101 12564178
1659624102 12605862
1659624103 12374336
1659624104 11652166
1659624105 12678616
1659624106 12535860
1659624107 12435570
1659624108 11939024
1659624109 12157562
1659624110 12626066
1659624111 12930790
1659624112 12356600
1659624113 12781848
1659624114 10789738
1659624115 12366632
1659624116 12665982
1659624117 12685752
1659624118 12506780
1659624119 11733018
1659624120 12600210
1659624121 11762296
1659624122 11711230
1659624123 12699436
1659624124 12307360
1659624125 12971230
1659624126 12576588
1659624127 11939742
1659624128 12926342
1659624129 11418458
1659624130 12726698
1659624131 12315882
1659624132 12555594
1659624133 13079314
1659624134 11746072
1659624135 12345116
1659624136 12379884
1659624137 12484168
1659624138 12361736
1659624139 11110562
1659624140 12634096
1659624141 12250990
1659624142 12384798
1659624143 12672114
1659624144 11367002
1659624145 12405390
1659624146 12493648
1659624147 12898008
1659624148 12547626
1659624149 11242428
1659624150 12522494
1659624151 12659506
1659624152 12774940
1659624153 12243986
1659624154 11762748
1659624155 12527672
1659624156 12454278
1659624157 12929464
1659624158 12643434
1659624159 8989584
1659624160 12424244
1659624161 12859198
1659624162 12637988
1659624163 12745220
1659624164 11632260
1659624165 12625458
1659624166 13005806
1659624167 12212010
1659624168 12458780
1659624169 10770098
1659624170 11755098
1659624171 12807636
1659624172 12452594
1659624173 12452658
1659624174 11648322
1659624175 12346996
1659624176 12240522
1659624177 12807636
1659624178 12869396
1659624179 11586286
1659624180 12069574
1659624181 12611390
1659624182 12586982
1659624183 12412908
1659624184 10465442
1659624185 12411638
1659624186 12555134
1659624187 12816280
1659624188 12728228
1659624189 11092442
1659624190 12080060
1659624191 12375798
1659624192 12693194
1659624193 12694652
1659624194 11552342
1659624195 12571664
1659624196 12626238
1659624197 12836472
1659624198 12143780
1659624199 11644582
1659624200 11866380
1659624201 12594532
1659624202 12394734
1659624203 12427858
1659624204 11617918
1659624205 12556614
1659624206 12450054
1659624207 12596538
1659624208 12657264
1659624209 11844364
1659624210 12778668
1659624211 11903710
1659624212 12484628
1659624213 12278136
1659624214 10279974
1659624215 12854912
1659624216 12692738
1659624217 12827268
1659624218 12572404
1659624219 12119008
1659624220 12544526
1659624221 11888360
1659624222 12544628
1659624223 12468084
1659624224 11329224
1659624225 12595016
1659624226 12344568
1659624227 12305032
1659624228 12459270
1659624229 10399260
1659624230 12453530
1659624231 11774182
1659624232 12716226
1659624233 12613812
1659624234 11813030
1659624235 12634030
1659624236 12862694
1659624237 12554228
1659624238 12723236
1659624239 12022880
1659624240 12647924
1659624241 12175454
1659624242 12255802
1659624243 12643210
1659624244 12003824
1659624245 12976852
1659624246 12567658
1659624247 12330000
1659624248 13091588
1659624249 10480260
1659624250 12824752
1659624251 12778526
1659624252 11852506
1659624253 12594796
1659624254 11741458
1659624255 12433436
1659624256 12225848
1659624257 12341782
1659624258 12508930
1659624259 11768064
1659624260 12740186
1659624261 12437514
1659624262 12138072
1659624263 12079578
1659624264 12088712
1659624265 12943870
1659624266 12676926
1659624267 12980100
1659624268 12774078
1659624269 11873940
1659624270 12936188
1659624271 12767984
1659624272 11721474
1659624273 12495816
1659624274 11713124
1659624275 12714214
1659624276 12400956
1659624277 12325580
1659624278 12424600
1659624279 10907546
1659624280 12533996
1659624281 12543838
1659624282 12096494
1659624283 12342006
1659624284 11405316
1659624285 12832674
1659624286 12376144
1659624287 12653340
1659624288 12365560
1659624289 11450074
1659624290 12709802
1659624291 12503604
1659624292 12592210
1659624293 11915308
1659624294 11535226
1659624295 12493234
1659624296 12510200
1659624297 12487874
1659624298 12381878
1659624299 11610076
1659624300 12593446
1659624301 12725182
1659624302 12276246
1659624303 12039854
1659624304 11128960
1659624305 12615270
1659624306 12633208
1659624307 12491066
1659624308 12798066
1659624309 11181890
1659624310 12613650
1659624311 12451964
1659624312 12722320
1659624313 11642086
1659624314 10720520
1659624315 12376824
1659624316 12629480
1659624317 12442612
1659624318 12461878
1659624319 10634156
1659624320 12750884
1659624321 12803220
1659624322 12372690
1659624323 12203084
1659624324 12090288
1659624325 12204866
1659624326 12476004
1659624327 12475222
1659624328 12511364
1659624329 10601372
1659624330 12460664
1659624331 12385980
1659624332 12387008
1659624333 12588596
1659624334 10755414
1659624335 12470994
1659624336 12502362
1659624337 12041058
1659624338 12516454
1659624339 11193876
1659624340 12683362
1659624341 12448742
1659624342 12532814
1659624343 12493122
1659624344 10604408
1659624345 12128800
1659624346 12471778
1659624347 12418012
1659624348 12424758
1659624349 11374304
1659624350 12425360
1659624351 12726230
1659624352 12339486
1659624353 12604566
1659624354 11415384
1659624355 12873774
1659624356 12790114
1659624357 12571944
1659624358 12558572
1659624359 11315462
1659624360 12479058
1659624361 12390684
1659624362 12420014
1659624363 12395268
1659624364 10297968
1659624365 12560886
1659624366 12699802
1659624367 12597018
1659624368 12619080
1659624369 11867156
1659624370 12678076
1659624371 12322882
1659624372 12177996
1659624373 12604594
1659624374 11846842
1659624375 11464088
1659624376 12568248
1659624377 12743034
1659624378 12556852
1659624379 10841386
1659624380 12899644
1659624381 12210800
1659624382 12714082
1659624383 12630696
1659624384 11408634
1659624385 12128744
1659624386 12170260
1659624387 12491210
1659624388 12543420
1659624389 11115270
1659624390 12461944
1659624391 12346000
1659624392 12148910
1659624393 12127290
1659624394 11697374
1659624395 11561548
1659624396 12140742
1659624397 11929902
1659624398 11976440
1659624399 9963260
1659624400 12592146
1659624401 12381582
1659624402 12338628
1659624403 12019500
1659624404 10663170
1659624405 12593590
1659624406 11755056
1659624407 12467954
1659624408 12538672
1659624409 11636882
1659624410 12535866
1659624411 12226430
1659624412 12065472
1659624413 12720754
1659624414 11816028
1659624415 12576002
1659624416 12188720
1659624417 12414486
1659624418 12662152
1659624419 11574368
1659624420 12391418
1659624421 12283086
1659624422 12320674
1659624423 12633666
1659624424 10999978
1659624425 12106688
1659624426 11908662
1659624427 12460404
1659624428 12224892
1659624429 11692586
1659624430 12418660
1659624431 12436030
1659624432 12575000
1659624433 12420138
1659624434 8683124
1659624435 12531678
1659624436 11323050
1659624437 11349548
1659624438 12493684
1659624439 12402624
1659624440 12561450
1659624441 11808838
1659624442 12588824
1659624443 12574194
1659624444 12524872
1659624445 12758000
1659624446 11525006
1659624447 11631286
1659624448 12518122
1659624449 12748824
1659624450 12626376
1659624451 11778834
1659624452 12469912
1659624453 12525098
1659624454 12647424
1659624455 12190382
1659624456 11893302
1659624457 11632020
1659624458 12670656
1659624459 12459538
1659624460 12786730
1659624461 12191556
1659624462 10674920
1659624463 12628878
1659624464 12604652
1659624465 12427638
1659624466 11183316
1659624467 8755382
1659624468 12306288
1659624469 12530834
1659624470 12418562
1659624471 11540370
1659624472 12716852
1659624473 12576998
1659624474 12481280
1659624475 12815286
1659624476 11290410
1659624477 12485344
1659624478 11978172
1659624479 12530836
1659624480 12499350
1659624481 11166244
1659624482 11037368
1659624483 12531492
1659624484 12718686
1659624485 12571134
1659624486 11651672
1659624487 11445496
1659624488 12131142
1659624489 12109786
1659624490 12564492
1659624491 11799006
1659624492 12336104
1659624493 12611592
1659624494 12275314
1659624495 12689742
1659624496 11429380
1659624497 11394240
1659624498 12093922
1659624499 12750540
1659624500 12693238
1659624501 11904824
1659624502 12710556
1659624503 12128708
1659624504 12626298
1659624505 12625780
1659624506 11378288
1659624507 12412066
1659624508 12592116
1659624509 11811326
1659624510 12798106
1659624511 11793812
1659624512 12616660
1659624513 12805012
1659624514 12640356
1659624515 12430364
1659624516 11830632
1659624517 12251168
1659624518 12562936
1659624519 12149988
1659624520 12074554
1659624521 11629942
1659624522 12391268
1659624523 12887178
1659624524 12508276
1659624525 12679082
1659624526 11418364
1659624527 11848986
1659624528 12595752
1659624529 12472700
1659624530 11768456
1659624531 12245356
1659624532 12149898
1659624533 12939674
1659624534 12302318
1659624535 12433508
1659624536 11337800
1659624537 10592202
1659624538 12525268
1659624539 12449548
1659624540 11791402
1659624541 12144664
1659624542 12034206
1659624543 12577496
1659624544 12618506
1659624545 12137334
1659624546 12463574
1659624547 11250878
1659624548 12523354
1659624549 12398384
1659624550 11864606
1659624551 12395268
1659624552 11651578
1659624553 12744290
1659624554 12561714
1659624555 12617114
1659624556 12569930
1659624557 11251934
1659624558 12465086
1659624559 12841530
1659624560 12465100
1659624561 12002476
1659624562 10716104
1659624563 12643222
1659624564 12148242
1659624565 12857898
1659624566 12220244
1659624567 11183874
1659624568 12641804
1659624569 12850406
1659624570 12501314
1659624571 12057834
1659624572 11498938
1659624573 12918434
1659624574 12829568
1659624575 12627802
1659624576 12605340
1659624577 11870196
1659624578 12585650
1659624579 12565188
1659624580 12852814
1659624581 11578354
1659624582 10985146
1659624583 12631290
1659624584 12551184
1659624585 12583722
1659624586 12717304
1659624587 11968572
1659624588 12330762
1659624589 12816678
1659624590 12246494
1659624591 11635944
1659624592 11234790
1659624593 12653478
1659624594 12835446
1659624595 12522622
1659624596 12272340
1659624597 10897052
1659624598 12622018
1659624599 12593608
1659624600 12687106
1659624601 12209272
1659624602 11636036
1659624603 12588798
1659624604 12354854
1659624605 12721138
1659624606 12541088
1659624607 11908826
1659624608 12686128
1659624609 12913908
1659624610 12564792
1659624611 12449510
1659624612 11108908
1659624613 12382610
1659624614 12930840
1659624615 12664902
1659624616 11968930
1659624617 10522352
1659624618 12603890
1659624619 12548600
1659624620 12615466
1659624621 12533692
1659624622 10372106
1659624623 12455406
1659624624 12731832
1659624625 12449450
1659624626 12283346
1659624627 10131398
1659624628 12699774
1659624629 12754844
1659624630 12588180
1659624631 12517968
1659624632 11475992
1659624633 12152788
1659624634 12461982
1659624635 12640896
1659624636 12459480
1659624637 11670242
1659624638 12648670
1659624639 12111382
1659624640 12522226
1659624641 12345590
1659624642 11694172
1659624643 11725952
1659624644 12091048
1659624645 12657388
1659624646 12513674
1659624647 10530748
1659624648 12257464
1659624649 12639594
1659624650 12462412
1659624651 12666462
1659624652 9124214
1659624653 12633650
1659624654 11967222
1659624655 12427640
1659624656 12459370
1659624657 11748862
1659624658 12243402
1659624659 12731372
1659624660 12177484
1659624661 12537382
1659624662 11725092
1659624663 12646536
1659624664 11832582
1659624665 12214246
1659624666 12770064
1659624667 10848920
1659624668 12142112
1659624669 12210974
1659624670 12535702
1659624671 12647586
1659624672 11802486
1659624673 12442952
1659624674 12426586
1659624675 11628594
1659624676 12498816
1659624677 11986050
1659624678 12553994
1659624679 12426564
1659624680 12521446
1659624681 12444130
1659624682 11431576
1659624683 12463154
1659624684 12298938
1659624685 11724076
1659624686 12600964
1659624687 10526982
1659624688 12282292
1659624689 12653676
1659624690 12624630
1659624691 12254908
1659624692 11369836
1659624693 12525506
1659624694 12562294
1659624695 12243098
1659624696 12218036
1659624697 10864892
1659624698 12317510
1659624699 12383604
1659624700 12460680
1659624701 12170252
1659624702 10230834
1659624703 12074672
1659624704 12358006
1659624705 12671020
1659624706 12290668
1659624707 11971080
1659624708 12322888
1659624709 12267444
1659624710 12369348
1659624711 12058722
1659624712 11746400
1659624713 12309376
1659624714 12520502
1659624715 12427490
1659624716 11648962
1659624717 11524948
1659624718 12379438
1659624719 12584626
1659624720 12117924
1659624721 12097404
1659624722 10410224
1659624723 12447276
1659624724 12097342
1659624725 12451796
1659624726 12258428
1659624727 9564800
1659624728 12824450
1659624729 12016254
1659624730 12473834
1659624731 12601360
1659624732 11995354
1659624733 12864632
1659624734 12376676
1659624735 12658806
1659624736 12521758
1659624737 9847542
1659624738 12375304
1659624739 12258210
1659624740 12703336
1659624741 12682554
1659624742 9570658
1659624743 11822202
1659624744 12967860
1659624745 12659030
1659624746 12572972
1659624747 9549538
1659624748 9496466
1659624749 12090214
1659624750 12394908
1659624751 12586374
1659624752 10158932
1659624753 12723446
1659624754 12393246
1659624755 12641356
1659624756 12521532
1659624757 10544054
1659624758 12616812
1659624759 11756684
1659624760 12587870
1659624761 12553692
1659624762 11717110
1659624763 12367216
1659624764 12558936
1659624765 12469732
1659624766 12263966
1659624767 11809752
1659624768 12430464
1659624769 12136866
1659624770 12438882
1659624771 12375928
1659624772 10276088
1659624773 12157790
1659624774 12568576
1659624775 12153288
1659624776 12588288
1659624777 12013366
1659624778 12227306
1659624779 12132952
1659624780 12502274
1659624781 12746082
1659624782 11651376
1659624783 12462298
1659624784 12755478
1659624785 12951538
1659624786 12152068
1659624787 11627152
1659624788 12452186
1659624789 12844644
1659624790 11694056
1659624791 12909492
1659624792 11641238
1659624793 12546706
1659624794 12419692
1659624795 12386162
1659624796 12426438
1659624797 11826808
1659624798 12478832
1659624799 12404948
1659624800 11940592
1659624801 12722168
1659624802 10659526
1659624803 12235124
1659624804 12431568
1659624805 12447654
1659624806 12540482
1659624807 12110524
1659624808 12365028
1659624809 12601086
1659624810 12155224
1659624811 12379948
1659624812 11743708
1659624813 12561566
1659624814 12478430
1659624815 12115784
1659624816 12806388
1659624817 10570666
1659624818 12547716
1659624819 12518068
1659624820 12818152
1659624821 11923412
1659624822 11633642
1659624823 12625486
1659624824 12371972
1659624825 12389354
1659624826 12647624
1659624827 12045474
1659624828 12712350
1659624829 12402988
1659624830 12532876
1659624831 11601896
1659624832 11404080
1659624833 12423572
1659624834 12440500
1659624835 12242722
1659624836 12419298
1659624837 11845708
1659624838 12206272
1659624839 12626256
1659624840 12666148
1659624841 11561544
1659624842 10167796
1659624843 12488534
1659624844 12166562
1659624845 12739102
1659624846 12574884
1659624847 11099304
1659624848 12680402
1659624849 12498966
1659624850 12958788
1659624851 12133506
1659624852 10370162
1659624853 12450518
1659624854 12302076
1659624855 12470652
1659624856 12526260
1659624857 11498678
1659624858 12457684
1659624859 12588562
1659624860 12499472
1659624861 12642942
1659624862 11175024
1659624863 12498406
1659624864 12530040
1659624865 12415020
1659624866 12404978
1659624867 10990180
1659624868 12507434
1659624869 12750808
1659624870 12492914
1659624871 12826510
1659624872 11083484
1659624873 11779436
1659624874 12520382
1659624875 12638962
1659624876 12436756
1659624877 11894288
1659624878 12560072
1659624879 12529916
1659624880 12468106
1659624881 12362658
1659624882 11322042
1659624883 12521548
1659624884 12434642
1659624885 12039300
1659624886 12584474
1659624887 11170858
1659624888 12434810
1659624889 12418346
1659624890 13061242
1659624891 12872094
1659624892 10678990
1659624893 12495738
1659624894 11837932
1659624895 12573290
1659624896 12893354
1659624897 9667676
1659624898 12496702
1659624899 12543718
1659624900 12395066
1659624901 12673158
1659624902 10119566
1659624903 12617708
1659624904 11878294
1659624905 12596194
1659624906 12603152
1659624907 10521988
1659624908 12871472
1659624909 13009576
1659624910 12658030
1659624911 12966668
1659624912 11811720
1659624913 12581688
1659624914 12122014
1659624915 12124980
1659624916 12482162
1659624917 10432096
1659624918 12451370
1659624919 12549166
1659624920 12724546
1659624921 12832026
1659624922 11947072
1659624923 12500728
1659624924 12438740
1659624925 12641888
1659624926 11935468
1659624927 11313298
1659624928 12426060
1659624929 12383162
1659624930 12684464
1659624931 12652112
1659624932 11037866
1659624933 12307248
1659624934 12682722
1659624935 12419608
1659624936 12243470
1659624937 10842584
1659624938 12514194
1659624939 12312450
1659624940 12452286
1659624941 12431064
1659624942 11416408
1659624943 12435446
1659624944 12410040
1659624945 12420698
1659624946 12254264
1659624947 11339680
1659624948 12587958
1659624949 12188262
1659624950 12641722
1659624951 12443336
1659624952 12119378
1659624953 12358870
1659624954 12450144
1659624955 12415474
1659624956 12539274
1659624957 9961828
1659624958 12295488
1659624959 12304972
1659624960 12513858
1659624961 12090034
1659624962 11829676
1659624963 12374560
1659624964 12385898
1659624965 12258694
1659624966 12196528
1659624967 9876296
1659624968 11600168
1659624969 12098536
1659624970 12647842
1659624971 12614906
1659624972 11245502
1659624973 12530464
1659624974 12605766
1659624975 12134232
1659624976 12739538
1659624977 11646796
1659624978 11812228
1659624979 12186638
1659624980 12261072
1659624981 12576734
1659624982 10953112
1659624983 12417454
1659624984 12905664
1659624985 11977754
1659624986 13098072
1659624987 9698530
1659624988 12107340
1659624989 11969212
1659624990 12523174
1659624991 12503560
1659624992 9276854
1659624993 11758874
1659624994 12431724
1659624995 12451740
1659624996 12658022
1659624997 11578878
1659624998 12931070
1659624999 12057874
1659625000 12627338
1659625001 12344788
1659625002 11863034
1659625003 12417388
1659625004 12721972
1659625005 12218278
1659625006 12832356
1659625007 11514250
1659625008 12538414
1659625009 11664748
1659625010 12923914
1659625011 12592874
1659625012 11761666
1659625013 12775850
1659625014 12250998
1659625015 12485234
1659625016 12516376
1659625017 10214742
1659625018 12376872
1659625019 12163208
1659625020 12874028
1659625021 12502886
1659625022 11677176
1659625023 12701172
1659625024 12742796
1659625025 12496290
1659625026 12471502
1659625027 11350166
1659625028 12445078
1659625029 12309818
1659625030 12369214
1659625031 12399098
1659625032 11103902
1659625033 12346302
1659625034 12399752
1659625035 12169326
1659625036 12574596
1659625037 10587952
1659625038 12423666
1659625039 12470314
1659625040 10030814
1659625041 12985578
1659625042 12359596
1659625043 12365186
1659625044 12357524
1659625045 11921442
1659625046 12566950
1659625047 12576386
1659625048 12746200
1659625049 12764780
1659625050 9776176
1659625051 12631432
1659625052 12498372
1659625053 12691408
1659625054 12657642
1659625055 11945366
1659625056 12370942
1659625057 12641424
1659625058 12671256
1659625059 12554996
1659625060 11924406
1659625061 12064260
1659625062 12483510
1659625063 12628934
1659625064 12711470
1659625065 11909608
1659625066 12744934
1659625067 12441284
1659625068 12401328
1659625069 12610098
1659625070 12017088
1659625071 11856586
1659625072 12761392
1659625073 12724600
1659625074 12601428
1659625075 11631738
1659625076 12749968
1659625077 12836378
1659625078 12643298
1659625079 12691306
1659625080 10698164
1659625081 12199000
1659625082 11900632
1659625083 12248216
1659625084 12776324
1659625085 10051958
1659625086 12609324
1659625087 12508540
1659625088 12772928
1659625089 12631534
1659625090 11670006
1659625091 12250104
1659625092 12070264
1659625093 12272908
1659625094 12741378
1659625095 11589314
1659625096 12759022
1659625097 12492410
1659625098 12538794
1659625099 12280880
1659625100 11614946
1659625101 12515576
1659625102 12619132
1659625103 12096162
1659625104 12552148
1659625105 12215356
1659625106 12882034
1659625107 12279580
1659625108 12645176
1659625109 12615568
1659625110 11943096
1659625111 12407300
1659625112 12325136
1659625113 11985478
1659625114 12686066
1659625115 11236536
1659625116 12031842
1659625117 12505388
1659625118 12550598
1659625119 12517200
1659625120 10025366
1659625121 12572482
1659625122 12639568
1659625123 12149468
1659625124 12513002
1659625125 12182152
1659625126 12820994
1659625127 12436170
1659625128 12463436
1659625129 12436442
1659625130 10091900
1659625131 12741498
1659625132 12303956
1659625133 12344430
1659625134 11711904
1659625135 12135446
1659625136 12674570
1659625137 12725850
1659625138 12332834
1659625139 12746250
1659625140 11758368
1659625141 12759620
1659625142 12711646
1659625143 12735944
1659625144 11792652
1659625145 10659954
1659625146 12382108
1659625147 12805608
1659625148 12553626
1659625149 12700552
1659625150 12031882
1659625151 12330292
1659625152 12304352
1659625153 12658464
1659625154 12259996
1659625155 11182560
1659625156 12633326
1659625157 12493928
1659625158 12605698
1659625159 12469002
1659625160 11448622
1659625161 12353288
1659625162 12469600
1659625163 12506486
1659625164 12536400
1659625165 11101608
1659625166 12254708
1659625167 12669900
1659625168 12843612
1659625169 12487064
1659625170 11702816
1659625171 3960738
1659625172 1164


# events submitted
1659623968 1907012
1659623969 2526758
1659623970 7228
1659623971 9675890
1659623972 12133228
1659623973 12390192
1659623974 12075098
1659623975 11753438
1659623976 12406932
1659623977 12616540
1659623978 12371006
1659623979 11502202
1659623980 11798778
1659623981 12360654
1659623982 12105568
1659623983 12447790
1659623984 11694478
1659623985 11937714
1659623986 12495602
1659623987 12279204
1659623988 12374536
1659623989 11219190
1659623990 12233422
1659623991 12444570
1659623992 12383464
1659623993 12250050
1659623994 11774096
1659623995 11721146
1659623996 12056620
1659623997 12114118
1659623998 11864628
1659623999 11751184
1659624000 12068782
1659624001 12338538
1659624002 12153032
1659624003 12083710
1659624004 10957040
1659624005 12145742
1659624006 11631166
1659624007 12161280
1659624008 11892118
1659624009 11568804
1659624010 11664016
1659624011 12119418
1659624012 12147580
1659624013 12082310
1659624014 11677886
1659624015 12088554
1659624016 11412990
1659624017 11956966
1659624018 11967568
1659624019 11409212
1659624020 12212952
1659624021 12149358
1659624022 12101516
1659624023 12064504
1659624024 11462010
1659624025 12075008
1659624026 11334030
1659624027 12205458
1659624028 12162610
1659624029 11312256
1659624030 11870184
1659624031 12577132
1659624032 12151850
1659624033 11758134
1659624034 11279836
1659624035 11993290
1659624036 11829138
1659624037 11830850
1659624038 12143714
1659624039 11185110
1659624040 12023552
1659624041 12138506
1659624042 11886886
1659624043 12229764
1659624044 11566750
1659624045 12105706
1659624046 12327674
1659624047 11555244
1659624048 12248422
1659624049 11734444
1659624050 11560420
1659624051 9222794
1659624052 8526482
1659624053 9104562
1659624054 9201794
1659624055 9269012
1659624056 7537078
1659624057 6108964
1659624058 6226376
1659624059 6310380
1659624060 4224556
1659624061 5971724
1659624062 5805962
1659624063 5709188
1659624064 5781862
1659624065 6817284
1659624066 6510696
1659624067 5329000
1659624068 6082526
1659624069 5824586
1659624070 4416918
1659624071 4276448
1659624072 6503506
1659624073 5647054
1659624074 5704606
1659624075 7345858
1659624076 6913418
1659624077 7099028
1659624078 5619328
1659624079 6474064
1659624080 5913254
1659624081 6303756
1659624082 5917906
1659624083 5084252
1659624084 5691518
1659624085 5791816
1659624086 1691244
1659624087 2999572
1659624088 1030680
1659624089 2774408
1659624090 3110986
1659624091 2095690
1659624092 2180976
1659624093 2089834
1659624094 3104140
1659624095 2758416
1659624096 3689510
1659624097 4161428
1659624098 1573736
1659624099 2828474
1659624100 2332394
1659624101 2049780
1659624102 2100140
1659624103 2898664
1659624104 3795060
1659624105 2414854
1659624106 2607066
1659624107 3563356
1659624108 3112052
1659624109 3363776
1659624110 3088422
1659624111 2744634
1659624112 3266750
1659624113 2792112
1659624114 3054508
1659624115 3801502
1659624116 3373742
1659624117 3151698
1659624118 4161692
1659624119 2945914
1659624120 3741806
1659624121 3589730
1659624122 3173684
1659624123 2154856
1659624124 3340982
1659624125 3658400
1659624126 2950332
1659624127 1951278
1659624128 4053898
1659624129 3668148
1659624130 2957178
1659624131 3701530
1659624132 2092384
1659624133 4514652
1659624134 3347974
1659624135 3023532
1659624136 2506456
1659624137 3471836
1659624138 3134932
1659624139 3592042
1659624140 2984958
1659624141 3248664
1659624142 3317284
1659624143 1252134
1659624144 1861000
1659624145 2599040
1659624146 3046502
1659624147 3430978
1659624148 2712742
1659624149 2296614
1659624150 3657250
1659624151 4335300
1659624152 2688562
1659624153 2690662
1659624154 2361838
1659624155 3052424
1659624156 3240142
1659624157 2688416
1659624158 4480840
1659624159 2454558
1659624160 3407756
1659624161 4810626
1659624162 6810688
1659624163 6188308
1659624164 6018580
1659624165 6035152
1659624166 5239450
1659624167 5659966
1659624168 5440302
1659624169 4073966
1659624170 5588880
1659624171 5947194
1659624172 5521128
1659624173 6041032
1659624174 5838848
1659624175 5352708
1659624176 6441822
1659624177 4518170
1659624178 5351758
1659624179 6231594
1659624180 6603336
1659624181 5546078
1659624182 5425288
1659624183 5128114
1659624184 4252208
1659624185 5587098
1659624186 6602322
1659624187 5582596
1659624188 5673406
1659624189 5062260
1659624190 5687942
1659624191 6867270
1659624192 5630562
1659624193 6343498
1659624194 5903028
1659624195 5876300
1659624196 6334042
1659624197 7546468
1659624198 7005316
1659624199 6557112
1659624200 6452970
1659624201 4926698
1659624202 5895800
1659624203 6313912
1659624204 5014904
1659624205 5189860
1659624206 6806734
1659624207 6743556
1659624208 4924380
1659624209 6196044
1659624210 5764768
1659624211 6469996
1659624212 7257176
1659624213 6543688
1659624214 4492582
1659624215 6246960
1659624216 5231068
1659624217 4696306
1659624218 5657436
1659624219 5096140
1659624220 6159140
1659624221 5982440
1659624222 5707078
1659624223 6761918
1659624224 4599258
1659624225 5360510
1659624226 6448284
1659624227 6489356
1659624228 5879836
1659624229 4970966
1659624230 5884348
1659624231 6692466
1659624232 5129532
1659624233 3638992
1659624234 2866678
1659624235 1198184
1659624236 3930300
1659624237 3023974
1659624238 2621930
1659624239 2753112
1659624240 783564
1659624241 3228884
1659624242 2960214
1659624243 4069410
1659624244 2511694
1659624245 2222008
1659624246 2287442
1659624247 2658538
1659624248 1786530
1659624249 3322434
1659624250 3955348
1659624251 4140146
1659624252 2452284
1659624253 2370456
1659624254 2548736
1659624255 4223960
1659624256 3049058
1659624257 2750544
1659624258 970832
1659624259 3432152
1659624260 3070256
1659624261 3017486
1659624262 1709410
1659624263 2738700
1659624264 3395886
1659624265 1025830
1659624266 1807598
1659624267 2926290
1659624268 1634010
1659624269 2765608
1659624270 3724164
1659624271 2887590
1659624272 2559870
1659624273 3734846
1659624274 1449094
1659624275 3676906
1659624276 2504020
1659624277 3650366
1659624278 1949568
1659624279 2869068
1659624280 2689998
1659624281 2902776
1659624282 2531256
1659624283 1433210
1659624284 2262424
1659624285 2918526
1659624286 3806292
1659624287 1839514
1659624288 3417216
1659624289 3520182
1659624290 2179532
1659624291 3086406
1659624292 2281966
1659624293 2277926
1659624294 2366160
1659624295 900892
1659624296 2321674
1659624297 3763178
1659624298 3605418
1659624299 3809264
1659624300 2823982
1659624301 2836236
1659624302 3619478
1659624303 2966012
1659624304 3793246
1659624305 3081086
1659624306 1689340
1659624307 3148662
1659624308 1427424
1659624309 3527388
1659624310 2165126
1659624311 3088746
1659624312 2517800
1659624313 3024224
1659624314 2636296
1659624315 3361578
1659624316 2773808
1659624317 3892594
1659624318 4058254
1659624319 2784458
1659624320 3831316
1659624321 3871188
1659624322 3375488
1659624323 3631070
1659624324 3141084
1659624325 3258212
1659624326 3351468
1659624327 1978440
1659624328 2975834
1659624329 2046032
1659624330 2384040
1659624331 3536256
1659624332 3640888
1659624333 2611110
1659624334 2556548
1659624335 3307954
1659624336 2456786
1659624337 3179966
1659624338 4129540
1659624339 3464452
1659624340 3899246
1659624341 3532314
1659624342 2052948
1659624343 1861748
1659624344 2500148
1659624345 2418768
1659624346 2837046
1659624347 3175900
1659624348 2551408
1659624349 2869166
1659624350 3728320
1659624351 3573816
1659624352 3670152
1659624353 3842432
1659624354 2733544
1659624355 897758
1659624356 1989208
1659624357 4055960
1659624358 3766064
1659624359 1492488
1659624360 3457858
1659624361 3201472
1659624362 3839828
1659624363 3461364
1659624364 953148
1659624365 4085514
1659624366 3242380
1659624367 1946290
1659624368 2235304
1659624369 3255490
1659624370 2427348
1659624371 3373592
1659624372 2973102
1659624373 4084074
1659624374 2202692
1659624375 3238838
1659624376 3725914
1659624377 2856696
1659624378 2753650
1659624379 2856772
1659624380 2007668
1659624381 3391566
1659624382 5872880
1659624383 6435574
1659624384 5882250
1659624385 5335290
1659624386 5075372
1659624387 6146114
1659624388 5727110
1659624389 4946818
1659624390 6253430
1659624391 5828538
1659624392 5608188
1659624393 5591962
1659624394 6638568
1659624395 6414272
1659624396 6215210
1659624397 6480208
1659624398 5462066
1659624399 4688312
1659624400 6109884
1659624401 5900446
1659624402 6892522
1659624403 6183052
1659624404 5336350
1659624405 5339824
1659624406 4600852
1659624407 4997434
1659624408 6131586
1659624409 6667096
1659624410 5065604
1659624411 6094270
1659624412 5820112
1659624413 5387104
1659624414 6089216
1659624415 5899496
1659624416 5579632
1659624417 5758784
1659624418 7103848
1659624419 5701472
1659624420 4712080
1659624421 6312446
1659624422 5341798
1659624423 5211108
1659624424 5484022
1659624425 6473282
1659624426 5917712
1659624427 6559556
1659624428 7529612
1659624429 5091374
1659624430 6559218
1659624431 5038926
1659624432 5456810
1659624433 5357444
1659624434 4559368
1659624435 5131754
1659624436 5815880
1659624437 4846482
1659624438 5973574
1659624439 5944368
1659624440 7867182
1659624441 6083138
1659624442 5260836
1659624443 5338310
1659624444 5179802
1659624445 6010964
1659624446 4324714
1659624447 5474338
1659624448 6396882
1659624449 3978258
1659624450 6439422
1659624451 6834436
1659624452 6914238
1659624453 5062138
1659624454 4521964
1659624455 5667868
1659624456 6462376
1659624457 6292448
1659624458 4535940
1659624459 7469732
1659624460 2863008
1659624461 2992690
1659624462 2711348
1659624463 3866832
1659624464 3066112
1659624465 3456592
1659624466 1571190
1659624467 1167624
1659624468 3366348
1659624469 3452014
1659624470 3574798
1659624471 3858058
1659624472 2442750
1659624473 2873428
1659624474 3287124
1659624475 2847466
1659624476 2630602
1659624477 2911388
1659624478 3357810
1659624479 2944068
1659624480 3321910
1659624481 3380590
1659624482 1828458
1659624483 2760770
1659624484 2699822
1659624485 4286582
1659624486 2950402
1659624487 2946624
1659624488 2822788
1659624489 2750730
1659624490 3392550
1659624491 2968564
1659624492 3841614
1659624493 3197522
1659624494 3992784
1659624495 3880116
1659624496 2506010
1659624497 3349788
1659624498 3699206
1659624499 3396226
1659624500 3715280
1659624501 3846646
1659624502 2432870
1659624503 3272486
1659624504 2522450
1659624505 3045966
1659624506 2579996
1659624507 2954376
1659624508 3302304
1659624509 2723718
1659624510 2732984
1659624511 2503564
1659624512 2889398
1659624513 2504072
1659624514 2805036
1659624515 3436466
1659624516 2683154
1659624517 3795194
1659624518 3409520
1659624519 2820526
1659624520 3020660
1659624521 3332790
1659624522 4058268
1659624523 4265432
1659624524 2707582
1659624525 2501140
1659624526 1959348
1659624527 3013154
1659624528 3947436
1659624529 2823392
1659624530 3714124
1659624531 3948500
1659624532 1578770
1659624533 4197808
1659624534 3542800
1659624535 3807394
1659624536 3830688
1659624537 3000312
1659624538 3343704
1659624539 3675886
1659624540 2036614
1659624541 3326268
1659624542 3633446
1659624543 3255420
1659624544 2865312
1659624545 2431218
1659624546 3283770
1659624547 1228300
1659624548 3153784
1659624549 3749058
1659624550 3429620
1659624551 2126482
1659624552 3750118
1659624553 2728026
1659624554 3639176
1659624555 2509432
1659624556 2555642
1659624557 1980718
1659624558 4269834
1659624559 4266574
1659624560 2683554
1659624561 1852840
1659624562 3478376
1659624563 3487254
1659624564 3094594
1659624565 2891804
1659624566 2010012
1659624567 2817050
1659624568 3791774
1659624569 2474344
1659624570 2365634
1659624571 1292810
1659624572 2681100
1659624573 2562234
1659624574 3281938
1659624575 3194158
1659624576 3560508
1659624577 2178574
1659624578 2628494
1659624579 2919458
1659624580 3505360
1659624581 3406230
1659624582 3534276
1659624583 4069484
1659624584 3616564
1659624585 3723918
1659624586 3499190
1659624587 3625224
1659624588 3388034
1659624589 4400514
1659624590 3794978
1659624591 2139758
1659624592 3115550
1659624593 2465772
1659624594 2354676
1659624595 2857838
1659624596 3015280
1659624597 2642896
1659624598 1251068
1659624599 3507452
1659624600 2612124
1659624601 2239858
1659624602 3631152
1659624603 2748376
1659624604 3043350
1659624605 4328126
1659624606 3269086
1659624607 3616852
1659624608 4184918
1659624609 2556922
1659624610 1850458
1659624611 3672778
1659624612 3155068
1659624613 2803534
1659624614 3647688
1659624615 3390914
1659624616 3197328
1659624617 2951412
1659624618 3958118
1659624619 3200976
1659624620 2537322
1659624621 3258360
1659624622 2936384
1659624623 3945768
1659624624 3083796
1659624625 3011282
1659624626 3802586
1659624627 2413232
1659624628 4255662
1659624629 3731994
1659624630 1757776
1659624631 2048450
1659624632 3370106
1659624633 3703826
1659624634 3946568
1659624635 4345994
1659624636 3461280
1659624637 2818222
1659624638 2991674
1659624639 3034524
1659624640 2843350
1659624641 2616634
1659624642 2922536
1659624643 3799942
1659624644 3174988
1659624645 2809594
1659624646 2512196
1659624647 2754226
1659624648 2012258
1659624649 2376538
1659624650 3047988
1659624651 2034224
1659624652 1935904
1659624653 3634022
1659624654 6223364
1659624655 6265682
1659624656 6624974
1659624657 6517618
1659624658 6307556
1659624659 7898564
1659624660 6889588
1659624661 6814966
1659624662 6429278
1659624663 6516858
1659624664 7004932
1659624665 6058278
1659624666 6643192
1659624667 6358014
1659624668 5739748
1659624669 6663620
1659624670 7380926
1659624671 6516154
1659624672 6185470
1659624673 5735266
1659624674 5128604
1659624675 6217904
1659624676 5754734
1659624677 6688576
1659624678 5234870
1659624679 6297358
1659624680 6911214
1659624681 5445056
1659624682 5329940
1659624683 5591596
1659624684 4923094
1659624685 5724400
1659624686 5390646
1659624687 4763622
1659624688 7230498
1659624689 5580706
1659624690 5942166
1659624691 5447230
1659624692 5843652
1659624693 6464196
1659624694 6606666
1659624695 4749056
1659624696 6466408
1659624697 4506600
1659624698 6914986
1659624699 6053202
1659624700 5613626
1659624701 6996306
1659624702 4354698
1659624703 5822388
1659624704 6797776
1659624705 6516946
1659624706 4469690
1659624707 5630936
1659624708 6851770
1659624709 7011428
1659624710 7243126
1659624711 6349826
1659624712 4931934
1659624713 7088754
1659624714 7335504
1659624715 6569628
1659624716 5898570
1659624717 5797132
1659624718 7585104
1659624719 5955364
1659624720 6872342
1659624721 5818208
1659624722 4434572
1659624723 6260140
1659624724 6763892
1659624725 6105940
1659624726 6635506
1659624727 3566416
1659624728 5027170
1659624729 1600798
1659624730 2390972
1659624731 3557804
1659624732 3087516
1659624733 2192316
1659624734 3752510
1659624735 2385450
1659624736 4068704
1659624737 1556784
1659624738 3695814
1659624739 2933940
1659624740 2595182
1659624741 2792424
1659624742 1558766
1659624743 2152194
1659624744 4372346
1659624745 3640576
1659624746 3895974
1659624747 586462
1659624748 2491128
1659624749 2988552
1659624750 3375672
1659624751 1661374
1659624752 2977704
1659624753 1629132
1659624754 3024560
1659624755 2670182
1659624756 4465514
1659624757 3312066
1659624758 3835732
1659624759 4366804
1659624760 2812230
1659624761 3806878
1659624762 2810382
1659624763 2672312
1659624764 3018774
1659624765 3206232
1659624766 3069360
1659624767 3161416
1659624768 2302336
1659624769 3485284
1659624770 3388124
1659624771 2659752
1659624772 2697812
1659624773 3788886
1659624774 3676636
1659624775 2614864
1659624776 3846560
1659624777 2319746
1659624778 2898870
1659624779 2575784
1659624780 3359934
1659624781 2533630
1659624782 2892162
1659624783 3632848
1659624784 3967348
1659624785 2612190
1659624786 3283296
1659624787 3780636
1659624788 2977472
1659624789 2231408
1659624790 3366216
1659624791 2528858
1659624792 2696946
1659624793 2791236
1659624794 2724508
1659624795 3724852
1659624796 3787500
1659624797 3919484
1659624798 2760466
1659624799 3891114
1659624800 2294184
1659624801 2942272
1659624802 3153454
1659624803 3470634
1659624804 3971860
1659624805 3097606
1659624806 1911806
1659624807 3297990
1659624808 1689248
1659624809 2586322
1659624810 3769078
1659624811 2804636
1659624812 3066472
1659624813 2587306
1659624814 2996720
1659624815 2746754
1659624816 2079022
1659624817 3385782
1659624818 3967996
1659624819 4042466
1659624820 3591572
1659624821 3613514
1659624822 2369782
1659624823 2346358
1659624824 2470260
1659624825 3188746
1659624826 2535720
1659624827 2952542
1659624828 2182702
1659624829 3368478
1659624830 2988708
1659624831 3687098
1659624832 2322774
1659624833 2795216
1659624834 3536400
1659624835 2926272
1659624836 3150864
1659624837 3167646
1659624838 3025250
1659624839 2333554
1659624840 3751992
1659624841 2224298
1659624842 2159674
1659624843 4097346
1659624844 3445874
1659624845 3698768
1659624846 3583002
1659624847 3158490
1659624848 2940558
1659624849 2943722
1659624850 4463236
1659624851 3241926
1659624852 2487230
1659624853 4057606
1659624854 2830838
1659624855 2415622
1659624856 3596832
1659624857 3106924
1659624858 3322712
1659624859 2442070
1659624860 3231864
1659624861 2628378
1659624862 1789806
1659624863 2016070
1659624864 2777534
1659624865 3095814
1659624866 2847656
1659624867 3102262
1659624868 3241682
1659624869 2825180
1659624870 3337416
1659624871 4197080
1659624872 3102370
1659624873 2810650
1659624874 3439832
1659624875 3439884
1659624876 2640556
1659624877 2992402
1659624878 2885126
1659624879 3145656
1659624880 2936304
1659624881 3035044
1659624882 3486054
1659624883 3636650
1659624884 2556524
1659624885 3360206
1659624886 1543876
1659624887 1623200
1659624888 2892656
1659624889 2840478
1659624890 4167362
1659624891 4533214
1659624892 3595756
1659624893 2830922
1659624894 1511506
1659624895 3085872
1659624896 3965464
1659624897 2801108
1659624898 3341172
1659624899 3579820
1659624900 2396768
1659624901 1435134
1659624902 1463590
1659624903 3495058
1659624904 2558746
1659624905 2817194
1659624906 2213926
1659624907 1660958
1659624908 3274524
1659624909 2267112
1659624910 3413746
1659624911 1801716
1659624912 3366654
1659624913 2489638
1659624914 2601500
1659624915 3373170
1659624916 1489800
1659624917 2022686
1659624918 3052328
1659624919 3657438
1659624920 3828904
1659624921 3577178
1659624922 2695642
1659624923 5795914
1659624924 5665742
1659624925 6858518
1659624926 6482108
1659624927 5501152
1659624928 6690012
1659624929 6507676
1659624930 7359986
1659624931 6344634
1659624932 6641710
1659624933 7202708
1659624934 5634110
1659624935 7146056
1659624936 6261046
1659624937 4712470
1659624938 5866690
1659624939 6800998
1659624940 5908586
1659624941 5889396
1659624942 6235732
1659624943 6858644
1659624944 6976166
1659624945 7489854
1659624946 6230494
1659624947 5734782
1659624948 5384474
1659624949 6278732
1659624950 5552582
1659624951 6797504
1659624952 5883806
1659624953 5820206
1659624954 6133116
1659624955 5668680
1659624956 6254232
1659624957 5278364
1659624958 5341088
1659624959 6188376
1659624960 6978720
1659624961 5575474
1659624962 6133448
1659624963 5374752
1659624964 6171122
1659624965 6760300
1659624966 7080230
1659624967 4479186
1659624968 4997176
1659624969 5379940
1659624970 6733706
1659624971 5899850
1659624972 5776386
1659624973 6119844
1659624974 6160984
1659624975 7143728
1659624976 6346642
1659624977 6341980
1659624978 6606166
1659624979 6444134
1659624980 6578600
1659624981 6279568
1659624982 6392330
1659624983 6170044
1659624984 7797008
1659624985 5629964
1659624986 4818320
1659624987 4216762
1659624988 6733156
1659624989 5840682
1659624990 4571428
1659624991 6494292
1659624992 4476280
1659624993 6952520
1659624994 6649254
1659624995 5350110
1659624996 6788584
1659624997 6060468
1659624998 3016862
1659624999 3743054
1659625000 2700164
1659625001 2958876
1659625002 3021484
1659625003 3649476
1659625004 4232880
1659625005 3788882
1659625006 2591304
1659625007 3411214
1659625008 2284180
1659625009 3680878
1659625010 3917494
1659625011 2961688
1659625012 3235574
1659625013 1811302
1659625014 2291918
1659625015 3158100
1659625016 3162770
1659625017 3149546
1659625018 3027618
1659625019 2744190
1659625020 2821098
1659625021 3885700
1659625022 2861328
1659625023 3529760
1659625024 2817800
1659625025 1668488
1659625026 2328880
1659625027 2605886
1659625028 3335412
1659625029 3123354
1659625030 2886850
1659625031 2504398
1659625032 2790894
1659625033 3594742
1659625034 2805056
1659625035 3449002
1659625036 3059338
1659625037 2469102
1659625038 3797352
1659625039 4210958
1659625040 3274270
1659625041 3430750
1659625042 3001644
1659625043 2760218
1659625044 2586466
1659625045 3626830
1659625046 2893034
1659625047 2048608
1659625048 4006688
1659625049 3522124
1659625050 2594170
1659625051 3802140
1659625052 1733946
1659625053 3858630
1659625054 2309324
1659625055 2894820
1659625056 3632580
1659625057 3985652
1659625058 3390864
1659625059 2698024
1659625060 2167252
1659625061 1411980
1659625062 3089804
1659625063 3494382
1659625064 2300782
1659625065 2778688
1659625066 3322590
1659625067 3975886
1659625068 2975884
1659625069 3175534
1659625070 3017088
1659625071 3654242
1659625072 3418536
1659625073 3074408
1659625074 3295494
1659625075 2536614
1659625076 2147690
1659625077 3395250
1659625078 4217238
1659625079 1921716
1659625080 2144354
1659625081 3697422
1659625082 2634944
1659625083 3705984
1659625084 3360704
1659625085 2302618
1659625086 2597814
1659625087 4166418
1659625088 2897174
1659625089 3419428
1659625090 3184156
1659625091 3309446
1659625092 3123470
1659625093 3052562
1659625094 2762014
1659625095 2720490
1659625096 3689302
1659625097 2929630
1659625098 2903000
1659625099 3926642
1659625100 1775800
1659625101 3299592
1659625102 2493460
1659625103 3807052
1659625104 3223990
1659625105 2065876
1659625106 4147976
1659625107 3279218
1659625108 2220712
1659625109 2016924
1659625110 3988250
1659625111 3888048
1659625112 3006316
1659625113 3523632
1659625114 3714390
1659625115 2925732
1659625116 3512802
1659625117 2191058
1659625118 2588426
1659625119 2139794
1659625120 1025978
1659625121 3845016
1659625122 3148208
1659625123 3294780
1659625124 3687550
1659625125 3956378
1659625126 3744332
1659625127 2566600
1659625128 3568216
1659625129 3155216
1659625130 2475042
1659625131 3588026
1659625132 3584118
1659625133 3041574
1659625134 3353464
1659625135 2860866
1659625136 4255384
1659625137 3793908
1659625138 3328376
1659625139 2023336
1659625140 2588054
1659625141 3464404
1659625142 2956722
1659625143 3124088
1659625144 2668096
1659625145 2796272
1659625146 3803032
1659625147 3009410
1659625148 2427940
1659625149 2204680
1659625150 3714290
1659625151 3277622
1659625152 3973690
1659625153 2605220
1659625154 3206138
1659625155 1826204
1659625156 2478702
1659625157 2968670
1659625158 3067660
1659625159 4146464
1659625160 2139522
1659625161 3260774
1659625162 2645860
1659625163 3946946
1659625164 3561020
1659625165 1287596
1659625166 2533518
1659625167 3770472
1659625168 1119168
1659625169 3243910
1659625170 2092308
1659625171 119274
1659625172 186


# events lost
1659624050 611056
1659624051 2885600
1659624052 3861442
1659624053 3028148
1659624054 2295746
1659624055 3351076
1659624056 4662900
1659624057 5977602
1659624058 6478456
1659624059 5157246
1659624060 8220746
1659624061 6310234
1659624062 7027596
1659624063 6853878
1659624064 6046070
1659624065 5439456
1659624066 6133364
1659624067 6194966
1659624068 6013340
1659624069 6093112
1659624070 8116260
1659624071 8486086
1659624072 5969382
1659624073 6957978
1659624074 6685466
1659624075 5069776
1659624076 5925980
1659624077 4986072
1659624078 6910194
1659624079 5214240
1659624080 6619170
1659624081 6023440
1659624082 6694568
1659624083 7161426
1659624084 5530550
1659624085 7205890
1659624086 11500248
1659624087 9644348
1659624088 11090522
1659624089 8981506
1659624090 9190278
1659624091 10308294
1659624092 10337520
1659624093 10329434
1659624094 8621448
1659624095 9951868
1659624096 8741776
1659624097 8383700
1659624098 10264380
1659624099 7059860
1659624100 10013478
1659624101 10503098
1659624102 10508566
1659624103 9482474
1659624104 7876056
1659624105 10265332
1659624106 9929818
1659624107 8889512
1659624108 8842690
1659624109 8806162
1659624110 9543696
1659624111 10181514
1659624112 9108118
1659624113 10011248
1659624114 7753800
1659624115 8589104
1659624116 9314132
1659624117 9547220
1659624118 8368002
1659624119 8802610
1659624120 8879510
1659624121 8188406
1659624122 8548916
1659624123 10552710
1659624124 8982962
1659624125 9320102
1659624126 9640844
1659624127 9989850
1659624128 8899026
1659624129 7769112
1659624130 9775150
1659624131 8633028
1659624132 10454694
1659624133 8596296
1659624134 8413478
1659624135 9333906
1659624136 9877710
1659624137 9028120
1659624138 9238410
1659624139 7547730
1659624140 9658974
1659624141 9016276
1659624142 9083180
1659624143 11397726
1659624144 9510346
1659624145 9816722
1659624146 9450208
1659624147 9485060
1659624148 9844218
1659624149 8947368
1659624150 8888360
1659624151 8349228
1659624152 10091148
1659624153 9569518
1659624154 9402466
1659624155 9480564
1659624156 9230224
1659624157 10232410
1659624158 8186604
1659624159 6544978
1659624160 9023460
1659624161 8071358
1659624162 5860936
1659624163 6590326
1659624164 5642696
1659624165 6625226
1659624166 7802396
1659624167 6586520
1659624168 7049340
1659624169 6724680
1659624170 6193362
1659624171 6898274
1659624172 6962108
1659624173 6441570
1659624174 5841358
1659624175 7023886
1659624176 5828652
1659624177 8325308
1659624178 7550192
1659624179 5379936
1659624180 5494734
1659624181 7093452
1659624182 7191272
1659624183 7316584
1659624184 6238268
1659624185 6846790
1659624186 5978942
1659624187 7262648
1659624188 7087212
1659624189 6055022
1659624190 6423440
1659624191 5538762
1659624192 7087514
1659624193 6383324
1659624194 5676844
1659624195 6729722
1659624196 6323908
1659624197 5327038
1659624198 5165924
1659624199 5114870
1659624200 5443090
1659624201 7702244
1659624202 6531160
1659624203 6150286
1659624204 6632440
1659624205 7400802
1659624206 5673296
1659624207 5883852
1659624208 7763114
1659624209 5675956
1659624210 7046878
1659624211 5461818
1659624212 5256704
1659624213 5763696
1659624214 5810554
1659624215 6644646
1659624216 7488808
1659624217 8162210
1659624218 6941850
1659624219 7057094
1659624220 6417552
1659624221 5934160
1659624222 6867644
1659624223 5742052
1659624224 6762932
1659624225 7268052
1659624226 5927792
1659624227 5844322
1659624228 6606772
1659624229 5452760
1659624230 6603484
1659624231 5115068
1659624232 7618716
1659624233 8986910
1659624234 8956704
1659624235 11429470
1659624236 8954778
1659624237 9539366
1659624238 10101844
1659624239 9275556
1659624240 11849478
1659624241 8963856
1659624242 9307778
1659624243 8588386
1659624244 9505680
1659624245 10750554
1659624246 10277582
1659624247 9676700
1659624248 11295612
1659624249 7177610
1659624250 8890198
1659624251 8650266
1659624252 9400742
1659624253 10233880
1659624254 9191936
1659624255 8235822
1659624256 9184980
1659624257 9591620
1659624258 11527762
1659624259 8357542
1659624260 9683216
1659624261 9427880
1659624262 10416514
1659624263 9348458
1659624264 8697460
1659624265 11909944
1659624266 10860884
1659624267 10050064
1659624268 11133620
1659624269 9125104
1659624270 9228290
1659624271 9889688
1659624272 9162996
1659624273 8779974
1659624274 10261270
1659624275 9047908
1659624276 9896246
1659624277 8687920
1659624278 10476452
1659624279 8059372
1659624280 9854804
1659624281 9649028
1659624282 9565614
1659624283 10902606
1659624284 9149914
1659624285 9925388
1659624286 8581352
1659624287 10807094
1659624288 8966772
1659624289 7953502
1659624290 10532546
1659624291 9434220
1659624292 10306472
1659624293 9644390
1659624294 9177196
1659624295 11582694
1659624296 10183274
1659624297 8744534
1659624298 8796146
1659624299 7820876
1659624300 9783020
1659624301 9894550
1659624302 8671540
1659624303 9088262
1659624304 7369590
1659624305 9553122
1659624306 10940796
1659624307 9358926
1659624308 11360552
1659624309 7675376
1659624310 10443348
1659624311 9364934
1659624312 10212938
1659624313 8620500
1659624314 8093500
1659624315 9031866
1659624316 9867268
1659624317 8571966
1659624318 8425074
1659624319 7870094
1659624320 8935516
1659624321 8950216
1659624322 9017698
1659624323 8587890
1659624324 8958604
1659624325 8961460
1659624326 9140268
1659624327 10494140
1659624328 9541036
1659624329 8562586
1659624330 10073440
1659624331 8860574
1659624332 8767392
1659624333 9974170
1659624334 8208874
1659624335 9164082
1659624336 10042356
1659624337 8874872
1659624338 8411522
1659624339 7733684
1659624340 8797516
1659624341 8923090
1659624342 10485930
1659624343 10637864
1659624344 8113570
1659624345 9708346
1659624346 9642778
1659624347 9253394
1659624348 9875098
1659624349 8517206
1659624350 8709418
1659624351 9178560
1659624352 8697596
1659624353 8789662
1659624354 8690328
1659624355 11957498
1659624356 10792034
1659624357 8519782
1659624358 8819892
1659624359 9816008
1659624360 9034750
1659624361 9208624
1659624362 8589098
1659624363 8956282
1659624364 9340574
1659624365 8506608
1659624366 9471196
1659624367 10643366
1659624368 10380938
1659624369 8624698
1659624370 10260524
1659624371 8959808
1659624372 9220166
1659624373 8536496
1659624374 9652604
1659624375 8242040
1659624376 8851084
1659624377 9906706
1659624378 9807742
1659624379 7985696
1659624380 10897520
1659624381 8844918
1659624382 6875262
1659624383 6226584
1659624384 5551366
1659624385 6826858
1659624386 7125164
1659624387 6377718
1659624388 6846606
1659624389 6195182
1659624390 6237230
1659624391 6545840
1659624392 6565096
1659624393 6568002
1659624394 5087762
1659624395 5177512
1659624396 5955304
1659624397 5482376
1659624398 6537318
1659624399 5297322
1659624400 6519126
1659624401 6517160
1659624402 5477632
1659624403 5866246
1659624404 5357912
1659624405 7285082
1659624406 7182466
1659624407 7505212
1659624408 6440848
1659624409 4992404
1659624410 7504748
1659624411 6156966
1659624412 6283186
1659624413 7370550
1659624414 5755972
1659624415 6710224
1659624416 6640184
1659624417 6682638
1659624418 5592850
1659624419 5903964
1659624420 7707818
1659624421 6000870
1659624422 7009912
1659624423 7454642
1659624424 5541140
1659624425 5664520
1659624426 6017472
1659624427 5933154
1659624428 4732418
1659624429 6629818
1659624430 5896964
1659624431 7432380
1659624432 7153088
1659624433 7096838
1659624434 4149086
1659624435 7434670
1659624436 5535454
1659624437 6535866
1659624438 6555460
1659624439 6492660
1659624440 4725522
1659624441 5752632
1659624442 7364028
1659624443 7267848
1659624444 7377852
1659624445 6785452
1659624446 7231570
1659624447 6184988
1659624448 6150338
1659624449 8804370
1659624450 6224042
1659624451 4972136
1659624452 5586916
1659624453 7495954
1659624454 8158294
1659624455 6552926
1659624456 5466576
1659624457 5370060
1659624458 8169758
1659624459 5022112
1659624460 9927424
1659624461 9201954
1659624462 7964548
1659624463 8782798
1659624464 9542704
1659624465 8978244
1659624466 9610368
1659624467 7586860
1659624468 8955976
1659624469 9092064
1659624470 8863628
1659624471 7709114
1659624472 10277934
1659624473 9713590
1659624474 9207614
1659624475 9967692
1659624476 8658802
1659624477 9579882
1659624478 8639346
1659624479 9591326
1659624480 9193378
1659624481 7803752
1659624482 9204148
1659624483 9774912
1659624484 10019518
1659624485 8295534
1659624486 8708466
1659624487 8499500
1659624488 9325730
1659624489 9365924
1659624490 9199386
1659624491 8837984
1659624492 8515708
1659624493 9428856
1659624494 8311358
1659624495 8835794
1659624496 8930950
1659624497 8075176
1659624498 8419092
1659624499 9371118
1659624500 9001846
1659624501 8077092
1659624502 10289394
1659624503 8881466
1659624504 10109236
1659624505 9598094
1659624506 8809226
1659624507 9467650
1659624508 9307154
1659624509 9105374
1659624510 10058276
1659624511 9290810
1659624512 9737864
1659624513 10294524
1659624514 9837004
1659624515 8997490
1659624516 9153568
1659624517 8479902
1659624518 9172680
1659624519 9331604
1659624520 9074024
1659624521 8316078
1659624522 8341114
1659624523 8647790
1659624524 9811520
1659624525 10177826
1659624526 9457646
1659624527 8852826
1659624528 8666492
1659624529 9654896
1659624530 8063540
1659624531 8323102
1659624532 10568640
1659624533 8773558
1659624534 8780354
1659624535 8641646
1659624536 7530372
1659624537 7613586
1659624538 9193470
1659624539 8793312
1659624540 9758528
1659624541 8832174
1659624542 8419182
1659624543 9332148
1659624544 9766530
1659624545 9708436
1659624546 9185832
1659624547 10002476
1659624548 9391020
1659624549 8670926
1659624550 8438172
1659624551 10267576
1659624552 7932596
1659624553 10024552
1659624554 8931428
1659624555 10105272
1659624556 10023484
1659624557 9271066
1659624558 8220086
1659624559 8611480
1659624560 9790086
1659624561 10144448
1659624562 7264102
1659624563 9183020
1659624564 9074840
1659624565 9974446
1659624566 10209140
1659624567 8385896
1659624568 8870236
1659624569 10387070
1659624570 10135554
1659624571 10756508
1659624572 8824172
1659624573 10355064
1659624574 9562642
1659624575 9456820
1659624576 9069384
1659624577 9697714
1659624578 9970892
1659624579 9652220
1659624580 9375252
1659624581 8190116
1659624582 7471998
1659624583 8589844
1659624584 8960858
1659624585 8885626
1659624586 9225628
1659624587 8368894
1659624588 8956858
1659624589 8448594
1659624590 8477894
1659624591 9493720
1659624592 8142642
1659624593 10184124
1659624594 10477578
1659624595 9676246
1659624596 9268358
1659624597 8257166
1659624598 11353364
1659624599 9108910
1659624600 10086656
1659624601 9975654
1659624602 8014600
1659624603 9832436
1659624604 9317628
1659624605 8428056
1659624606 9285614
1659624607 8309666
1659624608 8533672
1659624609 10361812
1659624610 10716998
1659624611 8795148
1659624612 7976974
1659624613 9586632
1659624614 9307242
1659624615 9294978
1659624616 8782952
1659624617 7586082
1659624618 8670718
1659624619 9365224
1659624620 10081888
1659624621 9277740
1659624622 7454792
1659624623 8537912
1659624624 9656240
1659624625 9451198
1659624626 8510840
1659624627 7727296
1659624628 8475748
1659624629 9040778
1659624630 10827626
1659624631 10475414
1659624632 8131852
1659624633 8461004
1659624634 8539410
1659624635 8321752
1659624636 9013856
1659624637 8842628
1659624638 9665090
1659624639 9094470
1659624640 9692832
1659624641 9735168
1659624642 8782350
1659624643 7947096
1659624644 8920358
1659624645 9851776
1659624646 10007632
1659624647 7789686
1659624648 10243222
1659624649 10277006
1659624650 9431686
1659624651 10632182
1659624652 7198048
1659624653 9014732
1659624654 5777262
1659624655 6197896
1659624656 5865164
1659624657 5262164
1659624658 5971794
1659624659 4867172
1659624660 5314486
1659624661 5751278
1659624662 5327808
1659624663 6163832
1659624664 4852332
1659624665 6193510
1659624666 6162654
1659624667 4523764
1659624668 6434204
1659624669 5581882
1659624670 5192764
1659624671 6161114
1659624672 5643952
1659624673 6736462
1659624674 7327604
1659624675 5439458
1659624676 6784458
1659624677 5330138
1659624678 7351162
1659624679 6160114
1659624680 5639324
1659624681 7027532
1659624682 6135712
1659624683 6898962
1659624684 7410394
1659624685 6026088
1659624686 7241574
1659624687 5788550
1659624688 5087172
1659624689 7106900
1659624690 6711284
1659624691 6841568
1659624692 5555956
1659624693 6097116
1659624694 5989134
1659624695 7524858
1659624696 5789532
1659624697 6384394
1659624698 5435340
1659624699 6361986
1659624700 6877656
1659624701 5205178
1659624702 5898566
1659624703 6285522
1659624704 5599290
1659624705 6187334
1659624706 7850488
1659624707 6374458
1659624708 5501952
1659624709 5288806
1659624710 5160316
1659624711 5738434
1659624712 6845040
1659624713 5250290
1659624714 5219764
1659624715 5891826
1659624716 5773952
1659624717 5757032
1659624718 4825382
1659624719 6668800
1659624720 5272708
1659624721 6310280
1659624722 6001444
1659624723 6217982
1659624724 5360738
1659624725 6376498
1659624726 5656170
1659624727 6019928
1659624728 7812782
1659624729 10414432
1659624730 10076718
1659624731 9062926
1659624732 8918790
1659624733 10665832
1659624734 8648772
1659624735 10280180
1659624736 8488454
1659624737 8292364
1659624738 8690502
1659624739 9332436
1659624740 10113796
1659624741 9887414
1659624742 8004588
1659624743 9669078
1659624744 8628660
1659624745 9031136
1659624746 8675688
1659624747 8951484
1659624748 7019988
1659624749 9116786
1659624750 9031088
1659624751 10918866
1659624752 7186414
1659624753 11087110
1659624754 9380744
1659624755 9973848
1659624756 8079740
1659624757 7249874
1659624758 8796642
1659624759 7416212
1659624760 9789542
1659624761 8770218
1659624762 8912676
1659624763 9710352
1659624764 9540974
1659624765 9266776
1659624766 9216690
1659624767 8672870
1659624768 10127540
1659624769 8662356
1659624770 9073864
1659624771 9720838
1659624772 7589420
1659624773 8389602
1659624774 8913542
1659624775 9542320
1659624776 8766230
1659624777 9690040
1659624778 9341520
1659624779 9549462
1659624780 9153268
1659624781 10216962
1659624782 8769348
1659624783 8843150
1659624784 8808930
1659624785 10337168
1659624786 8881890
1659624787 7863594
1659624788 9478928
1659624789 10604856
1659624790 8341780
1659624791 10387878
1659624792 8951062
1659624793 9767108
1659624794 9700434
1659624795 8684636
1659624796 8655148
1659624797 7935006
1659624798 9721168
1659624799 8522436
1659624800 9650794
1659624801 9782794
1659624802 7519244
1659624803 8777682
1659624804 8477626
1659624805 9368304
1659624806 10619134
1659624807 8824980
1659624808 10668484
1659624809 10009454
1659624810 8409612
1659624811 9576656
1659624812 8693326
1659624813 9971842
1659624814 9480996
1659624815 9381268
1659624816 10719770
1659624817 7208850
1659624818 8596180
1659624819 8493114
1659624820 9237874
1659624821 8325320
1659624822 9274602
1659624823 10281848
1659624824 9912402
1659624825 9211114
1659624826 10105524
1659624827 9115762
1659624828 10529532
1659624829 9057034
1659624830 9545950
1659624831 7914070
1659624832 9082140
1659624833 9635456
1659624834 8910794
1659624835 9331304
1659624836 9274018
1659624837 8697904
1659624838 9183544
1659624839 10299994
1659624840 8938690
1659624841 9334256
1659624842 8014784
1659624843 8411154
1659624844 8738184
1659624845 9061076
1659624846 9003884
1659624847 7962080
1659624848 9748384
1659624849 9566210
1659624850 8528280
1659624851 8908248
1659624852 7891922
1659624853 8419960
1659624854 9479334
1659624855 10051846
1659624856 8933604
1659624857 8406210
1659624858 9140104
1659624859 10159366
1659624860 9278584
1659624861 10012040
1659624862 9388384
1659624863 10483530
1659624864 9761950
1659624865 9326560
1659624866 9562732
1659624867 7910286
1659624868 9282834
1659624869 9938910
1659624870 9166630
1659624871 8644032
1659624872 7992286
1659624873 8970664
1659624874 9098260
1659624875 9215368
1659624876 9792386
1659624877 8915670
1659624878 9686614
1659624879 9395696
1659624880 9538450
1659624881 9331940
1659624882 7853652
1659624883 8913330
1659624884 9876944
1659624885 8693292
1659624886 11025458
1659624887 9536274
1659624888 9539000
1659624889 9587334
1659624890 8925216
1659624891 8369144
1659624892 7107518
1659624893 9669692
1659624894 10318956
1659624895 9500984
1659624896 8941150
1659624897 6877958
1659624898 9175276
1659624899 8988384
1659624900 9989518
1659624901 11222250
1659624902 8657794
1659624903 9139728
1659624904 9328494
1659624905 9792950
1659624906 10386172
1659624907 8858754
1659624908 9613328
1659624909 10743570
1659624910 9260446
1659624911 11164686
1659624912 8452270
1659624913 10097678
1659624914 9526266
1659624915 8763036
1659624916 10988928
1659624917 8413540
1659624918 9401736
1659624919 8898018
1659624920 8893678
1659624921 9266462
1659624922 9241038
1659624923 6736092
1659624924 6801226
1659624925 5820102
1659624926 5486156
1659624927 5845218
1659624928 5768034
1659624929 5910342
1659624930 5359164
1659624931 6338446
1659624932 4430840
1659624933 5132216
1659624934 7081284
1659624935 5313472
1659624936 6008764
1659624937 6161638
1659624938 6697512
1659624939 5539260
1659624940 6573412
1659624941 6574862
1659624942 5207570
1659624943 5614778
1659624944 5470302
1659624945 4963044
1659624946 6057368
1659624947 5638400
1659624948 7240508
1659624949 5937552
1659624950 7118660
1659624951 5676102
1659624952 6270680
1659624953 6570238
1659624954 6349026
1659624955 6776734
1659624956 6315372
1659624957 4705732
1659624958 6983440
1659624959 6149320
1659624960 5574082
1659624961 6550088
1659624962 5725996
1659624963 7030106
1659624964 6245786
1659624965 5524762
1659624966 5147094
1659624967 5422508
1659624968 6631924
1659624969 6748864
1659624970 5945274
1659624971 6750098
1659624972 5501184
1659624973 6447340
1659624974 6477102
1659624975 5015866
1659624976 6432658
1659624977 5337132
1659624978 5235482
1659624979 5777754
1659624980 5712334
1659624981 6326776
1659624982 4586112
1659624983 6276602
1659624984 5141342
1659624985 6380326
1659624986 8311406
1659624987 5507544
1659624988 5402624
1659624989 6155516
1659624990 7986862
1659624991 6045542
1659624992 4822432
1659624993 4837074
1659624994 5815592
1659624995 7133708
1659624996 5901670
1659624997 5552264
1659624998 9932816
1659624999 8330204
1659625000 9942002
1659625001 9394542
1659625002 8846280
1659625003 8784038
1659625004 8523862
1659625005 8445892
1659625006 10245320
1659625007 8114838
1659625008 10245870
1659625009 7992226
1659625010 9018702
1659625011 9635728
1659625012 8537924
1659625013 10962484
1659625014 9959248
1659625015 9342152
1659625016 9345432
1659625017 7074476
1659625018 9354920
1659625019 9426758
1659625020 10055304
1659625021 8626470
1659625022 8830010
1659625023 9189622
1659625024 9940512
1659625025 10817014
1659625026 10136430
1659625027 8744338
1659625028 9122326
1659625029 9187202
1659625030 9497220
1659625031 9887324
1659625032 8316324
1659625033 8773842
1659625034 9605438
1659625035 8741264
1659625036 9531162
1659625037 8134494
1659625038 8657896
1659625039 8297400
1659625040 6767140
1659625041 9558314
1659625042 9365500
1659625043 9607576
1659625044 9782064
1659625045 8321706
1659625046 9675548
1659625047 10519502
1659625048 8766090
1659625049 9261960
1659625050 7196248
1659625051 8857998
1659625052 10764494
1659625053 8848688
1659625054 10349000
1659625055 9069174
1659625056 8766266
1659625057 8672222
1659625058 9299708
1659625059 9875906
1659625060 9758270
1659625061 10651310
1659625062 9409308
1659625063 9150722
1659625064 10412574
1659625065 9129682
1659625066 9424514
1659625067 8492512
1659625068 9441886
1659625069 9451166
1659625070 9012492
1659625071 8207244
1659625072 9378310
1659625073 9637498
1659625074 9323270
1659625075 9105536
1659625076 10603074
1659625077 9460144
1659625078 8442604
1659625079 10773110
1659625080 8551300
1659625081 8524664
1659625082 9281426
1659625083 8563446
1659625084 9433036
1659625085 7760510
1659625086 10013654
1659625087 8365912
1659625088 9887116
1659625089 9225602
1659625090 8501636
1659625091 8951306
1659625092 8960460
1659625093 9236156
1659625094 9975636
1659625095 8883034
1659625096 9080678
1659625097 9564764
1659625098 9642158
1659625099 8377410
1659625100 9832398
1659625101 9232058
1659625102 10122618
1659625103 8303116
1659625104 9339566
1659625105 10154200
1659625106 8766534
1659625107 9020030
1659625108 10439098
1659625109 10606592
1659625110 7972318
1659625111 8540918
1659625112 9330950
1659625113 8485350
1659625114 8986294
1659625115 8325844
1659625116 8528000
1659625117 10311130
1659625118 9969714
1659625119 10380438
1659625120 8994462
1659625121 8752698
1659625122 9502036
1659625123 8876220
1659625124 8838350
1659625125 8260342
1659625126 9090022
1659625127 9868656
1659625128 8917836
1659625129 9288262
1659625130 7624332
1659625131 9174684
1659625132 8730388
1659625133 9313454
1659625134 8364022
1659625135 9280674
1659625136 8447702
1659625137 8940230
1659625138 9020938
1659625139 10726292
1659625140 9180942
1659625141 9318232
1659625142 9772458
1659625143 9617980
1659625144 9107938
1659625145 7868400
1659625146 8599202
1659625147 9813178
1659625148 10131680
1659625149 10496352
1659625150 8336850
1659625151 9062972
1659625152 8359128
1659625153 10057768
1659625154 9067600
1659625155 9366032
1659625156 10160030
1659625157 9520510
1659625158 9552922
1659625159 8354284
1659625160 9317000
1659625161 9102384
1659625162 9833270
1659625163 8588348
1659625164 9001288
1659625165 9812700
1659625166 9732330
1659625167 8930576
1659625168 11713478
1659625169 9267782
1659625170 9612854
1659625171 3834026
1659625172 978
