#readfromfb
1659614173 50
1659614174 45107
1659614175 86
1659614176 79887
1659614177 30211
1659614178 10358
1659614179 27766
1659614180 13498
1659614181 15740
1659614182 22263
1659614183 14052
1659614184 13137
1659614185 14306
1659614186 24119
1659614187 14039
1659614188 13643
1659614189 25382
1659614190 13063
1659614191 18215
1659614192 17571
1659614193 16830
1659614194 13168
1659614195 26299
1659614196 12995
1659614197 15157
1659614198 23958
1659614199 12909
1659614200 16350
1659614201 13716
1659614202 20759
1659614203 15084
1659614204 10
1659614205 13218
1659614206 26482
1659614207 13184
1659614208 6091
1659614209 33529
1659614210 611
1659614211 14006
1659614212 29390
1659614213 9011
1659614214 13177
1659614215 27136
1659614216 13566
1659614217 25242
1659614218 13268
1659614219 23602
1659614220 15960
1659614221 13218
1659614222 26400
1659614223 9795
1659614224 16634
1659614225 15649
1659614226 18079
1659614227 19015
1659614228 13125
1659614229 24403
1659614230 15178
1659614231 13178
1659614232 13290
1659614233 13252
1659614234 10
1659614235 13214
1659614236 8735
1659614237 24775
1659614238 7639
1659614239 7311
1659614240 19172
1659614241 26403
1659614242 13215
1659614243 13187
1659614244 26150
1659614245 13535
1659614246 17887
1659614247 21816
1659614248 13233
1659614249 15951
1659614250 17287
1659614251 19617
1659614252 13203
1659614253 19647
1659614254 20007
1659614255 13219
1659614256 17554
1659614257 19342
1659614258 16059
1659614259 13228
1659614260 21165
1659614261 18482
1659614262 13217
1659614263 13230
1659614264 13228
1659614265 13212
1659614266 26450
1659614267 13196
1659614268 13243
1659614269 13228
1659614270 15295
1659614271 13233
1659614272 23593
1659614273 13221
1659614274 25707
1659614275 13986
1659614276 15066
1659614277 11393
1659614278 26473
1659614279 13245
1659614280 13241
1659614281 18230
1659614282 21451
1659614283 13216
1659614284 13209
1659614285 22553
1659614286 17132
1659614287 18361
1659614288 21344
1659614289 13237
1659614290 13241
1659614291 13241
1659614292 13219
1659614293 13243
1659614294 13238
1659614295 14122
1659614296 12347
1659614297 13232
1659614298 18190
1659614299 8277
1659614300 15805
1659614301 23880
1659614302 13230
1659614303 26465
1659614304 13243
1659614305 10302
1659614306 18667
1659614307 23954
1659614308 26485
1659614309 13235
1659614310 21356
1659614311 18356
1659614312 14535
1659614313 11934
1659614314 26457
1659614315 13226
1659614316 16729
1659614317 22953
1659614318 13651
1659614319 26065
1659614320 13237
1659614321 18026
1659614322 18375
1659614323 16543
1659614324 14523
1659614325 11948
1659614326 23856
1659614327 8222
1659614328 7643
1659614329 13237
1659614330 27800
1659614331 11901
1659614332 2495
1659614333 21257
1659614334 16855
1659614335 13235
1659614336 23358
1659614337 29572
1659614338 13232
1659614339 13233
1659614340 17983
1659614341 15222
1659614342 19736
1659614343 13236
1659614344 13230
1659614345 25406
1659614346 14302
1659614347 11096
1659614348 15372
1659614349 13237
1659614350 13231
1659614351 12080
1659614352 14391
1659614353 16790
1659614354 11088
1659614355 11834
1659614356 26470
1659614357 13236
1659614358 701
1659614359 26472
1659614360 13243
1659614361 13236
1659614362 26466
1659614363 13248
1659614364 13232
1659614365 18470
1659614366 33660
1659614367 14044
1659614368 13236
1659614369 26468
1659614370 13236
1659614371 18215
1659614372 13471
1659614373 21253
1659614374 13235
1659614375 26470
1659614376 13235
1659614377 15773
1659614378 23933
1659614379 13234
1659614380 16095
1659614381 23611
1659614382 13235
1659614383 17839
1659614384 21863
1659614385 932
1659614386 23838
1659614387 18419
1659614388 15240
1659614389 24464
1659614390 13246
1659614391 13238
1659614392 26467
1659614393 13235
1659614394 26470
1659614395 13237
1659614396 13236
1659614397 13244
1659614398 13226
1659614399 21938
1659614400 17768
1659614401 13237
1659614402 26471
1659614403 13234
1659614404 3047
1659614405 23425
1659614406 14103
1659614407 25603
1659614408 13234
1659614409 24745
1659614410 14962
1659614411 21336
1659614412 18371
1659614413 13964
1659614414 25741
1659614415 10
1659614416 17266
1659614417 22441
1659614418 13237
1659614419 39031
1659614420 918
1659614421 26469
1659614422 13249
1659614423 10119
1659614424 23817
1659614425 30243
1659614426 15233
1659614427 25451
1659614428 14255
1659614429 13304
1659614430 26401
1659614431 13236
1659614432 20388
1659614433 19319
1659614434 17211
1659614435 22495
1659614436 19188
1659614437 20522
1659614438 13236
1659614439 19033
1659614440 20682
1659614441 13235
1659614442 21005
1659614443 18710
1659614444 16934
1659614445 9555
1659614446 16657
1659614447 23061
1659614448 5707
1659614449 24776
1659614450 22491
1659614451 26474
1659614452 13552
1659614453 4475
1659614454 21993
1659614455 26469
1659614456 13236
1659614457 13239
1659614458 25309
1659614459 14397
1659614460 13234
1659614461 26473
1659614462 13241
1659614463 20800
1659614464 18914
1659614465 15946
1659614466 23438
1659614467 13567
1659614468 13237
1659614469 26475
1659614470 14139
1659614471 25578
1659614472 13238
1659614473 13246
1659614474 13236
1659614475 27251
1659614476 9161
1659614477 28563
1659614478 15856
1659614479 26470
1659614480 13233
1659614481 13237
1659614482 20878
1659614483 27602
1659614484 17716
1659614485 19595
1659614486 20127
1659614487 18118
1659614488 21600
1659614489 13501
1659614490 26217
1659614491 13234
1659614492 26471
1659614493 13236
1659614494 26484
1659614495 6498
1659614496 21186
1659614497 15652
1659614498 22843
1659614499 13235
1659614500 26475
1659614501 13237
1659614502 26476
1659614503 13242
1659614504 13235
1659614505 15142
1659614506 11380
1659614507 13191
1659614508 13397
1659614510 13235
1659614511 26473
1659614512 10
1659614513 26473
1659614514 26476
1659614515 12918
1659614516 27594
1659614517 13234
1659614518 25512
1659614519 14196
1659614520 25661
1659614521 14048
1659614522 15898
1659614523 23816
1659614524 13232
1659614525 26474
1659614526 13237
1659614527 26472
1659614528 13236
1659614529 26478
1659614530 13240
1659614531 19408
1659614532 20310
1659614533 18612
1659614534 7877
1659614535 20006
1659614536 20131
1659614537 13234
1659614538 16748
1659614539 30684
1659614540 5534
1659614541 17322
1659614542 22389
1659614543 19679
1659614544 26103
1659614545 20412
1659614546 13236
1659614547 23719
1659614548 15995
1659614549 24023
1659614550 15691
1659614551 24287
1659614552 7234
1659614553 21439
1659614554 13595
1659614555 26071
1659614556 13290
1659614557 13243
1659614558 26474
1659614559 13236
1659614560 22252
1659614561 17471
1659614562 13232
1659614563 26480
1659614564 2264
1659614565 22695
1659614566 16724
1659614567 22981
1659614568 18050
1659614569 26482
1659614570 20267
1659614571 19445
1659614572 16537
1659614573 20895
1659614574 17764
1659614575 20144
1659614576 21548
1659614577 22242
1659614578 13240
1659614579 21151
1659614580 18558
1659614581 15431
1659614582 24283
1659614583 13458
1659614584 26248
1659614585 14649
1659614586 25065
1659614587 13238
1659614588 26479
1659614589 13234
1659614590 13237
1659614591 15457
1659614592 17317
1659614593 20173
1659614594 18899
1659614595 7599
1659614596 13596
1659614597 34826
1659614598 4528
1659614599 24039
1659614600 15681
1659614601 5
1659614602 26477
1659614603 23297
1659614604 16417
1659614605 26474
1659614607 26370
1659614608 13344
1659614609 13236
1659614610 13237
1659614611 13240
1659614612 13233
1659614613 26478
1659614614 13234
1659614615 26476
1659614616 13235
1659614617 25804
1659614618 13902
1659614619 22504
1659614620 17204
1659614621 13237
1659614622 26470
1659614623 15246
1659614624 21219
1659614625 3249
1659614626 13237
1659614627 23712
1659614628 17336
1659614629 26480
1659614630 13239
1659614631 13235
1659614632 25903
1659614633 27041
1659614634 13240
1659614635 26481
1659614636 13234
1659614637 26474
1659614638 13239
1659614639 20235
1659614640 19483
1659614641 15612
1659614642 24097
1659614643 13234
1659614644 26470
1659614645 13238
1659614646 13240
1659614647 26478
1659614648 14044
1659614649 22009
1659614650 16902
1659614651 17212
1659614652 22502
1659614653 13236
1659614654 22122
1659614655 17596
1659614656 6145
1659614657 26050
1659614658 8502
1659614659 21075
1659614660 30899
1659614661 13235
1659614662 13240
1659614663 14173
1659614664 16379
1659614665 23331
1659614666 13235
1659614667 22855
1659614668 16864
1659614669 19703
1659614670 20003
1659614671 8554
1659614672 17928
1659614673 13233
1659614674 26474
1659614675 15707
1659614676 24000
1659614677 13237
1659614678 26476
1659614679 13236
1659614680 26472
1659614681 13243
1659614682 17699
1659614683 22010
1659614684 18422
1659614685 8066
1659614686 19548
1659614687 33402
1659614688 7907
1659614689 30951
1659614690 14103
1659614691 4885
1659614692 22094
1659614693 13997
1659614694 26593
1659614695 26349
1659614696 13235
1659614697 19787
1659614698 19925
1659614699 20562
1659614700 18285
1659614701 18842
1659614702 13302
1659614703 21679
1659614704 15361
1659614705 24348
1659614706 13238
1659614707 26480
1659614708 13235
1659614709 23244
1659614710 16475
1659614711 13236
1659614712 17137
1659614713 22574
1659614714 13233
1659614715 9
1659614716 26482
1659614717 26475
1659614718 17591
1659614719 8895
1659614720 14951
1659614721 24758
1659614722 26479
1659614723 12376
1659614724 22123
1659614725 18444
1659614726 20561
1659614727 19150
1659614728 13235
1659614729 13239
1659614730 26472
1659614731 13236
1659614732 20979
1659614733 18733
1659614734 13314
1659614735 26396
1659614736 13235
1659614737 14110
1659614738 21270
1659614739 17572
1659614740 18268
1659614741 21446
1659614742 14925
1659614743 24786
1659614744 13380
1659614745 13239
1659614746 30072
1659614747 9678
1659614748 15408
1659614749 35741
1659614750 1806
1659614751 19855
1659614752 20547
1659614753 13235
1659614754 22921
1659614755 30024
1659614756 13234
1659614757 26475
1659614758 13241
1659614759 23845
1659614760 15862
1659614761 13236
1659614762 15680
1659614763 17304
1659614764 19958
1659614765 13237
1659614766 26474
1659614767 13236
1659614768 13238
1659614769 26471
1659614770 13240
1659614771 26475
1659614772 13240
1659614773 18779
1659614774 12535
1659614775 13939
1659614776 26476
1659614777 19903
1659614778 6816
1659614779 13243
1659614780 23579
1659614781 25348
1659614782 21714
1659614783 10
1659614784 18560
1659614785 34386
1659614786 13234
1659614787 26474
1659614788 13239
1659614789 23801
1659614790 15917
1659614791 21417
1659614792 18297
1659614793 13237
1659614794 23635
1659614795 16071
1659614796 26474
1659614797 13239
1659614798 13239
1659614799 15025
1659614800 24686
1659614801 13237
1659614802 26470
1659614803 13243
1659614804 25409
1659614805 14302
1659614806 6764
1659614807 32948
1659614808 7217
1659614809 19265
1659614810 26480
1659614811 9
1659614812 19004
1659614813 25687
1659614814 19831
1659614815 19872
1659614816 13647
1659614817 26072
1659614818 15560
1659614819 24164
1659614820 16928
1659614821 22786
1659614822 13241
1659614823 20686
1659614824 19023
1659614825 13235
1659614826 13236
1659614827 23847
1659614828 15864
1659614829 13243
1659614830 26473
1659614831 13233
1659614832 26476
1659614833 13233
1659614834 25639
1659614835 844
1659614836 13233
1659614837 26480
1659614838 13887
1659614839 13242
1659614840 27134
1659614841 5549
1659614842 24633
1659614843 20677
1659614844 16357
1659614845 23339
1659614846 13236
1659614847 13235
1659614848 13241
1659614849 26476
1659614850 13236
1659614851 14422
1659614852 25292
1659614853 13240
1659614854 17280
1659614855 15469
1659614856 20208
1659614857 13235
1659614858 26481
1659614859 13237
1659614860 19834
1659614861 19871
1659614862 13234
1659614863 13235
1659614864 5
1659614865 13236
1659614866 20934
1659614867 18781
1659614868 26472
1659614869 13252
1659614870 10385
1659614871 16088
1659614872 26652
1659614873 21394
1659614874 18334
1659614875 15316
1659614876 24363
1659614877 15626
1659614878 24081
1659614879 14111
1659614880 25598
1659614881 17408
1659614882 21048
1659614883 14485
1659614884 20409
1659614885 19310
1659614886 19954
1659614887 19762
1659614888 16298
1659614889 23410
1659614890 13242
1659614891 26474
1659614892 13238
1659614893 26277
1659614894 13235
1659614895 14714
1659614896 21439
1659614897 16788
1659614898 4816
1659614899 21667
1659614900 14129
1659614901 29371
1659614902 22678
1659614903 10
1659614904 26474
1659614905 26474
1659614906 24855
1659614907 14853
1659614908 25828
1659614909 13874
1659614910 20929
1659614911 18775
1659614912 15787
1659614913 19583
1659614914 16112
1659614915 14706
1659614916 13237
1659614917 13235
1659614918 14117
1659614919 25594
1659614920 13238
1659614921 13236
1659614922 26472
1659614923 13241
1659614924 13248
1659614925 8597
1659614926 30075
1659614927 1053
1659614928 21267
1659614929 31688
1659614930 4585
1659614931 23546
1659614932 26472
1659614933 20855
1659614934 18501
1659614935 19598
1659614936 20465
1659614937 18029
1659614938 21684
1659614939 15916
1659614940 23796
1659614941 13235
1659614942 13235
1659614943 16094
1659614944 23608
1659614945 13559
1659614946 26149
1659614947 13235
1659614948 26481
1659614949 13234
1659614950 24788
1659614951 14941
1659614952 14944
1659614953 22470
1659614954 15542
1659614955 13246
1659614956 13236
1659614957 26487
1659614958 18459
1659614959 13632
1659614960 26077
1659614961 13249
1659614962 13236
1659614963 22180
1659614964 29989
1659614965 14027
1659614966 13243
1659614967 18374
1659614968 13167
1659614969 21417
1659614970 21292
1659614971 18422
1659614972 13240
1659614973 21311
1659614974 18405
1659614975 18764
1659614976 20951
1659614977 13234
1659614978 22922
1659614979 16796
1659614980 19236
1659614981 20479
1659614982 18374
1659614983 18657
1659614984 15917
1659614985 7274
1659614986 19313
1659614987 26480
1659614988 13244
1659614989 7881
1659614990 21122
1659614991 14936
1659614992 35489
1659614993 13246
1659614994 10786
1659614995 24340
1659614996 31057
1659614997 13238
1659614998 16442
1659614999 23263
1659615000 18160
1659615001 21552
1659615002 22026
1659615003 17685
1659615004 13238
1659615005 25367
1659615006 14344
1659615007 26476
1659615008 13237
1659615009 13236
1659615010 13237
1659615011 22718
1659615012 16998
1659615013 20083
1659615014 6401
1659615015 22306
1659615016 8965
1659615017 23011
1659615018 27313
1659615019 16103
1659615020 2081
1659615021 24401
1659615022 26484
1659615023 22808
1659615024 16909
1659615025 13244
1659615026 13240
1659615027 15892
1659615028 23822
1659615029 13236
1659615030 26470
1659615031 13238
1659615032 26478
1659615033 13236
1659615034 20835
1659615035 9280
1659615036 22828
1659615037 13240
1659615038 18776
1659615039 20941
1659615040 15433
1659615041 24279
1659615042 2986
1659615043 23491
1659615044 8503
1659615045 17980
1659615046 17854
1659615047 34074
1659615048 14255
1659615049 6
1659615050 17888
1659615051 22796
1659615052 25502
1659615053 11
1659615054 26472
1659615055 26469
1659615056 25513
1659615057 14199
1659615058 14226
1659615059 19170
1659615060 22456
1659615061 20488
1659615062 16314
1659615063 17759
1659615064 21951
1659615065 18585
1659615066 21124
1659615067 13237
1659615068 17144
1659615069 22569
1659615070 13235
1659615071 13234
1659615072 14940
1659615073 24775
1659615074 13239
1659615075 26483
1659615076 2
1659615077 13242
1659615078 26483
1659615079 13835
1659615080 26412
1659615081 12711
1659615082 13236
1659615083 28827
1659615084 24125
1659615085 221
1659615086 22778
1659615087 30170
1659615088 19768
1659615089 15174
1659615090 21732
1659615091 15138
1659615092 26431
1659615093 10442
1659615094 23684
1659615095 13235
1659615096 26459
1659615097 13250
1659615098 21069
1659615099 18649
1659615100 13239
1659615101 25503
1659615102 14205
1659615103 19491
1659615104 20225
1659615105 13249
1659615106 10271
1659615107 20099
1659615108 30384
1659615109 5434
1659615110 15617
1659615111 37338
1659615112 13235
1659615113 14
1659615114 17131
1659615115 15456
1659615116 27188
1659615117 19653
1659615118 13285
1659615119 26425
1659615120 13234
1659615121 16873
1659615122 22835
1659615123 15412
1659615124 24301
1659615125 13437
1659615126 23442
1659615127 16063
1659615128 20517
1659615129 19190
1659615130 18750
1659615131 20958
1659615132 15597
1659615133 24111
1659615134 13242
1659615135 13236
1659615136 26472
1659615137 13237
1659615138 13234
1659615139 14058
1659615140 26478
1659615141 7
1659615142 26480
1659615143 22060
1659615144 18655
1659615145 12232
1659615146 26975
1659615147 16988
1659615148 22217
1659615149 19434
1659615150 20284
1659615151 17434
1659615152 22074
1659615153 13441
1659615154 20073
1659615155 19642
1659615156 24661
1659615157 15053
1659615158 13235
1659615159 13242
1659615160 13237
1659615161 26479
1659615162 16301
1659615163 23418
1659615165 2509
1659615166 24511
1659615167 26479
1659615168 13934
1659615169 13240
1659615170 16554
1659615171 20515
1659615172 13240
1659615173 24705
1659615174 15012
1659615175 13238
1659615176 4314
1659615177 33878
1659615178 17438
1659615179 21234
1659615180 16782
1659615181 19979
1659615182 18763
1659615183 13245
1659615184 24443
1659615185 15270
1659615186 26476
1659615187 13242
1659615188 26477
1659615189 13240
1659615190 14166
1659615191 25543
1659615192 14270
1659615193 22237
1659615194 16440
1659615195 7977
1659615196 25748
1659615197 6109
1659615198 18363
1659615199 34586
1659615200 984
1659615201 30855
1659615202 7900
1659615203 13236
1659615204 29045
1659615205 23898
1659615206 14012
1659615207 25704
1659615208 14345
1659615209 23013
1659615210 15592
1659615211 13237
1659615212 26256
1659615213 13455
1659615214 13245
1659615215 13237
1659615216 26481
1659615217 13241
1659615218 26477
1659615219 13238
1659615220 22026
1659615221 17686
1659615222 13235
1659615223 16431
1659615224 23284
1659615225 13236
1659615226 10
1659615227 24616
1659615228 15101
1659615229 15188
1659615230 34203
1659615231 5446
1659615232 31454
1659615233 6912
1659615234 17735
1659615235 27356
1659615236 21088
1659615237 15796
1659615238 23916
1659615239 13236
1659615240 26473
1659615241 13237
1659615242 13236
1659615243 23295
1659615244 16415
1659615245 21998
1659615246 17710
1659615247 14824
1659615248 18418
1659615249 19708
1659615250 13233
1659615251 26473
1659615252 13236
1659615253 13240
1659615254 182
1659615255 26475
1659615256 13237
1659615257 13241
1659615258 21608
1659615259 18108
1659615260 25905
1659615261 13812
1659615262 890
1659615263 21986
1659615264 30715
1659615265 13482
1659615266 13260
1659615267 26457
1659615268 13239
1659615269 23448
1659615270 16256
1659615271 15648
1659615272 24061
1659615273 13237
1659615274 13245
1659615275 13227
1659615276 20881
1659615277 13063
1659615278 19002
1659615279 21408
1659615280 18303
1659615281 13236
1659615282 17294
1659615283 22417
1659615284 19406
1659615285 20311
1659615286 4480
1659615287 8775
1659615288 32198
1659615289 10300
1659615290 26600
1659615291 20344
1659615292 20624
1659615293 19081
1659615294 15770
1659615295 23944
1659615296 13235
1659615297 26475
1659615298 13234
1659615299 26472
1659615300 13236
1659615301 17961
1659615302 19878
1659615303 15107
1659615304 19389
1659615305 20318
1659615306 15029
1659615307 22495
1659615308 15420
1659615309 26475
1659615310 13238
1659615311 26480
1659615312 13241
1659615313 17382
1659615314 13232
1659615315 19901
1659615316 23135
1659615317 23153
1659615318 246
1659615319 13240
1659615320 20240
1659615321 6235
1659615322 23031
1659615323 24402
1659615324 21785
1659615325 14095
1659615326 22606
1659615327 13240
1659615328 13239
1659615329 26476
1659615330 13234
1659615331 19587
1659615332 20133
1659615333 13236
1659615334 19855
1659615335 19859
1659615336 22370
1659615337 17337
1659615338 13239
1659615339 26473
1659615340 13234
1659615341 25124
1659615342 14586
1659615343 18279
1659615344 21431
1659615345 13237
1659615346 13598
1659615347 26472
1659615348 2937
1659615349 28087
1659615350 22049
1659615351 21541
1659615352 23694
1659615353 13460
1659615354 25747
1659615355 15946
1659615356 23412
1659615357 8559
1659615358 18786
1659615359 20924
1659615360 18400
1659615361 21313
1659615362 8488
1659615363 17991
1659615364 13237
1659615365 17836
1659615366 21877
1659615367 13235
1659615368 20020
1659615369 19698
1659615370 24204
1659615371 7119
1659615372 21628
1659615373 13236
1659615374 13244
1659615375 26480
1659615376 13250
1659615377 13235
1659615378 26473
1659615379 11
1659615380 13238
1659615381 39716
1659615382 899
1659615383 13235
1659615384 20041
1659615385 32902
1659615386 13237
1659615387 26482
1659615388 13237
1659615389 13240
1659615390 22719
1659615391 16992
1659615392 13236
1659615393 26474
1659615394 13231
1659615395 26482
1659615396 13245
1659615397 26471
1659615398 13232
1659615399 13238
1659615400 13243
1659615401 26475
1659615402 13240
1659615403 13240
1659615404 20798
1659615405 5693
1659615406 13241
1659615407 31453
1659615408 8265
1659615409 13243
1659615410 26470
1659615413 13245
1659615414 13236
1659615415 35186
1659615416 17754
1659615417 13233
1659615418 13237
1659615419 13245
1659615420 18071
1659615421 21635
1659615422 13235
1659615423 14512
1659615424 25203
1659615425 17095
1659615426 22610
1659615427 13233
1659615428 13232
1659615429 26485
1659615430 13234
1659615431 13232
1659615432 13234
1659615433 13232
1659615434 13236
1659615435 11
1659615436 13235
1659615437 13236
1659615438 26471
1659615439 3365
1659615440 23121
1659615441 26469
1659615442 10
1659615443 13487
1659615444 39449
1659615445 13230
1659615446 10
1659615447 13235
1659615448 39708
1659615449 13237
1659615450 13235
1659615451 16418
1659615452 23297
1659615453 13230
1659615454 14352
1659615455 25359
1659615456 13233
1659615457 13221
1659615458 26463
1659615459 13221
1659615460 13233
1659615462 13239
1659615463 13236
1659615464 26450
1659615465 13229
1659615466 4970
1659615467 33060
1659615468 1685
1659615469 13218
1659615470 23484
1659615471 16211
1659615472 17367
1659615473 9114
1659615474 13225
1659615475 26463
1659615476 26460
1659615477 5029
1659615478 19161
1659615479 15497
1659615480 13233
1659615481 13220
1659615482 26440
1659615483 13223
1659615484 13225
1659615485 13652
1659615486 24210
1659615487 14993
1659615488 13201
1659615489 26397
1659615490 13227
1659615492 13236
1659615493 13208
1659615494 13161
1659615495 13208
1659615496 9
1659615497 13232
1659615498 16553
1659615499 36285
1659615500 10
1659615501 13192
1659615502 26384
1659615503 14477
1659615504 11975
1659615505 13183
1659615506 29052
1659615507 23785
1659615508 13193
1659615509 13181
1659615510 26392
1659615511 13139
1659615512 25508
1659615513 5295
1659615514 21903
1659615515 13144
1659615516 24756
1659615517 14696
1659615518 13136
1659615519 13148
1659615520 20836
1659615521 18662
1659615522 13177
1659615523 13131
1659615524 13179
1659615525 13160
1659615526 17920
1659615527 13197
1659615528 13044
1659615529 26053
1659615530 13095
1659615531 10
1659615532 26147
1659615533 15427
1659615534 13109
1659615535 26281
1659615536 13061
1659615537 26089
1659615538 13058
1659615539 13078
1659615540 13022
1659615541 25782
1659615542 12994
1659615543 12969
1659615544 12978
1659615545 19350
1659615546 19423
1659615547 12897
1659615548 12869
1659615549 12866
1659615550 12904
1659615551 12874
1659615552 25702
1659615553 12727
1659615554 2
1659615555 12810
1659615556 25604
1659615557 4246
1659615558 21745
1659615559 10
1659615560 22310
1659615561 5102
1659615562 11
1659615563 27535
1659615564 20928
1659615565 20382
1659615566 13381
1659615567 13235
1659615568 16200
1659615569 23506
1659615570 13235
1659615571 26470
1659615572 13236
1659615573 16589
1659615574 23116
1659615575 22880
1659615576 16825
1659615577 26454
1659615578 13251
1659615579 13236
1659615580 22420
1659615581 17285
1659615582 20570
1659615583 19135
1659615584 4045
1659615585 35669
1659615586 13235
1659615587 13242
1659615588 13237
1659615589 26479
1659615590 26469
1659615591 5
1659615592 13235
1659615593 39705
1659615594 13234
1659615595 26472
1659615596 13236
1659615597 26470
1659615599 13236
1659615600 13236
1659615601 16301
1659615602 23403
1659615603 13236
1659615604 26470
1659615605 11959
1659615606 14512
1659615607 13235
1659615608 13698
1659615609 26006
1659615610 13236
1659615611 13235
1659615612 19321
1659615613 20388
1659615614 8174
1659615615 31538
1659615616 5991
1659615617 21117
1659615618 13233
1659615619 26471
1659615620 13233
1659615621 26470
1659615622 13235
1659615623 26471
1659615624 13444
1659615625 26258
1659615626 13235
1659615627 13235
1659615628 26469
1659615629 17167
1659615630 22538
1659615631 13235
1659615632 26470
1659615633 13235
1659615634 26470
1659615635 13235
1659615636 26471
1659615637 13236
1659615638 14345
1659615639 25363
1659615640 16602
1659615641 23103
1659615642 15931
1659615643 23771
1659615644 13236
1659615645 13245
1659615646 13235
1659615647 26470
1659615648 12894
1659615649 26821
1659615650 13235
1659615651 11818
1659615652 22094
1659615653 16809
1659615654 22896
1659615655 26470
1659615656 13235
1659615657 13235
1659615658 13234
1659615659 26471
1659615660 13235
1659615661 13236
1659615662 22842
1659615663 16864
1659615664 15697
1659615665 24008
1659615666 13928
1659615667 25777
1659615668 13237
1659615669 13236
1659615670 20628
1659615671 19078
1659615672 17869
1659615673 21836
1659615674 13236
1659615675 26471
1659615676 7
1659615677 27901
1659615678 25036
1659615679 10
1659615680 13236
1659615681 26471
1659615682 3057
1659615683 35697
1659615684 14198
1659615685 13244
1659615686 26469
1659615687 26472
1659615688 13235
1659615689 25742
1659615690 13964
1659615691 13235
1659615692 13909
1659615693 25797
1659615694 13236
1659615695 26472
1659615696 13235
1659615697 15727
1659615698 23980
1659615699 15273
1659615700 24433
1659615701 21374
1659615702 18333
1659615703 13236
1659615704 17879
1659615705 8596
1659615706 21513
1659615707 27305
1659615708 13235
1659615709 26468
1659615710 10
1659615711 27849
1659615712 25090
1659615713 10
1659615714 13234
1659615715 26470
1659615716 26472
1659615717 13237
1659615718 26054
1659615719 13426
1659615720 13460
1659615721 19060
1659615722 20646
1659615723 13235
1659615724 26473
1659615725 13235
1659615726 13235
1659615727 26470
1659615728 13236
1659615729 13236
1659615730 17253
1659615731 22452
1659615732 13236
1659615733 26471
1659615734 13235
1659615735 26470
1659615736 10
1659615737 30493
1659615738 22447
1659615739 12
1659615740 39702
1659615742 8525
1659615743 4721
1659615744 13235
1659615745 26480
1659615746 19140
1659615747 20565
1659615748 13235
1659615749 13235
1659615750 26470
1659615751 13236
1659615752 26470
1659615753 13235
1659615754 26471
1659615755 13235
1659615756 26471
1659615757 13235
1659615758 13235
1659615759 26471
1659615760 13235
1659615761 13235
1659615762 14953
1659615763 24753
1659615764 13234
1659615765 13235
1659615766 13234
1659615767 11994
1659615768 24989
1659615769 18598
1659615770 21107
1659615771 13245
1659615772 13235
1659615773 26469
1659615774 13235
1659615775 13245
1659615776 26471
1659615777 26471
1659615778 13235
1659615779 18878
1659615780 20829
1659615781 13340
1659615782 26366
1659615783 13235
1659615784 26470
1659615785 13235
1659615786 13236
1659615787 26471
1659615788 13236
1659615789 26471
1659615790 13235
1659615791 26469
1659615792 13237
1659615793 13245
1659615794 13235
1659615795 23516
1659615796 16200
1659615797 26468
1659615798 26472
1659615799 10
1659615800 24313
1659615801 9275
1659615802 26310
1659615803 26468
1659615804 13235
1659615805 26470
1659615806 13236
1659615807 13235
1659615808 26471
1659615809 16059
1659615810 23645
1659615811 13235
1659615812 13236
1659615813 26471
1659615814 13235
1659615815 15073
1659615816 23715
1659615817 14154
1659615818 15099
1659615819 24609
1659615820 14772
1659615821 24935
1659615822 13234
1659615823 23821
1659615824 2660
1659615825 13236
1659615826 37976
1659615827 1730
1659615828 19328
1659615829 20382
1659615830 26470
1659615831 13243
1659615832 26468
1659615833 26471
1659615834 13236
1659615835 13236
1659615836 26471
1659615837 13234
1659615838 14789
1659615839 24916
1659615841 26472
1659615842 13235
1659615843 26471
1659615844 13235
1659615845 13236
1659615846 26470
1659615847 13235
1659615848 26471
1659615849 13318
1659615850 18068
1659615851 21556
1659615852 23355
1659615853 16351
1659615854 26471
1659615855 9
1659615856 13235
1659615857 34494
1659615858 18446
1659615859 1982
1659615860 37734
1659615861 9
1659615862 13577
1659615863 12896
1659615864 13235
1659615865 26470
1659615866 26469
1659615867 8830
1659615868 17640
1659615869 14443
1659615870 12027
1659615871 22751
1659615872 16957
1659615873 19251
1659615874 20456
1659615875 16429
1659615876 23278
1659615877 13236
1659615878 17083
1659615879 22622
1659615880 13419
1659615881 26287
1659615882 13236
1659615883 26470
1659615884 13235
1659615885 6719
1659615886 32996
1659615887 4
1659615888 17001
1659615889 35936
1659615890 4
1659615891 14293
1659615892 38647
1659615893 13236
1659615894 26472
1659615895 16641
1659615896 11689
1659615897 24611
1659615898 13233
1659615899 13236
1659615900 13236
1659615901 26473
1659615902 18517
1659615903 8089
1659615904 26336
1659615905 13237
1659615906 26472
1659615907 13235
1659615908 26472
1659615909 13236
1659615910 22494
1659615911 17214
1659615912 26471
1659615913 13235
1659615914 13249
1659615915 13237
1659615916 2422
1659615917 24047
1659615918 13236
1659615919 13236
1659615920 8674
1659615921 22614
1659615922 8434
1659615923 26472
1659615924 13247
1659615925 26469
1659615926 13661
1659615927 22989
1659615928 16291
1659615929 18950
1659615930 20758
1659615931 16484
1659615932 19238
1659615933 17223
1659615934 13237
1659615935 13235
1659615936 17401
1659615937 22306
1659615938 20932
1659615939 18778
1659615940 21641
1659615941 18066
1659615942 13235
1659615943 26473
1659615944 13237
1659615945 13241
1659615946 13238
1659615947 27740
1659615948 19170
1659615949 6032
1659615950 6
1659615951 28929
1659615952 10785
1659615953 13236
1659615954 39714
1659615955 13237
1659615956 13235
1659615957 26471
1659615958 15542
1659615959 24165
1659615960 24832
1659615961 14876
1659615962 13235
1659615963 26471
1659615964 13989
1659615965 25719
1659615966 13235
1659615967 13236
1659615968 26085
1659615969 13622
1659615970 13235
1659615971 13366
1659615972 26340
1659615973 13235
1659615974 26470
1659615975 10
1659615976 13235
1659615977 26470
1659615978 16662
1659615979 9820
1659615980 19446
1659615981 20269
1659615982 26469
1659615983 13245
1659615984 26469
1659615985 26471
1659615986 13234
1659615987 13237
1659615988 15341
1659615989 24364
1659615990 13235
1659615991 26475
1659615992 13236
1659615993 16574
1659615994 23132
1659615995 13235
1659615996 26469
1659615997 13234
1659615998 26469
1659615999 13234
1659616000 13235
1659616001 26473
1659616002 13235
1659616003 13236
1659616004 13244
1659616005 13234
1659616006 20172
1659616007 32771
1659616008 9
1659616009 13235
1659616010 26479
1659616011 13235
1659616012 30481
1659616013 9231
1659616014 26472
1659616015 26471
1659616016 13235
1659616017 26471
1659616018 13236
1659616019 26471
1659616021 13236
1659616022 13236
1659616023 13234
1659616024 17385
1659616025 22320
1659616026 13235
1659616027 26470
1659616028 14136
1659616029 25569
1659616030 16558
1659616031 23149
1659616032 13235
1659616033 510


#Add2elk
1659614173 50
1659614174 45103
1659614175 84
1659614176 10097
1659614178 12904
1659614179 25812
1659614180 12906
1659614181 19419
1659614182 19303
1659614183 12905
1659614184 12907
1659614185 14407
1659614186 24312
1659614187 12907
1659614188 14279
1659614189 24141
1659614190 12778
1659614191 20870
1659614192 17487
1659614193 12777
1659614194 12762
1659614195 25582
1659614196 12722
1659614197 17392
1659614198 20717
1659614199 12638
1659614200 16351
1659614201 15810
1659614202 17793
1659614203 13638
1659614204 9
1659614205 12676
1659614206 25377
1659614207 12623
1659614208 6126
1659614209 31757
1659614210 585
1659614211 14599
1659614212 31215
1659614213 4583
1659614214 12568
1659614215 27300
1659614216 13074
1659614217 22516
1659614218 12620
1659614219 22674
1659614220 14996
1659614221 12568
1659614222 25065
1659614223 11457
1659614224 13579
1659614225 15095
1659614226 20298
1659614227 14704
1659614228 12505
1659614229 23379
1659614230 14101
1659614231 12499
1659614232 12543
1659614233 12516
1659614234 9
1659614235 12476
1659614236 13970
1659614237 18648
1659614238 6336
1659614239 12473
1659614240 12503
1659614241 24933
1659614242 12456
1659614243 12490
1659614244 24739
1659614245 12670
1659614246 17313
1659614247 20076
1659614248 12450
1659614249 19037
1659614250 13542
1659614251 17260
1659614252 12431
1659614253 24895
1659614254 12438
1659614255 12440
1659614256 17625
1659614257 19747
1659614258 12441
1659614259 12451
1659614260 22133
1659614261 15175
1659614262 12431
1659614263 12449
1659614264 12433
1659614265 12431
1659614266 26389
1659614267 10920
1659614268 12449
1659614269 12431
1659614270 14381
1659614271 12424
1659614272 22167
1659614273 12430
1659614274 24379
1659614275 12914
1659614276 18347
1659614277 6505
1659614278 24846
1659614279 12432
1659614280 12427
1659614281 17760
1659614282 19516
1659614283 12416
1659614284 12413
1659614285 24837
1659614286 12416
1659614287 24844
1659614288 12429
1659614289 12424
1659614290 12426
1659614291 12423
1659614292 12414
1659614293 12420
1659614294 12416
1659614295 14095
1659614296 10747
1659614297 12418
1659614298 24830
1659614299 9
1659614300 14842
1659614301 22403
1659614302 12415
1659614303 24835
1659614304 12426
1659614305 12415
1659614306 14895
1659614307 22354
1659614308 24835
1659614309 12412
1659614310 22348
1659614311 14896
1659614312 14494
1659614313 10341
1659614314 24820
1659614315 12409
1659614316 15949
1659614317 21283
1659614318 13061
1659614319 24181
1659614320 12415
1659614321 17663
1659614322 19584
1659614323 12411
1659614324 15928
1659614325 8892
1659614326 24820
1659614327 8966
1659614328 3459
1659614329 12412
1659614330 27433
1659614331 9794
1659614332 2441
1659614333 20891
1659614334 14745
1659614335 12409
1659614336 22278
1659614337 27360
1659614338 12409
1659614339 12410
1659614340 19108
1659614341 14094
1659614342 16440
1659614343 12410
1659614344 12410
1659614345 24818
1659614346 12410
1659614347 10654
1659614348 14165
1659614349 12409
1659614350 12410
1659614351 12412
1659614352 12408
1659614353 17497
1659614354 9729
1659614355 10005
1659614356 24819
1659614357 12411
1659614358 657
1659614359 24819
1659614360 12416
1659614361 12409
1659614362 24815
1659614363 12418
1659614364 12408
1659614365 18001
1659614366 31629
1659614367 12413
1659614368 12409
1659614369 24817
1659614370 12411
1659614371 20078
1659614372 16773
1659614373 12782
1659614374 12409
1659614375 24818
1659614376 12408
1659614377 17230
1659614378 19995
1659614379 12408
1659614380 15245
1659614381 21980
1659614382 12408
1659614383 18776
1659614384 18448
1659614385 1431
1659614386 23398
1659614387 15661
1659614388 16878
1659614389 20347
1659614390 12418
1659614391 12410
1659614392 24815
1659614393 12408
1659614394 24817
1659614395 12410
1659614396 12408
1659614397 13206
1659614398 11612
1659614399 21319
1659614400 15906
1659614401 12410
1659614402 24816
1659614403 12408
1659614404 4126
1659614405 20691
1659614406 16164
1659614407 21061
1659614408 12408
1659614409 23997
1659614410 13228
1659614411 21795
1659614412 15430
1659614413 13801
1659614414 23424
1659614415 9
1659614416 25069
1659614417 12158
1659614418 12409
1659614419 37223
1659614420 231
1659614421 24815
1659614422 12421
1659614423 12408
1659614424 21229
1659614425 28404
1659614426 12408
1659614427 23911
1659614428 13313
1659614429 13064
1659614430 24160
1659614431 12409
1659614432 21843
1659614433 15382
1659614434 16552
1659614435 20674
1659614436 21782
1659614437 15443
1659614438 12408
1659614439 21145
1659614440 16080
1659614441 12408
1659614442 21327
1659614443 15898
1659614444 18757
1659614445 6069
1659614446 19080
1659614447 18153
1659614448 6704
1659614449 25715
1659614450 17234
1659614451 24815
1659614452 12705
1659614453 6283
1659614454 18533
1659614455 24816
1659614456 12408
1659614457 12408
1659614458 24122
1659614459 13101
1659614460 12408
1659614461 24814
1659614462 12408
1659614463 19519
1659614464 17704
1659614465 20035
1659614466 17189
1659614467 12408
1659614468 12408
1659614469 24817
1659614470 14167
1659614471 23061
1659614472 12408
1659614473 12415
1659614474 12409
1659614475 25531
1659614476 10193
1659614477 25478
1659614478 14550
1659614479 24814
1659614480 12411
1659614481 12407
1659614482 25905
1659614483 22549
1659614484 13581
1659614485 22753
1659614486 14476
1659614487 17600
1659614488 19627
1659614489 12802
1659614490 24424
1659614491 12408
1659614492 24816
1659614493 12408
1659614494 24817
1659614495 7023
1659614496 19022
1659614497 14655
1659614498 21338
1659614499 12408
1659614500 24817
1659614501 12409
1659614502 24817
1659614503 12407
1659614504 12407
1659614505 14728
1659614506 11585
1659614507 10915
1659614508 12559
1659614510 12408
1659614511 24816
1659614512 9
1659614513 24815
1659614514 24813
1659614515 15998
1659614516 21974
1659614517 12407
1659614518 24816
1659614519 12408
1659614520 24669
1659614521 12555
1659614522 14993
1659614523 22233
1659614524 12408
1659614525 24815
1659614526 12408
1659614527 24817
1659614528 12409
1659614529 24816
1659614530 12408
1659614531 24152
1659614532 13074
1659614533 22802
1659614534 2023
1659614535 25657
1659614536 11960
1659614537 12407
1659614538 17211
1659614539 29164
1659614540 3268
1659614541 18540
1659614542 18685
1659614543 20039
1659614544 23554
1659614545 18446
1659614546 12407
1659614547 22468
1659614548 14757
1659614549 24191
1659614550 13031
1659614551 24818
1659614552 4995
1659614553 19821
1659614554 14256
1659614555 22967
1659614556 12407
1659614557 12412
1659614558 24812
1659614559 12407
1659614560 21675
1659614561 15551
1659614562 12406
1659614563 24816
1659614564 3429
1659614565 23052
1659614566 12593
1659614567 22857
1659614568 15600
1659614569 24816
1659614570 21194
1659614571 16029
1659614572 15501
1659614573 21724
1659614574 18753
1659614575 18470
1659614576 22965
1659614577 14261
1659614578 12408
1659614579 22283
1659614580 14943
1659614581 16940
1659614582 20283
1659614583 14895
1659614584 22328
1659614585 14209
1659614586 23015
1659614587 12409
1659614588 24818
1659614589 12407
1659614590 12408
1659614591 14917
1659614592 18974
1659614593 15739
1659614594 17865
1659614595 6960
1659614596 13451
1659614597 32963
1659614598 3223
1659614599 27458
1659614600 9767
1659614601 5
1659614602 24817
1659614603 23052
1659614604 14171
1659614605 24816
1659614607 24817
1659614608 12408
1659614609 12407
1659614610 12408
1659614611 12409
1659614612 12407
1659614613 24816
1659614614 12409
1659614615 24816
1659614616 12408
1659614617 24818
1659614618 12407
1659614619 24018
1659614620 13206
1659614621 12408
1659614622 24817
1659614623 15981
1659614624 19584
1659614625 1669
1659614626 12407
1659614627 25224
1659614628 13245
1659614629 24816
1659614630 12412
1659614631 12408
1659614632 28033
1659614633 21598
1659614634 12409
1659614635 24818
1659614636 12408
1659614637 24815
1659614638 12409
1659614639 19683
1659614640 17541
1659614641 14873
1659614642 22352
1659614643 12407
1659614644 24816
1659614645 12409
1659614646 12409
1659614647 24815
1659614648 14315
1659614649 22909
1659614650 12408
1659614651 16983
1659614652 20244
1659614653 12408
1659614654 24817
1659614655 12408
1659614656 7031
1659614657 27725
1659614658 11029
1659614659 12309
1659614660 28767
1659614661 12408
1659614662 12406
1659614663 13276
1659614664 19011
1659614665 18214
1659614666 12408
1659614667 24819
1659614668 12411
1659614669 19370
1659614670 17855
1659614671 8741
1659614672 16075
1659614673 12407
1659614674 24817
1659614675 16682
1659614676 20541
1659614677 12408
1659614678 24815
1659614679 12409
1659614680 24815
1659614681 12408
1659614682 18325
1659614683 18900
1659614684 18912
1659614685 5914
1659614686 20864
1659614687 28769
1659614688 11117
1659614689 26115
1659614690 12410
1659614691 10296
1659614692 18931
1659614693 9180
1659614694 25156
1659614695 24475
1659614696 12407
1659614697 23342
1659614698 13882
1659614699 23223
1659614700 14006
1659614701 16859
1659614702 17626
1659614703 15148
1659614704 15276
1659614705 21947
1659614706 12408
1659614707 24819
1659614708 12408
1659614709 23406
1659614710 13822
1659614711 12408
1659614712 17714
1659614713 19511
1659614714 12408
1659614715 9
1659614716 24823
1659614717 24818
1659614718 19560
1659614719 5264
1659614720 14771
1659614721 22454
1659614722 24817
1659614723 12409
1659614724 22930
1659614725 14291
1659614726 23456
1659614727 13771
1659614728 12409
1659614729 12408
1659614730 24817
1659614731 12408
1659614732 24816
1659614733 12409
1659614734 13611
1659614735 23614
1659614736 12408
1659614737 14708
1659614738 21204
1659614739 13719
1659614740 18645
1659614741 18579
1659614742 16296
1659614743 20927
1659614744 12543
1659614745 12408
1659614746 28766
1659614747 8502
1659614748 15223
1659614749 32924
1659614750 1492
1659614751 20879
1659614752 16995
1659614753 12407
1659614754 30546
1659614755 19084
1659614756 12407
1659614757 24818
1659614758 12409
1659614759 22552
1659614760 14673
1659614761 12409
1659614762 14840
1659614763 18697
1659614764 16095
1659614765 12408
1659614766 24818
1659614767 12407
1659614768 12409
1659614769 24815
1659614770 12408
1659614771 24818
1659614772 12408
1659614773 17601
1659614774 12410
1659614775 12408
1659614776 24814
1659614777 23955
1659614778 1093
1659614779 12409
1659614780 22126
1659614781 23963
1659614782 20129
1659614783 9
1659614784 22237
1659614785 27393
1659614786 12407
1659614787 24817
1659614788 12409
1659614789 22989
1659614790 14237
1659614791 21543
1659614792 15682
1659614793 12408
1659614794 24816
1659614795 12408
1659614796 24815
1659614797 12408
1659614798 12408
1659614799 14850
1659614800 22374
1659614801 12408
1659614802 24816
1659614803 12407
1659614804 24817
1659614805 12408
1659614806 7696
1659614807 29536
1659614808 8185
1659614809 16634
1659614810 24815
1659614811 8
1659614812 17852
1659614813 24040
1659614814 23913
1659614815 13312
1659614816 13910
1659614817 23317
1659614818 15518
1659614819 21708
1659614820 16182
1659614821 21044
1659614822 12409
1659614823 20171
1659614824 17053
1659614825 12408
1659614826 12407
1659614827 24817
1659614828 12407
1659614829 12408
1659614830 24817
1659614831 12408
1659614832 24818
1659614833 12409
1659614834 24817
1659614835 9
1659614836 12407
1659614837 25705
1659614838 12132
1659614839 12409
1659614840 25430
1659614841 8476
1659614842 20147
1659614843 19044
1659614844 17311
1659614845 19910
1659614846 12408
1659614847 12408
1659614848 12409
1659614849 24815
1659614850 12408
1659614851 13993
1659614852 23230
1659614853 12409
1659614854 16577
1659614855 14125
1659614856 18930
1659614857 12407
1659614858 24816
1659614859 12408
1659614860 21170
1659614861 16053
1659614862 12408
1659614863 12408
1659614864 4
1659614865 12407
1659614866 22234
1659614867 14996
1659614868 24814
1659614869 12418
1659614870 12408
1659614871 12409
1659614872 24979
1659614873 24815
1659614874 14004
1659614875 12802
1659614876 22824
1659614877 17389
1659614878 19833
1659614879 13235
1659614880 23990
1659614881 16355
1659614882 20870
1659614883 12407
1659614884 24320
1659614885 12905
1659614886 19215
1659614887 18011
1659614888 17694
1659614889 19531
1659614890 12409
1659614891 24817
1659614892 12408
1659614893 24632
1659614894 12408
1659614895 13874
1659614896 20306
1659614897 15450
1659614898 6566
1659614899 18259
1659614900 14682
1659614901 27450
1659614902 19907
1659614903 9
1659614904 24817
1659614905 24814
1659614906 24816
1659614907 12408
1659614908 24815
1659614909 12406
1659614910 23338
1659614911 13884
1659614912 15083
1659614913 22138
1659614914 11188
1659614915 13632
1659614916 12408
1659614917 12408
1659614918 15692
1659614919 21531
1659614920 12408
1659614921 12409
1659614922 24815
1659614923 12408
1659614924 12417
1659614925 9904
1659614926 27313
1659614927 18
1659614928 23631
1659614929 26001
1659614930 9600
1659614931 16768
1659614932 24814
1659614933 24075
1659614934 13149
1659614935 18041
1659614936 19185
1659614937 24362
1659614938 12861
1659614939 16169
1659614940 21056
1659614941 12409
1659614942 12407
1659614943 20654
1659614944 16570
1659614945 13451
1659614946 23776
1659614947 12408
1659614948 24818
1659614949 12409
1659614950 23551
1659614951 13673
1659614952 15629
1659614953 21595
1659614954 12408
1659614955 12412
1659614956 12409
1659614957 24825
1659614958 17301
1659614959 13090
1659614960 24134
1659614961 12413
1659614962 12408
1659614963 24296
1659614964 25337
1659614965 12410
1659614966 12408
1659614967 20085
1659614968 9976
1659614969 19572
1659614970 21279
1659614971 15946
1659614972 12409
1659614973 20591
1659614974 16634
1659614975 21136
1659614976 16087
1659614977 12409
1659614978 24815
1659614979 12409
1659614980 20199
1659614981 17025
1659614982 20272
1659614983 15532
1659614984 13829
1659614985 7507
1659614986 17415
1659614987 24817
1659614988 12414
1659614989 11286
1659614990 16714
1659614991 14392
1659614992 32061
1659614993 12417
1659614994 12251
1659614995 27550
1659614996 22238
1659614997 12408
1659614998 18821
1659614999 18404
1659615000 21191
1659615001 16033
1659615002 21412
1659615003 15812
1659615004 12406
1659615005 24818
1659615006 12408
1659615007 24815
1659615008 12409
1659615009 12407
1659615010 12408
1659615011 22744
1659615012 14479
1659615013 20778
1659615014 4048
1659615015 22095
1659615016 7818
1659615017 23364
1659615018 25884
1659615019 12415
1659615020 6858
1659615021 17968
1659615022 24816
1659615023 24399
1659615024 12824
1659615025 12409
1659615026 12408
1659615027 22214
1659615028 15011
1659615029 12409
1659615030 24816
1659615031 12409
1659615032 24816
1659615033 12409
1659615034 19755
1659615035 10793
1659615036 19084
1659615037 12407
1659615038 17903
1659615039 19320
1659615040 14575
1659615041 22648
1659615042 2814
1659615043 22002
1659615044 12416
1659615045 12408
1659615046 16756
1659615047 32878
1659615048 12409
1659615049 5
1659615050 17908
1659615051 25682
1659615052 18452
1659615053 11
1659615054 24816
1659615055 24815
1659615056 24817
1659615057 12406
1659615058 13440
1659615059 20070
1659615060 21818
1659615061 18728
1659615062 12797
1659615063 21478
1659615064 15745
1659615065 19288
1659615066 17936
1659615067 12408
1659615068 17958
1659615069 19268
1659615070 12408
1659615071 12407
1659615072 14684
1659615073 22541
1659615074 12408
1659615075 24817
1659615076 2
1659615077 12407
1659615078 24820
1659615079 13092
1659615080 26792
1659615081 9759
1659615082 12408
1659615083 30599
1659615084 19033
1659615085 207
1659615086 24815
1659615087 24814
1659615088 18663
1659615089 18525
1659615090 17777
1659615091 12372
1659615092 25020
1659615093 11740
1659615094 19982
1659615095 12409
1659615096 24816
1659615097 12408
1659615098 21906
1659615099 15318
1659615100 12408
1659615101 24121
1659615102 13102
1659615103 21732
1659615104 15490
1659615105 12418
1659615106 11499
1659615107 19601
1659615108 25922
1659615109 5026
1659615110 15236
1659615111 34395
1659615112 12407
1659615113 13
1659615114 20005
1659615115 15158
1659615116 24074
1659615117 15211
1659615118 15346
1659615119 21878
1659615120 12409
1659615121 24336
1659615122 12888
1659615123 19642
1659615124 17582
1659615125 14533
1659615126 22691
1659615127 12408
1659615128 24384
1659615129 12840
1659615130 19655
1659615131 17569
1659615132 16826
1659615133 20399
1659615134 12415
1659615135 12408
1659615136 24816
1659615137 12408
1659615138 12409
1659615139 13179
1659615140 24817
1659615141 7
1659615142 24817
1659615143 23861
1659615144 14505
1659615145 11481
1659615146 25737
1659615147 16192
1659615148 19896
1659615149 22941
1659615150 14283
1659615151 18049
1659615152 19175
1659615153 12408
1659615154 22600
1659615155 14627
1659615156 24561
1659615157 12663
1659615158 12408
1659615159 12407
1659615160 12408
1659615161 24815
1659615162 18928
1659615163 18299
1659615165 4325
1659615166 20992
1659615167 24817
1659615168 13059
1659615169 12409
1659615170 18532
1659615171 16211
1659615172 12408
1659615173 24341
1659615174 12886
1659615175 12409
1659615176 12350
1659615177 24879
1659615178 15043
1659615179 21799
1659615180 14378
1659615181 22413
1659615182 13226
1659615183 12408
1659615184 24816
1659615185 12408
1659615186 24816
1659615187 12409
1659615188 24817
1659615189 12408
1659615190 16013
1659615191 21211
1659615192 13386
1659615193 23842
1659615194 12409
1659615195 8041
1659615196 25803
1659615197 3501
1659615198 19446
1659615199 30190
1659615200 1188
1659615201 30063
1659615202 5999
1659615203 12408
1659615204 31094
1659615205 18537
1659615206 15797
1659615207 21427
1659615208 13499
1659615209 23007
1659615210 13125
1659615211 12409
1659615212 24819
1659615213 12409
1659615214 12409
1659615215 12409
1659615216 24816
1659615217 12411
1659615218 24816
1659615219 12408
1659615220 24816
1659615221 12409
1659615222 12408
1659615223 17164
1659615224 20062
1659615225 12407
1659615226 9
1659615227 32093
1659615228 5137
1659615229 15376
1659615230 34256
1659615231 1805
1659615232 34527
1659615233 1400
1659615234 17000
1659615235 31442
1659615236 13598
1659615237 14987
1659615238 22239
1659615239 12407
1659615240 24816
1659615241 12409
1659615242 12408
1659615243 24199
1659615244 13027
1659615245 22488
1659615246 14735
1659615247 16056
1659615248 15981
1659615249 17593
1659615250 12407
1659615251 24816
1659615252 12407
1659615253 12409
1659615254 171
1659615255 24817
1659615256 12410
1659615257 12408
1659615258 24128
1659615259 13097
1659615260 24816
1659615261 12408
1659615262 834
1659615263 22634
1659615264 26998
1659615265 12409
1659615266 13797
1659615267 23427
1659615268 12408
1659615269 22267
1659615270 14956
1659615271 15793
1659615272 21431
1659615273 12408
1659615274 12415
1659615275 12400
1659615276 24816
1659615277 11207
1659615278 13609
1659615279 24810
1659615280 12413
1659615281 12408
1659615282 19672
1659615283 17555
1659615284 20659
1659615285 16565
1659615286 7626
1659615287 4792
1659615288 37193
1659615289 4068
1659615290 29273
1659615291 13306
1659615292 19987
1659615293 17236
1659615294 15912
1659615295 21313
1659615296 12408
1659615297 24816
1659615298 12412
1659615299 24811
1659615300 12408
1659615301 23453
1659615302 13763
1659615303 12416
1659615304 21301
1659615305 15924
1659615306 14886
1659615307 22331
1659615308 12415
1659615309 24816
1659615310 12409
1659615311 24817
1659615312 12408
1659615313 16295
1659615314 12408
1659615315 23571
1659615316 19613
1659615317 18856
1659615318 231
1659615319 12408
1659615320 24681
1659615321 136
1659615322 23146
1659615323 26498
1659615324 15532
1659615325 15205
1659615326 18896
1659615327 12408
1659615328 12409
1659615329 24817
1659615330 12408
1659615331 18962
1659615332 18263
1659615333 12409
1659615334 21529
1659615335 15694
1659615336 21763
1659615337 15463
1659615338 12408
1659615339 24815
1659615340 12408
1659615341 24816
1659615342 12409
1659615343 19012
1659615344 18211
1659615345 12409
1659615346 12747
1659615347 24815
1659615348 8720
1659615349 21378
1659615350 19654
1659615351 24815
1659615352 17800
1659615353 17166
1659615354 21044
1659615355 15130
1659615356 23741
1659615357 4387
1659615358 19008
1659615359 18215
1659615360 21407
1659615361 15818
1659615362 11857
1659615363 12958
1659615364 12408
1659615365 17774
1659615366 19453
1659615367 12408
1659615368 24815
1659615369 12407
1659615370 24815
1659615371 8117
1659615372 16700
1659615373 12408
1659615374 12416
1659615375 24814
1659615376 12418
1659615377 12408
1659615378 24817
1659615379 10
1659615380 12409
1659615381 37220
1659615382 843
1659615383 12408
1659615384 22363
1659615385 27269
1659615386 12408
1659615387 24818
1659615388 12408
1659615389 12408
1659615390 21678
1659615391 15544
1659615392 12408
1659615393 24816
1659615394 12408
1659615395 24819
1659615396 12408
1659615397 24818
1659615398 12408
1659615399 12409
1659615400 12408
1659615401 24816
1659615402 12408
1659615403 12408
1659615404 24646
1659615405 189
1659615406 12410
1659615407 31952
1659615408 5281
1659615409 12409
1659615410 24817
1659615413 12418
1659615414 12407
1659615415 36651
1659615416 12982
1659615417 12409
1659615418 12409
1659615419 12408
1659615420 20439
1659615421 16787
1659615422 12408
1659615423 15177
1659615424 22049
1659615425 21484
1659615426 15739
1659615427 12408
1659615428 12410
1659615429 24819
1659615430 12410
1659615431 12406
1659615432 12409
1659615433 12409
1659615434 12410
1659615435 11
1659615436 12411
1659615437 12409
1659615438 24817
1659615439 5951
1659615440 18875
1659615441 24822
1659615442 9
1659615443 12810
1659615444 36830
1659615445 12410
1659615446 9
1659615447 12409
1659615448 37233
1659615449 12410
1659615450 12411
1659615451 15575
1659615452 21663
1659615453 12410
1659615454 13840
1659615455 23388
1659615456 12415
1659615457 12414
1659615458 24819
1659615459 12414
1659615460 12411
1659615462 12410
1659615463 12411
1659615464 24835
1659615465 12411
1659615466 7553
1659615467 29699
1659615468 4
1659615469 12411
1659615470 23812
1659615471 13451
1659615472 19283
1659615473 5558
1659615474 12412
1659615475 24832
1659615476 24842
1659615477 5264
1659615478 19569
1659615479 12413
1659615480 12420
1659615481 12416
1659615482 24837
1659615483 12423
1659615484 12421
1659615485 14191
1659615486 23070
1659615487 12423
1659615488 12420
1659615489 24852
1659615490 12425
1659615492 12425
1659615493 12423
1659615494 12430
1659615495 12435
1659615496 9
1659615497 12441
1659615498 18557
1659615499 31172
1659615500 9
1659615501 12432
1659615502 24914
1659615503 15226
1659615504 9659
1659615505 12429
1659615506 29932
1659615507 19886
1659615508 12439
1659615509 12435
1659615510 24892
1659615511 12436
1659615512 24921
1659615513 9292
1659615514 15613
1659615515 12457
1659615516 23979
1659615517 13415
1659615518 12488
1659615519 12462
1659615520 20562
1659615521 16880
1659615522 12483
1659615523 12489
1659615524 12522
1659615525 12515
1659615526 17025
1659615527 12499
1659615528 12486
1659615529 25012
1659615530 12516
1659615531 9
1659615532 25025
1659615533 14764
1659615534 12512
1659615535 25172
1659615536 12591
1659615537 25087
1659615538 12599
1659615539 12565
1659615540 12553
1659615541 25147
1659615542 12625
1659615543 12617
1659615544 12593
1659615545 21581
1659615546 16283
1659615547 12703
1659615548 12729
1659615549 12676
1659615550 12693
1659615551 12675
1659615552 25464
1659615553 12727
1659615554 2
1659615555 12810
1659615556 25604
1659615557 5160
1659615558 20412
1659615559 9
1659615560 25692
1659615561 7
1659615562 10
1659615563 25814
1659615564 20534
1659615565 18194
1659615566 12545
1659615567 12408
1659615568 15818
1659615569 21407
1659615570 12408
1659615571 24816
1659615572 12408
1659615573 16805
1659615574 20418
1659615575 24816
1659615576 12408
1659615577 24816
1659615578 12408
1659615579 12408
1659615580 24482
1659615581 12742
1659615582 20754
1659615583 16470
1659615584 5690
1659615585 31542
1659615586 12408
1659615587 12413
1659615588 12409
1659615589 24825
1659615590 24815
1659615591 5
1659615592 12408
1659615593 37224
1659615594 12408
1659615595 24817
1659615596 12408
1659615597 24815
1659615599 12409
1659615600 12408
1659615601 18138
1659615602 19086
1659615603 12409
1659615604 24816
1659615605 12408
1659615606 12408
1659615607 12408
1659615608 13530
1659615609 23693
1659615610 12409
1659615611 12408
1659615612 21469
1659615613 15757
1659615614 9658
1659615615 27574
1659615616 7205
1659615617 18209
1659615618 12408
1659615619 24816
1659615620 12407
1659615621 24816
1659615622 12408
1659615623 24817
1659615624 12765
1659615625 24459
1659615626 12408
1659615627 12408
1659615628 24816
1659615629 16989
1659615630 20235
1659615631 12407
1659615632 24816
1659615633 12408
1659615634 24816
1659615635 12408
1659615636 24816
1659615637 12409
1659615638 14803
1659615639 22422
1659615640 16933
1659615641 20291
1659615642 18677
1659615643 18546
1659615644 12408
1659615645 12417
1659615646 12409
1659615647 24815
1659615648 12417
1659615649 24816
1659615650 12408
1659615651 12417
1659615652 19375
1659615653 16986
1659615654 20237
1659615655 24816
1659615656 12408
1659615657 12408
1659615658 12407
1659615659 24816
1659615660 12409
1659615661 12408
1659615662 21885
1659615663 15339
1659615664 17237
1659615665 19988
1659615666 13271
1659615667 23953
1659615668 12408
1659615669 12409
1659615670 23204
1659615671 14020
1659615672 22426
1659615673 14798
1659615674 12409
1659615675 24816
1659615676 6
1659615677 29863
1659615678 19768
1659615679 9
1659615680 12409
1659615681 24815
1659615682 3293
1659615683 33941
1659615684 12407
1659615685 12417
1659615686 24815
1659615687 24817
1659615688 12408
1659615689 24816
1659615690 12408
1659615691 12408
1659615692 13435
1659615693 23789
1659615694 12409
1659615695 24817
1659615696 12408
1659615697 17040
1659615698 20185
1659615699 19525
1659615700 17699
1659615701 21945
1659615702 15280
1659615703 12409
1659615704 16828
1659615705 7991
1659615706 21968
1659615707 23799
1659615708 12408
1659615709 24814
1659615710 9
1659615711 30706
1659615712 18925
1659615713 9
1659615714 12408
1659615715 24815
1659615716 24817
1659615717 12409
1659615718 24816
1659615719 12408
1659615720 12408
1659615721 19407
1659615722 17817
1659615723 12409
1659615724 24817
1659615725 12408
1659615726 12408
1659615727 24816
1659615728 12409
1659615729 12409
1659615730 17489
1659615731 19735
1659615732 12408
1659615733 24817
1659615734 12408
1659615735 24815
1659615736 9
1659615737 36929
1659615738 12703
1659615739 11
1659615740 37222
1659615742 9043
1659615743 3375
1659615744 12408
1659615745 24825
1659615746 20318
1659615747 16905
1659615748 12408
1659615749 12408
1659615750 24816
1659615751 12409
1659615752 24816
1659615753 12408
1659615754 24816
1659615755 12408
1659615756 24817
1659615757 12408
1659615758 12408
1659615759 24816
1659615760 12408
1659615761 12408
1659615762 15483
1659615763 21742
1659615764 12408
1659615765 12408
1659615766 12407
1659615767 12417
1659615768 22255
1659615769 21081
1659615770 16143
1659615771 12417
1659615772 12408
1659615773 24815
1659615774 12408
1659615775 12417
1659615776 24816
1659615777 24816
1659615778 12408
1659615779 22282
1659615780 14942
1659615781 12670
1659615782 24555
1659615783 12409
1659615784 24816
1659615785 12408
1659615786 12409
1659615787 24817
1659615788 12408
1659615789 24816
1659615790 12408
1659615791 24815
1659615792 12409
1659615793 12417
1659615794 12409
1659615795 22401
1659615796 14832
1659615797 24814
1659615798 24818
1659615799 9
1659615800 25179
1659615801 6533
1659615802 24442
1659615803 24815
1659615804 12408
1659615805 24816
1659615806 12408
1659615807 12408
1659615808 24816
1659615809 15679
1659615810 21545
1659615811 12408
1659615812 12408
1659615813 24816
1659615814 12408
1659615815 14904
1659615816 22320
1659615817 12409
1659615818 14852
1659615819 22374
1659615820 15858
1659615821 21367
1659615822 12408
1659615823 22672
1659615824 2154
1659615825 12409
1659615826 37222
1659615827 5
1659615828 25722
1659615829 11506
1659615830 24815
1659615831 12416
1659615832 24815
1659615833 24817
1659615834 12408
1659615835 12408
1659615836 24817
1659615837 12407
1659615838 16548
1659615839 20675
1659615841 24817
1659615842 12408
1659615843 24817
1659615844 12408
1659615845 12409
1659615846 24816
1659615847 12408
1659615848 24816
1659615849 12739
1659615850 20479
1659615851 16415
1659615852 24816
1659615853 12408
1659615854 24816
1659615855 9
1659615856 12408
1659615857 37223
1659615858 12408
1659615859 2819
1659615860 34414
1659615861 9
1659615862 13515
1659615863 11302
1659615864 12408
1659615865 24816
1659615866 24816
1659615867 8873
1659615868 15943
1659615869 14195
1659615870 10621
1659615871 22845
1659615872 14380
1659615873 23994
1659615874 13230
1659615875 18318
1659615876 18907
1659615877 12409
1659615878 17694
1659615879 19530
1659615880 12735
1659615881 24489
1659615882 12408
1659615883 24816
1659615884 12409
1659615885 10504
1659615886 26729
1659615887 4
1659615888 17345
1659615889 32284
1659615890 4
1659615891 13477
1659615892 36154
1659615893 12408
1659615894 24817
1659615895 19648
1659615896 8063
1659615897 21920
1659615898 12408
1659615899 12408
1659615900 12409
1659615901 24817
1659615902 18113
1659615903 7049
1659615904 24471
1659615905 12409
1659615906 24817
1659615907 12408
1659615908 24817
1659615909 12408
1659615910 24816
1659615911 12409
1659615912 24817
1659615913 12407
1659615914 12421
1659615915 12409
1659615916 2274
1659615917 22540
1659615918 12408
1659615919 12408
1659615920 10919
1659615921 25259
1659615922 1061
1659615923 24816
1659615924 12419
1659615925 24815
1659615926 13262
1659615927 23962
1659615928 12408
1659615929 22063
1659615930 15162
1659615931 18303
1659615932 18922
1659615933 12408
1659615934 12409
1659615935 12408
1659615936 19343
1659615937 17882
1659615938 24817
1659615939 12409
1659615940 24217
1659615941 13008
1659615942 12408
1659615943 24818
1659615944 12409
1659615945 12414
1659615946 12409
1659615947 27273
1659615948 18592
1659615949 3768
1659615950 6
1659615951 28516
1659615952 8716
1659615953 12408
1659615954 37233
1659615955 12409
1659615956 12408
1659615957 24816
1659615958 15171
1659615959 22054
1659615960 24817
1659615961 12408
1659615962 12408
1659615963 24816
1659615964 14155
1659615965 23070
1659615966 12408
1659615967 12408
1659615968 24705
1659615969 12521
1659615970 12408
1659615971 13232
1659615972 23992
1659615973 12408
1659615974 24816
1659615975 9
1659615976 12408
1659615977 24816
1659615978 16375
1659615979 8452
1659615980 20460
1659615981 16772
1659615982 24815
1659615983 12418
1659615984 24815
1659615985 24816
1659615986 12407
1659615987 12409
1659615988 17086
1659615989 20138
1659615990 12408
1659615991 24817
1659615992 12409
1659615993 18275
1659615994 18949
1659615995 12408
1659615996 24816
1659615997 12407
1659615998 24815
1659615999 12408
1659616000 12408
1659616001 24817
1659616002 12408
1659616003 12409
1659616004 12417
1659616005 12408
1659616006 21145
1659616007 28488
1659616008 9
1659616009 12408
1659616010 24824
1659616011 12408
1659616012 37223
1659616013 9
1659616014 24816
1659616015 24817
1659616016 12407
1659616017 24816
1659616018 12408
1659616019 24816
1659616021 12409
1659616022 12408
1659616023 12408
1659616024 16789
1659616025 20434
1659616026 12408
1659616027 24816
1659616028 14524
1659616029 22700
1659616030 19797
1659616031 17427
1659616032 12408
1659616033 24816
1659616034 24816
1659616035 12408
1659616036 9
1659616037 37222
1659616038 1208
