# events called
1659614171 382122
1659614172 2747352
1659614173 379248
1659614174 10270466
1659614175 16453168
1659614176 16296298
1659614177 13592048
1659614178 15916334
1659614179 14755930
1659614180 15990706
1659614181 16309626
1659614182 14900712
1659614183 15908856
1659614184 15160888
1659614185 16432366
1659614186 15595302
1659614187 14097724
1659614188 15403242
1659614189 14376478
1659614190 16081256
1659614191 16028796
1659614192 14631150
1659614193 15284076
1659614194 15512780
1659614195 15258422
1659614196 15875236
1659614197 14676988
1659614198 15263192
1659614199 15561484
1659614200 15983324
1659614201 16204664
1659614202 16500376
1659614203 14630252
1659614204 15035328
1659614205 16188342
1659614206 15476590
1659614207 14031862
1659614208 15537140
1659614209 15641774
1659614210 14821052
1659614211 16480472
1659614212 15667434
1659614213 13589206
1659614214 15699588
1659614215 15681174
1659614216 15550934
1659614217 14229790
1659614218 15502598
1659614219 15068378
1659614220 15234102
1659614221 15556668
1659614222 15290864
1659614223 15506892
1659614224 15019690
1659614225 16345246
1659614226 15716128
1659614227 13500490
1659614228 15563036
1659614229 16233462
1659614230 15612002
1659614231 16424594
1659614232 16756582
1659614233 16122876
1659614234 15910116
1659614235 15770048
1659614236 17992040
1659614237 15935360
1659614238 16738552
1659614239 15685652
1659614240 16028482
1659614241 16618978
1659614242 14504946
1659614243 16933198
1659614244 15666326
1659614245 15817194
1659614246 16849686
1659614247 15137756
1659614248 16097972
1659614249 16535320
1659614250 16427886
1659614251 15166836
1659614252 15856176
1659614253 15065648
1659614254 15547222
1659614255 16024230
1659614256 16146700
1659614257 15992708
1659614258 14842814
1659614259 16889488
1659614260 16604552
1659614261 16208646
1659614262 15911834
1659614263 15247524
1659614264 14548504
1659614265 17280818
1659614266 16837908
1659614267 15328594
1659614268 15836556
1659614269 16765318
1659614270 14962568
1659614271 16501132
1659614272 14233268
1659614273 16135192
1659614274 15993518
1659614275 17446466
1659614276 15121816
1659614277 15892376
1659614278 15478176
1659614279 15803880
1659614280 16703646
1659614281 15976114
1659614282 15944998
1659614283 15136184
1659614284 16824156
1659614285 15222602
1659614286 16107254
1659614287 15774706
1659614288 15881914
1659614289 16068026
1659614290 16889426
1659614291 16785922
1659614292 16177130
1659614293 14642932
1659614294 17394488
1659614295 17017030
1659614296 14850872
1659614297 16852946
1659614298 16403996
1659614299 15596222
1659614300 16985980
1659614301 15238346
1659614302 14947444
1659614303 15976406
1659614304 15331158
1659614305 15539666
1659614306 15944580
1659614307 15457270
1659614308 15516474
1659614309 16017266
1659614310 15840660
1659614311 17232834
1659614312 13925714
1659614313 16001762
1659614314 14955936
1659614315 16493924
1659614316 16128504
1659614317 14326384
1659614318 16341144
1659614319 14947860
1659614320 16200032
1659614321 16630688
1659614322 14785406
1659614323 17366034
1659614324 15770670
1659614325 16181602
1659614326 17894650
1659614327 15985156
1659614328 13537058
1659614329 17425654
1659614330 17424662
1659614331 15483026
1659614332 16121768
1659614333 16610560
1659614334 14285194
1659614335 15448140
1659614336 16816494
1659614337 15432906
1659614338 15888518
1659614339 15873760
1659614340 16111394
1659614341 17739000
1659614342 15831478
1659614343 15225632
1659614344 16950296
1659614345 16029700
1659614346 17003740
1659614347 16017742
1659614348 16360400
1659614349 15897338
1659614350 16671618
1659614351 15543526
1659614352 15983724
1659614353 16126028
1659614354 15605202
1659614355 16035142
1659614356 17960680
1659614357 15480328
1659614358 15458766
1659614359 16711524
1659614360 14330064
1659614361 17354050
1659614362 16737554
1659614363 14308928
1659614364 15485930
1659614365 16221042
1659614366 16302990
1659614367 15906640
1659614368 15789812
1659614369 15367630
1659614370 16248466
1659614371 16193662
1659614372 16449584
1659614373 14860862
1659614374 16864492
1659614375 15757164
1659614376 15699204
1659614377 16860276
1659614378 12924866
1659614379 16425922
1659614380 16534122
1659614381 15100870
1659614382 16345958
1659614383 15703552
1659614384 15223466
1659614385 16554520
1659614386 15311592
1659614387 15513606
1659614388 15782702
1659614389 16288300
1659614390 15002380
1659614391 16770542
1659614392 14760358
1659614393 14825880
1659614394 16820818
1659614395 15192226
1659614396 17250356
1659614397 14988534
1659614398 14651414
1659614399 16544562
1659614400 15223118
1659614401 16775192
1659614402 17338780
1659614403 15400662
1659614404 15731606
1659614405 15444736
1659614406 16842188
1659614407 15368840
1659614408 15921112
1659614409 15268072
1659614410 16162778
1659614411 16004290
1659614412 16043958
1659614413 16741262
1659614414 14667702
1659614415 16637762
1659614416 15470098
1659614417 14656642
1659614418 16406962
1659614419 15615452
1659614420 16535368
1659614421 16017618
1659614422 15363390
1659614423 14306198
1659614424 16688684
1659614425 14628546
1659614426 16740308
1659614427 15910406
1659614428 14783318
1659614429 16512524
1659614430 14925670
1659614431 16811258
1659614432 15692138
1659614433 15109268
1659614434 15454610
1659614435 15840744
1659614436 16013954
1659614437 15897250
1659614438 15734534
1659614439 16453268
1659614440 14869944
1659614441 16768500
1659614442 15562430
1659614443 15290720
1659614444 15378388
1659614445 16661892
1659614446 16240212
1659614447 15294878
1659614448 15052212
1659614449 15409592
1659614450 15712800
1659614451 17117362
1659614452 16612060
1659614453 14270526
1659614454 16774928
1659614455 16802044
1659614456 14647386
1659614457 16866498
1659614458 15776656
1659614459 15092222
1659614460 16566522
1659614461 14916952
1659614462 16913042
1659614463 13427644
1659614464 16086848
1659614465 16600832
1659614466 15948674
1659614467 15876770
1659614468 13681720
1659614469 15561666
1659614470 16854772
1659614471 15748628
1659614472 16646230
1659614473 13694334
1659614474 15939114
1659614475 14919476
1659614476 16312256
1659614477 15528514
1659614478 13769762
1659614479 16781604
1659614480 14873154
1659614481 14993554
1659614482 16690108
1659614483 13747538
1659614484 16697696
1659614485 14740070
1659614486 16468572
1659614487 15753842
1659614488 14866672
1659614489 16242438
1659614490 14839262
1659614491 16574282
1659614492 14776046
1659614493 15568992
1659614494 15862450
1659614495 16021402
1659614496 15988430
1659614497 16439824
1659614498 14577044
1659614499 16184904
1659614500 14795790
1659614501 16807834
1659614502 16831752
1659614503 14248704
1659614504 16937834
1659614505 16935196
1659614506 17060586
1659614507 17268720
1659614508 16208288
1659614509 15594946
1659614510 17809534
1659614511 14658784
1659614512 15332948
1659614513 14450448
1659614514 16265532
1659614515 16028350
1659614516 15582406
1659614517 17007604
1659614518 13752578
1659614519 16687260
1659614520 15190540
1659614521 16178770
1659614522 16482306
1659614523 14748268
1659614524 16163052
1659614525 15090668
1659614526 16105472
1659614527 14946922
1659614528 16263316
1659614529 15209230
1659614530 15702102
1659614531 15035320
1659614532 18013988
1659614533 13115122
1659614534 16784448
1659614535 16163956
1659614536 15283664
1659614537 14362136
1659614538 16684080
1659614539 15482616
1659614540 16576922
1659614541 14492304
1659614542 15317970
1659614543 15441428
1659614544 16471456
1659614545 14930090
1659614546 16701098
1659614547 14701230
1659614548 16201122
1659614549 15253396
1659614550 16291142
1659614551 16406862
1659614552 15992652
1659614553 14596030
1659614554 16820680
1659614555 15986240
1659614556 15374942
1659614557 16915246
1659614558 13728080
1659614559 16747652
1659614560 15522422
1659614561 15831380
1659614562 16713594
1659614563 14869688
1659614564 16688322
1659614565 14910752
1659614566 16435836
1659614567 15324574
1659614568 12559322
1659614569 16491820
1659614570 15105408
1659614571 15973594
1659614572 15646174
1659614573 14614734
1659614574 15299766
1659614575 15805096
1659614576 16082818
1659614577 15809564
1659614578 15424174
1659614579 16028852
1659614580 15034832
1659614581 16045488
1659614582 15574134
1659614583 15022354
1659614584 16138714
1659614585 15368240
1659614586 15825558
1659614587 16140862
1659614588 16257654
1659614589 15817942
1659614590 15679228
1659614591 16627976
1659614592 15651604
1659614593 14399366
1659614594 16031600
1659614595 14041466
1659614596 17961168
1659614597 14915694
1659614598 14443948
1659614599 17813936
1659614600 15575018
1659614601 14817110
1659614602 16431980
1659614603 14553540
1659614604 18004404
1659614605 15505006
1659614606 16706216
1659614607 15982940
1659614608 14894566
1659614609 17364764
1659614610 15625250
1659614611 15813970
1659614612 16608418
1659614613 14187122
1659614614 16711824
1659614615 14645428
1659614616 16762400
1659614617 14742462
1659614618 16377690
1659614619 15965376
1659614620 15298646
1659614621 15630432
1659614622 15568230
1659614623 16984610
1659614624 16222488
1659614625 15036238
1659614626 16628742
1659614627 14011146
1659614628 16546656
1659614629 16820412
1659614630 13975836
1659614631 15965282
1659614632 15878886
1659614633 15218046
1659614634 16551432
1659614635 14672086
1659614636 16942570
1659614637 14643442
1659614638 16390062
1659614639 14931626
1659614640 16067948
1659614641 16195162
1659614642 15123394
1659614643 16237174
1659614644 15583764
1659614645 15778160
1659614646 15889832
1659614647 15560810
1659614648 15864002
1659614649 15395302
1659614650 16408520
1659614651 16263652
1659614652 14958222
1659614653 16317802
1659614654 16642094
1659614655 14398064
1659614656 16828464
1659614657 15577696
1659614658 14964704
1659614659 16873788
1659614660 15898598
1659614661 16699224
1659614662 15895028
1659614663 15082742
1659614664 16807340
1659614665 14695226
1659614666 16788356
1659614667 15282038
1659614668 15682498
1659614669 16723478
1659614670 16533982
1659614671 15566776
1659614672 15807548
1659614673 14179596
1659614674 16074930
1659614675 16209342
1659614676 15233312
1659614677 16404056
1659614678 14274692
1659614679 16736762
1659614680 14739164
1659614681 16501342
1659614682 14868466
1659614683 16487048
1659614684 15307178
1659614685 14691972
1659614686 15990600
1659614687 15067604
1659614688 15609460
1659614689 16549178
1659614690 15277996
1659614691 16627766
1659614692 15275694
1659614693 14869458
1659614694 16567554
1659614695 14593606
1659614696 16789866
1659614697 15265216
1659614698 15622214
1659614699 15670758
1659614700 15814558
1659614701 16347746
1659614702 16017408
1659614703 14819566
1659614704 16308190
1659614705 15254104
1659614706 16448742
1659614707 15296580
1659614708 15771558
1659614709 16744216
1659614710 14732290
1659614711 16529622
1659614712 16914208
1659614713 15959846
1659614714 14872290
1659614715 15619990
1659614716 14719690
1659614717 17354894
1659614718 14252506
1659614719 15572426
1659614720 15301084
1659614721 16087962
1659614722 14977666
1659614723 16322492
1659614724 14399684
1659614725 16913880
1659614726 15540036
1659614727 16689620
1659614728 14451656
1659614729 16653422
1659614730 15167650
1659614731 15719408
1659614732 16252742
1659614733 14950566
1659614734 16775126
1659614735 15951714
1659614736 15492014
1659614737 16447404
1659614738 13981722
1659614739 15953502
1659614740 15780868
1659614741 15096514
1659614742 16695864
1659614743 16311400
1659614744 13810976
1659614745 17540066
1659614746 14872650
1659614747 14960800
1659614748 15017122
1659614749 14367394
1659614750 16566546
1659614751 16108414
1659614752 14483958
1659614753 14764302
1659614754 16231980
1659614755 15136996
1659614756 16661042
1659614757 15544822
1659614758 15884634
1659614759 16487224
1659614760 15938180
1659614761 15674028
1659614762 16193994
1659614763 14929882
1659614764 14794734
1659614765 16754294
1659614766 15546210
1659614767 15735738
1659614768 16063688
1659614769 14607610
1659614770 16846604
1659614771 15232666
1659614772 16646466
1659614773 15707264
1659614774 15168166
1659614775 15169506
1659614776 17944950
1659614777 16001642
1659614778 14203726
1659614779 14536696
1659614780 16353392
1659614781 17760670
1659614782 15164808
1659614783 14936662
1659614784 15767114
1659614785 15730024
1659614786 16703516
1659614787 14542828
1659614788 16503790
1659614789 14358512
1659614790 16705388
1659614791 15467740
1659614792 15572036
1659614793 15701310
1659614794 15159390
1659614795 16965244
1659614796 16700684
1659614797 15268076
1659614798 15661976
1659614799 15249982
1659614800 15689084
1659614801 16406766
1659614802 14476232
1659614803 16241524
1659614804 16034620
1659614805 14959414
1659614806 16630252
1659614807 15890378
1659614808 15179890
1659614809 17762694
1659614810 14805982
1659614811 16125564
1659614812 14574132
1659614813 15610274
1659614814 15610390
1659614815 15106594
1659614816 15813854
1659614817 15325482
1659614818 13774218
1659614819 15540150
1659614820 16843290
1659614821 15342718
1659614822 15851478
1659614823 16228416
1659614824 16092588
1659614825 14972006
1659614826 16416312
1659614827 16020062
1659614828 14950328
1659614829 16811712
1659614830 14150068
1659614831 16764100
1659614832 14561930
1659614833 17349464
1659614834 16784168
1659614835 13804530
1659614836 17113718
1659614837 16358258
1659614838 14270904
1659614839 16973028
1659614840 15083542
1659614841 16444360
1659614842 15712184
1659614843 15085102
1659614844 16790346
1659614845 16677998
1659614846 16146810
1659614847 15190174
1659614848 15681380
1659614849 15849210
1659614850 15783844
1659614851 15979602
1659614852 15506312
1659614853 14165868
1659614854 16244348
1659614855 16716842
1659614856 14586266
1659614857 16475752
1659614858 13781370
1659614859 16666840
1659614860 16678470
1659614861 15703606
1659614862 18292126
1659614863 14586350
1659614864 15287226
1659614865 15995522
1659614866 15224534
1659614867 15838556
1659614868 15807656
1659614869 16212938
1659614870 14916656
1659614871 15718852
1659614872 14906464
1659614873 14677406
1659614874 16172886
1659614875 15096862
1659614876 16303554
1659614877 15103000
1659614878 15447710
1659614879 15261848
1659614880 16104016
1659614881 16711186
1659614882 14652738
1659614883 16037614
1659614884 14578500
1659614885 16211922
1659614886 15734826
1659614887 15690120
1659614888 15205300
1659614889 14984384
1659614890 16411602
1659614891 14856268
1659614892 16761564
1659614893 15209140
1659614894 15176824
1659614895 16448606
1659614896 17038128
1659614897 15578874
1659614898 15102092
1659614899 14416548
1659614900 16356930
1659614901 17448376
1659614902 15047016
1659614903 14362676
1659614904 14750762
1659614905 16839100
1659614906 15183510
1659614907 15893500
1659614908 13322164
1659614909 16019892
1659614910 15579332
1659614911 16255254
1659614912 16157208
1659614913 15557150
1659614914 17176922
1659614915 16158548
1659614916 15940332
1659614917 16215416
1659614918 15848416
1659614919 16245562
1659614920 15121380
1659614921 16640860
1659614922 16468404
1659614923 15137386
1659614924 14891476
1659614925 17990024
1659614926 14454826
1659614927 15406252
1659614928 15084184
1659614929 15639084
1659614930 15348536
1659614931 14546466
1659614932 16634798
1659614933 13310082
1659614934 16393598
1659614935 15146052
1659614936 16062168
1659614937 15617222
1659614938 14913912
1659614939 16770804
1659614940 16612888
1659614941 14968308
1659614942 16273666
1659614943 14119938
1659614944 15521744
1659614945 16671030
1659614946 14591546
1659614947 16666828
1659614948 13949434
1659614949 16878358
1659614950 15807350
1659614951 15512966
1659614952 16033100
1659614953 16473420
1659614954 15195096
1659614955 15981834
1659614956 15536654
1659614957 16012728
1659614958 14914098
1659614959 16656362
1659614960 16743016
1659614961 13914016
1659614962 15625356
1659614963 15870006
1659614964 16038518
1659614965 15946920
1659614966 16140064
1659614967 15948728
1659614968 13649602
1659614969 16303016
1659614970 16319132
1659614971 14921574
1659614972 16825428
1659614973 13269932
1659614974 16103168
1659614975 16395786
1659614976 14630476
1659614977 16865684
1659614978 14268580
1659614979 15987896
1659614980 15278264
1659614981 15773912
1659614982 16365994
1659614983 15987440
1659614984 15857402
1659614985 15600910
1659614986 16274072
1659614987 16105246
1659614988 13812302
1659614989 16317270
1659614990 14719364
1659614991 16559528
1659614992 16061806
1659614993 13229426
1659614994 15264408
1659614995 16710518
1659614996 14629836
1659614997 16377112
1659614998 13762624
1659614999 16121156
1659615000 15035054
1659615001 15848848
1659615002 16464422
1659615003 14329004
1659615004 16357480
1659615005 15626808
1659615006 15903158
1659615007 16996684
1659615008 14677662
1659615009 15034042
1659615010 16395492
1659615011 14850168
1659615012 17656928
1659615013 14756444
1659615014 16696546
1659615015 15822744
1659615016 14811734
1659615017 16697936
1659615018 15298238
1659615019 16200448
1659615020 14771930
1659615021 14752658
1659615022 16206082
1659615023 15160198
1659615024 16793442
1659615025 14735958
1659615026 16468710
1659615027 15206774
1659615028 15527248
1659615029 16149864
1659615030 15190158
1659615031 16950482
1659615032 14644466
1659615033 15781564
1659615034 16364158
1659615035 16148910
1659615036 15473940
1659615037 15865744
1659615038 14127528
1659615039 16092044
1659615040 16492556
1659615041 15903760
1659615042 16772914
1659615043 15127260
1659615044 16299290
1659615045 14366570
1659615046 16952138
1659615047 18100314
1659615048 14348532
1659615049 15382392
1659615050 16199490
1659615051 17743598
1659615052 14753292
1659615053 14310862
1659615054 15085268
1659615055 16676158
1659615056 15233534
1659615057 16131418
1659615058 14251080
1659615059 16058196
1659615060 15827632
1659615061 15557480
1659615062 15629472
1659615063 14117922
1659615064 16081866
1659615065 16717748
1659615066 15088880
1659615067 16565802
1659615068 15527100
1659615069 16225342
1659615070 16413070
1659615071 15385534
1659615072 16706558
1659615073 14277284
1659615074 17923346
1659615075 16130916
1659615076 15619842
1659615077 15272632
1659615078 13376680
1659615079 16406728
1659615080 16041658
1659615081 14367590
1659615082 16364796
1659615083 16704476
1659615084 14331800
1659615085 15514114
1659615086 14465676
1659615087 16533520
1659615088 14776282
1659615089 15662688
1659615090 15203800
1659615091 16687768
1659615092 15753186
1659615093 14528166
1659615094 15054142
1659615095 16191568
1659615096 14752860
1659615097 16800590
1659615098 15127754
1659615099 14951412
1659615100 16745030
1659615101 14476438
1659615102 16704370
1659615103 14546420
1659615104 16066744
1659615105 15582102
1659615106 14745922
1659615107 17813670
1659615108 15220072
1659615109 14170330
1659615110 16849510
1659615111 18027168
1659615112 15208556
1659615113 14367482
1659615114 15544764
1659615115 16004872
1659615116 15999748
1659615117 15828896
1659615118 15232082
1659615119 15637838
1659615120 15462046
1659615121 15500210
1659615122 16142930
1659615123 14557718
1659615124 16075512
1659615125 15494368
1659615126 15246680
1659615127 16271776
1659615128 13321226
1659615129 16436072
1659615130 15068710
1659615131 15930440
1659615132 15867422
1659615133 16187412
1659615134 15599236
1659615135 15953234
1659615136 16250162
1659615137 16562090
1659615138 14147264
1659615139 17503746
1659615140 15826776
1659615141 14983370
1659615142 15648966
1659615143 14268538
1659615144 15164902
1659615145 16276904
1659615146 14802006
1659615147 16016010
1659615148 15128878
1659615149 15406676
1659615150 15707558
1659615151 16637404
1659615152 15022182
1659615153 15237490
1659615154 15457268
1659615155 15925802
1659615156 16609704
1659615157 16296972
1659615158 14408694
1659615159 15484050
1659615160 15692916
1659615161 15831206
1659615162 18050980
1659615163 15505038
1659615164 15535040
1659615165 14879556
1659615166 16919954
1659615167 15925718
1659615168 13728364
1659615169 17190418
1659615170 15216718
1659615171 16201556
1659615172 16087672
1659615173 15451288
1659615174 16687356
1659615175 14883606
1659615176 15683856
1659615177 15550876
1659615178 15068356
1659615179 16003036
1659615180 15388504
1659615181 17011306
1659615182 14680988
1659615183 14152630
1659615184 15520888
1659615185 15668070
1659615186 15547086
1659615187 16142510
1659615188 14981104
1659615189 16294988
1659615190 14953448
1659615191 16112090
1659615192 15708278
1659615193 15798264
1659615194 15410472
1659615195 17150502
1659615196 15526338
1659615197 14549134
1659615198 15602886
1659615199 14980294
1659615200 16987458
1659615201 16634320
1659615202 14222902
1659615203 15121944
1659615204 16064810
1659615205 15121198
1659615206 16210184
1659615207 15300856
1659615208 15761616
1659615209 16619644
1659615210 14461144
1659615211 16752964
1659615212 16227508
1659615213 14221610
1659615214 15764058
1659615215 15864278
1659615216 15578074
1659615217 16777962
1659615218 12989104
1659615219 16574030
1659615220 15963990
1659615221 15589470
1659615222 16383632
1659615223 15876764
1659615224 17376044
1659615225 15265136
1659615226 16838064
1659615227 15805162
1659615228 13540470
1659615229 17196060
1659615230 14679268
1659615231 17520254
1659615232 15494104
1659615233 14092912
1659615234 15829976
1659615235 16462418
1659615236 15037624
1659615237 16873714
1659615238 14412952
1659615239 16776492
1659615240 16493668
1659615241 14591024
1659615242 16761916
1659615243 13547880
1659615244 16849178
1659615245 15207420
1659615246 15861530
1659615247 16447940
1659615248 15095198
1659615249 15402286
1659615250 17208240
1659615251 16079914
1659615252 17993084
1659615253 14671036
1659615254 15990318
1659615255 16784412
1659615256 14988678
1659615257 16085156
1659615258 15023678
1659615259 15940772
1659615260 17830208
1659615261 15260316
1659615262 14644380
1659615263 16213546
1659615264 16221546
1659615265 15205904
1659615266 16873324
1659615267 14533308
1659615268 16152194
1659615269 15699466
1659615270 15607230
1659615271 16458226
1659615272 15084554
1659615273 16735594
1659615274 15320002
1659615275 16100754
1659615276 16767080
1659615277 15304534
1659615278 15702542
1659615279 16205768
1659615280 15467054
1659615281 15671606
1659615282 15936412
1659615283 14994490
1659615284 17018676
1659615285 17355918
1659615286 13808784
1659615287 16762330
1659615288 13607054
1659615289 16623008
1659615290 14626690
1659615291 16491234
1659615292 15683588
1659615293 14990774
1659615294 15987196
1659615295 14951250
1659615296 16001966
1659615297 15126428
1659615298 16283518
1659615299 15070900
1659615300 15877480
1659615301 16206840
1659615302 15667238
1659615303 15299344
1659615304 16212388
1659615305 15262726
1659615306 16021930
1659615307 15197118
1659615308 15016122
1659615309 15256354
1659615310 15919914
1659615311 16107016
1659615312 16661796
1659615313 13067598
1659615314 16024420
1659615315 15444912
1659615316 18052764
1659615317 16727600
1659615318 14809570
1659615319 17439822
1659615320 15482770
1659615321 14847806
1659615322 15603462
1659615323 14329136
1659615324 15787034
1659615325 16837196
1659615326 15550990
1659615327 15534214
1659615328 16298454
1659615329 14711970
1659615330 16633362
1659615331 16553452
1659615332 14660256
1659615333 15759648
1659615334 14895042
1659615335 16664272
1659615336 16243366
1659615337 15167948
1659615338 14712924
1659615339 14700498
1659615340 16587246
1659615341 14942564
1659615342 16598550
1659615343 14758192
1659615344 16091196
1659615345 15237720
1659615346 17129336
1659615347 14422764
1659615348 15489890
1659615349 14516670
1659615350 15477698
1659615351 15663078
1659615352 15246026
1659615353 14783596
1659615354 15312844
1659615355 17569334
1659615356 15241520
1659615357 16668208
1659615358 13354994
1659615359 16495852
1659615360 16695854
1659615361 15555982
1659615362 17308890
1659615363 13520254
1659615364 15822662
1659615365 16514502
1659615366 15435552
1659615367 16069482
1659615368 14219772
1659615369 16221982
1659615370 16441892
1659615371 16389078
1659615372 16114688
1659615373 14950234
1659615374 1804746
1659615375 1164


# events submitted
1659614171 382122
1659614172 2747352
1659614173 377526
1659614174 10217968
1659614175 16310210
1659614176 16205808
1659614177 13557598
1659614178 15831340
1659614179 14704590
1659614180 15935056
1659614181 16239038
1659614182 14829300
1659614183 15836504
1659614184 15087354
1659614185 16338836
1659614186 15542216
1659614187 14031530
1659614188 15355534
1659614189 14323042
1659614190 16005322
1659614191 16005956
1659614192 14566980
1659614193 15220652
1659614194 15440516
1659614195 15206144
1659614196 15837694
1659614197 14608412
1659614198 15203256
1659614199 15525498
1659614200 15902414
1659614201 16116154
1659614202 16412666
1659614203 14573016
1659614204 14971552
1659614205 16154064
1659614206 15387922
1659614207 13997552
1659614208 15409454
1659614209 15585854
1659614210 14746270
1659614211 16404966
1659614212 15586300
1659614213 13551372
1659614214 15624144
1659614215 15579764
1659614216 15518284
1659614217 14191838
1659614218 15427910
1659614219 15023314
1659614220 15168990
1659614221 15487016
1659614222 15208718
1659614223 15414120
1659614224 14970442
1659614225 16252482
1659614226 15658140
1659614227 13465766
1659614228 15499130
1659614229 16175176
1659614230 15546992
1659614231 15143162
1659614232 9823250
1659614233 7073058
1659614234 3564142
1659614235 4387980
1659614236 4574316
1659614237 3328898
1659614238 3708378
1659614239 4558446
1659614240 3943610
1659614241 3892636
1659614242 4372966
1659614243 4469548
1659614244 3119818
1659614245 4004754
1659614246 3480038
1659614247 3010584
1659614248 4296342
1659614249 4310724
1659614250 4414070
1659614251 3958224
1659614252 4146288
1659614253 3566102
1659614254 4510200
1659614255 3214502
1659614256 4124808
1659614257 4231540
1659614258 3288618
1659614259 4423874
1659614260 4086340
1659614261 1907112
1659614262 1046378
1659614263 1055362
1659614264 2396760
1659614265 729460
1659614266 912612
1659614267 1181922
1659614268 1210140
1659614269 1046940
1659614270 1866122
1659614271 1058986
1659614272 1357966
1659614273 1769162
1659614274 1551720
1659614275 542126
1659614276 2093196
1659614277 1047766
1659614278 1047358
1659614279 1785120
1659614280 1353846
1659614281 1045458
1659614282 1108764
1659614283 1391038
1659614284 1684966
1659614285 1781234
1659614286 1359590
1659614287 1047114
1659614288 1047518
1659614289 1047652
1659614290 1045354
1659614291 1047434
1659614292 1047368
1659614293 1469364
1659614294 623856
1659614295 1046782
1659614296 1410992
1659614297 772966
1659614298 1458998
1659614299 1589980
1659614300 1046782
1659614301 2093588
1659614302 1047516
1659614303 988770
1659614304 1435768
1659614305 1889186
1659614306 1966878
1659614307 1046970
1659614308 2031280
1659614309 1109788
1659614310 1367020
1659614311 859716
1659614312 1960164
1659614313 1046222
1659614314 1553612
1659614315 1584470
1659614316 1433244
1659614317 1708356
1659614318 1047002
1659614319 1628518
1659614320 1511702
1659614321 1046862
1659614322 1290932
1659614323 960864
1659614324 1936320
1659614325 808298
1659614326 239176
1659614327 1047330
1659614328 2350672
1659614329 793590
1659614330 307750
1659614331 1495196
1659614332 1406832
1659614333 1046800
1659614334 1950246
1659614335 2236694
1659614336 1046290
1659614337 347628
1659614338 2425740
1659614339 587438
1659614340 1874554
1659614341 1047212
1659614342 1046560
1659614343 2094576
1659614344 1046900
1659614345 1046378
1659614346 1046830
1659614347 1047046
1659614348 1046582
1659614349 1046904
1659614350 1047074
1659614351 1457804
1659614352 836604
1659614353 847644
1659614354 1935082
1659614355 1206268
1659614356 55452
1659614357 2094094
1659614358 1047720
1659614359 1047026
1659614360 2094506
1659614361 1047326
1659614362 1046888
1659614363 1398434
1659614364 2790068
1659614365 1046830
1659614366 1131412
1659614367 2009348
1659614368 1047162
1659614369 1807810
1659614370 747876
1659614371 1631414
1659614372 1218306
1659614373 1922372
1659614374 1046902
1659614375 1470236
1659614376 1670626
1659614377 1046584
1659614378 1576388
1659614379 1564192
1659614380 1063082
1659614381 1030782
1659614382 2093748
1659614383 248158
1659614384 1846410
1659614385 1321640
1659614386 1406442
1659614387 1828332
1659614388 952588
1659614389 1046976
1659614390 2093512
1659614391 1046884
1659614392 2092758
1659614393 1047040
1659614394 1046664
1659614395 1402432
1659614396 716754
1659614397 2067922
1659614398 1046998
1659614399 1190718
1659614400 1950022
1659614401 1047054
1659614402 101842
1659614403 1992360
1659614404 1384938
1659614405 1755404
1659614406 1046868
1659614407 2093900
1659614408 1046716
1659614409 2019970
1659614410 1121096
1659614411 1399386
1659614412 1741214
1659614413 744
1659614414 1660688
1659614415 1480130
1659614416 1216276
1659614417 2440524
1659614418 550048
1659614419 2094124
1659614420 1047704
1659614421 923668
1659614422 1738590
1659614423 2572364
1659614424 1046938
1659614425 1888382
1659614426 1252304
1659614427 967766
1659614428 2173722
1659614429 1102018
1659614430 1803172
1659614431 1282048
1659614432 1572376
1659614433 1568350
1659614434 1815340
1659614435 1326284
1659614436 1236784
1659614437 1605486
1659614438 1346076
1659614439 1046832
1659614440 2024890
1659614441 1116366
1659614442 1668982
1659614443 426546
1659614444 1524606
1659614445 1617454
1659614446 547294
1659614447 2090102
1659614448 1555036
1659614449 2094030
1659614450 1072316
1659614451 707250
1659614452 1386942
1659614453 2094590
1659614454 1047284
1659614455 1047636
1659614456 2093886
1659614457 1047016
1659614458 1047022
1659614459 2080242
1659614460 1062342
1659614461 1955584
1659614462 1186370
1659614463 1468488
1659614464 1672562
1659614465 1047586
1659614466 1098320
1659614467 2044436
1659614468 1404788
1659614469 1737676
1659614470 1047216
1659614471 1048270
1659614472 1046802
1659614473 2156838
1659614474 1047292
1659614475 2150382
1659614476 1039794
1659614477 2094154
1659614478 1046934
1659614479 1047076
1659614480 1922588
1659614481 2215068
1659614482 1100844
1659614483 1920854
1659614484 1221616
1659614485 1723520
1659614486 1418908
1659614487 1214534
1659614488 1927684
1659614489 1064178
1659614490 2076552
1659614491 1047106
1659614492 2095110
1659614493 587144
1659614494 1902566
1659614495 1079828
1659614496 1665972
1659614497 1117060
1659614498 2024614
1659614499 1046984
1659614500 1912836
1659614501 1229672
1659614502 1047204
1659614503 1513496
1659614504 833244
1659614505 807048
1659614506 1049016
1659614507 35848
1659614508 1011632
1659614509 2093650
1659614510 744
1659614511 2086178
1659614512 2102992
1659614513 1187440
1659614514 2017670
1659614515 1046826
1659614516 1594342
1659614517 1547624
1659614518 2093464
1659614519 1047064
1659614520 1557864
1659614521 1583664
1659614522 1047408
1659614523 2093346
1659614524 1198646
1659614525 1942862
1659614526 1251408
1659614527 1890578
1659614528 1047730
1659614529 1514568
1659614530 1627648
1659614531 1726320
1659614532 369042
1659614533 1673308
1659614534 1503426
1659614535 1047254
1659614536 1591610
1659614537 2349620
1659614538 249126
1659614539 1672172
1659614540 1469644
1659614541 1905724
1659614542 1480608
1659614543 1851952
1659614544 1046888
1659614545 1888150
1659614546 1254686
1659614547 2084676
1659614548 1057528
1659614549 2095624
1659614550 459042
1659614551 1635918
1659614552 1439276
1659614553 1518514
1659614554 1232340
1659614555 1198884
1659614556 1943376
1659614557 1047404
1659614558 2095180
1659614559 1047432
1659614560 1046758
1659614561 1828758
1659614562 362230
1659614563 1684702
1659614564 1518490
1659614565 1967862
1659614566 1278866
1659614567 2095606
1659614568 1876922
1659614569 1265418
1659614570 1445968
1659614571 1697262
1659614572 1518082
1659614573 1603702
1659614574 1770618
1659614575 1390982
1659614576 1125788
1659614577 1849424
1659614578 1214144
1659614579 1426412
1659614580 1715778
1659614581 1355954
1659614582 1710764
1659614583 1404136
1659614584 1813636
1659614585 1213578
1659614586 1928400
1659614587 1047126
1659614588 1047382
1659614589 1205748
1659614590 1498920
1659614591 1485382
1659614592 1146592
1659614593 949776
1659614594 1303506
1659614595 2849088
1659614596 37644
1659614597 1554600
1659614598 1588458
1659614599 396
1659614600 2095670
1659614601 1617778
1659614602 1576818
1659614603 1702626
1659614604 347642
1659614605 2087328
1659614606 1046958
1659614607 1047498
1659614608 1047316
1659614609 1047530
1659614610 1136964
1659614611 2004356
1659614612 1047332
1659614613 2094912
1659614614 1046938
1659614615 1442676
1659614616 1699050
1659614617 2094280
1659614618 1047132
1659614619 1261596
1659614620 1879150
1659614621 1578546
1659614622 1450234
1659614623 113232
1659614624 1174738
1659614625 2064340
1659614626 1056786
1659614627 2401132
1659614628 739924
1659614629 1047028
1659614630 2085792
1659614631 2103988
1659614632 1047802
1659614633 2095474
1659614634 1047594
1659614635 2094322
1659614636 1047324
1659614637 1905058
1659614638 1237176
1659614639 1486948
1659614640 1655422
1659614641 1168048
1659614642 1972932
1659614643 1047624
1659614644 1134062
1659614645 2008662
1659614646 1295956
1659614647 1845624
1659614648 1120460
1659614649 1417694
1659614650 1651392
1659614651 1047852
1659614652 1995466
1659614653 1146918
1659614654 750680
1659614655 1797522
1659614656 1019228
1659614657 1540084
1659614658 2222348
1659614659 1046972
1659614660 1047786
1659614661 1121024
1659614662 1468968
1659614663 1673976
1659614664 1047270
1659614665 2095094
1659614666 1047200
1659614667 1263240
1659614668 1878050
1659614669 932106
1659614670 1163072
1659614671 1242540
1659614672 1898578
1659614673 1557216
1659614674 1584920
1659614675 1127052
1659614676 2014858
1659614677 1066056
1659614678 2075016
1659614679 1047738
1659614680 1686282
1659614681 1454624
1659614682 1611024
1659614683 484722
1659614684 1048216
1659614685 3140982
1659614686 880836
1659614687 2261452
1659614688 1047210
1659614689 641520
1659614690 1664652
1659614691 1075844
1659614692 2222222
1659614693 1825280
1659614694 1047328
1659614695 1938724
1659614696 1202406
1659614697 1336484
1659614698 1806384
1659614699 1047392
1659614700 1632454
1659614701 1554444
1659614702 1308560
1659614703 1788308
1659614704 1299020
1659614705 1842740
1659614706 1053770
1659614707 2028208
1659614708 1107194
1659614709 1046878
1659614710 1625216
1659614711 1412964
1659614712 1151664
1659614713 78452
1659614714 1803646
1659614715 1887082
1659614716 2104638
1659614717 412766
1659614718 1110456
1659614719 2031376
1659614720 2094910
1659614721 1046570
1659614722 1991094
1659614723 1127782
1659614724 1339214
1659614725 1519500
1659614726 1419352
1659614727 1011860
1659614728 2063584
1659614729 1047174
1659614730 1382692
1659614731 1759222
1659614732 1099730
1659614733 2042680
1659614734 1047186
1659614735 1154174
1659614736 1988484
1659614737 1046786
1659614738 1317558
1659614739 1824828
1659614740 1423870
1659614741 1718710
1659614742 1058510
1659614743 1047890
1659614744 2033196
1659614745 1112058
1659614746 1524532
1659614747 2434030
1659614748 231440
1659614749 1745954
1659614750 1450060
1659614751 1047260
1659614752 2080374
1659614753 1907288
1659614754 1465622
1659614755 1877850
1659614756 1047580
1659614757 2093902
1659614758 1046892
1659614759 1047384
1659614760 1469776
1659614761 1483554
1659614762 1248048
1659614763 1033006
1659614764 2094660
1659614765 1046796
1659614766 1182484
1659614767 1959008
1659614768 1047722
1659614769 2095070
1659614770 1047526
1659614771 1486306
1659614772 1047646
1659614773 1116800
1659614774 2025212
1659614775 1386400
1659614776 727574
1659614777 807198
1659614778 2354312
1659614779 1827100
1659614780 1649644
1659614781 22800
1659614782 1600454
1659614783 2566936
1659614784 1052156
1659614785 2089160
1659614786 1047130
1659614787 1813746
1659614788 1327638
1659614789 1971568
1659614790 1170562
1659614791 1102362
1659614792 2038964
1659614793 1191826
1659614794 1542768
1659614795 1453218
1659614796 1047556
1659614797 1520466
1659614798 1621274
1659614799 1284976
1659614800 1856102
1659614801 1047076
1659614802 2093622
1659614803 1047248
1659614804 744418
1659614805 2215232
1659614806 773512
1659614807 1502634
1659614808 2095202
1659614809 632
1659614810 1764110
1659614811 1771588
1659614812 1882874
1659614813 1259394
1659614814 1251700
1659614815 1890068
1659614816 1548964
1659614817 1592754
1659614818 1522648
1659614819 1618918
1659614820 1047642
1659614821 1860946
1659614822 1279954
1659614823 1047428
1659614824 1052404
1659614825 2089380
1659614826 1047918
1659614827 1047622
1659614828 2094648
1659614829 1047170
1659614830 2095118
1659614831 1046782
1659614832 2095226
1659614833 726
1659614834 1046842
1659614835 2254658
1659614836 939792
1659614837 1104090
1659614838 2090594
1659614839 754866
1659614840 1850140
1659614841 1419062
1659614842 1545268
1659614843 1595558
1659614844 1046926
1659614845 1047524
1659614846 1047532
1659614847 1890736
1659614848 1252278
1659614849 1163882
1659614850 1977432
1659614851 1047612
1659614852 1400078
1659614853 956642
1659614854 1832922
1659614855 1047212
1659614856 2095480
1659614857 1048040
1659614858 1813906
1659614859 1326866
1659614860 1047252
1659614861 1046944
1659614862 350
1659614863 1047826
1659614864 2022442
1659614865 1119280
1659614866 1825688
1659614867 1317834
1659614868 867278
1659614869 1286592
1659614870 2049056
1659614871 941196
1659614872 2581770
1659614873 1045640
1659614874 1713716
1659614875 1620292
1659614876 1520588
1659614877 1464234
1659614878 1676666
1659614879 1422568
1659614880 1712776
1659614881 1053414
1659614882 1983380
1659614883 1159382
1659614884 1103466
1659614885 2039586
1659614886 1311250
1659614887 1830540
1659614888 1135690
1659614889 2006010
1659614890 1049390
1659614891 2076878
1659614892 1047004
1659614893 1358354
1659614894 1580348
1659614895 1249832
1659614896 653036
1659614897 1443526
1659614898 1374838
1659614899 2001070
1659614900 1858818
1659614901 204048
1659614902 1890904
1659614903 2102688
1659614904 2087200
1659614905 1047350
1659614906 2094226
1659614907 1047200
1659614908 2005544
1659614909 1135414
1659614910 1559744
1659614911 1580896
1659614912 788782
1659614913 1306292
1659614914 1046928
1659614915 1046704
1659614916 1119384
1659614917 2023600
1659614918 1047730
1659614919 1234274
1659614920 1907046
1659614921 1047324
1659614922 1048026
1659614923 908984
1659614924 1177238
1659614925 1057774
1659614926 1936690
1659614927 2252716
1659614928 564496
1659614929 1660904
1659614930 2081800
1659614931 2041836
1659614932 1113130
1659614933 1129424
1659614934 1940122
1659614935 1883760
1659614936 1248048
1659614937 1137150
1659614938 2086972
1659614939 1047126
1659614940 1047002
1659614941 1515642
1659614942 1624650
1659614943 1217398
1659614944 1924760
1659614945 1046924
1659614946 2095348
1659614947 1047234
1659614948 2083552
1659614949 1059444
1659614950 1429706
1659614951 1713440
1659614952 1275692
1659614953 819012
1659614954 1344582
1659614955 1798828
1659614956 1460596
1659614957 1333138
1659614958 1809718
1659614959 1048190
1659614960 1046846
1659614961 1520746
1659614962 2669650
1659614963 1048134
1659614964 1336658
1659614965 1249804
1659614966 932946
1659614967 1813816
1659614968 1561974
1659614969 1050620
1659614970 1482054
1659614971 1131326
1659614972 2011616
1659614973 1663876
1659614974 1478534
1659614975 1065630
1659614976 2076666
1659614977 1047242
1659614978 1699236
1659614979 1443034
1659614980 1827222
1659614981 1315088
1659614982 1056488
1659614983 886080
1659614984 982992
1659614985 2320604
1659614986 1047136
1659614987 621606
1659614988 1686224
1659614989 870652
1659614990 3106808
1659614991 1049094
1659614992 1047190
1659614993 1926906
1659614994 2262090
1659614995 1047172
1659614996 1056576
1659614997 2085546
1659614998 1075438
1659614999 2066260
1659615000 2064072
1659615001 1075788
1659615002 1047500
1659615003 2094182
1659615004 1047310
1659615005 2094880
1659615006 1047200
1659615007 1047018
1659615008 1097410
1659615009 2044204
1659615010 1047126
1659615011 1922612
1659615012 172152
1659615013 1912522
1659615014 632256
1659615015 2042082
1659615016 2094404
1659615017 1047358
1659615018 419400
1659615019 1674852
1659615020 2095002
1659615021 2022594
1659615022 1120106
1659615023 1047782
1659615024 1048000
1659615025 1586132
1659615026 1555418
1659615027 1184496
1659615028 1957270
1659615029 1066764
1659615030 2076404
1659615031 1047288
1659615032 1362466
1659615033 732518
1659615034 2094154
1659615035 1047752
1659615036 1739390
1659615037 1403020
1659615038 1463634
1659615039 1678080
1659615040 400562
1659615041 1695228
1659615042 677696
1659615043 1602172
1659615044 1568030
1659615045 1589098
1659615046 1893740
1659615047 410
1659615048 1209926
1659615049 1728944
1659615050 2298302
1659615051 852
1659615052 2094362
1659615053 2094516
1659615054 2094682
1659615055 1047202
1659615056 1139536
1659615057 1760190
1659615058 1740682
1659615059 1559550
1659615060 1319574
1659615061 1028496
1659615062 2112146
1659615063 1497040
1659615064 1456238
1659615065 1047250
1659615066 1500652
1659615067 1641932
1659615068 1047504
1659615069 1095560
1659615070 1340564
1659615071 1752920
1659615072 1047620
1659615073 2040264
1659615074 55392
1659615075 1047608
1659615076 2096018
1659615077 742840
1659615078 2570280
1659615079 878260
1659615080 1221164
1659615081 2418224
1659615082 1597322
1659615083 17358
1659615084 1898714
1659615085 2290794
1659615086 1856474
1659615087 1238792
1659615088 1565252
1659615089 1090202
1659615090 1937596
1659615091 996436
1659615092 1788434
1659615093 1107448
1659615094 2002034
1659615095 1119740
1659615096 2037192
1659615097 1064542
1659615098 1081206
1659615099 2061290
1659615100 1047514
1659615101 1897718
1659615102 1243958
1659615103 1047786
1659615104 682900
1659615105 1772204
1659615106 1927610
1659615107 854658
1659615108 1534578
1659615109 2655742
1659615110 1047258
1659615111 1032
1659615112 1395664
1659615113 1271894
1659615114 1987384
1659615115 1629794
1659615116 1047418
1659615117 2094264
1659615118 1046906
1659615119 1580632
1659615120 1559744
1659615121 1530948
1659615122 1610502
1659615123 1056320
1659615124 1377216
1659615125 1455770
1659615126 1931456
1659615127 1509606
1659615128 1644472
1659615129 1497424
1659615130 1527080
1659615131 1450534
1659615132 1212864
1659615133 1047210
1659615134 2094980
1659615135 940996
1659615136 1152900
1659615137 1109696
1659615138 2098384
1659615139 522
1659615140 2095590
1659615141 860788
1659615142 2595094
1659615143 980112
1659615144 2196712
1659615145 1153552
1659615146 1938176
1659615147 1502784
1659615148 1338550
1659615149 1346250
1659615150 1794878
1659615151 1047486
1659615152 1906410
1659615153 1235228
1659615154 2094388
1659615155 1047536
1659615156 1046938
1659615157 1048040
1659615158 1173502
1659615159 1968184
1659615160 1445916
1659615161 1696208
1659615163 370694
1659615164 1766734
1659615165 2386456
1659615166 810482
1659615167 1047884
1659615168 1564818
1659615169 1367856
1659615170 1169434
1659615171 1974094
1659615172 958834
1659615173 1136424
1659615174 702256
1659615175 1932164
1659615176 1984490
1659615177 1666180
1659615178 1391562
1659615179 1478506
1659615180 1319918
1659615181 1046874
1659615182 1881732
1659615183 1287436
1659615184 2067782
1659615185 1086810
1659615186 2055342
1659615187 1047678
1659615188 1512882
1659615189 1628716
1659615190 1238324
1659615191 1904438
1659615192 1047258
1659615193 675394
1659615194 2359320
1659615195 116232
1659615196 1753724
1659615197 2435210
1659615198 340056
1659615199 2458354
1659615200 345664
1659615201 1046964
1659615202 2430650
1659615203 1757878
1659615204 1338792
1659615205 1815692
1659615206 1341880
1659615207 1787820
1659615208 1047212
1659615209 1047748
1659615210 2093780
1659615211 1047268
1659615212 1048034
1659615213 1295288
1659615214 1847322
1659615215 1047084
1659615216 1752538
1659615217 1389602
1659615218 2042420
1659615219 1100182
1659615220 1047416
1659615221 1577482
1659615222 1564078
1659615223 1047182
1659615224 73112
1659615225 2218822
1659615226 851476
1659615227 1487500
1659615228 2661448
1659615229 362442
1659615230 2474876
1659615231 386698
1659615232 1531150
1659615233 2147838
1659615234 1805064
1659615235 1152238
1659615236 1740242
1659615237 1046842
1659615238 2094650
1659615239 1047540
1659615240 1046922
1659615241 2093956
1659615242 1046988
1659615243 1874164
1659615244 1089504
1659615245 1388498
1659615246 1550004
1659615247 1429332
1659615248 1188618
1659615249 2027342
1659615250 973242
1659615251 1046700
1659615252 14406
1659615253 2094726
1659615254 1046846
1659615255 1047652
1659615256 1769454
1659615257 1372132
1659615258 906582
1659615259 2237292
1659615260 70452
1659615261 1340092
1659615262 2848466
1659615263 1047450
1659615264 1145952
1659615265 1996370
1659615266 1047428
1659615267 1753624
1659615268 1387796
1659615269 1445008
1659615270 1695518
1659615271 1047364
1659615272 1296782
1659615273 797040
1659615274 1360776
1659615275 1696556
1659615276 1131422
1659615277 2092290
1659615278 1049756
1659615279 1183272
1659615280 1405410
1659615281 1800214
1659615282 1585054
1659615283 1356338
1659615284 590430
1659615285 457534
1659615286 2700508
1659615287 616156
1659615288 1670146
1659615289 2090862
1659615290 1941016
1659615291 1199308
1659615292 1503536
1659615293 1638216
1659615294 1221204
1659615295 1920048
1659615296 1072730
1659615297 1632050
1659615298 1483730
1659615299 1763786
1659615300 1377402
1659615301 1078826
1659615302 1014918
1659615303 2185190
1659615304 1426834
1659615305 1623396
1659615306 1334562
1659615307 1061338
1659615308 1794498
1659615309 2094676
1659615310 1047938
1659615311 1375242
1659615312 1047250
1659615313 1779116
1659615314 1801156
1659615315 1656064
1659615316 19454
1659615317 1047652
1659615318 1764686
1659615319 329936
1659615320 1940596
1659615321 1526614
1659615322 1894350
1659615323 1441994
1659615324 1576372
1659615325 1047852
1659615326 1134668
1659615327 2006874
1659615328 1047014
1659615329 1660112
1659615330 1482836
1659615331 1047486
1659615332 1902694
1659615333 1244530
1659615334 2087904
1659615335 1047304
1659615336 1047400
1659615337 2094460
1659615338 1047230
1659615339 1585688
1659615340 1555922
1659615341 1667948
1659615342 1473664
1659615343 1076170
1659615344 1047078
1659615345 2103860
1659615346 283630
1659615347 2415588
1659615348 1489998
1659615349 1305874
1659615350 2487998
1659615351 1121004
1659615352 2153654
1659615353 1112706
1659615354 1476596
1659615355 907280
1659615356 1603120
1659615357 1445612
1659615358 1727400
1659615359 1414496
1659615360 985226
1659615361 1225788
1659615362 930982
1659615363 1709146
1659615364 1431798
1659615365 1047468
1659615366 1977546
1659615367 1164962
1659615368 2094626
1659615369 670790
1659615370 1422808
1659615371 1047700
1659615372 1047340
1659615373 2094910
1659615374 177642
1659615375 186


# events lost
1659614231 1229862
1659614232 6988636
1659614233 9114784
1659614234 12350290
1659614235 11405326
1659614236 13435296
1659614237 12617192
1659614238 13043476
1659614239 11152402
1659614240 12107344
1659614241 12734594
1659614242 10168856
1659614243 12486130
1659614244 12562290
1659614245 11819258
1659614246 13374968
1659614247 12118762
1659614248 11808886
1659614249 12250336
1659614250 12017032
1659614251 11223266
1659614252 11731702
1659614253 11518830
1659614254 11067840
1659614255 12810922
1659614256 12036624
1659614257 11752664
1659614258 11559672
1659614259 12495520
1659614260 12542520
1659614261 14265530
1659614262 14807838
1659614263 14154904
1659614264 12144846
1659614265 16477204
1659614266 15870804
1659614267 14106728
1659614268 14557274
1659614269 15658864
1659614270 13054508
1659614271 15373534
1659614272 12823746
1659614273 14337072
1659614274 14408802
1659614275 16807462
1659614276 13008078
1659614277 14779390
1659614278 14361792
1659614279 13991120
1659614280 15296328
1659614281 14864102
1659614282 14758044
1659614283 13694034
1659614284 15093600
1659614285 13417658
1659614286 14687110
1659614287 14674676
1659614288 14780918
1659614289 14950824
1659614290 15775744
1659614291 15684658
1659614292 15041914
1659614293 13136126
1659614294 16684750
1659614295 15910226
1659614296 13409754
1659614297 16009448
1659614298 14888396
1659614299 13956546
1659614300 15870952
1659614301 13120210
1659614302 13862340
1659614303 14945926
1659614304 13833686
1659614305 13615716
1659614306 13949848
1659614307 14366040
1659614308 13440098
1659614309 14836950
1659614310 14420714
1659614311 16296712
1659614312 11942294
1659614313 14910926
1659614314 13370726
1659614315 14852628
1659614316 14643614
1659614317 12594634
1659614318 15224514
1659614319 13287992
1659614320 14657266
1659614321 15519784
1659614322 13444720
1659614323 16331134
1659614324 13792870
1659614325 15292288
1659614326 17552736
1659614327 14890884
1659614328 11185968
1659614329 16551028
1659614330 17053722
1659614331 13956840
1659614332 14659174
1659614333 15496088
1659614334 12299940
1659614335 13193892
1659614336 15705220
1659614337 15041178
1659614338 13423394
1659614339 15193594
1659614340 14213416
1659614341 16633662
1659614342 14728158
1659614343 13098082
1659614344 15837966
1659614345 14919908
1659614346 15862596
1659614347 14913304
1659614348 15230072
1659614349 14794722
1659614350 15548770
1659614351 14050462
1659614352 15066976
1659614353 15204718
1659614354 13628682
1659614355 14778866
1659614356 17817236
1659614357 13364878
1659614358 14355332
1659614359 15609658
1659614360 12216966
1659614361 16249440
1659614362 15640518
1659614363 12888278
1659614364 12695492
1659614365 15128142
1659614366 15121856
1659614367 13855178
1659614368 14680724
1659614369 13519680
1659614370 15418892
1659614371 14520430
1659614372 15180616
1659614373 12906356
1659614374 15739074
1659614375 14251256
1659614376 13992158
1659614377 15755296
1659614378 11305634
1659614379 14810334
1659614380 15399740
1659614381 14003200
1659614382 14222644
1659614383 15358186
1659614384 13333446
1659614385 15169712
1659614386 13878992
1659614387 13648332
1659614388 14769114
1659614389 15204226
1659614390 12892658
1659614391 15643680
1659614392 12647006
1659614393 13709212
1659614394 15699482
1659614395 13752390
1659614396 16411916
1659614397 12893870
1659614398 13554096
1659614399 15298864
1659614400 13260702
1659614401 15664534
1659614402 17158504
1659614403 13382650
1659614404 14265954
1659614405 13650008
1659614406 15726094
1659614407 13260488
1659614408 14802978
1659614409 13219668
1659614410 14966314
1659614411 14562058
1659614412 14248766
1659614413 16626472
1659614414 12960360
1659614415 15089254
1659614416 14206586
1659614417 12212998
1659614418 15782990
1659614419 13481518
1659614420 15422594
1659614421 15022734
1659614422 13614254
1659614423 11725416
1659614424 15580270
1659614425 12711998
1659614426 15438060
1659614427 14905788
1659614428 12589870
1659614429 15342984
1659614430 13085290
1659614431 15459056
1659614432 14094392
1659614433 13497662
1659614434 13614662
1659614435 14462584
1659614436 14719954
1659614437 14237576
1659614438 14296620
1659614439 15368286
1659614440 12822258
1659614441 15581486
1659614442 13854034
1659614443 14813888
1659614444 13806208
1659614445 14989932
1659614446 15629980
1659614447 13189398
1659614448 13446494
1659614449 13277854
1659614450 14582596
1659614451 16311730
1659614452 15164326
1659614453 12146996
1659614454 15684424
1659614455 15686478
1659614456 12537476
1659614457 15762968
1659614458 14671736
1659614459 12996060
1659614460 15437018
1659614461 12944674
1659614462 15653636
1659614463 11938464
1659614464 14372844
1659614465 15479434
1659614466 14798348
1659614467 13802272
1659614468 12220456
1659614469 13789368
1659614470 15746066
1659614471 14627348
1659614472 15495036
1659614473 11527630
1659614474 14834088
1659614475 12756644
1659614476 15197334
1659614477 13407474
1659614478 12686660
1659614479 15664856
1659614480 12915478
1659614481 12729832
1659614482 15546026
1659614483 11806054
1659614484 15363718
1659614485 12993354
1659614486 14984302
1659614487 14500938
1659614488 12915576
1659614489 15108662
1659614490 12724102
1659614491 15450644
1659614492 12632474
1659614493 14914988
1659614494 13939502
1659614495 14874286
1659614496 14277536
1659614497 15266152
1659614498 12513016
1659614499 15080380
1659614500 12874950
1659614501 15529942
1659614502 15728568
1659614503 12708118
1659614504 16045254
1659614505 16030682
1659614506 15950544
1659614507 17141428
1659614508 15128174
1659614509 13458772
1659614510 17692822
1659614511 12551916
1659614512 13181608
1659614513 13230766
1659614514 14211468
1659614515 14903652
1659614516 13963992
1659614517 15426006
1659614518 11626668
1659614519 15568016
1659614520 13601642
1659614521 14536738
1659614522 15356980
1659614523 12634748
1659614524 14916340
1659614525 13134512
1659614526 14785304
1659614527 13020762
1659614528 15144710
1659614529 13663940
1659614530 14026530
1659614531 13275140
1659614532 17551716
1659614533 11430122
1659614534 15221102
1659614535 15070098
1659614536 13660802
1659614537 11977398
1659614538 16361770
1659614539 13768074
1659614540 15048852
1659614541 12555288
1659614542 13804894
1659614543 13556586
1659614544 15364884
1659614545 13017176
1659614546 15392988
1659614547 12603648
1659614548 15082802
1659614549 13146442
1659614550 15757930
1659614551 14734908
1659614552 14515138
1659614553 13036688
1659614554 15528048
1659614555 14743108
1659614556 13422000
1659614557 15796122
1659614558 11618716
1659614559 15628754
1659614560 14429600
1659614561 13965102
1659614562 16289976
1659614563 13155668
1659614564 15123184
1659614565 12925916
1659614566 15108834
1659614567 13190566
1659614568 10667728
1659614569 15186394
1659614570 13636484
1659614571 14238872
1659614572 14065514
1659614573 12978846
1659614574 13499340
1659614575 14367948
1659614576 14892162
1659614577 13915396
1659614578 14176842
1659614579 14535468
1659614580 13277990
1659614581 14651052
1659614582 13824394
1659614583 13571444
1659614584 14272854
1659614585 14080734
1659614586 13850200
1659614587 15022982
1659614588 15163718
1659614589 14567524
1659614590 14133596
1659614591 15089878
1659614592 14451224
1659614593 13402424
1659614594 14678820
1659614595 11189984
1659614596 17791370
1659614597 13338404
1659614598 12817704
1659614599 17718492
1659614600 13451116
1659614601 13150314
1659614602 14802928
1659614603 12813854
1659614604 17520906
1659614605 13378010
1659614606 15576830
1659614607 14889582
1659614608 13781786
1659614609 16240170
1659614610 14447552
1659614611 13784090
1659614612 15502326
1659614613 12083694
1659614614 15591566
1659614615 13187044
1659614616 15028910
1659614617 12634844
1659614618 15258592
1659614619 14652570
1659614620 13391994
1659614621 14003956
1659614622 14082698
1659614623 16766014
1659614624 14988528
1659614625 12939760
1659614626 15502930
1659614627 11612838
1659614628 15726122
1659614629 15724044
1659614630 11881750
1659614631 13809290
1659614632 14791922
1659614633 13105976
1659614634 15440464
1659614635 12558952
1659614636 15827268
1659614637 12716808
1659614638 15092518
1659614639 13406450
1659614640 14370652
1659614641 14985008
1659614642 13123750
1659614643 15146972
1659614644 14427566
1659614645 13725220
1659614646 14562158
1659614647 13686652
1659614648 14680266
1659614649 13932684
1659614650 14703674
1659614651 15165586
1659614652 12934574
1659614653 15102132
1659614654 15810430
1659614655 12582110
1659614656 15748420
1659614657 14005314
1659614658 12718768
1659614659 15766504
1659614660 14804112
1659614661 15513930
1659614662 14357184
1659614663 13356120
1659614664 15693764
1659614665 12570998
1659614666 15678430
1659614667 13983094
1659614668 13785678
1659614669 15691608
1659614670 15309298
1659614671 14270258
1659614672 13886052
1659614673 12562052
1659614674 14435654
1659614675 14988476
1659614676 13196746
1659614677 15288130
1659614678 12198896
1659614679 15631586
1659614680 13014224
1659614681 14994456
1659614682 13227668
1659614683 15922150
1659614684 14222718
1659614685 11561500
1659614686 15062816
1659614687 12789080
1659614688 14504334
1659614689 15835070
1659614690 13567140
1659614691 15476730
1659614692 13039348
1659614693 13000746
1659614694 15442260
1659614695 12638378
1659614696 15540082
1659614697 13911888
1659614698 13785372
1659614699 14588580
1659614700 14153706
1659614701 14754492
1659614702 14630828
1659614703 13005338
1659614704 14954234
1659614705 13385706
1659614706 15323744
1659614707 13226886
1659614708 14605296
1659614709 15616080
1659614710 13075870
1659614711 15078406
1659614712 15708394
1659614713 15774564
1659614714 13046680
1659614715 13713396
1659614716 12584494
1659614717 16856290
1659614718 13096142
1659614719 13515104
1659614720 13179950
1659614721 14995766
1659614722 12962112
1659614723 15144260
1659614724 13028832
1659614725 15338306
1659614726 14088988
1659614727 15617386
1659614728 12386156
1659614729 15534080
1659614730 13729190
1659614731 13922400
1659614732 15077558
1659614733 12877194
1659614734 15681844
1659614735 14767126
1659614736 13472678
1659614737 15314370
1659614738 12634524
1659614739 14100348
1659614740 14292902
1659614741 13348994
1659614742 15580884
1659614743 15215430
1659614744 11758306
1659614745 16364948
1659614746 13294806
1659614747 12486404
1659614748 14716328
1659614749 12602538
1659614750 15051996
1659614751 15007584
1659614752 12383592
1659614753 12829268
1659614754 14718500
1659614755 13209096
1659614756 15550278
1659614757 13416570
1659614758 14768346
1659614759 15396698
1659614760 14421344
1659614761 14149808
1659614762 14902498
1659614763 13842376
1659614764 12685322
1659614765 15632106
1659614766 14323932
1659614767 13764524
1659614768 14952818
1659614769 12488718
1659614770 15725746
1659614771 13704350
1659614772 15526948
1659614773 14531840
1659614774 13117116
1659614775 13739322
1659614776 17136294
1659614777 15128736
1659614778 11831510
1659614779 12681218
1659614780 14668742
1659614781 17645566
1659614782 13534516
1659614783 12350700
1659614784 14653512
1659614785 13630058
1659614786 15582158
1659614787 12706590
1659614788 15126698
1659614789 12368308
1659614790 15446522
1659614791 14317890
1659614792 13502084
1659614793 14447066
1659614794 13582332
1659614795 15444196
1659614796 15578846
1659614797 13706548
1659614798 14004748
1659614799 13926136
1659614800 13809866
1659614801 15289578
1659614802 12361366
1659614803 15129986
1659614804 15227546
1659614805 12721876
1659614806 15794294
1659614807 14339552
1659614808 13038848
1659614809 17671280
1659614810 13021382
1659614811 14305730
1659614812 12668916
1659614813 14314922
1659614814 14285120
1659614815 13183152
1659614816 14217494
1659614817 13690306
1659614818 12219436
1659614819 13864728
1659614820 15735384
1659614821 13449308
1659614822 14510862
1659614823 15116216
1659614824 14998270
1659614825 12847184
1659614826 15278426
1659614827 14907996
1659614828 12841052
1659614829 15696698
1659614830 12029176
1659614831 15655186
1659614832 12450304
1659614833 17239598
1659614834 15673390
1659614835 11535462
1659614836 16076672
1659614837 15203866
1659614838 12173834
1659614839 16138382
1659614840 13199762
1659614841 14961568
1659614842 14130086
1659614843 13447786
1659614844 15659314
1659614845 15571698
1659614846 15052290
1659614847 13271100
1659614848 14393778
1659614849 14627216
1659614850 13750846
1659614851 14878052
1659614852 14058430
1659614853 13146762
1659614854 14384574
1659614855 15593778
1659614856 12480922
1659614857 15352368
1659614858 11947314
1659614859 15278302
1659614860 15570572
1659614861 14572372
1659614862 18192708
1659614863 13459862
1659614864 13240286
1659614865 14827742
1659614866 13368572
1659614867 14471410
1659614868 14883878
1659614869 14881876
1659614870 12847538
1659614871 14706458
1659614872 12310708
1659614873 13579258
1659614874 14433770
1659614875 13412604
1659614876 14736038
1659614877 13599914
1659614878 13730616
1659614879 13804192
1659614880 14348014
1659614881 15580296
1659614882 12637054
1659614883 14817164
1659614884 13427914
1659614885 14152854
1659614886 14409908
1659614887 13823096
1659614888 14035556
1659614889 12965904
1659614890 15318932
1659614891 12724984
1659614892 15649618
1659614893 13824718
1659614894 13549412
1659614895 15127886
1659614896 16316142
1659614897 14110732
1659614898 13686162
1659614899 12382378
1659614900 14479472
1659614901 17146994
1659614902 13095238
1659614903 12243200
1659614904 12657338
1659614905 15721032
1659614906 13067816
1659614907 14771470
1659614908 11301836
1659614909 14818822
1659614910 13973102
1659614911 14627812
1659614912 15290952
1659614913 14218370
1659614914 16065094
1659614915 15034228
1659614916 14783660
1659614917 14174888
1659614918 14732154
1659614919 14983516
1659614920 13185478
1659614921 15532736
1659614922 15346826
1659614923 14175654
1659614924 13679880
1659614925 16888906
1659614926 12486540
1659614927 13136276
1659614928 14442480
1659614929 13939454
1659614930 13242454
1659614931 12477284
1659614932 15473238
1659614933 12142460
1659614934 14403722
1659614935 13229472
1659614936 14765452
1659614937 14427236
1659614938 12810940
1659614939 15667804
1659614940 15504816
1659614941 13401628
1659614942 14579814
1659614943 12837902
1659614944 13556638
1659614945 15570092
1659614946 12468424
1659614947 15554112
1659614948 11842590
1659614949 15760472
1659614950 14335076
1659614951 13760820
1659614952 14696494
1659614953 15585484
1659614954 13796952
1659614955 14142126
1659614956 14007852
1659614957 14633122
1659614958 13064620
1659614959 15545432
1659614960 15609580
1659614961 12361704
1659614962 12937782
1659614963 14763038
1659614964 14670038
1659614965 14651702
1659614966 15141322
1659614967 14107224
1659614968 12074036
1659614969 15153418
1659614970 14798698
1659614971 13732348
1659614972 14754126
1659614973 11582262
1659614974 14575158
1659614975 15283520
1659614976 12530140
1659614977 15742046
1659614978 12532968
1659614979 14503822
1659614980 13428446
1659614981 14401444
1659614982 15204666
1659614983 15025952
1659614984 14810216
1659614985 13284630
1659614986 15174812
1659614987 15403768
1659614988 12107116
1659614989 15375164
1659614990 11611770
1659614991 15443842
1659614992 14954002
1659614993 11282050
1659614994 12957086
1659614995 15597730
1659614996 13517444
1659614997 14218646
1659614998 12655144
1659614999 13991390
1659615000 12955814
1659615001 14719390
1659615002 15385876
1659615003 12207518
1659615004 15234714
1659615005 13508910
1659615006 14787978
1659615007 15879438
1659615008 13532404
1659615009 12962164
1659615010 15290380
1659615011 12896810
1659615012 17417006
1659615013 12816008
1659615014 15983184
1659615015 13745330
1659615016 12686678
1659615017 15585060
1659615018 14798380
1659615019 14474470
1659615020 12640412
1659615021 12710610
1659615022 15036232
1659615023 14066716
1659615024 15675022
1659615025 13115900
1659615026 14855596
1659615027 13962600
1659615028 13540640
1659615029 15026170
1659615030 13102546
1659615031 15840382
1659615032 13239218
1659615033 15005774
1659615034 14241464
1659615035 15031746
1659615036 13708524
1659615037 14422882
1659615038 12623272
1659615039 14370490
1659615040 15998998
1659615041 14159854
1659615042 16018280
1659615043 13484552
1659615044 14687366
1659615045 12749650
1659615046 15031246
1659615047 18022336
1659615048 13109954
1659615049 13628444
1659615050 13872110
1659615051 17650828
1659615052 12640352
1659615053 12190920
1659615054 12949612
1659615055 15559656
1659615056 14052196
1659615057 14325896
1659615058 12487264
1659615059 14454070
1659615060 14461092
1659615061 14482712
1659615062 13492704
1659615063 12574800
1659615064 14573858
1659615065 15589546
1659615066 13562670
1659615067 14889448
1659615068 14413162
1659615069 15087844
1659615070 15007814
1659615071 13592356
1659615072 15585552
1659615073 12220770
1659615074 17744220
1659615075 15028190
1659615076 13482498
1659615077 14489090
1659615078 10808862
1659615079 15430266
1659615080 14771378
1659615081 11928306
1659615082 14724744
1659615083 16548632
1659615084 12407008
1659615085 13192310
1659615086 12588622
1659615087 15242128
1659615088 13164446
1659615089 14520770
1659615090 13247662
1659615091 15610790
1659615092 13931278
1659615093 13373300
1659615094 13009120
1659615095 15011888
1659615096 12694796
1659615097 15673912
1659615098 14024772
1659615099 12865960
1659615100 15634504
1659615101 12556396
1659615102 15375420
1659615103 13455802
1659615104 15307316
1659615105 13784582
1659615106 12797318
1659615107 16877974
1659615108 13637974
1659615109 11496422
1659615110 15743198
1659615111 17926794
1659615112 13760224
1659615113 13049174
1659615114 13539448
1659615115 14341694
1659615116 14898844
1659615117 13713884
1659615118 14139748
1659615119 14041418
1659615120 13856004
1659615121 13935754
1659615122 14500178
1659615123 13466902
1659615124 14657404
1659615125 14021150
1659615126 13309540
1659615127 14714892
1659615128 11656974
1659615129 14871926
1659615130 13496998
1659615131 14450442
1659615132 14609420
1659615133 15073216
1659615134 13466028
1659615135 14968430
1659615136 15057106
1659615137 15389118
1659615138 12021326
1659615139 17395982
1659615140 13675810
1659615141 14068534
1659615142 13047042
1659615143 13239028
1659615144 12931734
1659615145 15061488
1659615146 12823148
1659615147 14448960
1659615148 13735886
1659615149 14016116
1659615150 13877144
1659615151 15522986
1659615152 13081000
1659615153 13958124
1659615154 13347626
1659615155 14799604
1659615156 15500120
1659615157 15180332
1659615158 13203266
1659615159 13480880
1659615160 14194994
1659615161 14096616
1659615162 17933174
1659615163 15022482
1659615164 13736350
1659615165 12481934
1659615166 16017640
1659615167 14828162
1659615168 12139374
1659615169 15757054
1659615170 13975066
1659615171 14198790
1659615172 15058358
1659615173 14259740
1659615174 15899552
1659615175 12920674
1659615176 13659188
1659615177 13848352
1659615178 13639520
1659615179 14467316
1659615180 14013738
1659615181 15896282
1659615182 12774020
1659615183 12822024
1659615184 13435812
1659615185 14534362
1659615186 13473508
1659615187 15021302
1659615188 13440418
1659615189 14630720
1659615190 13686300
1659615191 14158520
1659615192 14582906
1659615193 15040478
1659615194 13024138
1659615195 16954614
1659615196 13744184
1659615197 12087800
1659615198 15179730
1659615199 12501484
1659615200 16567630
1659615201 15527606
1659615202 11774226
1659615203 13330954
1659615204 14684776
1659615205 13285072
1659615206 14789528
1659615207 13479546
1659615208 14653734
1659615209 15479966
1659615210 12343402
1659615211 15614418
1659615212 15121584
1659615213 12877826
1659615214 13859938
1659615215 14763584
1659615216 13797808
1659615217 15326034
1659615218 10943290
1659615219 15391192
1659615220 14861356
1659615221 13977096
1659615222 14767636
1659615223 14746918
1659615224 17207010
1659615225 13029756
1659615226 15893132
1659615227 14269514
1659615228 10869704
1659615229 16768036
1659615230 12194718
1659615231 17037242
1659615232 13912464
1659615233 11933560
1659615234 13978602
1659615235 15238762
1659615236 13257676
1659615237 15752378
1659615238 12302562
1659615239 15659762
1659615240 15379968
1659615241 12449168
1659615242 15621682
1659615243 11652810
1659615244 15677710
1659615245 13777614
1659615246 14255498
1659615247 14962022
1659615248 13866050
1659615249 13362038
1659615250 16151810
1659615251 14979146
1659615252 17868332
1659615253 12552060
1659615254 14920418
1659615255 15670382
1659615256 13203708
1659615257 14646366
1659615258 14043674
1659615259 13675686
1659615260 17659138
1659615261 13875336
1659615262 11776096
1659615263 15103620
1659615264 15045306
1659615265 13178714
1659615266 15746276
1659615267 12771546
1659615268 14705840
1659615269 14189428
1659615270 13883796
1659615271 15360038
1659615272 13743610
1659615273 15860318
1659615274 13935528
1659615275 14351452
1659615276 15571428
1659615277 13193278
1659615278 14580140
1659615279 14990920
1659615280 14003722
1659615281 13831216
1659615282 14268378
1659615283 13585492
1659615284 16352896
1659615285 16807184
1659615286 11092742
1659615287 16072286
1659615288 11909690
1659615289 14490904
1659615290 12654664
1659615291 15235160
1659615292 14136288
1659615293 13301632
1659615294 14720688
1659615295 12992124
1659615296 14850852
1659615297 13471288
1659615298 14761286
1659615299 13271184
1659615300 14451802
1659615301 15051454
1659615302 14600636
1659615303 13111328
1659615304 14729088
1659615305 13592038
1659615306 14643086
1659615307 14092810
1659615308 13170292
1659615309 13127184
1659615310 14829898
1659615311 14656534
1659615312 15540836
1659615313 11273910
1659615314 14163674
1659615315 13757650
1659615316 17913616
1659615317 15594662
1659615318 12983844
1659615319 17046410
1659615320 13506620
1659615321 13291714
1659615322 13668838
1659615323 12845718
1659615324 14159340
1659615325 15733584
1659615326 14376672
1659615327 13512190
1659615328 15190530
1659615329 13037814
1659615330 15091774
1659615331 15443774
1659615332 12731630
1659615333 14462840
1659615334 12774376
1659615335 15549674
1659615336 15148172
1659615337 13054528
1659615338 13600060
1659615339 13084738
1659615340 14975200
1659615341 13233614
1659615342 15051508
1659615343 13642578
1659615344 14989054
1659615345 13121652
1659615346 16762268
1659615347 12010722
1659615348 13943256
1659615349 13189766
1659615350 12995322
1659615351 14490402
1659615352 13078310
1659615353 13591578
1659615354 13796916
1659615355 16582594
1659615356 13620366
1659615357 15180972
1659615358 11614882
1659615359 15048478
1659615360 15655598
1659615361 14288442
1659615362 16309286
1659615363 11784648
1659615364 14339206
1659615365 15395390
1659615366 13427736
1659615367 14843020
1659615368 12100178
1659615369 15502370
1659615370 14977334
1659615371 15312948
1659615372 15013472
1659615373 12831764
1659615374 1624692
1659615375 978
