#stats; calls; calls-DEV; calls\\\_event\\\_path; calls\\\_event\\\_path-DEV; calls\\\_process; calls\\\_process-DEV; discarded; discarded-DEV; errors; errors-DEV; handled; handled-DEV; incomplete; incomplete-DEV; incomplete\\\_event\\\_path; incomplete\\\_event\\\_path-DEV; incomplete\\\_process; incomplete\\\_process-DEV; lost; lost-DEV; lost\\\_event\\\_path; lost\\\_event\\\_path-DEV; lost\\\_process; lost\\\_process-DEV; returned; returned-DEV; returned\\\_event\\\_path; returned\\\_event\\\_path-DEV; returned\\\_process; returned\\\_process-DEV; saved; saved-DEV; saved\\\_event\\\_path; saved\\\_event\\\_path-DEV; saved\\\_process; saved\\\_process-DEV; truncated; truncated-DEV;
all; 146375695.0; 180337.7; 9763982.333; 12020.774; 27.0; 0.0; 6.0; 0.0; 6534.0; 0.0; 139519443.0; 458683.826; 0.0; 0.0; 5532585.333; 13183.593; 0.0; 0.0; 15581421.667; 597153.864; 1038819.333; 39839.763; 1.333; 2.309; 130794267.333; 429985.1; 8725163.0; 28697.938; 12.667; 2.309; 130794267.333; 429985.1; 3192577.667; 34994.129; 0.0; 0.0; 0.0; 0.0;
tid\\\_filter; 36550284.0; 0; 5265882.0; 0; 1.0; 0; 0.0; 0; 0.0; 0; 41811656.0; 0; 0.0; 0; 0.0; 0; 0.0; 0; 3772.0; 0; 739.0; 0; 0.0; 0; 36546512.0; 0; 5265143.0; 0; 1.0; 0; 36546512.0; 0; 5265143.0; 0; 0.0; 0; 0.0; 0;
orwc\\\_filter; 93235007.333; 152719.253; 9329146.667; 15270.519; 27.0; 0.0; 4.0; 0.0; 1.0; 0.0; 102564164.0; 167989.772; 0.0; 0.0; 0.0; 0.0; 0.0; 0.0; 0.0; 0.0; 0.0; 0.0; 0.0; 0.0; 93235003.333; 152719.253; 9329146.667; 15270.519; 14.0; 0.0; 93235003.333; 152719.253; 9329146.667; 15270.519; 0.0; 0.0; 0.0; 0.0;
read\\\_filter; 27539723.667; 56410.646; 6787011.333; 14928.105; 27.0; 0.0; 0.0; 0.0; 0.0; 0.0; 34326749.0; 71291.027; 0.0; 0.0; 0.0; 0.0; 0.0; 0.0; 0.0; 0.0; 0.0; 0.0; 0.0; 0.0; 27539723.667; 56410.646; 6787011.333; 14928.105; 14.0; 0.0; 27539723.667; 56410.646; 6787011.333; 14928.105; 0.0; 0.0; 0.0; 0.0;
passive\\\_filter; 0.0; 0.0; 0.0; 0.0; 27.0; 0.0; 0.0; 0.0; 0.0; 0.0; 14.0; 0.0; 0.0; 0.0; 0.0; 0.0; 0.0; 0.0; 0.0; 0.0; 0.0; 0.0; 0.0; 0.0; 0.0; 0.0; 0.0; 0.0; 14.0; 0.0; 0.0; 0.0; 0.0; 0.0; 0.0; 0.0; 0.0; 0.0;


all; 89407; 108;
tid\\\_filter; 144245.676; 22397.413;
orwc\\\_filter; 85426.85; 140.534;
read\\\_filter; 126209.516; 260.308;
passive\\\_filter; 162347.896; 378.738;





