# rate 12.5K
#stats; calls; calls-DEV; calls\\\_event\\\_path; calls\\\_event\\\_path-DEV; calls\\\_process; calls\\\_process-DEV; discarded; discarded-DEV; errors; errors-DEV; handled; handled-DEV; incomplete; incomplete-DEV; incomplete\\\_event\\\_path; incomplete\\\_event\\\_path-DEV; incomplete\\\_process; incomplete\\\_process-DEV; lost; lost-DEV; lost\\\_event\\\_path; lost\\\_event\\\_path-DEV; lost\\\_process; lost\\\_process-DEV; returned; returned-DEV; returned\\\_event\\\_path; returned\\\_event\\\_path-DEV; returned\\\_process; returned\\\_process-DEV; saved; saved-DEV; saved\\\_event\\\_path; saved\\\_event\\\_path-DEV; saved\\\_process; saved\\\_process-DEV; truncated; truncated-DEV;
raw; 17990437.0; 5513.412; 0.0; 0.0; 27.0; 0.0; 0.0; 0.0; 6534.0; 0.0; 17990451.0; 5513.412; 0.0; 0.0; 0.0; 0.0; 0.0; 0.0; 0.0; 0.0; 0.0; 0.0; 0.0; 0.0; 17990437.0; 5513.412; 0.0; 0.0; 14.0; 0.0; 17990437.0; 5513.412; 0.0; 0.0; 0.0; 0.0; 0.0; 0.0;
detailed; 17953433.667; 42339.392; 1202424.0; 2822.588; 27.0; 0.0; 6.0; 0.0; 6534.0; 0.0; 19155865.667; 45161.98; 0.0; 0.0; 272224.667; 236879.951; 0.0; 0.0; 0.0; 0.0; 0.0; 0.0; 0.0; 0.0; 17953427.667; 42339.392; 1202424.0; 2822.588; 14.0; 0.0; 17953427.667; 42339.392; 930199.333; 234067.759; 0.0; 0.0; 0.0; 0.0;
detailed\\\_all; 17926504.0; 66959.019; 1200628.667; 4463.935; 27.0; 0.0; 6.0; 0.0; 6534.0; 0.0; 19127140.667; 71422.954; 1283961.667; 1209584.088; 427981.0; 403190.136; 0.0; 0.0; 0.0; 0.0; 0.0; 0.0; 0.0; 0.0; 17926498.0; 66959.019; 1200628.667; 4463.935; 14.0; 0.0; 17926498.0; 66959.019; 772647.667; 398967.732; 0.0; 0.0; 0.0; 0.0;
detailed\\\_all\\\_uhash; 17883689.0; 22368.844; 1197774.333; 1491.256; 27.0; 0.0; 6.0; 0.0; 6534.0; 0.0; 19081471.333; 23860.101; 479257.0; 255220.223; 79874.0; 42535.204; 0.0; 0.0; 0.0; 0.0; 0.0; 0.0; 0.0; 0.0; 17883683.0; 22368.844; 1197774.333; 1491.256; 14.0; 0.0; 17883683.0; 22368.844; 1117900.333; 41043.967; 0.0; 0.0; 3279969.667; 4085.302;
detailed\\\_all\\\_khash; 17913554.0; 7481.758; 1199765.333; 498.784; 27.0; 0.0; 6.0; 0.0; 6534.0; 0.0; 19113327.333; 7980.542; 1903000.0; 859130.931; 634331.0; 286382.026; 0.0; 0.0; 0.0; 0.0; 0.0; 0.0; 0.0; 0.0; 17913548.0; 7481.758; 1199765.333; 498.784; 14.0; 0.0; 17913548.0; 7481.758; 565434.333; 285922.591; 0.0; 0.0; 3285436.667; 1377.133;


# rate 15K
#stats; calls; calls-DEV; calls\\\_event\\\_path; calls\\\_event\\\_path-DEV; calls\\\_process; calls\\\_process-DEV; discarded; discarded-DEV; errors; errors-DEV; handled; handled-DEV; incomplete; incomplete-DEV; incomplete\\\_event\\\_path; incomplete\\\_event\\\_path-DEV; incomplete\\\_process; incomplete\\\_process-DEV; lost; lost-DEV; lost\\\_event\\\_path; lost\\\_event\\\_path-DEV; lost\\\_process; lost\\\_process-DEV; returned; returned-DEV; returned\\\_event\\\_path; returned\\\_event\\\_path-DEV; returned\\\_process; returned\\\_process-DEV; saved; saved-DEV; saved\\\_event\\\_path; saved\\\_event\\\_path-DEV; saved\\\_process; saved\\\_process-DEV; truncated; truncated-DEV;
raw; 21352038.667; 4912.179; 0.0; 0.0; 27.0; 0.0; 0.0; 0.0; 6534.0; 0.0; 20778442.0; 48338.6; 0.0; 0.0; 0.0; 0.0; 0.0; 0.0; 573608.333; 47731.696; 0.0; 0.0; 2.333; 0.577; 20778430.333; 48338.482; 0.0; 0.0; 11.667; 0.577; 20778430.333; 48338.482; 0.0; 0.0; 0.0; 0.0; 0.0; 0.0;
detailed; 21356899.667; 7287.574; 1429323.333; 485.832; 27.0; 0.0; 6.0; 0.0; 6534.0; 0.0; 21884891.333; 191754.82; 0.0; 0.0; 679827.333; 2820.076; 0.0; 0.0; 845004.0; 186435.981; 56333.333; 12428.409; 2.333; 0.577; 20511889.667; 179770.436; 1372990.0; 11984.089; 11.667; 0.577; 20511889.667; 179770.436; 693162.667; 13632.467; 0.0; 0.0; 0.0; 0.0;
detailed\\\_all; 21348395.667; 8542.48; 1428756.333; 569.425; 27.0; 0.0; 6.0; 0.0; 6534.0; 0.0; 22270295.667; 445360.147; 3045728.333; 358038.667; 1015239.333; 119347.594; 0.0; 0.0; 475186.0; 411523.469; 31677.667; 27433.685; 0.667; 1.155; 20873203.667; 417526.182; 1397078.667; 27833.401; 13.333; 1.155; 20873203.667; 417526.182; 381839.333; 147078.528; 0.0; 0.0; 0.0; 0.0;
detailed\\\_all\\\_uhash; 21412585.333; 16847.898; 1433036.0; 1123.267; 27.0; 0.0; 6.0; 0.0; 6534.0; 0.0; 22540338.0; 545558.971; 5813356.0; 507068.832; 968886.667; 84528.709; 0.0; 0.0; 286211.667; 495733.148; 19079.0; 33045.797; 0.667; 1.155; 21126367.667; 511463.407; 1413957.0; 34094.409; 13.333; 1.155; 21126367.667; 511463.407; 445070.333; 118502.681; 0.0; 0.0; 3874345.333; 93744.727;
detailed\\\_all\\\_khash; 21445717.667; 10318.709; 1435244.667; 687.765; 27.0; 0.0; 6.0; 0.0; 6534.0; 0.0; 21966003.333; 809995.187; 3118481.0; 198393.165; 1039496.0; 66130.233; 0.0; 0.0; 857782.0; 753457.574; 57182.667; 50228.003; 2.333; 2.082; 20587929.667; 759370.938; 1378062.0; 50622.175; 11.667; 2.082; 20587929.667; 759370.938; 338566.0; 116672.711; 0.0; 0.0; 3775676.667; 139143.468;


# rate 17.5K
#stats; calls; calls-DEV; calls\\\_event\\\_path; calls\\\_event\\\_path-DEV; calls\\\_process; calls\\\_process-DEV; discarded; discarded-DEV; errors; errors-DEV; handled; handled-DEV; incomplete; incomplete-DEV; incomplete\\\_event\\\_path; incomplete\\\_event\\\_path-DEV; incomplete\\\_process; incomplete\\\_process-DEV; lost; lost-DEV; lost\\\_event\\\_path; lost\\\_event\\\_path-DEV; lost\\\_process; lost\\\_process-DEV; returned; returned-DEV; returned\\\_event\\\_path; returned\\\_event\\\_path-DEV; returned\\\_process; returned\\\_process-DEV; saved; saved-DEV; saved\\\_event\\\_path; saved\\\_event\\\_path-DEV; saved\\\_process; saved\\\_process-DEV; truncated; truncated-DEV;
raw; 25423839.0; 8169.885; 0.0; 0.0; 27.0; 0.0; 0.0; 0.0; 6534.0; 0.0; 21300403.333; 154733.612; 0.0; 0.0; 0.0; 0.0; 0.0; 0.0; 4123446.667; 146566.6; 0.0; 0.0; 3.0; 1.0; 21300392.333; 154734.553; 0.0; 0.0; 11.0; 1.0; 21300392.333; 154734.553; 0.0; 0.0; 0.0; 0.0; 0.0; 0.0;
detailed; 25431279.0; 16477.783; 1700950.0; 1098.848; 27.0; 0.0; 6.0; 0.0; 6534.0; 0.0; 24074456.667; 2362312.969; 0.0; 0.0; 824204.0; 56803.589; 0.0; 0.0; 2866666.0; 2204951.137; 191111.333; 146997.321; 3.0; 1.0; 22564607.0; 2214667.137; 1509838.667; 147645.606; 11.0; 1.0; 22564607.0; 2214667.137; 685634.667; 203151.031; 0.0; 0.0; 0.0; 0.0;
detailed\\\_all; 25435263.0; 18955.867; 1701215.667; 1263.995; 27.0; 0.0; 6.0; 0.0; 6534.0; 0.0; 25268817.667; 2237713.552; 3801654.333; 166228.575; 1267210.0; 55409.879; 0.0; 0.0; 1750936.333; 2080012.624; 116730.667; 138674.853; 2.0; 2.0; 23684320.667; 2097847.507; 1584485.0; 139864.226; 12.0; 2.0; 23684320.667; 2097847.507; 317275.0; 86063.171; 0.0; 0.0; 0.0; 0.0;
detailed\\\_all\\\_uhash; 25455469.667; 16605.265; 1702562.333; 1105.941; 27.0; 0.0; 6.0; 0.0; 6534.0; 0.0; 24928231.667; 2186854.662; 7525659.667; 443272.552; 1254280.667; 73870.097; 0.0; 0.0; 2090442.0; 2038181.327; 139362.0; 135875.601; 4.333; 3.215; 23365021.667; 2050176.952; 1563200.333; 136674.513; 9.667; 3.215; 23365021.667; 2050176.952; 308919.667; 63237.696; 0.0; 0.0; 4284708.0; 375600.253;
detailed\\\_all\\\_khash; 25358623.333; 113617.238; 1696106.667; 7575.094; 27.0; 0.0; 6.0; 0.0; 6534.0; 0.0; 22057731.0; 303991.8; 3492748.0; 43316.749; 1164244.0; 14432.443; 0.0; 0.0; 4684688.333; 300302.381; 312314.0; 20020.295; 4.667; 0.577; 20673929.0; 284993.676; 1383792.667; 18998.611; 9.333; 0.577; 20673929.0; 284993.676; 219548.667; 6102.937; 0.0; 0.0; 3791095.0; 52539.167;


# rate 20K
#stats; calls; calls-DEV; calls\\\_event\\\_path; calls\\\_event\\\_path-DEV; calls\\\_process; calls\\\_process-DEV; discarded; discarded-DEV; errors; errors-DEV; handled; handled-DEV; incomplete; incomplete-DEV; incomplete\\\_event\\\_path; incomplete\\\_event\\\_path-DEV; incomplete\\\_process; incomplete\\\_process-DEV; lost; lost-DEV; lost\\\_event\\\_path; lost\\\_event\\\_path-DEV; lost\\\_process; lost\\\_process-DEV; returned; returned-DEV; returned\\\_event\\\_path; returned\\\_event\\\_path-DEV; returned\\\_process; returned\\\_process-DEV; saved; saved-DEV; saved\\\_event\\\_path; saved\\\_event\\\_path-DEV; saved\\\_process; saved\\\_process-DEV; truncated; truncated-DEV;
raw; 28915198.0; 5989.503; 0.0; 0.0; 27.0; 0.0; 0.0; 0.0; 6534.0; 0.0; 21540895.333; 404592.556; 0.0; 0.0; 0.0; 0.0; 0.0; 0.0; 7374312.667; 401478.155; 0.0; 0.0; 4.0; 0.0; 21540885.333; 404592.556; 0.0; 0.0; 10.0; 0.0; 21540885.333; 404592.556; 0.0; 0.0; 0.0; 0.0; 0.0; 0.0;
detailed; 28912597.333; 14029.037; 1933040.0; 935.597; 27.0; 0.0; 6.0; 0.0; 6534.0; 0.0; 23344339.667; 386388.526; 0.0; 0.0; 940252.333; 25994.958; 0.0; 0.0; 7032469.333; 366124.715; 468832.0; 24406.818; 4.333; 1.528; 21880122.0; 362242.009; 1464208.0; 24147.712; 9.667; 1.528; 21880122.0; 362242.009; 523955.667; 3399.178; 0.0; 0.0; 0.0; 0.0;
detailed\\\_all; 28907900.667; 6817.029; 1932727.0; 454.238; 27.0; 0.0; 6.0; 0.0; 6534.0; 0.0; 25883527.333; 2481743.719; 4056285.0; 295180.143; 1352100.667; 98388.521; 0.0; 0.0; 4647291.0; 2329553.137; 309814.0; 155300.168; 3.333; 1.155; 24260603.667; 2326637.588; 1622913.0; 155105.516; 10.667; 1.155; 24260603.667; 2326637.588; 270812.333; 57030.748; 0.0; 0.0; 0.0; 0.0;
detailed\\\_all\\\_uhash; 28922790.667; 5530.916; 1933719.333; 369.102; 27.0; 0.0; 6.0; 0.0; 6534.0; 0.0; 23452487.667; 2476361.943; 7532554.667; 537438.9; 1255444.667; 89575.599; 0.0; 0.0; 6941276.0; 2318317.152; 462749.333; 154553.246; 5.0; 2.646; 21981508.667; 2321587.613; 1470970.0; 154771.772; 9.0; 2.646; 21981508.667; 2321587.613; 215525.333; 65201.101; 0.0; 0.0; 4030988.667; 425499.117;
detailed\\\_all\\\_khash; 28938460.333; 22515.65; 1934764.0; 1501.144; 27.0; 0.0; 6.0; 0.0; 6534.0; 0.0; 25634795.333; 2468476.852; 4006551.0; 340178.67; 1335518.0; 113401.672; 0.0; 0.0; 4911031.667; 2291688.344; 327400.0; 152781.027; 5.333; 0.577; 24027422.667; 2314195.432; 1607364.0; 154281.612; 8.667; 0.577; 24027422.667; 2314195.432; 271846.0; 42418.41; 0.0; 0.0; 4405904.333; 424369.387;


# rate 22.5K
#stats; calls; calls-DEV; calls\\\_event\\\_path; calls\\\_event\\\_path-DEV; calls\\\_process; calls\\\_process-DEV; discarded; discarded-DEV; errors; errors-DEV; handled; handled-DEV; incomplete; incomplete-DEV; incomplete\\\_event\\\_path; incomplete\\\_event\\\_path-DEV; incomplete\\\_process; incomplete\\\_process-DEV; lost; lost-DEV; lost\\\_event\\\_path; lost\\\_event\\\_path-DEV; lost\\\_process; lost\\\_process-DEV; returned; returned-DEV; returned\\\_event\\\_path; returned\\\_event\\\_path-DEV; returned\\\_process; returned\\\_process-DEV; saved; saved-DEV; saved\\\_event\\\_path; saved\\\_event\\\_path-DEV; saved\\\_process; saved\\\_process-DEV; truncated; truncated-DEV;
raw; 32423883.667; 3915.875; 0.0; 0.0; 27.0; 0.0; 0.0; 0.0; 6534.0; 0.0; 21670966.667; 192820.036; 0.0; 0.0; 0.0; 0.0; 0.0; 0.0; 10752926.333; 196096.924; 0.0; 0.0; 4.667; 0.577; 21670957.333; 192820.443; 0.0; 0.0; 9.333; 0.577; 21670957.333; 192820.443; 0.0; 0.0; 0.0; 0.0; 0.0; 0.0;
detailed; 32417938.667; 1620.966; 2166731.333; 108.556; 27.0; 0.0; 6.0; 0.0; 6534.0; 0.0; 25084891.0; 2572197.762; 0.0; 0.0; 1018954.667; 46249.508; 0.0; 0.0; 8906045.667; 2412936.188; 593737.0; 160859.519; 4.333; 1.528; 23511887.0; 2411437.57; 1572994.333; 160759.071; 9.667; 1.528; 23511887.0; 2411437.57; 554039.667; 115802.993; 0.0; 0.0; 0.0; 0.0;
detailed\\\_all; 32428830.333; 13072.52; 2167457.0; 871.534; 27.0; 0.0; 6.0; 0.0; 6534.0; 0.0; 26098212.667; 2687841.29; 4180839.333; 374993.703; 1393616.667; 124995.571; 0.0; 0.0; 7966948.0; 2509140.046; 531130.667; 167279.252; 4.0; 1.732; 24461876.333; 2519847.277; 1636326.333; 167993.092; 10.0; 1.732; 24461876.333; 2519847.277; 242709.667; 43870.59; 0.0; 0.0; 0.0; 0.0;
detailed\\\_all\\\_uhash; 32439269.667; 7141.814; 2168153.0; 476.085; 27.0; 0.0; 6.0; 0.0; 6534.0; 0.0; 24249752.667; 2776055.603; 7808380.0; 795232.077; 1301412.0; 132528.985; 0.0; 0.0; 9710320.667; 2595993.504; 647353.333; 173061.671; 4.0; 1.0; 22728943.0; 2602555.746; 1520799.667; 173499.055; 10.0; 1.0; 22728943.0; 2602555.746; 219387.667; 41741.949; 0.0; 0.0; 4168042.0; 477006.236;
detailed\\\_all\\\_khash; 32273267.667; 16666.663; 2157086.333; 1111.609; 27.0; 0.0; 6.0; 0.0; 6534.0; 0.0; 24653185.0; 2489457.809; 4022760.333; 336246.448; 1340921.667; 112085.772; 0.0; 0.0; 9166098.0; 2318277.383; 611074.333; 154554.438; 4.667; 1.528; 23107163.667; 2333862.492; 1546012.0; 155593.909; 9.333; 1.528; 23107163.667; 2333862.492; 205090.333; 46456.908; 0.0; 0.0; 4237400.333; 427731.887;


# rate 25K
#stats; calls; calls-DEV; calls\\\_event\\\_path; calls\\\_event\\\_path-DEV; calls\\\_process; calls\\\_process-DEV; discarded; discarded-DEV; errors; errors-DEV; handled; handled-DEV; incomplete; incomplete-DEV; incomplete\\\_event\\\_path; incomplete\\\_event\\\_path-DEV; incomplete\\\_process; incomplete\\\_process-DEV; lost; lost-DEV; lost\\\_event\\\_path; lost\\\_event\\\_path-DEV; lost\\\_process; lost\\\_process-DEV; returned; returned-DEV; returned\\\_event\\\_path; returned\\\_event\\\_path-DEV; returned\\\_process; returned\\\_process-DEV; saved; saved-DEV; saved\\\_event\\\_path; saved\\\_event\\\_path-DEV; saved\\\_process; saved\\\_process-DEV; truncated; truncated-DEV;
raw; 36325461.667; 16875.695; 0.0; 0.0; 27.0; 0.0; 0.0; 0.0; 6534.0; 0.0; 22019033.333; 206056.12; 0.0; 0.0; 0.0; 0.0; 0.0; 0.0; 14306436.667; 189523.136; 0.0; 0.0; 5.667; 1.528; 22019025.0; 206055.677; 0.0; 0.0; 8.333; 1.528; 22019025.0; 206055.677; 0.0; 0.0; 0.0; 0.0; 0.0; 0.0;
detailed; 36394599.0; 14882.396; 2431846.0; 991.796; 27.0; 0.0; 6.0; 0.0; 6534.0; 0.0; 25588429.0; 2342524.115; 0.0; 0.0; 1070230.0; 76975.433; 0.0; 0.0; 12410641.333; 2182266.438; 827378.667; 145484.805; 4.0; 1.0; 23983951.667; 2196116.319; 1604467.333; 146407.871; 10.0; 1.0; 23983951.667; 2196116.319; 534237.333; 92986.269; 0.0; 0.0; 0.0; 0.0;
detailed\\\_all; 36439690.667; 19527.03; 2434850.333; 1300.465; 27.0; 0.0; 6.0; 0.0; 6534.0; 0.0; 25135040.0; 2432001.516; 4114333.333; 358046.939; 1371444.667; 119347.463; 0.0; 0.0; 12880781.333; 2263121.887; 858722.667; 150875.028; 5.0; 1.0; 23558903.333; 2280002.545; 1576127.667; 151998.156; 9.0; 1.0; 23558903.333; 2280002.545; 204683.0; 32765.152; 0.0; 0.0; 0.0; 0.0;
detailed\\\_all\\\_uhash; 36374993.0; 29461.575; 2430538.667; 1963.427; 27.0; 0.0; 6.0; 0.0; 6534.0; 0.0; 24584063.667; 2574833.785; 8020032.0; 811469.805; 1336676.667; 135223.434; 0.0; 0.0; 13332628.333; 2442725.484; 888843.667; 162845.331; 4.0; 0.0; 23042358.667; 2413908.795; 1541695.0; 160924.989; 10.0; 0.0; 23042358.667; 2413908.795; 205018.333; 25962.323; 0.0; 0.0; 4225177.0; 442428.782;
detailed\\\_all\\\_khash; 36591380.333; 12000.179; 2444964.0; 799.285; 27.0; 0.0; 6.0; 0.0; 6534.0; 0.0; 26252236.667; 2587412.507; 4308986.333; 374686.591; 1436338.333; 124896.05; 0.0; 0.0; 11985106.667; 2437693.964; 799004.333; 162511.967; 4.667; 1.155; 24606267.667; 2425698.38; 1645959.667; 161712.985; 9.333; 1.155; 24606267.667; 2425698.38; 209621.333; 36866.499; 0.0; 0.0; 4512182.667; 444684.025;


# rate 50K
#stats; calls; calls-DEV; calls\\\_event\\\_path; calls\\\_event\\\_path-DEV; calls\\\_process; calls\\\_process-DEV; discarded; discarded-DEV; errors; errors-DEV; handled; handled-DEV; incomplete; incomplete-DEV; incomplete\\\_event\\\_path; incomplete\\\_event\\\_path-DEV; incomplete\\\_process; incomplete\\\_process-DEV; lost; lost-DEV; lost\\\_event\\\_path; lost\\\_event\\\_path-DEV; lost\\\_process; lost\\\_process-DEV; returned; returned-DEV; returned\\\_event\\\_path; returned\\\_event\\\_path-DEV; returned\\\_process; returned\\\_process-DEV; saved; saved-DEV; saved\\\_event\\\_path; saved\\\_event\\\_path-DEV; saved\\\_process; saved\\\_process-DEV; truncated; truncated-DEV;
raw; 72452356.0; 28342.144; 0.0; 0.0; 27.0; 0.0; 0.0; 0.0; 6534.0; 0.0; 23313838.0; 694813.484; 0.0; 0.0; 0.0; 0.0; 0.0; 0.0; 49138526.333; 672040.415; 0.0; 0.0; 5.667; 1.528; 23313829.667; 694815.01; 0.0; 0.0; 8.333; 1.528; 23313829.667; 694815.01; 0.0; 0.0; 0.0; 0.0; 0.0; 0.0;
detailed; 72591751.0; 103253.82; 4845006.333; 6883.575; 27.0; 0.0; 6.0; 0.0; 6534.0; 0.0; 27547895.0; 942351.844; 0.0; 0.0; 1424978.0; 197546.223; 0.0; 0.0; 46770874.667; 782176.246; 3117989.333; 52068.502; 6.333; 0.577; 25820870.333; 883526.528; 1727017.0; 58825.069; 7.667; 0.577; 25820870.333; 883526.528; 302039.0; 256307.218; 0.0; 0.0; 0.0; 0.0;
detailed\\\_all; 72632308.667; 21578.053; 4847711.333; 1439.264; 27.0; 0.0; 6.0; 0.0; 6534.0; 0.0; 26979114.333; 2934123.483; 4805032.333; 350987.226; 1601793.667; 116894.416; 0.0; 0.0; 47344669.333; 2750645.167; 3156238.667; 183289.709; 5.667; 0.577; 25287633.333; 2750822.956; 1691472.667; 183300.918; 8.333; 0.577; 25287633.333; 2750822.956; 89679.0; 70200.611; 0.0; 0.0; 0.0; 0.0;
detailed\\\_all\\\_uhash; 72635920.0; 26832.183; 4847951.0; 1789.681; 27.0; 0.0; 6.0; 0.0; 6534.0; 0.0; 26721205.333; 3280347.986; 9722462.0; 1177415.648; 1620548.0; 196161.08; 0.0; 0.0; 47590081.0; 3079737.867; 3172586.667; 205243.626; 6.0; 0.0; 25045833.0; 3075393.815; 1675364.333; 204954.172; 8.0; 0.0; 25045833.0; 3075393.815; 54816.333; 8973.083; 0.0; 0.0; 4593641.667; 563933.86;
detailed\\\_all\\\_khash; 58763755.667; 575670.443; 3923135.667; 38378.443; 27.0; 0.0; 6.0; 0.0; 6534.0; 0.0; 27804371.0; 3140366.627; 4813587.333; 607441.435; 1604535.0; 202479.513; 0.0; 0.0; 32702357.333; 3519695.171; 2180166.0; 234646.182; 5.0; 1.0; 26061392.333; 2944095.103; 1742969.667; 196272.438; 9.0; 1.0; 26061392.333; 2944095.103; 138434.667; 23170.754; 0.0; 0.0; 4779454.0; 539892.234;


# rate 100K
#stats; calls; calls-DEV; calls\\\_event\\\_path; calls\\\_event\\\_path-DEV; calls\\\_process; calls\\\_process-DEV; discarded; discarded-DEV; errors; errors-DEV; handled; handled-DEV; incomplete; incomplete-DEV; incomplete\\\_event\\\_path; incomplete\\\_event\\\_path-DEV; incomplete\\\_process; incomplete\\\_process-DEV; lost; lost-DEV; lost\\\_event\\\_path; lost\\\_event\\\_path-DEV; lost\\\_process; lost\\\_process-DEV; returned; returned-DEV; returned\\\_event\\\_path; returned\\\_event\\\_path-DEV; returned\\\_process; returned\\\_process-DEV; saved; saved-DEV; saved\\\_event\\\_path; saved\\\_event\\\_path-DEV; saved\\\_process; saved\\\_process-DEV; truncated; truncated-DEV;
raw; 114980517.667; 343767.893; 0.0; 0.0; 27.0; 0.0; 0.0; 0.0; 6534.0; 0.0; 23271841.667; 254859.802; 0.0; 0.0; 0.0; 0.0; 0.0; 0.0; 91708683.333; 459195.616; 0.0; 0.0; 6.667; 1.155; 23271834.333; 254859.528; 0.0; 0.0; 7.333; 1.155; 23271834.333; 254859.528; 0.0; 0.0; 0.0; 0.0; 0.0; 0.0;
detailed; 108026957.0; 888346.332; 7207372.667; 59223.492; 27.0; 0.0; 6.0; 0.0; 6534.0; 0.0; 28891301.667; 3439551.804; 0.0; 0.0; 1666282.333; 166626.96; 0.0; 0.0; 80946613.333; 4109175.37; 5396415.667; 273926.063; 7.0; 1.0; 27080337.667; 3224597.477; 1810957.0; 214953.429; 7.0; 1.0; 27080337.667; 3224597.477; 144674.667; 49593.745; 0.0; 0.0; 0.0; 0.0;
detailed\\\_all; 104903727.0; 1161571.632; 6999155.667; 77439.945; 27.0; 0.0; 6.0; 0.0; 6534.0; 0.0; 29039608.0; 3213899.935; 5303483.667; 595935.215; 1767905.0; 198627.182; 0.0; 0.0; 77684345.333; 4173598.452; 5178930.667; 278235.066; 6.667; 1.155; 27219375.667; 3013038.164; 1820225.0; 200862.411; 7.333; 1.155; 27219375.667; 3013038.164; 52320.0; 15386.763; 0.0; 0.0; 0.0; 0.0;
detailed\\\_all\\\_uhash; 103015684.667; 1083395.969; 6873287.667; 72227.229; 27.0; 0.0; 6.0; 0.0; 6534.0; 0.0; 26537081.0; 2944701.64; 9778091.667; 1147814.584; 1629785.667; 191290.792; 0.0; 0.0; 78142442.333; 3838581.593; 5209451.0; 255891.476; 6.0; 0.0; 24873236.333; 2760671.396; 1663836.667; 184030.244; 8.0; 0.0; 24873236.333; 2760671.396; 34051.0; 15607.709; 0.0; 0.0; 4560577.0; 506166.113;
detailed\\\_all\\\_khash; 72039329.667; 13587.666; 4808181.0; 903.849; 27.0; 0.0; 6.0; 0.0; 6534.0; 0.0; 25022287.667; 441698.649; 4547623.0; 101541.353; 1516161.667; 33505.376; 0.0; 0.0; 48586187.667; 415658.972; 3239036.333; 27689.665; 7.0; 1.0; 23453136.0; 414111.138; 1569144.667; 27587.906; 7.0; 1.0; 23453136.0; 414111.138; 52983.0; 6253.774; 0.0; 0.0; 4300627.333; 76280.317;


# max
#stats; calls; calls-DEV; calls\\\_event\\\_path; calls\\\_event\\\_path-DEV; calls\\\_process; calls\\\_process-DEV; discarded; discarded-DEV; errors; errors-DEV; handled; handled-DEV; incomplete; incomplete-DEV; incomplete\\\_event\\\_path; incomplete\\\_event\\\_path-DEV; incomplete\\\_process; incomplete\\\_process-DEV; lost; lost-DEV; lost\\\_event\\\_path; lost\\\_event\\\_path-DEV; lost\\\_process; lost\\\_process-DEV; returned; returned-DEV; returned\\\_event\\\_path; returned\\\_event\\\_path-DEV; returned\\\_process; returned\\\_process-DEV; saved; saved-DEV; saved\\\_event\\\_path; saved\\\_event\\\_path-DEV; saved\\\_process; saved\\\_process-DEV; truncated; truncated-DEV;
raw; 255411020.667; 402671.663; 0.0; 0.0; 27.0; 0.0; 0.0; 0.0; 6534.0; 0.0; 23550704.667; 122172.652; 0.0; 0.0; 0.0; 0.0; 0.0; 0.0; 231860324.0; 521690.75; 0.0; 0.0; 6.0; 0.0; 23550696.667; 122172.652; 0.0; 0.0; 8.0; 0.0; 23550696.667; 122172.652; 0.0; 0.0; 0.0; 0.0; 0.0; 0.0;
detailed; 244668671.0; 3330081.936; 16316894.333; 222006.764; 27.0; 0.0; 6.0; 0.0; 6534.0; 0.0; 29028313.0; 3426474.6; 0.0; 0.0; 1767774.0; 205223.283; 0.0; 0.0; 217460390.333; 6385908.096; 14496864.333; 425811.866; 5.667; 0.577; 27208274.667; 3212239.959; 1820030.0; 214234.943; 8.333; 0.577; 27208274.667; 3212239.959; 52256.0; 9026.41; 0.0; 0.0; 0.0; 0.0;
detailed\\\_all; 238188413.667; 3064868.006; 15884871.667; 204332.268; 27.0; 0.0; 6.0; 0.0; 6534.0; 0.0; 26979908.0; 2934164.981; 5007663.333; 546029.483; 1669943.333; 182178.669; 0.0; 0.0; 212900463.667; 4501169.693; 14192915.333; 300168.843; 6.333; 1.528; 25287944.0; 2750694.76; 1691956.333; 183469.05; 7.667; 1.528; 25287944.0; 2750694.76; 22013.0; 1340.527; 0.0; 0.0; 0.0; 0.0;
detailed\\\_all\\\_uhash; 227351403.667; 1103586.296; 15162406.333; 73575.583; 27.0; 0.0; 6.0; 0.0; 6534.0; 0.0; 29793226.333; 428459.326; 11060592.333; 160409.997; 1844250.333; 26570.045; 0.0; 0.0; 199426143.667; 1477667.536; 13294440.667; 98458.275; 7.333; 0.577; 27925254.0; 401748.655; 1867965.667; 26710.138; 6.667; 0.577; 27925254.0; 401748.655; 23715.333; 258.461; 0.0; 0.0; 5121614.0; 73725.389;
detailed\\\_all\\\_khash; 154457009.667; 186127.037; 10302740.0; 12413.009; 27.0; 0.0; 6.0; 0.0; 6534.0; 0.0; 25041206.0; 129910.829; 4633446.333; 23914.325; 1545020.0; 8023.807; 0.0; 0.0; 130986377.667; 200140.161; 8732167.667; 13354.861; 6.333; 0.577; 23470626.0; 121770.955; 1570572.333; 8140.444; 7.667; 0.577; 23470626.0; 121770.955; 25552.333; 137.264; 0.0; 0.0; 4303665.667; 21901.23;


# throughput rate 12.5K
#rate; vanilla; raw; detailed; detailed\\\_all; detailed\\\_all\\\_uhash; detailed\\\_all\\\_khash;
12.5; 10983.433; 10970.488; 10947.928; 10931.453; 10905.295; 10923.49;


# throughput rate 15K
#rate; vanilla; raw; detailed; detailed\\\_all; detailed\\\_all\\\_uhash; detailed\\\_all\\\_khash;
15; 12942.972; 13024.634; 13027.592; 13022.408; 13061.663; 13081.832;


# throughput rate 17.5K
#rate; vanilla; raw; detailed; detailed\\\_all; detailed\\\_all\\\_uhash; detailed\\\_all\\\_khash;
17.5; 15520.389; 15512.762; 15517.296; 15519.657; 15532.043; 15472.857;


# throughput rate 20K
#rate; vanilla; raw; detailed; detailed\\\_all; detailed\\\_all\\\_uhash; detailed\\\_all\\\_khash;
20; 17797.883; 17646.217; 17644.576; 17641.767; 17650.856; 17660.351;


# throughput rate 22.5K
#rate; vanilla; raw; detailed; detailed\\\_all; detailed\\\_all\\\_uhash; detailed\\\_all\\\_khash;
22.5; 19699.352; 19790.241; 19786.622; 19793.219; 19799.597; 19698.173;


# throughput rate 25K
#rate; vanilla; raw; detailed; detailed\\\_all; detailed\\\_all\\\_uhash; detailed\\\_all\\\_khash;
25; 21995.64; 22174.365; 22216.532; 22244.127; 22204.676; 22336.846;


# throughput rate 50K
#rate; vanilla; raw; detailed; detailed\\\_all; detailed\\\_all\\\_uhash; detailed\\\_all\\\_khash;
50; 44443.155; 44250.628; 44335.845; 44360.577; 44362.853; 35886.216;


# throughput rate 100K
#rate; vanilla; raw; detailed; detailed\\\_all; detailed\\\_all\\\_uhash; detailed\\\_all\\\_khash;
100; 83140.606;  70238.924;  65989.524;  64081.614;  62927.762;  43998.516;


# throughput rate max
#rate; vanilla; raw; detailed; detailed\\\_all; detailed\\\_all\\\_uhash; detailed\\\_all\\\_khash;
max; 161756.464; 156046.36; 149482.28; 145523.595; 138900.558; 94358.308;
