# events called
1659441762 2015564
1659441763 2599402
1659441764 572022
1659441765 2690268
1659441766 8833070
1659441767 9649284
1659441768 13432586
1659441769 12454186
1659441770 11343148
1659441771 9431682
1659441772 9796854
1659441773 12860350
1659441774 11727306
1659441775 10647300
1659441776 10830218
1659441777 11334038
1659441778 11042004
1659441779 12391088
1659441780 10725334
1659441781 10780266
1659441782 13425872
1659441783 10762570
1659441784 10248494
1659441785 12807890
1659441786 10737630
1659441787 10627312
1659441788 13068708
1659441789 10482054
1659441790 10825066
1659441791 12910998
1659441792 11630606
1659441793 12026632
1659441794 12136362
1659441795 9148824
1659441796 11600220
1659441797 10650636
1659441798 11555888
1659441799 11511438
1659441800 12244204
1659441801 12074956
1659441802 12110876
1659441803 10110150
1659441804 11961972
1659441805 11051986
1659441806 9945310
1659441807 11342688
1659441808 9861836
1659441809 12156220
1659441810 10870184
1659441811 11076502
1659441812 13311950
1659441813 10602680
1659441814 9542156
1659441815 13360430
1659441816 9991118
1659441817 10504024
1659441818 13342428
1659441819 10429896
1659441820 10369066
1659441821 13142922
1659441822 10997034
1659441823 12615116
1659441824 10738734
1659441825 12945934
1659441826 12124546
1659441827 11682972
1659441828 12320542
1659441829 9538928
1659441830 10475896
1659441831 12915728
1659441832 13285498
1659441833 11303226
1659441834 9534734
1659441835 9981006
1659441836 12726820
1659441837 13071810
1659441838 10973362
1659441839 10664412
1659441840 8737950
1659441841 12562606
1659441842 11344774
1659441843 12229616
1659441844 12180214
1659441845 10836336
1659441846 11068538
1659441847 9891354
1659441848 11361834
1659441849 12247258
1659441850 10803034
1659441851 10928192
1659441852 13569914
1659441853 11189078
1659441854 10245890
1659441855 13552638
1659441856 11080610
1659441857 12693662
1659441858 13587804
1659441859 10286550
1659441860 10559052
1659441861 11036372
1659441862 11726796
1659441863 13099946
1659441864 12454646
1659441865 11278462
1659441866 10010958
1659441867 10838210
1659441868 13537890
1659441869 11411408
1659441870 11162478
1659441871 9649432
1659441872 11071180
1659441873 12275112
1659441874 13027146
1659441875 13620488
1659441876 11477834
1659441877 10657506
1659441878 9214312
1659441879 12018346
1659441880 10194530
1659441881 10959204
1659441882 13416552
1659441883 11107066
1659441884 10584448
1659441885 13272352
1659441886 12653392
1659441887 11998300
1659441888 12832870
1659441889 9179628
1659441890 12419862
1659441891 11672442
1659441892 10138204
1659441893 12265176
1659441894 10198466
1659441895 12344534
1659441896 13150714
1659441897 11772454
1659441898 12605874
1659441899 9798426
1659441900 10042540
1659441901 10720352
1659441902 11534114
1659441903 13129690
1659441904 12709578
1659441905 12515142
1659441906 10183380
1659441907 10438494
1659441908 10647730
1659441909 11999864
1659441910 11668940
1659441911 10295794
1659441912 13418350
1659441913 11072670
1659441914 9828934
1659441915 13586292
1659441916 11169416
1659441917 13225150
1659441918 13339208
1659441919 9960388
1659441920 10143682
1659441921 10666010
1659441922 12252436
1659441923 11849184
1659441924 11014592
1659441925 12849674
1659441926 11232544
1659441927 12484192
1659441928 10196426
1659441929 9890932
1659441930 11192994
1659441931 13438868
1659441932 12947592
1659441933 10908440
1659441934 12730688
1659441935 10329292
1659441936 9537350
1659441937 11188898
1659441938 13579536
1659441939 11373770
1659441940 10705524
1659441941 13670074
1659441942 10803294
1659441943 9122904
1659441944 10027982
1659441945 12687120
1659441946 13218902
1659441947 10817790
1659441948 13420538
1659441949 9836986
1659441950 9382398
1659441951 11793908
1659441952 11859546
1659441953 13137314
1659441954 12192800
1659441955 12541256
1659441956 9647382
1659441957 9402810
1659441958 12020296
1659441959 10415648
1659441960 12915412
1659441961 13591078
1659441962 9586752
1659441963 9704484
1659441964 10735608
1659441965 12838106
1659441966 11675728
1659441967 12730068
1659441968 11861494
1659441969 11182242
1659441970 9094498
1659441971 10588726
1659441972 12119194
1659441973 12050806
1659441974 12250762
1659441975 12152736
1659441976 11534634
1659441977 10213284
1659441978 11506222
1659441979 11069932
1659441980 11195492
1659441981 11191706
1659441982 13237340
1659441983 13422496
1659441984 10253396
1659441985 9732734
1659441986 10366854
1659441987 13018606
1659441988 11117858
1659441989 13114064
1659441990 11521106
1659441991 10521746
1659441992 10259024
1659441993 11323268
1659441994 11744060
1659441995 11695144
1659441996 12161570
1659441997 12847806
1659441998 10992572
1659441999 10867320
1659442000 10766354
1659442001 10312052
1659442002 10973686
1659442003 13613736
1659442004 12945642
1659442005 10426020
1659442006 13366668
1659442007 9814728
1659442008 10242930
1659442009 11121172
1659442010 11393038
1659442011 13071654
1659442012 12235080
1659442013 9638300
1659442014 10884624
1659442015 10530698
1659442016 12986222
1659442017 11769522
1659442018 13251482
1659442019 10659902
1659442020 12893920
1659442021 10394460
1659442022 9294988
1659442023 10632760
1659442024 13384724
1659442025 11701572
1659442026 10461098
1659442027 13648204
1659442028 11040872
1659442029 9182526
1659442030 10289136
1659442031 11897298
1659442032 13229412
1659442033 10609664
1659442034 13646420
1659442035 10098960
1659442036 9630794
1659442037 11247220
1659442038 12149212
1659442039 13197432
1659442040 10097396
1659442041 12143364
1659442042 12311438
1659442043 10449218
1659442044 10277840
1659442045 10567190
1659442046 12213642
1659442047 13495462
1659442048 12953328
1659442049 10256006
1659442050 10190192
1659442051 10419522
1659442052 11475792
1659442053 12656246
1659442054 11684304
1659442055 9418978
1659442056 13610022
1659442057 11081408
1659442058 10612062
1659442059 12940844
1659442060 10812572
1659442061 11007230
1659442062 12617690
1659442063 12301842
1659442064 12613014
1659442065 10558846
1659442066 9720594
1659442067 11420436
1659442068 10356112
1659442069 11990318
1659442070 12096456
1659442071 11884236
1659442072 11840186
1659442073 13639404
1659442074 11007606
1659442075 9375058
1659442076 9902362
1659442077 12765574
1659442078 12256808
1659442079 10489060
1659442080 12105492
1659442081 11390832
1659442082 10051234
1659442083 13227002
1659442084 11101228
1659442085 10673482
1659442086 13519672
1659442087 10129304
1659442088 11553320
1659442089 13624514
1659442090 9954566
1659442091 11297186
1659442092 13200166
1659442093 10606268
1659442094 13661020
1659442095 11385966
1659442096 9993826
1659442097 10064904
1659442098 11105002
1659442099 13189862
1659442100 13041036
1659442101 11590594
1659442102 9280864
1659442103 11342646
1659442104 13587946
1659442105 11794696
1659442106 10051554
1659442107 9808586
1659442108 11006380
1659442109 13495248
1659442110 12176632
1659442111 11358820
1659442112 10514546
1659442113 10863544
1659442114 11681970
1659442115 12168684
1659442116 11494468
1659442117 13077212
1659442118 11321996
1659442119 10679752
1659442120 10451692
1659442121 12233916
1659442122 11743868
1659442123 12339078
1659442124 10582668
1659442125 12214532
1659442126 11274576
1659442127 12353170
1659442128 13631040
1659442129 11438440
1659442130 8885620
1659442131 11304544
1659442132 13630538
1659442133 12096084
1659442134 12138100
1659442135 8892296
1659442136 9938994
1659442137 13027884
1659442138 13541862
1659442139 11325668
1659442140 9703400
1659442141 9972156
1659442142 12090636
1659442143 12767950
1659442144 10311820
1659442145 12978182
1659442146 12599576
1659442147 11361140
1659442148 9567698
1659442149 10782622
1659442150 10722260
1659442151 10374102
1659442152 13167016
1659442153 13461594
1659442154 10806852
1659442155 8809052
1659442156 11065404
1659442157 12696876
1659442158 12147568
1659442159 11530242
1659442160 11746754
1659442161 11432038
1659442162 10791364
1659442163 10352018
1659442164 11306610
1659442165 10640300
1659442166 11125184
1659442167 13241360
1659442168 13543460
1659442169 13629628
1659442170 11969918
1659442171 13179676
1659442172 11696224
1659442173 12683078
1659442174 9752414
1659442175 9969904
1659442176 10586210
1659442177 13572190
1659442178 10799120
1659442179 11465472
1659442180 11562352
1659442181 10839460
1659442182 11522770
1659442183 13392622
1659442184 9963954
1659442185 10907508
1659442186 13181798
1659442187 12444962
1659442188 12409358
1659442189 11567534
1659442190 9309680
1659442191 10839320
1659442192 13428736
1659442193 13077124
1659442194 10682448
1659442195 8630618
1659442196 13128776
1659442197 13612130
1659442198 11291636
1659442199 10447660
1659442200 9104068
1659442201 12610070
1659442202 13547154
1659442203 13651746
1659442204 10677540
1659442205 9728208
1659442206 9196766
1659442207 12723836
1659442208 10713070
1659442209 10896832
1659442210 10993068
1659442211 10499788
1659442212 12375716
1659442213 11364170
1659442214 12222062
1659442215 12281764
1659442216 10616592
1659442217 10016256
1659442218 10597468
1659442219 11704342
1659442220 10188538
1659442221 12725332
1659442222 9713952
1659442223 12683020
1659442224 13161822
1659442225 10042098
1659442226 12678416
1659442227 10801090
1659442228 9980860
1659442229 12028570
1659442230 12730556
1659442231 12342440
1659442232 9700956
1659442233 10549972
1659442234 11020354
1659442235 11859286
1659442236 10145118
1659442237 11004078
1659442238 13610762
1659442239 13584110
1659442240 11861574
1659442241 13647712
1659442242 12114926
1659442243 12196582
1659442244 13686950
1659442245 9407950
1659442246 9797192
1659442247 10912614
1659442248 11086416
1659442249 13236204
1659442250 10100602
1659442251 12535646
1659442252 11862714
1659442253 9720914
1659442254 11720944
1659442255 12617598
1659442256 13631548
1659442257 9659910
1659442258 10042836
1659442259 11890992
1659442260 10987016
1659442261 11199126
1659442262 11798252
1659442263 9896924
1659442264 12217834
1659442265 11110484
1659442266 11563932
1659442267 10039760
1659442268 11754718
1659442269 12290098
1659442270 9577492
1659442271 12365914
1659442272 12118020
1659442273 9884650
1659442274 13297442
1659442275 10680922
1659442276 13256926
1659442277 12691896
1659442278 10419976
1659442279 9750164
1659442280 10203272
1659442281 13484082
1659442282 10600026
1659442283 12441358
1659442284 13453428
1659442285 10720252
1659442286 9524518
1659442287 10014032
1659442288 13222912
1659442289 10916330
1659442290 12838546
1659442291 13521808
1659442292 9402700
1659442293 9036880
1659442294 10815010
1659442295 13544086
1659442296 12714978
1659442297 9550626
1659442298 13055760
1659442299 12235938
1659442300 10596430
1659442301 10129060
1659442302 10495522
1659442303 13198632
1659442304 10518378
1659442305 13684546
1659442306 13082254
1659442307 9758708
1659442308 13083308
1659442309 13609850
1659442310 13667708
1659442311 11958014
1659442312 9695852
1659442313 11318762
1659442314 10935464
1659442315 13318490
1659442316 13240734
1659442317 10721018
1659442318 13133642
1659442319 11190882
1659442320 9302198
1659442321 10816550
1659442322 10832056
1659442323 13396278
1659442324 13667738
1659442325 12189774
1659442326 10661204
1659442327 10759692
1659442328 10324248
1659442329 12046742
1659442330 11348242
1659442331 13661116
1659442332 11408952
1659442333 11288524
1659442334 9492582
1659442335 11653650
1659442336 10911332
1659442337 11367082
1659442338 12855252
1659442339 10177168
1659442340 12156914
1659442341 13540052
1659442342 9687466
1659442343 11387744
1659442344 10079910
1659442345 11702846
1659442346 13201878
1659442347 11497876
1659442348 11104978
1659442349 11017842
1659442350 10714030
1659442351 13092910
1659442352 11203460
1659442353 8883376
1659442354 11489700
1659442355 10357436
1659442356 11931204
1659442357 11142808
1659442358 11670674
1659442359 10515380
1659442360 12482924
1659442361 11551222
1659442362 9630456
1659442363 13519004
1659442364 11080588
1659442365 9280598
1659442366 1234


# events submitted
1659441762 2015564
1659441763 2599402
1659441764 572022
1659441765 2682430
1659441766 8797176
1659441767 9607764
1659441768 13388340
1659441769 12417192
1659441770 11315588
1659441771 9419400
1659441772 9784140
1659441773 12824516
1659441774 11698338
1659441775 10619328
1659441776 10807752
1659441777 11303248
1659441778 11011890
1659441779 12346048
1659441780 10696512
1659441781 10757440
1659441782 13382042
1659441783 10741704
1659441784 10223044
1659441785 12758628
1659441786 10719898
1659441787 10597938
1659441788 13029302
1659441789 10453480
1659441790 10792236
1659441791 12866136
1659441792 11605368
1659441793 11987220
1659441794 12073780
1659441795 9136198
1659441796 11573504
1659441797 10622308
1659441798 11523128
1659441799 11485388
1659441800 12206642
1659441801 12025454
1659441802 12068528
1659441803 10085964
1659441804 11921426
1659441805 11024008
1659441806 9925098
1659441807 11299998
1659441808 9842306
1659441809 12107858
1659441810 10848234
1659441811 11050770
1659441812 13267082
1659441813 10579570
1659441814 9515342
1659441815 13326832
1659441816 9971184
1659441817 10485286
1659441818 13295720
1659441819 10403664
1659441820 10347298
1659441821 13107494
1659441822 10969634
1659441823 12569888
1659441824 10710130
1659441825 12893196
1659441826 12089572
1659441827 11652348
1659441828 12283808
1659441829 9511150
1659441830 10457932
1659441831 12875790
1659441832 13242366
1659441833 11273538
1659441834 9516498
1659441835 9965608
1659441836 12693870
1659441837 13034634
1659441838 10948452
1659441839 10634646
1659441840 8728452
1659441841 12526794
1659441842 11320492
1659441843 12200344
1659441844 12139068
1659441845 10814262
1659441846 11049066
1659441847 9867556
1659441848 9561358
1659441849 6772664
1659441850 2929968
1659441851 1987470
1659441852 3288908
1659441853 2738022
1659441854 2803972
1659441855 3346222
1659441856 3272476
1659441857 3254820
1659441858 3359870
1659441859 2382376
1659441860 1515118
1659441861 2170618
1659441862 2881310
1659441863 3300720
1659441864 3087944
1659441865 2998458
1659441866 2744282
1659441867 2039274
1659441868 3361842
1659441869 3080482
1659441870 2965072
1659441871 2210018
1659441872 2270830
1659441873 3283642
1659441874 3239022
1659441875 3363960
1659441876 2547792
1659441877 1089610
1659441878 1966120
1659441879 3033284
1659441880 1815254
1659441881 3186738
1659441882 3142542
1659441883 1858132
1659441884 2072996
1659441885 3089794
1659441886 3212544
1659441887 3237664
1659441888 3163390
1659441889 2396316
1659441890 3024484
1659441891 3259030
1659441892 2229916
1659441893 2935988
1659441894 3206572
1659441895 3257034
1659441896 3315130
1659441897 2262706
1659441898 2803998
1659441899 1482302
1659441900 1637728
1659441901 3283362
1659441902 2764288
1659441903 2874656
1659441904 3060296
1659441905 2567794
1659441906 2412056
1659441907 1825730
1659441908 2390450
1659441909 2864842
1659441910 2136316
1659441911 901940
1659441912 3333642
1659441913 3256654
1659441914 2883688
1659441915 3367272
1659441916 2525562
1659441917 3255218
1659441918 3302478
1659441919 2546600
1659441920 3156390
1659441921 2654934
1659441922 3067198
1659441923 2563674
1659441924 2306226
1659441925 3218286
1659441926 3094142
1659441927 2273662
1659441928 2316366
1659441929 2452632
1659441930 3078354
1659441931 3346130
1659441932 3345718
1659441933 2588678
1659441935 2370108
1659441936 2301582
1659441937 2992556
1659441938 998298
1659441939 402
1659441940 1848352
1659441941 316916
1659441942 2168020
1659441943 1975482
1659441944 2080398
1659441945 2439568
1659441946 1720
1659441947 386994
1659441948 1779052
1659441949 1675618
1659441950 2532788
1659441951 2552812
1659441952 1900680
1659441953 1206
1659441955 272186
1659441956 2384964
1659441957 1627674
1659441958 3309142
1659441959 2814878
1659441960 512776
1659441962 1552312
1659441963 2156772
1659441964 3295160
1659441965 1658426
1659441966 960642
1659441967 1206354
1659441969 1270000
1659441970 1510066
1659441971 2325340
1659441972 2905336
1659441973 1477186
1659441974 1341282
1659441976 1247828
1659441977 2913590
1659441978 1893352
1659441979 1453562
1659441980 1154650
1659441981 1531556
1659441982 635078
1659441984 1569242
1659441985 2188800
1659441986 2804538
1659441987 2100774
1659441988 1580044
1659441989 706512
1659441991 1240026
1659441992 3007556
1659441993 2007106
1659441994 2408560
1659441995 308618
1659441996 1857282
1659441997 1416
1659441998 2165586
1659441999 1623528
1659442000 2707516
1659442001 1125240
1659442002 3025694
1659442003 180462
1659442004 1238
1659442005 1874462
1659442006 291828
1659442007 1679118
1659442008 2536018
1659442009 2032896
1659442010 2416270
1659442012 681926
1659442013 2974230
1659442014 2507442
1659442015 2500464
1659442016 128084
1659442017 2037784
1659442018 820
1659442019 1196592
1659442020 968584
1659442021 1192600
1659442022 1011802
1659442023 2923620
1659442024 3334914
1659442025 201128
1659442026 1640534
1659442027 525640
1659442028 1040880
1659442029 2189494
1659442030 2380660
1659442031 3051512
1659442032 1172
1659442033 1655438
1659442034 511516
1659442035 1862978
1659442036 1219914
1659442037 3176960
1659442038 2402590
1659442039 874
1659442040 586840
1659442041 1578930
1659442042 469000
1659442043 2704980
1659442044 1801246
1659442045 1661394
1659442046 2026416
1659442047 574
1659442048 133508
1659442049 2294588
1659442050 2546210
1659442051 2925674
1659442052 1055924
1659442053 1683546
1659442054 1061086
1659442055 1824678
1659442056 1445052
1659442057 1057866
1659442058 2611624
1659442059 662920
1659442060 2167872
1659442061 2163898
1659442062 874
1659442063 710072
1659442064 1455516
1659442065 255636
1659442066 1685662
1659442067 2198612
1659442068 2752008
1659442069 2028426
1659442070 1909566
1659442071 214788
1659442072 1951960
1659442074 1161662
1659442075 2801320
1659442076 3144902
1659442077 1555056
1659442078 579114
1659442079 2315718
1659442080 1437214
1659442081 662588
1659442082 2924492
1659442083 745418
1659442084 1353622
1659442085 2934674
1659442086 42912
1659442087 1902168
1659442088 2429974
1659442090 1739152
1659442091 2593200
1659442093 1802208
1659442094 365332
1659442096 2805014
1659442097 2190248
1659442098 2738464
1659442099 930342
1659442101 1096314
1659442102 2984594
1659442103 2415286
1659442105 199720
1659442106 2252898
1659442107 3269954
1659442108 2939404
1659442110 1260
1659442111 1228924
1659442112 2705610
1659442113 1820828
1659442114 1801518
1659442115 1104976
1659442116 1275994
1659442117 889650
1659442118 2165898
1659442119 1585942
1659442120 1770868
1659442121 1213542
1659442122 1931178
1659442123 323112
1659442124 1770076
1659442125 2238642
1659442126 970886
1659442127 1195382
1659442129 460678
1659442130 1906234
1659442131 3289248
1659442132 843200
1659442133 581498
1659442134 1584174
1659442135 2355400
1659442136 3240626
1659442137 904260
1659442139 1302240
1659442140 1978890
1659442141 2331508
1659442142 2680652
1659442143 519238
1659442144 2020986
1659442146 402682
1659442147 1919826
1659442148 2402908
1659442149 3245792
1659442150 689916
1659442151 1842300
1659442152 443068
1659442154 2164774
1659442155 635970
1659442156 2821332
1659442157 2891620
1659442158 878518
1659442159 1439250
1659442161 1092262
1659442162 1885198
1659442163 2942486
1659442164 2741906
1659442165 49496
1659442166 2116696
1659442167 622
1659442171 224
1659442172 2166070
1659442173 250548
1659442174 2731728
1659442175 2929256
1659442176 1661648
1659442177 1091222
1659442178 1814242
1659442179 2517308
1659442180 25618
1659442181 1702304
1659442182 2604978
1659442184 2304420
1659442185 2028504
1659442186 1176
1659442187 569624
1659442188 1596284
1659442189 591954
1659442190 1992398
1659442191 2120094
1659442192 1793412
1659442193 46562
1659442194 1910608
1659442195 1740882
1659442196 2800764
1659442198 1711998
1659442199 736284
1659442200 2342544
1659442201 3287002
1659442202 586764
1659442204 1421718
1659442205 1709948
1659442206 2323182
1659442207 3208618
1659442208 2227488
1659442209 2104398
1659442210 22476
1659442211 2731948
1659442212 1576514
1659442213 837732
1659442214 1329096
1659442216 1856138
1659442217 2315880
1659442218 2510454
1659442219 1766036
1659442220 2165488
1659442221 182948
1659442222 1902044
1659442223 2247064
1659442224 1272
1659442225 1159268
1659442226 1005710
1659442227 711794
1659442228 2964118
1659442229 2822818
1659442231 293438
1659442232 3096534
1659442233 2869586
1659442234 2078590
1659442235 324166
1659442236 2176576
1659442237 2156078
1659442242 883240
1659442243 1395642
1659442245 914680
1659442246 2870700
1659442247 2710110
1659442248 2070816
1659442249 96052
1659442250 556456
1659442251 1608998
1659442252 862558
1659442253 2451864
1659442254 2087510
1659442255 1097730
1659442257 1589766
1659442258 1856420
1659442259 3054204
1659442260 259124
1659442261 1914950
1659442262 2216252
1659442263 2548502
1659442264 1726280
1659442265 539906
1659442266 1625962
1659442267 2195362
1659442268 2135418
1659442270 2589786
1659442271 1742892
1659442272 569972
1659442273 2450760
1659442274 1311194
1659442275 1541860
1659442276 625676
1659442278 1192752
1659442279 479844
1659442280 2904268
1659442281 3362454
1659442282 1584784
1659442283 1344530
1659442285 2166050
1659442286 2359856
1659442287 1813968
1659442288 2325218
1659442289 841870
1659442290 1324968
1659442292 1989402
1659442293 2736996
1659442294 2975090
1659442295 964092
1659442296 371380
1659442297 1901968
1659442299 728730
1659442300 2628282
1659442301 3108902
1659442302 2197212
1659442304 1983104
1659442305 186602
1659442306 21858
1659442307 2143866
1659442311 833300
1659442312 1559594
1659442313 3177774
1659442314 2021614
1659442315 1071052
1659442316 796
1659442317 1103728
1659442318 1061730
1659442319 771184
1659442320 2216910
1659442321 2042776
1659442322 2762546
1659442323 875504
1659442325 308224
1659442326 2764720
1659442327 2092456
1659442328 2640914
1659442329 974950
1659442330 1922362
1659442331 125742
1659442332 696298
1659442333 1997166
1659442334 3243300
1659442335 2620498
1659442336 857774
1659442337 1307044
1659442338 239674
1659442339 2196608
1659442340 1896596
1659442342 1156888
1659442343 3174590
1659442344 1929002
1659442345 2402872
1659442346 1204
1659442348 1905634
1659442349 669046
1659442350 2814956
1659442351 1107964
1659442352 124790
1659442353 2998156
1659442354 3162582
1659442355 1746634
1659442356 1451518
1659442357 1344942
1659442358 117642
1659442359 1258672
1659442360 2955040
1659442361 1007052
1659442362 2166976
1659442363 1158560
1659442364 1221526
1659442365 945482


# events lost
1659441848 1790948
1659441849 5477578
1659441850 7875814
1659441851 8941868
1659441852 10287240
1659441853 8458760
1659441854 7450238
1659441855 10211340
1659441856 7816524
1659441857 9447286
1659441858 10240594
1659441859 7909200
1659441860 9044654
1659441861 8872514
1659441862 8850536
1659441863 9810596
1659441864 9379832
1659441865 8284662
1659441866 7269164
1659441867 8801544
1659441868 10183544
1659441869 8338264
1659441870 8206260
1659441871 7442372
1659441872 8806206
1659441873 8998586
1659441874 9797656
1659441875 10264834
1659441876 8932054
1659441877 9563490
1659441878 7248490
1659441879 8993086
1659441880 8383500
1659441881 7780080
1659441882 10284054
1659441883 9249346
1659441884 8510810
1659441885 10189368
1659441886 9446246
1659441887 8762154
1659441888 9675152
1659441889 6785734
1659441890 9405878
1659441891 8419456
1659441892 7911668
1659441893 9336348
1659441894 6999128
1659441895 9094572
1659441896 9844386
1659441897 9510282
1659441898 9809258
1659441899 8313458
1659441900 8403340
1659441901 7446748
1659441902 8772878
1659441903 10258604
1659441904 9653452
1659441905 9952128
1659441906 7770894
1659441907 8616050
1659441908 8262646
1659441909 9144272
1659441910 9535288
1659441911 9395688
1659441912 10093290
1659441913 7827490
1659441914 6950118
1659441915 10228594
1659441916 8650450
1659441917 9982542
1659441918 10044332
1659441919 7419072
1659441920 6996092
1659441921 8017278
1659441922 9188216
1659441923 9290464
1659441924 8712040
1659441925 9638276
1659441926 8144016
1659441927 10211448
1659441928 7883012
1659441929 7445342
1659441930 8121300
1659441931 10099550
1659441932 9608928
1659441933 8323264
1659441934 12708804
1659441935 7961270
1659441936 7237352
1659441937 8201270
1659441938 12573248
1659441939 11362468
1659441940 8855320
1659441941 13334172
1659441942 8638848
1659441943 7148778
1659441944 7950996
1659441945 10253992
1659441946 13198118
1659441947 10423086
1659441948 11636568
1659441949 8164294
1659441950 6850956
1659441951 9246864
1659441952 9957832
1659441953 13115380
1659441954 12174638
1659441955 12258988
1659441956 7265882
1659441957 7776356
1659441958 8721436
1659441959 7609368
1659441960 12393510
1659441961 13567870
1659441962 8033090
1659441963 7549686
1659441964 7448778
1659441965 11170324
1659441966 10711596
1659441967 11521722
1659441968 11844542
1659441969 9906800
1659441970 7584414
1659441971 8269184
1659441972 9222132
1659441973 10567314
1659441974 10902070
1659441975 12130224
1659441976 10285852
1659441977 7300940
1659441978 9611856
1659441979 9612170
1659441980 10036032
1659441981 9652972
1659441982 12588690
1659441983 13406866
1659441984 8681298
1659441985 7544598
1659441986 7567572
1659441987 10919136
1659441988 9531636
1659441989 12394296
1659441990 11507290
1659441991 9276708
1659441992 7257310
1659441993 9320004
1659441994 9339752
1659441995 11376470
1659441996 10298566
1659441997 12827944
1659441998 8829146
1659441999 9240326
1659442000 8061560
1659442001 9181918
1659442002 7954350
1659442003 13407762
1659442004 12923104
1659442005 8550618
1659442006 13056956
1659442007 8131826
1659442008 7714186
1659442009 9093362
1659442010 8980306
1659442011 13051170
1659442012 11529074
1659442013 6673526
1659442014 8386920
1659442015 8032324
1659442016 12834176
1659442017 9736598
1659442018 13224294
1659442019 9460516
1659442020 11911878
1659442021 9198916
1659442022 8278854
1659442023 7715656
1659442024 10062820
1659442025 11483912
1659442026 8816962
1659442027 13099886
1659442028 9997100
1659442029 6997454
1659442030 7910766
1659442031 8855350
1659442032 13214298
1659442033 8955576
1659442034 13108826
1659442035 8242054
1659442036 8408616
1659442037 8076780
1659442038 9749682
1659442039 13176640
1659442040 9502020
1659442041 10561608
1659442042 11823442
1659442043 7748330
1659442044 8479662
1659442045 8910096
1659442046 10189484
1659442047 13482528
1659442048 12810612
1659442049 7965980
1659442050 7647382
1659442051 7499572
1659442052 10414168
1659442053 10973586
1659442054 10608976
1659442055 7593056
1659442056 12156438
1659442057 10017802
1659442058 8008048
1659442059 12270660
1659442060 8645744
1659442061 8837970
1659442062 12600534
1659442063 11577634
1659442064 11148806
1659442065 10289882
1659442066 8034632
1659442067 9224098
1659442068 7608242
1659442069 9962778
1659442070 10184516
1659442071 11657518
1659442072 9891698
1659442073 13610548
1659442074 9839438
1659442075 6580796
1659442076 6767350
1659442077 11198366
1659442078 11663636
1659442079 8175586
1659442080 10656940
1659442081 10720380
1659442082 7136084
1659442083 12473708
1659442084 9744140
1659442085 7739972
1659442086 13457786
1659442087 8227438
1659442088 9127522
1659442089 13605730
1659442090 8209694
1659442091 8704272
1659442092 13181602
1659442093 8805682
1659442094 13283188
1659442095 11368924
1659442096 7196792
1659442097 7880500
1659442098 8371436
1659442099 12245544
1659442100 13027614
1659442101 10485512
1659442102 6307464
1659442103 8932590
1659442104 13564246
1659442105 11577812
1659442106 7806346
1659442107 6548314
1659442108 8079894
1659442109 13478410
1659442110 12153830
1659442111 10125788
1659442112 7819236
1659442113 9038924
1659442114 9873652
1659442115 11056388
1659442116 10208962
1659442117 12180256
1659442118 9155408
1659442119 9089078
1659442120 8673798
1659442121 11018656
1659442122 9809122
1659442123 11997438
1659442124 8815636
1659442125 9976680
1659442126 10295350
1659442127 11149682
1659442128 13609018
1659442129 10963128
1659442130 6984590
1659442131 8024240
1659442132 12772046
1659442133 11501506
1659442134 10549650
1659442135 6540868
1659442136 6708102
1659442137 12109314
1659442138 13524138
1659442139 10014754
1659442140 7728266
1659442141 7647466
1659442142 9422064
1659442143 12238340
1659442144 8294258
1659442145 12956388
1659442146 12174730
1659442147 9443164
1659442148 7169628
1659442149 7546308
1659442150 10025540
1659442151 8536550
1659442152 12706700
1659442153 13440326
1659442154 8646554
1659442155 8167874
1659442156 8249110
1659442157 9807812
1659442158 11260030
1659442159 10086002
1659442160 11725730
1659442161 10333600
1659442162 8906822
1659442163 7415864
1659442164 8570486
1659442165 10575932
1659442166 9006326
1659442167 13220212
1659442168 13527386
1659442169 13610310
1659442170 11952752
1659442171 13150046
1659442172 9528388
1659442173 12407208
1659442174 7023924
1659442175 7046948
1659442176 8925316
1659442177 12472576
1659442178 8985962
1659442179 8947734
1659442180 11520426
1659442181 9140314
1659442182 8921396
1659442183 13370668
1659442184 7663198
1659442185 8876070
1659442186 13158530
1659442187 11856996
1659442188 10810258
1659442189 10965580
1659442190 7320470
1659442191 8719126
1659442192 11634498
1659442193 13013854
1659442194 8771352
1659442195 6894480
1659442196 10331580
1659442197 13592472
1659442198 9582230
1659442199 9706188
1659442200 6763046
1659442201 9329546
1659442202 12944842
1659442203 13633168
1659442204 9249090
1659442205 8019486
1659442206 6879812
1659442207 9523768
1659442208 8490096
1659442209 8788876
1659442210 10952484
1659442211 7771644
1659442212 10792258
1659442213 10519054
1659442214 10882864
1659442215 12255298
1659442216 8756442
1659442217 7701476
1659442218 8089742
1659442219 9939380
1659442220 8025502
1659442221 12528736
1659442222 7813020
1659442223 10434490
1659442224 13141082
1659442225 8878796
1659442226 11662604
1659442227 10078116
1659442228 7019746
1659442229 9212226
1659442230 12706724
1659442231 12036526
1659442232 6606928
1659442233 7682820
1659442234 8941954
1659442235 11518526
1659442236 7972472
1659442237 8847036
1659442238 13593432
1659442239 13559482
1659442240 11835764
1659442241 13626620
1659442242 11222592
1659442243 10792018
1659442244 13670928
1659442245 8486274
1659442246 6933476
1659442247 8211494
1659442248 9014610
1659442249 13126158
1659442250 9531070
1659442251 10921038
1659442252 10991342
1659442253 7273668
1659442254 9632408
1659442255 11511884
1659442256 13603068
1659442257 8070466
1659442258 8186740
1659442259 8843404
1659442260 10714112
1659442261 9286566
1659442262 9583042
1659442263 7349502
1659442264 10486050
1659442265 10554698
1659442266 9931748
1659442267 7849810
1659442268 9612850
1659442269 12275792
1659442270 6994442
1659442271 10615060
1659442272 11540742
1659442273 7433908
1659442274 11978716
1659442275 9135484
1659442276 12612282
1659442277 12665878
1659442278 9226872
1659442279 9266352
1659442280 7302928
1659442281 10130430
1659442282 9020004
1659442283 11090520
1659442284 13439554
1659442285 8557702
1659442286 7169734
1659442287 8200568
1659442288 10902538
1659442289 10063340
1659442290 11511476
1659442291 13504084
1659442292 7419820
1659442293 6307440
1659442294 7842376
1659442295 12562972
1659442296 12326660
1659442297 7651290
1659442298 13039014
1659442299 11502742
1659442300 7972562
1659442301 7028500
1659442302 8301122
1659442303 13179254
1659442304 8536458
1659442305 13482646
1659442306 13041410
1659442307 7620714
1659442308 13061274
1659442309 13589172
1659442310 13645670
1659442311 11108742
1659442312 8140494
1659442313 8151738
1659442314 8908222
1659442315 12240108
1659442316 13220722
1659442317 9609516
1659442318 12064880
1659442319 10410706
1659442320 7088682
1659442321 8776242
1659442322 8075214
1659442323 12516278
1659442324 13648744
1659442325 11867944
1659442326 7901682
1659442327 8664304
1659442328 7690722
1659442329 11060240
1659442330 9428002
1659442331 13518950
1659442332 10707444
1659442333 9289720
1659442334 6255732
1659442335 9037688
1659442336 10046858
1659442337 10046206
1659442338 12591888
1659442339 7982018
1659442340 10260072
1659442341 13526338
1659442342 8532006
1659442343 8217498
1659442344 8152968
1659442345 9299250
1659442346 13186528
1659442347 11485310
1659442348 9195084
1659442349 10340304
1659442350 7907412
1659442351 11974024
1659442352 11066034
1659442353 5889282
1659442354 8336638
1659442355 8608710
1659442356 10477556
1659442357 9790168
1659442358 11535782
1659442359 9250698
1659442360 9532690
1659442361 10535346
1659442362 7466232
1659442363 12349470
1659442364 9852474
1659442365 8329548
1659442366 1234
