# events called
1659448199 148904
1659448200 2851670
1659448201 1748546
1659448202 3277424
1659448203 11869374
1659448204 16844324
1659448205 19876034
1659448206 18859388
1659448207 15567958
1659448208 16287080
1659448209 14844526
1659448210 18335338
1659448211 17726178
1659448212 16008432
1659448213 15993998
1659448214 16429748
1659448215 18614340
1659448216 15896050
1659448217 19515536
1659448218 16234680
1659448219 16203708
1659448220 16547974
1659448221 15638778
1659448222 16666356
1659448223 18853314
1659448224 15795674
1659448225 17793672
1659448226 15731542
1659448227 15599384
1659448228 18360582
1659448229 17310262
1659448230 15279594
1659448231 17035066
1659448232 18159546
1659448233 16920390
1659448234 18867212
1659448235 16341524
1659448236 14575596
1659448237 16680160
1659448238 19182272
1659448239 16052342
1659448240 16924626
1659448241 15786336
1659448242 15060516
1659448243 17733156
1659448244 18916988
1659448245 19239228
1659448246 15759048
1659448247 14158974
1659448248 16833428
1659448249 18592390
1659448250 19124820
1659448251 14764414
1659448252 16166334
1659448253 18435666
1659448254 16131904
1659448255 17530210
1659448256 17323560
1659448257 15489760
1659448258 17941804
1659448259 20023578
1659448260 16482924
1659448261 15679926
1659448262 14168196
1659448263 1264


# events submitted
1659448199 148904
1659448200 2851670
1659448201 1748546
1659448202 3259202
1659448203 11760296
1659448204 16752234
1659448205 19718492
1659448206 18708654
1659448207 15475828
1659448208 16208878
1659448209 14785258
1659448210 18190182
1659448211 17589860
1659448212 15915028
1659448213 15906962
1659448214 16344046
1659448215 18441024
1659448216 15798446
1659448217 19315648
1659448218 16140410
1659448219 16112666
1659448220 16454610
1659448221 15512984
1659448222 16562722
1659448223 18698184
1659448224 15715134
1659448225 17648248
1659448226 15629182
1659448227 15509430
1659448228 18191386
1659448229 17192362
1659448230 15211856
1659448231 16879280
1659448232 18050364
1659448233 16755492
1659448234 18694464
1659448235 16218858
1659448236 14482002
1659448237 16603902
1659448238 19019180
1659448239 15975474
1659448240 16779328
1659448241 15665190
1659448242 14988846
1659448243 17605710
1659448244 18743094
1659448245 19038134
1659448246 15641782
1659448247 14096978
1659448248 16738670
1659448249 18474714
1659448250 18954584
1659448251 14665700
1659448252 16063812
1659448253 18261314
1659448254 16002592
1659448255 15487160
1659448256 12668932
1659448257 11814186
1659448258 7187574
1659448259 4892312
1659448260 3551650
1659448261 3928334
1659448262 3448360


# events lost
1659448255 1978516
1659448256 4656530
1659448257 3679288
1659448258 10776306
1659448259 15140766
1659448260 12929630
1659448261 11749346
1659448262 10733954
1659448263 1264
