# events called
1659348030 713858
1659348031 2804370
1659348032 1659570
1659348033 9138
1659348034 4903066
1659348035 6160640
1659348036 6128356
1659348037 6416768
1659348038 6740442
1659348039 6545840
1659348040 6606294
1659348041 6777018
1659348042 7143466
1659348043 7838848
1659348044 6978246
1659348045 6512316
1659348046 6660166
1659348047 6642966
1659348048 6914778
1659348049 6840004
1659348050 6703282
1659348051 6730334
1659348052 6363990
1659348053 6950860
1659348054 6763084
1659348055 6508828
1659348056 6759896
1659348057 6650976
1659348058 7020982
1659348059 6676424
1659348060 6740658
1659348061 6837532
1659348062 6757288
1659348063 6826352
1659348064 6993932
1659348065 6750884
1659348066 7148302
1659348067 6342440
1659348068 7105134
1659348069 7613494
1659348070 6879102
1659348071 6730794
1659348072 6583520
1659348073 6691748
1659348074 6725248
1659348075 6497318
1659348076 7122122
1659348077 6967492
1659348078 6811536
1659348079 6978158
1659348080 6919238
1659348081 7653016
1659348082 6821504
1659348083 6987952
1659348084 7003496
1659348085 6977192
1659348086 6656344
1659348087 6445574
1659348088 7061504
1659348089 6793944
1659348090 7124718
1659348091 7012640
1659348092 7055938
1659348093 7159708
1659348094 6953616
1659348095 6912374
1659348096 6684740
1659348097 6127502
1659348098 6933752
1659348099 6874852
1659348100 7074156
1659348101 6986816
1659348102 7108226
1659348103 6901240
1659348104 6858826
1659348105 6610088
1659348106 7231858
1659348107 6390680
1659348108 6937136
1659348109 6964472
1659348110 6771402
1659348111 6631964
1659348112 6574724
1659348113 7072324
1659348114 6606176
1659348115 7543654
1659348116 6723426
1659348117 6633888
1659348118 6926646
1659348119 6815582
1659348120 6810140
1659348121 6822724
1659348122 6272358
1659348123 6751590
1659348124 6723310
1659348125 6647996
1659348126 7178498
1659348127 6406112
1659348128 6650158
1659348129 6779508
1659348130 6693666
1659348131 6686870
1659348132 6390398
1659348133 6712444
1659348134 7815706
1659348135 6963834
1659348136 6670896
1659348137 5775740
1659348138 6948408
1659348139 7001268
1659348140 6996184
1659348141 6859052
1659348142 5959984
1659348143 6816190
1659348144 6692190
1659348145 6821384
1659348146 6856060
1659348147 6016346
1659348148 7700944
1659348149 6796044
1659348150 6750970
1659348151 6691814
1659348152 6744068
1659348153 7044382
1659348154 6934166
1659348155 6784362
1659348156 6706024
1659348157 6346362
1659348158 6658480
1659348159 6658516
1659348160 6687120
1659348161 7795522
1659348162 6323828
1659348163 7014932
1659348164 6926784
1659348165 6978228
1659348166 6742924
1659348167 6551128
1659348168 7184030
1659348169 7099154
1659348170 7107434
1659348171 6955894
1659348172 7782762
1659348173 7085242
1659348174 7020108
1659348175 6704970
1659348176 6697638
1659348177 6221758
1659348178 6364134
1659348179 6913146
1659348180 6783830
1659348181 6801546
1659348182 7076096
1659348183 6779116
1659348184 6988712
1659348185 6674732
1659348186 6788214
1659348187 6603384
1659348188 6575508
1659348189 6859160
1659348190 6917868
1659348191 6882274
1659348192 6639328
1659348193 7044092
1659348194 6990188
1659348195 6827542
1659348196 6723366
1659348197 6200752
1659348198 6650682
1659348199 6871868
1659348200 7123850
1659348201 7473350
1659348202 6672334
1659348203 6984168
1659348204 6648920
1659348205 6805076
1659348206 6905814
1659348207 6310036
1659348208 6666720
1659348209 6738988
1659348210 6763888
1659348211 7491752
1659348212 6539376
1659348213 6970878
1659348214 6922158
1659348215 7774062
1659348216 6838892
1659348217 6636778
1659348218 6857858
1659348219 6747026
1659348220 6899454
1659348221 7163422
1659348222 6581832
1659348223 7283522
1659348224 7305068
1659348225 6824814
1659348226 6733496
1659348227 6046428
1659348228 6885504
1659348229 7412498
1659348230 6838956
1659348231 6817878
1659348232 6274708
1659348233 6720714
1659348234 6934958
1659348235 7095578
1659348236 7021792
1659348237 6953818
1659348238 6973936
1659348239 6757004
1659348240 6971860
1659348241 6807642
1659348242 6617636
1659348243 6969812
1659348244 6660978
1659348245 6741876
1659348246 6872504
1659348247 6569058
1659348248 6550662
1659348249 6868844
1659348250 6695494
1659348251 7047748
1659348252 6481904
1659348253 7034180
1659348254 7030762
1659348255 6953484
1659348256 6922810
1659348257 6635150
1659348258 6685888
1659348259 6707850
1659348260 6612098
1659348261 6952012
1659348262 6626268
1659348263 6831572
1659348264 6732604
1659348265 6716382
1659348266 7043826
1659348267 6947184
1659348268 6846096
1659348269 7028434
1659348270 5860510
1659348271 7610530
1659348272 6960004
1659348273 7006646
1659348274 6886878
1659348275 6557290
1659348276 6683176
1659348277 6694436
1659348278 6652022
1659348279 7075464
1659348280 6893284
1659348281 7044200
1659348282 7057422
1659348283 6919978
1659348284 6943432
1659348285 6108550
1659348286 6676514
1659348287 6860418
1659348288 6923926
1659348289 6940348
1659348290 6693760
1659348291 6544136
1659348292 7055802
1659348293 6728754
1659348294 7046766
1659348295 6443186
1659348296 7041960
1659348297 7027190
1659348298 7766984
1659348299 6695152
1659348300 6415594
1659348301 6468886
1659348302 6800750
1659348303 7091386
1659348304 6836704
1659348305 6473680
1659348306 6900294
1659348307 7656668
1659348308 6831788
1659348309 6703448
1659348310 6260836
1659348311 6570632
1659348312 6799874
1659348313 6848742
1659348314 6915818
1659348315 6345130
1659348316 6904012
1659348317 7003058
1659348318 7215532
1659348319 6931674
1659348320 6950942
1659348321 7255892
1659348322 6897222
1659348323 6714454
1659348324 7000100
1659348325 6515222
1659348326 6740732
1659348327 6823956
1659348328 6947828
1659348329 6883946
1659348330 6088260
1659348331 6668620
1659348332 6769588
1659348333 6985790
1659348334 6948420
1659348335 7366080
1659348336 6788316
1659348337 6932512
1659348338 6707146
1659348339 7626106
1659348340 6033618
1659348341 6999840
1659348342 6556004
1659348343 6704502
1659348344 6881688
1659348345 6863284
1659348346 6963412
1659348347 7099106
1659348348 6869698
1659348349 7314604
1659348350 6237898
1659348351 6819218
1659348352 6516274
1659348353 7640626
1659348354 6699662
1659348355 6687216
1659348356 6765348
1659348357 6955434
1659348358 6897072
1659348359 7127976
1659348360 6421062
1659348361 7724790
1659348362 6740812
1659348363 6833816
1659348364 6956220
1659348365 6281502
1659348366 6893938
1659348367 6851722
1659348368 6838688
1659348369 6819358
1659348370 6242518
1659348371 6966224
1659348372 6789274
1659348373 6805916
1659348374 6788956
1659348375 6786454
1659348376 6801626
1659348377 6885704
1659348378 6953566
1659348379 7009940
1659348380 6728956
1659348381 7879884
1659348382 7460634
1659348383 6619966
1659348384 6740832
1659348385 5950238
1659348386 6793278
1659348387 7304952
1659348388 6953648
1659348389 7632884
1659348390 6729504
1659348391 7044640
1659348392 7010328
1659348393 6790132
1659348394 6977200
1659348395 7408402
1659348396 7335430
1659348397 7048396
1659348398 7065038
1659348399 6855684
1659348400 6236208
1659348401 7211290
1659348402 6821586
1659348403 6692128
1659348404 6724074
1659348405 6374904
1659348406 6904090
1659348407 6747972
1659348408 7420302
1659348409 7953766
1659348410 6478060
1659348411 7031270
1659348412 6646220
1659348413 6508414
1659348414 7288452
1659348415 6124162
1659348416 6911422
1659348417 7163202
1659348418 6782976
1659348419 6940592
1659348420 6706330
1659348421 6818368
1659348422 7870406
1659348423 7722158
1659348424 6843208
1659348425 6617920
1659348426 6860826
1659348427 6840268
1659348428 7072362
1659348429 7082168
1659348430 5993848
1659348431 6828442
1659348432 6970272
1659348433 6806000
1659348434 6907054
1659348435 6679710
1659348436 8160206
1659348437 7102828
1659348438 6841984
1659348439 6854700
1659348440 6055076
1659348441 6817982
1659348442 7421336
1659348443 8823216
1659348444 8169614
1659348445 6518768
1659348446 7277418
1659348447 8267296
1659348448 7031476
1659348449 6782106
1659348450 6059654
1659348451 7040948
1659348452 7030760
1659348453 6867772
1659348454 6834642
1659348455 6922956
1659348456 6825340
1659348457 7060678
1659348458 7054530
1659348459 7454626
1659348460 7287146
1659348461 7046614
1659348462 6861890
1659348463 7019976
1659348464 6801320
1659348465 6509514
1659348466 7016442
1659348467 7151490
1659348468 7306016
1659348469 7971330
1659348470 6801690
1659348471 7024662
1659348472 7013968
1659348473 6913544
1659348474 7017690
1659348475 6441910
1659348476 6659724
1659348477 6954052
1659348478 6963222
1659348479 7029520
1659348480 6166100
1659348481 6883392
1659348482 7008054
1659348483 7390512
1659348484 7460716
1659348485 6217066
1659348486 6909664
1659348487 7873272
1659348488 7468258
1659348489 6909744
1659348490 5914166
1659348491 6882646
1659348492 6883884
1659348493 6813612
1659348494 6769472
1659348495 6540316
1659348496 6707992
1659348497 7719818
1659348498 6881554
1659348499 6808156
1659348500 6189966
1659348501 8061270
1659348502 7338286
1659348503 7043586
1659348504 7028548
1659348505 6460588
1659348506 6613032
1659348507 7268816
1659348508 6958116
1659348509 7215268
1659348510 6702444
1659348511 7450530
1659348512 6844896
1659348513 6796930
1659348514 7062932
1659348515 7248610
1659348516 7022976
1659348517 6766042
1659348518 6641162
1659348519 6730396
1659348520 6049660
1659348521 6727760
1659348522 6709782
1659348523 6821976
1659348524 6890292
1659348525 6674200
1659348526 6588616
1659348527 6833676
1659348528 6870630
1659348529 6928586
1659348530 6420104
1659348531 6830446
1659348532 6818512
1659348533 6834304
1659348534 7113110
1659348535 6300992
1659348536 7351274
1659348537 6907230
1659348538 7930060
1659348539 7056942
1659348540 6061234
1659348541 6841766
1659348542 8063410
1659348543 6977092
1659348544 6833400
1659348545 6408672
1659348546 6872702
1659348547 6902482
1659348548 7450936
1659348549 7086128
1659348550 6262416
1659348551 6952256
1659348552 6951120
1659348553 6862030
1659348554 6819204
1659348555 7278120
1659348556 7620878
1659348557 6825104
1659348558 6983558
1659348559 6975114
1659348560 5842690
1659348561 6753878
1659348562 6794070
1659348563 7088900
1659348564 7672752
1659348565 6481028
1659348566 6808786
1659348567 5906442
1659348568 8610374
1659348569 6908094
1659348570 7001490
1659348571 7067538
1659348572 6156018
1659348573 6675616
1659348574 7156110
1659348575 6983390
1659348576 7234790
1659348577 6246288
1659348578 6682060
1659348579 6778922
1659348580 6957446
1659348581 6806800
1659348582 6472212
1659348583 6954172
1659348584 6799790
1659348585 6912842
1659348586 7064510
1659348587 6516644
1659348588 6735702
1659348589 6708184
1659348590 6822568
1659348591 6799594
1659348592 6420878
1659348593 6847376
1659348594 6989282
1659348595 6817120
1659348596 6903998
1659348597 6464364
1659348598 6693924
1659348599 6834616
1659348600 6879710
1659348601 6760092
1659348602 6709834
1659348603 6956804
1659348604 6843984
1659348605 6890588
1659348606 6814796
1659348607 5430398
1659348608 6774832
1659348609 6562602
1659348610 6867026
1659348611 6820046
1659348612 6156438
1659348613 6855908
1659348614 6778056
1659348615 6844302
1659348616 6805560
1659348617 6349266
1659348618 6771656
1659348619 6537198
1659348620 6301000
1659348621 6668568
1659348622 6232320
1659348623 6776394
1659348624 6688890
1659348625 6547828
1659348626 6781366
1659348627 6209494
1659348628 6726358
1659348629 6807196
1659348630 6406960
1659348631 6712128
1659348632 6353086
1659348633 6823086
1659348634 1827618
1659348635 1172


# events submitted
1659348030 713858
1659348031 2804370
1659348032 1659570
1659348033 9138
1659348034 4840486
1659348035 6105468
1659348036 6084464
1659348037 6413290
1659348038 6691428
1659348039 6545516
1659348040 6575112
1659348041 6698616
1659348042 7102282
1659348043 7826568
1659348044 6973472
1659348045 6491832
1659348046 6659588
1659348047 6642672
1659348048 6898484
1659348049 6840164
1659348050 6655864
1659348051 6700746
1659348052 6365076
1659348053 6953232
1659348054 6737140
1659348055 6468486
1659348056 6721296
1659348057 6648078
1659348058 7018634
1659348059 6602828
1659348060 6654382
1659348061 6829040
1659348062 6757876
1659348063 6826986
1659348064 6979744
1659348065 6745714
1659348066 7132408
1659348067 6336090
1659348068 7079146
1659348069 7613948
1659348070 6879838
1659348071 6730646
1659348072 6566254
1659348073 6650700
1659348074 6688114
1659348075 6467084
1659348076 7122352
1659348077 6960850
1659348078 6805570
1659348079 6978664
1659348080 6919792
1659348081 7654372
1659348082 6822682
1659348083 6988548
1659348084 7003904
1659348085 6976068
1659348086 6656312
1659348087 6444248
1659348088 7062410
1659348089 6792766
1659348090 7126022
1659348091 7013446
1659348092 7054344
1659348093 7159972
1659348094 6954900
1659348095 6913534
1659348096 6685276
1659348097 6108286
1659348098 6933252
1659348099 6875548
1659348100 7075316
1659348101 6985478
1659348102 7102156
1659348103 6902344
1659348104 6859320
1659348105 6566804
1659348106 7213374
1659348107 6390418
1659348108 6938714
1659348109 6964898
1659348110 6750722
1659348111 6575070
1659348112 6538230
1659348113 7072222
1659348114 6565808
1659348115 7544738
1659348116 6724344
1659348117 6635254
1659348118 6926888
1659348119 6815808
1659348120 6798828
1659348121 6824492
1659348122 6267586
1659348123 6737488
1659348124 6688746
1659348125 6607606
1659348126 7178786
1659348127 6383732
1659348128 6620530
1659348129 6759966
1659348130 6663082
1659348131 6648528
1659348132 6370594
1659348133 6678934
1659348134 7815680
1659348135 6964306
1659348136 6636346
1659348137 5756656
1659348138 6948238
1659348139 7002168
1659348140 6996574
1659348141 6858652
1659348142 5958194
1659348143 6794956
1659348144 6662930
1659348145 6804710
1659348146 6856718
1659348147 6001256
1659348148 7702670
1659348149 6770790
1659348150 6723776
1659348151 6646426
1659348152 6744918
1659348153 7045052
1659348154 6934456
1659348155 6740566
1659348156 6666820
1659348157 6312962
1659348158 6585600
1659348159 6600676
1659348160 6650826
1659348161 7795498
1659348162 6324394
1659348163 7016856
1659348164 6926702
1659348165 6979578
1659348166 6717706
1659348167 6526004
1659348168 7184204
1659348169 7099520
1659348170 7108008
1659348171 6955972
1659348172 7785874
1659348173 7087084
1659348174 7020534
1659348175 6666614
1659348176 6669186
1659348177 6211056
1659348178 6339392
1659348179 6903532
1659348180 6759914
1659348181 6802318
1659348182 7069776
1659348183 6764168
1659348184 6989578
1659348185 6629234
1659348186 6770806
1659348187 6603900
1659348188 6575104
1659348189 6860806
1659348190 6918608
1659348191 6882334
1659348192 6641614
1659348193 7045152
1659348194 6990734
1659348195 6789060
1659348196 6670114
1659348197 6143244
1659348198 6645786
1659348199 6866420
1659348200 7125482
1659348201 7474154
1659348202 6669308
1659348203 6984778
1659348204 6608400
1659348205 6793910
1659348206 6906044
1659348207 6308656
1659348208 6667636
1659348209 6735008
1659348210 6745566
1659348211 7493172
1659348212 6539578
1659348213 6971308
1659348214 6923096
1659348215 7776248
1659348216 6828556
1659348217 6631902
1659348218 6858776
1659348219 6747254
1659348220 6899298
1659348221 7161250
1659348222 6563564
1659348223 7284734
1659348224 7305450
1659348225 6814750
1659348226 6677954
1659348227 5995282
1659348228 6884982
1659348229 7414176
1659348230 6805110
1659348231 6793402
1659348232 6225136
1659348233 6703386
1659348234 6935636
1659348235 7095770
1659348236 7021932
1659348237 6953584
1659348238 6974324
1659348239 6757908
1659348240 6966638
1659348241 6783282
1659348242 6614870
1659348243 6959532
1659348244 6632238
1659348245 6722148
1659348246 6874180
1659348247 6571326
1659348248 6549302
1659348249 6858198
1659348250 6665898
1659348251 7041250
1659348252 6449224
1659348253 7034646
1659348254 7030782
1659348255 6954818
1659348256 6916164
1659348257 6589750
1659348258 6644890
1659348259 6662492
1659348260 6605202
1659348261 6949066
1659348262 6579190
1659348263 6819138
1659348264 6685452
1659348265 6717126
1659348266 7024628
1659348267 6946724
1659348268 6846158
1659348269 7028198
1659348270 5860302
1659348271 7609430
1659348272 6959906
1659348273 7006252
1659348274 6886362
1659348275 6549610
1659348276 6653074
1659348277 6651638
1659348278 6634690
1659348279 7075536
1659348280 6871252
1659348281 7043238
1659348282 7057718
1659348283 6922628
1659348284 6942732
1659348285 6076542
1659348286 6613850
1659348287 6845930
1659348288 6923542
1659348289 6940780
1659348290 6690844
1659348291 6542420
1659348292 7045144
1659348293 6674022
1659348294 7010350
1659348295 6442762
1659348296 7041946
1659348297 7027732
1659348298 7768962
1659348299 6640934
1659348300 6355798
1659348301 6405562
1659348302 6799974
1659348303 7072910
1659348304 6836522
1659348305 6473884
1659348306 6900114
1659348307 7658382
1659348308 6804744
1659348309 6686664
1659348310 6253710
1659348311 6546922
1659348312 6742808
1659348313 6848502
1659348314 6917266
1659348315 6346134
1659348316 6902436
1659348317 7001898
1659348318 7216038
1659348319 6932622
1659348320 6950246
1659348321 7259214
1659348322 6891106
1659348323 6667890
1659348324 7002024
1659348325 6515678
1659348326 6670004
1659348327 6802554
1659348328 6949102
1659348329 6884208
1659348330 5851562
1659348331 3305830
1659348332 3369866
1659348333 4508108
1659348334 6950972
1659348335 7366880
1659348336 6789280
1659348337 6932846
1659348338 6657900
1659348339 7626412
1659348340 6033922
1659348341 7000038
1659348342 6540826
1659348343 6672078
1659348344 6873700
1659348345 6854694
1659348346 6964924
1659348347 7100138
1659348348 6854686
1659348349 7308384
1659348350 6193764
1659348351 6785188
1659348352 6516802
1659348353 7641490
1659348354 6654112
1659348355 6667712
1659348356 6740174
1659348357 6956316
1659348358 6895686
1659348359 7129630
1659348360 6420876
1659348361 7041416
1659348362 3224598
1659348363 3345998
1659348364 6776682
1659348365 3679352
1659348366 5412270
1659348367 4088978
1659348368 3355898
1659348369 3351286
1659348370 5233154
1659348371 6966362
1659348372 6789448
1659348373 3668100
1659348374 4381308
1659348375 3907410
1659348376 3335828
1659348377 4192286
1659348378 6953968
1659348379 7010960
1659348380 3806126
1659348381 4384170
1659348382 7414024
1659348383 3779624
1659348384 6713646
1659348385 5908814
1659348386 6700828
1659348387 7305618
1659348388 6953844
1659348389 6212972
1659348390 1624224
1659348391 1912296
1659348392 3375200
1659348393 2019870
1659348394 2046158
1659348395 2017918
1659348396 3704096
1659348397 3595588
1659348398 3579598
1659348399 3436456
1659348400 2724720
1659348401 3596608
1659348402 3368768
1659348403 5617590
1659348404 6691500
1659348405 6195284
1659348406 5787636
1659348407 3290258
1659348408 3643702
1659348409 3945506
1659348410 3200090
1659348411 3841132
1659348412 6611692
1659348413 6470406
1659348414 7287550
1659348415 5956684
1659348416 6454290
1659348417 5897562
1659348418 3297184
1659348419 3417962
1659348420 3666010
1659348421 3327316
1659348422 3865826
1659348423 3822834
1659348424 4354950
1659348425 3274044
1659348426 3388042
1659348427 3362464
1659348428 4727892
1659348429 5396152
1659348430 3679238
1659348431 3356402
1659348432 3446784
1659348433 3341806
1659348434 5595390
1659348435 6679348
1659348436 8160340
1659348437 5943486
1659348438 3390496
1659348439 3392368
1659348440 2976658
1659348441 3369138
1659348442 5045496
1659348443 8724266
1659348444 3965352
1659348445 3237888
1659348446 3590002
1659348447 4063932
1659348448 3385050
1659348449 5134494
1659348450 5116488
1659348451 3395046
1659348452 3510888
1659348453 6850748
1659348454 6807226
1659348455 6123728
1659348456 6355992
1659348457 3501816
1659348458 3408684
1659348459 3556310
1659348460 3491110
1659348461 3361982
1659348462 4471454
1659348463 7017758
1659348464 6799550
1659348465 5160464
1659348466 3487894
1659348467 5486030
1659348468 6668280
1659348469 7974096
1659348470 6801682
1659348471 4482406
1659348472 3489070
1659348473 3379862
1659348474 3464484
1659348475 5432924
1659348476 6626886
1659348477 6950390
1659348478 6231688
1659348479 5864698
1659348480 5715628
1659348481 5905142
1659348482 6645518
1659348483 7392068
1659348484 7460342
1659348485 6219730
1659348486 6910844
1659348487 7873898
1659348488 7468922
1659348489 6910446
1659348490 5913806
1659348491 6884084
1659348492 6882922
1659348493 6192642
1659348494 3364358
1659348495 4818322
1659348496 6648670
1659348497 6345980
1659348498 3416134
1659348499 3390918
1659348500 3130248
1659348501 4081716
1659348502 3686982
1659348503 3458166
1659348504 3435186
1659348505 3193736
1659348506 3281350
1659348507 3659294
1659348508 3515522
1659348509 3568756
1659348510 5954378
1659348511 7450940
1659348512 5793018
1659348513 3388188
1659348514 7058358
1659348515 7243054
1659348516 7023416
1659348517 6106290
1659348518 6589130
1659348519 4859020
1659348520 3011358
1659348521 3383548
1659348522 3292954
1659348523 3409530
1659348524 3436564
1659348525 5886114
1659348526 6125068
1659348527 3370886
1659348528 3361422
1659348529 3433728
1659348530 3198610
1659348531 3379066
1659348532 3387740
1659348533 3398340
1659348534 5362396
1659348535 2153232
1659348536 3431350
1659348537 6852098
1659348538 4007230
1659348539 3607410
1659348540 3000976
1659348541 3381902
1659348542 3960376
1659348543 3410408
1659348544 3411278
1659348545 3198416
1659348546 3402990
1659348547 668302
1659348548 1984514
1659348549 2761364
1659348550 586432
1659348551 880590
1659348552 3451048
1659348553 3391432
1659348554 3398912
1659348555 3238296
1659348556 1235920
1659348557 4359080
1659348558 2305466
1659348559 3536544
1659348560 2881066
1659348561 3404280
1659348562 4401580
1659348563 5735316
1659348564 5772436
1659348565 3332322
1659348566 3388110
1659348567 3513108
1659348568 4212086
1659348569 4537252
1659348570 4278518
1659348571 3386148
1659348572 2935550
1659348573 6473870
1659348574 7144346
1659348575 6984124
1659348576 7236866
1659348577 5304774
1659348578 3330572
1659348579 4925704
1659348580 6955414
1659348581 6806998
1659348582 5467768
1659348583 3448504
1659348584 5424046
1659348585 4185762
1659348586 3509392
1659348587 4023460
1659348588 4019144
1659348589 5938998
1659348590 6792636
1659348591 6505560
1659348592 6397120
1659348593 5303786
1659348594 3412774
1659348595 6331454
1659348596 6905166
1659348597 4079254
1659348598 6114244
1659348599 5754676
1659348600 6871862
1659348601 5777428
1659348602 3263934
1659348603 4560884
1659348604 6310636
1659348605 6211852
1659348606 3385544
1659348607 2955982
1659348608 3342764
1659348609 3284662
1659348610 3408840
1659348611 3428052
1659348612 6010634
1659348613 5248814
1659348614 3264036
1659348615 4633736
1659348616 3368516
1659348617 5525618
1659348618 6771012
1659348619 4590282
1659348620 5117458
1659348621 5218386
1659348622 6231004
1659348623 6775012
1659348624 6670026
1659348625 6501244
1659348626 6780930
1659348627 6192496
1659348628 6724608
1659348629 6806744
1659348630 6375776
1659348631 6665816
1659348632 6318102
1659348633 6817634
1659348634 1827740
1659348635 1172


# Events called
1659348330 217106
1659348331 3371984
1659348332 3407334
1659348333 2483800
1659348361 684124
1659348362 3519690
1659348363 3492062
1659348364 180074
1659348365 2602918
1659348366 1484032
1659348367 2767852
1659348368 3488420
1659348369 3472614
1659348370 1012472
1659348373 3142458
1659348374 2399506
1659348375 2872106
1659348376 3470484
1659348377 2699008
1659348380 2925500
1659348381 3498908
1659348382 47726
1659348383 2839554
1659348386 76072
1659348389 1421916
1659348390 5107824
1659348391 5133706
1659348392 3637868
1659348393 4773888
1659348394 4932570
1659348395 5395334
1659348396 3636126
1659348397 3457110
1659348398 3489468
1659348399 3427162
1659348400 3515982
1659348401 3619766
1659348402 3460248
1659348403 1075538
1659348405 177694
1659348406 1120690
1659348407 3470720
1659348408 3784790
1659348409 4011336
1659348410 3281282
1659348411 3189780
1659348415 167644
1659348416 458470
1659348417 1269068
1659348418 3494034
1659348419 3530162
1659348420 3049432
1659348421 3496814
1659348422 4007706
1659348423 3903372
1659348424 2490108
1659348425 3348748
1659348426 3484582
1659348427 3485680
1659348428 2351314
1659348429 1688840
1659348430 2299688
1659348431 3484554
1659348432 3532930
1659348433 3473314
1659348434 1312552
1659348437 1161534
1659348438 3457744
1659348439 3471964
1659348440 3088142
1659348441 3461200
1659348442 2382730
1659348443 99280
1659348444 4210696
1659348445 3288354
1659348446 3692688
1659348447 4207542
1659348448 3649686
1659348449 1632216
1659348450 944704
1659348451 3648414
1659348452 3522060
1659348454 28094
1659348455 779366
1659348456 446436
1659348457 3561936
1659348458 3649686
1659348459 3901976
1659348460 3799582
1659348461 3688044
1659348462 2393280
1659348465 1350092
1659348466 3531910
1659348467 1668440
1659348468 639744
1659348471 2543930
1659348472 3527422
1659348473 3543296
1659348474 3558126
1659348475 997012
1659348478 732418
1659348479 1167104
1659348480 451176
1659348481 976294
1659348482 362404
1659348493 616274
1659348494 3413026
1659348495 1703106
1659348497 1348904
1659348498 3473566
1659348499 3427896
1659348500 3063808
1659348501 3981556
1659348502 3655272
1659348503 3588360
1659348504 3596530
1659348505 3272548
1659348506 3335362
1659348507 3620174
1659348508 3446454
1659348509 3649618
1659348510 748622
1659348512 1055554
1659348513 3414270
1659348514 4488
1659348517 644950
1659348519 1850738
1659348520 3046002
1659348521 3355382
1659348522 3426384
1659348523 3420694
1659348524 3460032
1659348525 791384
1659348526 433588
1659348527 3471342
1659348528 3517426
1659348529 3502680
1659348530 3229942
1659348531 3459626
1659348532 3441966
1659348533 3444744
1659348534 1752690
1659348535 4149630
1659348536 3922790
1659348537 56148
1659348538 3925728
1659348539 3453244
1659348540 3066962
1659348541 3467566
1659348542 4109910
1659348543 3573400
1659348544 3429628
1659348545 3217132
1659348546 3477500
1659348547 6237512
1659348548 5469326
1659348549 4325808
1659348550 5677508
1659348551 6075488
1659348552 3509470
1659348553 3479142
1659348554 3430882
1659348555 4043218
1659348556 6385562
1659348557 2469196
1659348558 4679740
1659348559 3441972
1659348560 2967122
1659348561 3359316
1659348562 2399186
1659348563 1340542
1659348564 1903786
1659348565 3156730
1659348566 3429722
1659348567 2399656
1659348568 4403972
1659348569 2358240
1659348570 2716512
1659348571 3684648
1659348572 3223734
1659348573 166980
1659348577 934784
1659348578 3358850
1659348579 1857080
1659348582 1007068
1659348583 3510014
1659348584 1368508
1659348585 2728928
1659348586 3557264
1659348587 2495008
1659348588 2719656
1659348589 760836
1659348590 29746
1659348591 284402
1659348593 1546310
1659348594 3579530
1659348595 487220
1659348597 2388280
1659348598 580376
1659348599 1081536
1659348601 950738
1659348602 3449112
1659348603 2386462
1659348604 535238
1659348605 679184
1659348606 3437174
1659348607 2476952
1659348608 3439540
1659348609 3288062
1659348610 3464484
1659348611 3396872
1659348612 144052
1659348613 1593162
1659348614 3516860
1659348615 2211642
1659348616 3445434
1659348617 825646
1659348619 1937088
1659348620 1176310
1659348621 1437528
