# events called
1659547808 3908538
1659547809 6072422
1659547810 650098
1659547811 7927740
1659547812 18818392
1659547813 23280886
1659547814 23137044
1659547815 20091876
1659547816 18664056
1659547817 18243448
1659547818 20002518
1659547819 20009090
1659547820 20674452
1659547821 20017040
1659547822 19626430
1659547823 19926198
1659547824 20603326
1659547825 17292098
1659547826 22119974
1659547827 19991176
1659547828 18836518
1659547829 22352114
1659547830 20004108
1659547831 21569834
1659547832 19576504
1659547833 22633226
1659547834 18441986
1659547835 18716420
1659547836 22125592
1659547837 19516402
1659547838 18582012
1659547839 22842788
1659547840 21269006
1659547841 19756280
1659547842 22751628
1659547843 18796768
1659547844 17908806
1659547845 19270058
1659547846 22317664
1659547847 18363864
1659547848 20456516
1659547849 20617424
1659547850 17864498
1659547851 20399700
1659547852 22123578
1659547853 22763394
1659547854 19771438
1659547855 18701262
1659547856 19041098
1659547857 21797098
1659547858 23291274
1659547859 20504534
1659547860 19185152
1659547861 18765604
1659547862 20549584
1659547863 23809508
1659547864 20344156
1659547865 18515974
1659547866 23786400
1659547867 19359522
1659547868 20385390
1659547869 23891128
1659547870 19515872
1659547871 20742504
1659547872 23536452
1659547873 21444542
1659547874 19782886
1659547875 17411242
1659547876 23105880
1659547877 22926952
1659547878 21095802
1659547879 21451114
1659547880 15016172
1659547881 20283948
1659547882 23743470
1659547883 20224164
1659547884 23079380
1659547885 22376706
1659547886 22814910
1659547887 18889624
1659547888 18754580
1659547889 22131952
1659547890 21477402
1659547891 23399076
1659547892 19005694
1659547893 18441880
1659547894 19842670
1659547895 20934788
1659547896 21170002
1659547897 20257660
1659547898 22596126
1659547899 21457580
1659547900 17086034
1659547901 22799116
1659547902 22192478
1659547903 19513646
1659547904 21792328
1659547905 20627812
1659547906 20815856
1659547907 20447294
1659547908 22759472
1659547909 22913278
1659547910 18892910
1659547911 21862606
1659547912 20273560
1659547913 20366946
1659547914 20165546
1659547915 19655898
1659547916 21289358
1659547917 22451436
1659547918 20317020
1659547919 21706256
1659547920 18248536
1659547921 20405954
1659547922 19003468
1659547923 21801126
1659547924 20508774
1659547925 20296032
1659547926 23730326
1659547927 18928102
1659547928 18071092
1659547929 23491190
1659547930 23002530
1659547931 20296986
1659547932 23558500
1659547933 17399370
1659547934 19614664
1659547935 21367056
1659547936 19238152
1659547937 23054576
1659547938 21424720
1659547939 21996802
1659547940 19023078
1659547941 18702534
1659547942 22883598
1659547943 21657708
1659547944 20860800
1659547945 19590496
1659547946 20243774
1659547947 20437224
1659547948 21201590
1659547949 19353268
1659547950 21160886
1659547951 19135650
1659547952 22881796
1659547953 20497432
1659547954 18157058
1659547955 22262968
1659547956 22289044
1659547957 18842454
1659547958 20783950
1659547959 21554464
1659547960 20944752
1659547961 23639166
1659547962 23604504
1659547963 19309278
1659547964 17366086
1659547965 21155374
1659547966 22141068
1659547967 22946032
1659547968 22185800
1659547969 22760002
1659547970 18802704
1659547971 20319140
1659547972 17689492
1659547973 21104494
1659547974 23031680
1659547975 20441994
1659547976 23778344
1659547977 21325504
1659547978 18164690
1659547979 20761478
1659547980 19581062
1659547981 21956628
1659547982 20876806
1659547983 21339284
1659547984 20305148
1659547985 20205508
1659547986 19110528
1659547987 20505700
1659547988 22987266
1659547989 23310884
1659547990 19107242
1659547991 20058168
1659547992 23134606
1659547993 20089862
1659547994 21525844
1659547995 22684318
1659547996 18240586
1659547997 19483966
1659547998 21548634
1659547999 23692802
1659548000 18907326
1659548001 21751200
1659548002 20789250
1659548003 20326772
1659548004 23617436
1659548005 23645632
1659548006 19898214
1659548007 22611920
1659548008 15252446
1659548009 19323482
1659548010 23128776
1659548011 21158236
1659548012 20718866
1659548013 18518624
1659548014 21674350
1659548015 20911468
1659548016 23516524
1659548017 20438814
1659548018 17758922
1659548019 22349676
1659548020 20265716
1659548021 22157498
1659548022 23629202
1659548023 18470818
1659548024 18243554
1659548025 21315540
1659548026 23272724
1659548027 21991184
1659548028 21043014
1659548029 19698934
1659548030 22760108
1659548031 19899486
1659548032 20234234
1659548033 17079356
1659548034 20792748
1659548035 20220984
1659548036 23248556
1659548037 22983980
1659548038 19114026
1659548039 23127504
1659548040 20424716
1659548041 17766766
1659548042 21073118
1659548043 18249808
1659548044 20368218
1659548045 23483346
1659548046 23624750
1659548047 19158334
1659548048 17615822
1659548049 21026478
1659548050 19421850
1659548051 22755338
1659548052 23487480
1659548053 18096744
1659548054 20499764
1659548055 19124732
1659548056 22872680
1659548057 23611394
1659548058 20043752
1659548059 19314154
1659548060 18916760
1659548061 23116480
1659548062 21425886
1659548063 19230838
1659548064 19385916
1659548065 19221192
1659548066 22019380
1659548067 23056060
1659548068 22592098
1659548069 22974864
1659548070 18115930
1659548071 19472730
1659548072 18273870
1659548073 20372776
1659548074 20555944
1659548075 20871506
1659548076 23574294
1659548077 18673490
1659548078 18457250
1659548079 23408934
1659548080 20552658
1659548081 22873634
1659548082 22551712
1659548083 16740792
1659548084 18084342
1659548085 20642016
1659548086 21693006
1659548087 21694278
1659548088 19321044
1659548089 23500094
1659548090 22189192
1659548091 19260942
1659548092 18468698
1659548093 19092296
1659548094 21850946
1659548095 21046406
1659548096 23649448
1659548097 20397580
1659548098 18997214
1659548099 23224176
1659548100 21991078
1659548101 20889738
1659548102 21187704
1659548103 16757222
1659548104 19305674
1659548105 23832616
1659548106 20242078
1659548107 21741448
1659548108 17774080
1659548109 22612238
1659548110 20289036
1659548111 23635244
1659548112 20193954
1659548113 21814906
1659548114 19023078
1659548115 23764776
1659548116 20331966
1659548117 22936916
1659548118 21158766
1659548119 22350736
1659548120 18434248
1659548121 19771226
1659548122 23095068
1659548123 21939880
1659548124 19467324
1659548125 20037286
1659548126 21221094
1659548127 18938490
1659548128 22804522
1659548129 20214836
1659548130 22947728
1659548131 20476974
1659548132 23757886
1659548133 18731790
1659548134 15986496
1659548135 22971896
1659548136 19045338
1659548137 23549490
1659548138 18423754
1659548139 20410724
1659548140 23637682
1659548141 22802190
1659548142 19137240
1659548143 22421226
1659548144 19506226
1659548145 18028268
1659548146 22104922
1659548147 20985774
1659548148 22048954
1659548149 23007724
1659548150 23748770
1659548151 22531678
1659548152 19785536
1659548153 17265386
1659548154 19662364
1659548155 23745484
1659548156 18809064
1659548157 20236036
1659548158 21164914
1659548159 20336100
1659548160 19118266
1659548161 23778026
1659548162 19968068
1659548163 18502300
1659548164 22797102
1659548165 19093886
1659548166 20518420
1659548167 23698738
1659548168 20874050
1659548169 19048624
1659548170 23666938
1659548171 19963086
1659548172 20690776
1659548173 17431382
1659548174 22963522
1659548175 23566662
1659548176 23483876
1659548177 23261488
1659548178 17889726
1659548179 23307810
1659548180 22484720
1659548181 20047038
1659548182 23408404
1659548183 19116570
1659548184 20067178
1659548185 19695330
1659548186 23100580
1659548187 23805586
1659548188 20783738
1659548189 20915602
1659548190 20881682
1659548191 20061560
1659548192 23805586
1659548193 20767520
1659548194 19513222
1659548195 19311928
1659548196 17878066
1659548197 22500514
1659548198 21423342
1659548199 22923772
1659548200 20500930
1659548201 19271330
1659548202 20849776
1659548203 19369698
1659548204 22771768
1659548205 18351250
1659548206 23967236
1659548207 22655804
1659548208 18545972
1659548209 19348392
1659548210 23261488
1659548211 23796576
1659548212 20398216
1659548213 16223618
1659548214 19409554
1659548215 21550966
1659548216 20665018
1659548217 23818836
1659548218 20371822
1659548219 18998698
1659548220 19447926
1659548221 22094322
1659548222 18876904
1659548223 22376706
1659548224 23061890
1659548225 19842882
1659548226 18859308
1659548227 19616148
1659548228 22266360
1659548229 23652416
1659548230 20728618
1659548231 18673914
1659548232 23790958
1659548233 17297080
1659548234 22664602
1659548235 23010692
1659548236 18627486
1659548237 23703932
1659548238 20315536
1659548239 19537920
1659548240 20659506
1659548241 19125262
1659548242 21160462
1659548243 20429168
1659548244 23676902
1659548245 20226390
1659548246 15641254
1659548247 23659200
1659548248 23635774
1659548249 23461616
1659548250 23103018
1659548251 21302502
1659548252 22294238
1659548253 19875848
1659548254 23082136
1659548255 18801856
1659548256 15709518
1659548257 20981322
1659548258 21950162
1659548259 20408710
1659548260 23759052
1659548261 20509622
1659548262 20517996
1659548263 21988640
1659548264 21176680
1659548265 20473582
1659548266 19099716
1659548267 21737208
1659548268 17840330
1659548269 23123794
1659548270 22978468
1659548271 19426196
1659548272 22302294
1659548273 23041114
1659548274 17250334
1659548275 22866108
1659548276 18117944
1659548277 18999016
1659548278 23200326
1659548279 20575448
1659548280 24016102
1659548281 19328782
1659548282 18252776
1659548283 20610216
1659548284 20404152
1659548285 20569088
1659548286 20922704
1659548287 22927906
1659548288 20490648
1659548289 20604704
1659548290 19151974
1659548291 20456622
1659548292 23882754
1659548293 23248238
1659548294 19505696
1659548295 18109676
1659548296 22037824
1659548297 23133652
1659548298 21967864
1659548299 19500502
1659548300 19206140
1659548301 20012270
1659548302 22292542
1659548303 23205308
1659548304 20269426
1659548305 23675524
1659548306 22007084
1659548307 19058270
1659548308 19579472
1659548309 21100996
1659548310 21909776
1659548311 21204876
1659548312 20507608
1659548313 19517038
1659548314 20513226
1659548315 20746002
1659548316 21895360
1659548317 20329316
1659548318 19730204
1659548319 23774952
1659548320 18895772
1659548321 17723200
1659548322 23587332
1659548323 19907330
1659548324 22016412
1659548325 23552670
1659548326 19437432
1659548327 23462040
1659548328 22336108
1659548329 23002212
1659548330 22010052
1659548331 15473456
1659548332 21360166
1659548333 23104714
1659548334 20951112
1659548335 21244732
1659548336 20427154
1659548337 19433828
1659548338 20261582
1659548339 20944540
1659548340 19135650
1659548341 21162370
1659548342 20424292
1659548343 23156442
1659548344 23887100
1659548345 20491284
1659548346 15775238
1659548347 21496800
1659548348 20794338
1659548349 19225856
1659548350 22967868
1659548351 19866944
1659548352 20365886
1659548353 19686956
1659548354 20075976
1659548355 20530822
1659548356 20522554
1659548357 23166088
1659548358 20510364
1659548359 22933630
1659548360 19223630
1659548361 17883578
1659548362 22654426
1659548363 17698184
1659548364 23664288
1659548365 20565378
1659548366 18006644
1659548367 23962784
1659548368 23162378
1659548369 19218648
1659548370 22743148
1659548371 16577552
1659548372 19213560
1659548373 19693422
1659548374 20557958
1659548375 23354132
1659548376 18021484
1659548377 23829966
1659548378 21171486
1659548379 18012474
1659548380 20600676
1659548381 20909560
1659548382 23692802
1659548383 23437554
1659548384 20017994
1659548385 19403194
1659548386 15541826
1659548387 22295192
1659548388 20646044
1659548389 22807066
1659548390 22976136
1659548391 19404996
1659548392 19085936
1659548393 20926202
1659548394 20593892
1659548395 20976764
1659548396 18756276
1659548397 23692378
1659548398 23052244
1659548399 20383270
1659548400 22871620
1659548401 22423240
1659548402 23377028
1659548403 23195238
1659548404 20171058
1659548405 18749492
1659548406 18539718
1659548407 22711560
1659548408 20685264
1659548409 23781630
1659548410 21405428
1659548411 7999926
1659548412 1696


# events submitted
1659547808 3908538
1659547809 6072422
1659547810 650098
1659547811 7835520
1659547812 18643916
1659547813 23134076
1659547814 22989174
1659547815 19952168
1659547816 18589538
1659547817 18154514
1659547818 19896094
1659547819 19889416
1659547820 20500718
1659547821 19878074
1659547822 19513964
1659547823 19809386
1659547824 20478246
1659547825 17204966
1659547826 21959066
1659547827 19870442
1659547828 18722356
1659547829 22176472
1659547830 19876166
1659547831 21416876
1659547832 19474744
1659547833 22404478
1659547834 18334396
1659547835 18609148
1659547836 21953872
1659547837 19414748
1659547838 18477390
1659547839 22646052
1659547840 21113292
1659547841 19608834
1659547842 22629622
1659547843 18688754
1659547844 17833122
1659547845 19149960
1659547846 22163222
1659547847 18267404
1659547848 20329740
1659547849 20515346
1659547850 17762844
1659547851 20293064
1659547852 21968712
1659547853 22590084
1659547854 19613604
1659547855 18573426
1659547856 18991702
1659547857 18164372
1659547858 17195638
1659547859 9453504
1659547860 8853968
1659547861 8662214
1659547862 8764292
1659547863 5840176
1659547864 5089272
1659547865 5617258
1659547866 5888194
1659547867 4644072
1659547868 5556414
1659547869 5857136
1659547870 2770204
1659547871 839838
1659547873 981772
1659547874 2756212
1659547875 2509020
1659547876 6042
1659547878 1560002
1659547879 950820
1659547880 3650534
1659547881 2168018
1659547883 2082582
1659547885 7314
1659547887 2082052
1659547888 3202578
1659547889 963222
1659547892 2082688
1659547893 4137604
1659547894 1268926
1659547895 839944
1659547896 1307086
1659547897 2253136
1659547898 605260
1659547899 280900
1659547900 2901962
1659547901 982408
1659547902 646070
1659547903 1671726
1659547904 1846838
1659547906 2082688
1659547907 2082688
1659547909 954
1659547910 2081734
1659547912 2082794
1659547913 2082900
1659547914 917112
1659547915 3247840
1659547916 3392
1659547917 301146
1659547918 1781330
1659547920 3223672
1659547921 3022590
1659547922 2081946
1659547924 2082158
1659547925 2082158
1659547927 2004248
1659547928 2161022
1659547930 954
1659547931 2082688
1659547933 1044312
1659547934 2712222
1659547935 2490894
1659547936 2082158
1659547937 954
1659547939 848
1659547940 3097320
1659547941 3149260
1659547942 848
1659547944 1549084
1659547945 2367404
1659547946 2331258
1659547947 2082582
1659547949 2082688
1659547950 393472
1659547951 2925918
1659547952 845350
1659547954 2959096
1659547955 1205856
1659547956 464704
1659547957 2902598
1659547958 797120
1659547959 183592
1659547960 1899626
1659547963 2082052
1659547964 3044320
1659547965 1928458
1659547966 1274226
1659547967 848
1659547970 2082370
1659547971 2082794
1659547972 1603674
1659547973 2561702
1659547974 1060
1659547975 1923370
1659547976 159212
1659547977 851922
1659547978 2660600
1659547979 2735648
1659547980 2082582
1659547981 413718
1659547982 1668334
1659547984 2082794
1659547985 2082688
1659547986 2082688
1659547987 1853834
1659547988 228748
1659547990 2170244
1659547991 1994496
1659547993 402270
1659547994 1681266
1659547995 44308
1659547996 2670246
1659547997 3533086
1659547998 954
1659548000 1229918
1659548001 1547388
1659548002 1852562
1659548003 1618302
1659548006 1088196
1659548007 994492
1659548008 3836776
1659548009 2409486
1659548011 730128
1659548012 2487820
1659548013 1982200
1659548014 1047068
1659548015 2082688
1659548017 2082794
1659548018 1714974
1659548019 366972
1659548020 1888708
1659548021 204474
1659548023 1989408
1659548024 2074102
1659548025 2183388
1659548026 954
1659548027 513994
1659548028 1568376
1659548029 2082794
1659548030 1060
1659548031 2082476
1659548032 1975734
1659548033 2188264
1659548034 1136108
1659548035 2241476
1659548036 787050
1659548037 954
1659548038 1370368
1659548039 712108
1659548040 1435558
1659548041 3002768
1659548042 1809208
1659548043 2082370
1659548044 1633566
1659548045 449334
1659548047 2082052
1659548048 1927080
1659548049 2082900
1659548050 1215714
1659548051 866974
1659548053 2082688
1659548054 2083748
1659548055 893580
1659548056 1191016
1659548058 76002
1659548059 3043366
1659548060 3127848
1659548061 7950
1659548062 567842
1659548063 1532972
1659548064 2063714
1659548065 2806244
1659548066 1358708
1659548067 848
1659548070 2691128
1659548071 2769568
1659548072 2871010
1659548073 48654
1659548074 2033822
1659548075 2082476
1659548077 2081522
1659548078 2083112
1659548080 2083218
1659548081 212
1659548083 2082582
1659548084 3553226
1659548085 1632718
1659548086 1061166
1659548087 760868
1659548088 1322880
1659548090 477106
1659548091 1851078
1659548092 3885960
1659548093 2082370
1659548094 544734
1659548095 1538590
1659548097 2083324
1659548098 2082370
1659548099 848
1659548101 2083218
1659548102 2083324
1659548103 2082688
1659548104 2083006
1659548106 2082264
1659548107 652854
1659548108 2457822
1659548109 1055230
1659548110 2082582
1659548112 1767656
1659548113 315032
1659548114 2083112
1659548116 2082370
1659548117 954
1659548119 312700
1659548120 2620638
1659548121 3313560
1659548122 954
1659548124 984634
1659548125 2733210
1659548126 2530538
1659548127 2082582
1659548129 2082900
1659548130 954
1659548131 1743064
1659548132 339730
1659548133 552154
1659548134 4259292
1659548135 1437466
1659548136 2083218
1659548138 2082688
1659548139 2083324
1659548141 1378
1659548142 2083006
1659548144 2081522
1659548145 2661236
1659548146 1504882
1659548147 1234900
1659548148 847682
1659548149 636
1659548151 38160
1659548152 2069438
1659548153 3715724
1659548154 2506794
1659548156 2081522
1659548157 2082582
1659548159 2082688
1659548160 2082370
1659548162 2082582
1659548163 2082688
1659548165 2082052
1659548166 2082688
1659548168 810158
1659548169 2082900
1659548171 2082476
1659548172 2082476
1659548173 2082476
1659548178 2082582
1659548180 530
1659548181 2082370
1659548183 989086
1659548184 1627630
1659548185 3631242
1659548186 954
1659548189 2083642
1659548190 2082476
1659548191 2083642
1659548194 2083430
1659548195 1745820
1659548196 3409596
1659548197 1092118
1659548199 8586
1659548200 2082476
1659548201 2082476
1659548202 1826062
1659548203 2339314
1659548204 202884
1659548205 1880546
1659548207 93704
1659548208 3387972
1659548209 2765752
1659548210 212
1659548212 2082582
1659548213 3091914
1659548214 1627206
1659548215 1530640
1659548216 2082158
1659548219 2081628
1659548220 2727062
1659548221 1437254
1659548222 2006686
1659548223 75684
1659548225 2083006
1659548226 2082794
1659548227 2082264
1659548228 603140
1659548230 912978
1659548231 2050146
1659548232 1202358
1659548233 2486442
1659548234 1679146
1659548235 424
1659548236 2082052
1659548238 470958
1659548239 3050044
1659548240 2728652
1659548241 495444
1659548242 1586290
1659548243 2083642
1659548245 2083218
1659548246 1843658
1659548247 239454
1659548252 3498
1659548253 2083006
1659548255 2083006
1659548256 3792892
1659548257 1491526
1659548258 963328
1659548259 2083324
1659548261 38796
1659548262 2052054
1659548263 646494
1659548264 1437360
1659548265 2083218
1659548266 2082370
1659548267 155290
1659548268 2912032
1659548269 1098160
1659548270 954
1659548271 620736
1659548272 1462164
1659548274 3247840
1659548275 919762
1659548276 1470432
1659548277 2695156
1659548278 4028
1659548279 1132504
1659548280 950078
1659548281 821182
1659548282 2043256
1659548283 3383944
1659548284 2083536
1659548285 1016964
1659548286 1064982
1659548288 2082476
1659548289 2081734
1659548290 2082794
1659548291 954
1659548294 2712328
1659548295 3535312
1659548296 954
1659548298 304432
1659548299 2437788
1659548300 3504996
1659548301 446260
1659548302 1637382
1659548304 2083112
1659548305 3498
1659548307 2083006
1659548308 2083006
1659548309 2082476
1659548310 2862
1659548312 2082688
1659548313 2368146
1659548314 1796912
1659548315 2082582
1659548317 2083006
1659548318 2082370
1659548320 2082582
1659548321 2082582
1659548323 2083218
1659548324 212
1659548326 2082900
1659548330 10282
1659548331 3646082
1659548332 510814
1659548334 2084066
1659548335 2082900
1659548336 530
1659548337 2082264
1659548338 1721016
1659548339 2443936
1659548340 1793520
1659548341 290016
1659548342 1889768
1659548343 195358
1659548345 2082158
1659548346 1845460
1659548347 2320552
1659548348 1980186
1659548349 1163350
1659548350 919232
1659548352 2082582
1659548353 2107810
1659548354 2058308
1659548355 2082794
1659548357 4664
1659548358 2082900
1659548360 1299348
1659548361 2867830
1659548362 253022
1659548363 3677564
1659548364 234366
1659548365 2083536
1659548366 2079296
1659548367 3710
1659548368 318
1659548369 1210308
1659548370 872592
1659548371 1087984
1659548372 2901538
1659548373 2258436
1659548374 2082052
1659548376 2082688
1659548378 687198
1659548379 3478178
1659548380 2082582
1659548381 954
1659548384 1172042
1659548385 2993122
1659548386 2918392
1659548387 1246984
1659548388 1590000
1659548389 494066
1659548391 566464
1659548392 3278156
1659548393 2403868
1659548394 2082900
1659548395 588088
1659548396 1494812
1659548398 954
1659548399 2082476
1659548404 2082582
1659548405 1901428
1659548406 2265432
1659548407 68370
1659548408 2023646
1659548411 1423474
1659548412 424


# events lost
1659547857 3572094
1659547858 6124468
1659547859 11164874
1659547860 10432414
1659547861 10194550
1659547862 11896592
1659547863 18034946
1659547864 15297072
1659547865 12946946
1659547866 17956294
1659547867 14748522
1659547868 14866500
1659547869 18082752
1659547870 16744926
1659547871 19857722
1659547872 23408192
1659547873 20412950
1659547874 17019254
1659547875 14909324
1659547876 22996700
1659547877 22839608
1659547878 19462978
1659547879 20464360
1659547880 11397014
1659547881 18075862
1659547882 23628460
1659547883 18100560
1659547884 22996700
1659547885 22280352
1659547886 22677852
1659547887 16782132
1659547888 15543416
1659547889 21104600
1659547890 21403202
1659547891 23271452
1659547892 16896188
1659547893 14340316
1659547894 18537174
1659547895 20035378
1659547896 19798362
1659547897 17979296
1659547898 21927266
1659547899 21091244
1659547900 14190856
1659547901 21741872
1659547902 21459806
1659547903 17795068
1659547904 19898002
1659547905 20534002
1659547906 18654198
1659547907 18308532
1659547908 22658348
1659547909 22793604
1659547910 16797078
1659547911 21766888
1659547912 18141900
1659547913 18207196
1659547914 19179852
1659547915 16405408
1659547916 21212402
1659547917 22077044
1659547918 18492230
1659547919 21584144
1659547920 15049456
1659547921 17388028
1659547922 16901276
1659547923 21713358
1659547924 18379446
1659547925 18156740
1659547926 23654006
1659547927 16906576
1659547928 15897138
1659547929 23381268
1659547930 22837064
1659547931 18147306
1659547932 23429392
1659547933 16317004
1659547934 16907848
1659547935 18861004
1659547936 17137656
1659547937 23008466
1659547938 21345008
1659547939 21907444
1659547940 15920458
1659547941 15559528
1659547942 22776114
1659547943 21557326
1659547944 19241968
1659547945 17201256
1659547946 17898206
1659547947 18325916
1659547948 21134916
1659547949 17232526
1659547950 20689504
1659547951 16199662
1659547952 21949208
1659547953 20406908
1659547954 15190542
1659547955 21009094
1659547956 21709542
1659547957 15915476
1659547958 19887508
1659547959 21307908
1659547960 18992550
1659547961 23530092
1659547962 23514404
1659547963 17215248
1659547964 14329610
1659547965 19172750
1659547966 20821262
1659547967 22825828
1659547968 22088704
1659547969 22637996
1659547970 16675178
1659547971 18226700
1659547972 16050838
1659547973 18531662
1659547974 22923348
1659547975 18507388
1659547976 23518008
1659547977 20408498
1659547978 15464128
1659547979 18016502
1659547980 17489682
1659547981 21451008
1659547982 19156532
1659547983 21243778
1659547984 18175926
1659547985 18098228
1659547986 17006958
1659547987 18614236
1659547988 22656228
1659547989 23243998
1659547990 16919720
1659547991 18009188
1659547992 23026380
1659547993 19633956
1659547994 19782250
1659547995 22524682
1659547996 15533346
1659547997 15942082
1659547998 21456732
1659547999 23611500
1659548000 17610628
1659548001 20140318
1659548002 18899376
1659548003 18671688
1659548004 23523838
1659548005 23523626
1659548006 18746630
1659548007 21508990
1659548008 11423090
1659548009 16895764
1659548010 23045990
1659548011 20366840
1659548012 18222566
1659548013 16522114
1659548014 20556686
1659548015 18802704
1659548016 23397380
1659548017 18316588
1659548018 16011194
1659548019 21913698
1659548020 18338424
1659548021 21874372
1659548022 23526170
1659548023 16462224
1659548024 16124826
1659548025 19094098
1659548026 23185062
1659548027 21392284
1659548028 19428952
1659548029 17598544
1659548030 22661104
1659548031 17766978
1659548032 18194476
1659548033 14874768
1659548034 19626536
1659548035 17953750
1659548036 22364410
1659548037 22886036
1659548038 17692672
1659548039 22328370
1659548040 18938278
1659548041 14745872
1659548042 19213348
1659548043 16148146
1659548044 18705396
1659548045 22935114
1659548046 23526170
1659548047 17047768
1659548048 15672312
1659548049 18897468
1659548050 18173488
1659548051 21812044
1659548052 23367700
1659548053 15987768
1659548054 18345844
1659548055 18188752
1659548056 21594002
1659548057 23493098
1659548058 19878498
1659548059 16260612
1659548060 15773224
1659548061 23025320
1659548062 20786070
1659548063 17643064
1659548064 17277788
1659548065 16414948
1659548066 20589334
1659548067 22972320
1659548068 22494684
1659548069 22880312
1659548070 15409008
1659548071 16675602
1659548072 15378374
1659548073 20265186
1659548074 18488096
1659548075 18750022
1659548076 23450698
1659548077 16572676
1659548078 16352832
1659548079 23306750
1659548080 18432446
1659548081 22748872
1659548082 22450164
1659548083 14642522
1659548084 14543200
1659548085 18957994
1659548086 20589546
1659548087 20846702
1659548088 17941242
1659548089 23376922
1659548090 21601634
1659548091 17360362
1659548092 14577438
1659548093 16964982
1659548094 21248442
1659548095 19463402
1659548096 23523096
1659548097 18295706
1659548098 16883150
1659548099 23132804
1659548100 21893028
1659548101 18750446
1659548102 19043430
1659548103 14653334
1659548104 17194790
1659548105 23706158
1659548106 18097274
1659548107 21026690
1659548108 15336080
1659548109 21487896
1659548110 18168930
1659548111 23521612
1659548112 18378068
1659548113 21409986
1659548114 16930320
1659548115 23649236
1659548116 18199140
1659548117 22857734
1659548118 21064108
1659548119 21925994
1659548120 15778524
1659548121 16457242
1659548122 23018642
1659548123 21839922
1659548124 18400646
1659548125 17290826
1659548126 18682076
1659548127 16817324
1659548128 22702656
1659548129 18111054
1659548130 22860384
1659548131 18697764
1659548132 23300708
1659548133 18120700
1659548134 11750312
1659548135 21483974
1659548136 16943782
1659548137 23427484
1659548138 16321032
1659548139 18305670
1659548140 23575566
1659548141 22703398
1659548142 17021586
1659548143 22325614
1659548144 17373824
1659548145 15343182
1659548146 20529762
1659548147 19678370
1659548148 21112974
1659548149 22920274
1659548150 23640120
1659548151 22376812
1659548152 17684934
1659548153 13565032
1659548154 17138716
1659548155 23646268
1659548156 16718214
1659548157 18108828
1659548158 21078312
1659548159 18212814
1659548160 17025826
1659548161 23676796
1659548162 17855170
1659548163 16385798
1659548164 22710500
1659548165 16982578
1659548166 18393968
1659548167 23610546
1659548168 19997960
1659548169 16939436
1659548170 23556698
1659548171 17857396
1659548172 18565052
1659548173 15330780
1659548174 22881266
1659548175 23474760
1659548176 23357206
1659548177 23158986
1659548178 15776086
1659548179 23164286
1659548180 22378932
1659548181 17921950
1659548182 23299966
1659548183 18046606
1659548184 18400434
1659548185 16072144
1659548186 23007618
1659548187 23703720
1659548188 20684734
1659548189 18792528
1659548190 18750446
1659548191 17952160
1659548192 23714956
1659548193 20656432
1659548194 17393222
1659548195 17507596
1659548196 14488398
1659548197 21343948
1659548198 21325292
1659548199 22822648
1659548200 18379128
1659548201 17151224
1659548202 18977816
1659548203 17006746
1659548204 22429176
1659548205 16451836
1659548206 23853392
1659548207 22489066
1659548208 15173794
1659548209 16584336
1659548210 23182094
1659548211 23682520
1659548212 18287650
1659548213 13137428
1659548214 17744294
1659548215 19968068
1659548216 18555724
1659548217 23712730
1659548218 20285008
1659548219 16886012
1659548220 16702844
1659548221 20607142
1659548222 16828878
1659548223 22180500
1659548224 22965748
1659548225 17740796
1659548226 16761674
1659548227 17487562
1659548228 21596440
1659548229 23566344
1659548230 19773452
1659548231 16616030
1659548232 22526484
1659548233 14809684
1659548234 20933304
1659548235 22922500
1659548236 16508652
1659548237 23590618
1659548238 19784158
1659548239 16491056
1659548240 17908170
1659548241 18561872
1659548242 19528910
1659548243 18314468
1659548244 23578534
1659548245 18110736
1659548246 13767174
1659548247 23326466
1659548248 23526912
1659548249 23327950
1659548250 22963840
1659548251 21141170
1659548252 22137676
1659548253 17748534
1659548254 22922076
1659548255 16704540
1659548256 11940370
1659548257 19445276
1659548258 20921220
1659548259 18303974
1659548260 23680506
1659548261 20360586
1659548262 18403402
1659548263 21254590
1659548264 19676886
1659548265 18372556
1659548266 16988938
1659548267 21500192
1659548268 14916214
1659548269 21937654
1659548270 22896954
1659548271 18709636
1659548272 20792536
1659548273 22909780
1659548274 13998466
1659548275 21800914
1659548276 16618044
1659548277 16310538
1659548278 23069522
1659548279 19396622
1659548280 22982390
1659548281 18444000
1659548282 16190864
1659548283 17226166
1659548284 18287968
1659548285 19492340
1659548286 19786172
1659548287 22817878
1659548288 18383580
1659548289 18493926
1659548290 17057414
1659548291 20406696
1659548292 23796788
1659548293 23131532
1659548294 16786796
1659548295 14573834
1659548296 21943378
1659548297 23044718
1659548298 21562520
1659548299 17046284
1659548300 15702098
1659548301 19484602
1659548302 20609156
1659548303 23111816
1659548304 18153030
1659548305 23561680
1659548306 21898010
1659548307 16957032
1659548308 17471026
1659548309 18974106
1659548310 21810772
1659548311 21157070
1659548312 18382096
1659548313 17135430
1659548314 18679320
1659548315 18613176
1659548316 21764980
1659548317 18222036
1659548318 17612218
1659548319 23668316
1659548320 16803014
1659548321 15606062
1659548322 23483134
1659548323 17814466
1659548324 21922920
1659548325 23438508
1659548326 17327078
1659548327 23313428
1659548328 22248234
1659548329 22853388
1659548330 21899176
1659548331 11848680
1659548332 20748970
1659548333 23004650
1659548334 18802386
1659548335 19106182
1659548336 20344792
1659548337 17289342
1659548338 18478980
1659548339 18469758
1659548340 17294960
1659548341 20794656
1659548342 18490216
1659548343 22868652
1659548344 23794138
1659548345 18324114
1659548346 13893526
1659548347 19126216
1659548348 18798570
1659548349 18031872
1659548350 21979842
1659548351 19760944
1659548352 18236876
1659548353 17550632
1659548354 17980250
1659548355 18387078
1659548356 20425246
1659548357 23045566
1659548358 18384216
1659548359 22831552
1659548360 17864074
1659548361 15024016
1659548362 22293072
1659548363 14015320
1659548364 23328374
1659548365 18479510
1659548366 15892792
1659548367 23872366
1659548368 23026698
1659548369 17944528
1659548370 21753320
1659548371 15421198
1659548372 16286794
1659548373 17417602
1659548374 18412412
1659548375 23253114
1659548376 15896502
1659548377 23699586
1659548378 20412102
1659548379 14534508
1659548380 18509296
1659548381 20818188
1659548382 23566344
1659548383 23262972
1659548384 18783942
1659548385 16397034
1659548386 12618240
1659548387 20996480
1659548388 19025198
1659548389 22217600
1659548390 22879358
1659548391 18785002
1659548392 15817744
1659548393 18490216
1659548394 18462762
1659548395 20263702
1659548396 17195426
1659548397 23578746
1659548398 22924938
1659548399 18249172
1659548400 22777704
1659548401 22330384
1659548402 23214106
1659548403 23034330
1659548404 18059326
1659548405 16791036
1659548406 16239836
1659548407 22553620
1659548408 18620914
1659548409 23636516
1659548410 21323384
1659548411 6582388
1659548412 1272
