# events called
1659375961 343418
1659375962 2728170
1659375963 2123896
1659375964 11376
1659375965 446492
1659375966 7515384
1659375967 8752554
1659375968 11864116
1659375969 13210316
1659375970 13644142
1659375971 13396272
1659375972 10107664
1659375973 9870178
1659375974 9171012
1659375975 13530636
1659375976 10212188
1659375977 11264970
1659375978 12432108
1659375979 10262410
1659375980 11054034
1659375981 13509940
1659375982 9692880
1659375983 10586616
1659375984 13299560
1659375985 10041526
1659375986 11439290
1659375987 13151254
1659375988 10295214
1659375989 11371432
1659375990 12921356
1659375991 10523488
1659375992 11036430
1659375993 11953766
1659375994 10818428
1659375995 12136748
1659375996 12883470
1659375997 11972966
1659375998 11485662
1659375999 12515036
1659376000 9881538
1659376001 12301276
1659376002 9561562
1659376003 11231490
1659376004 10237154
1659376005 10994770
1659376006 13307658
1659376007 10267064
1659376008 10519058
1659376009 12982524
1659376010 12981238
1659376011 11287232
1659376012 12641344
1659376013 9344020
1659376014 9328954
1659376015 11100040
1659376016 13117690
1659376017 10897456
1659376018 11587342
1659376019 10399838
1659376020 12378352
1659376021 10365950
1659376022 13384858
1659376023 11060562
1659376024 10602314
1659376025 10139146
1659376026 12368172
1659376027 13289574
1659376028 12251154
1659376029 10481458
1659376030 9687116
1659376031 12974998
1659376032 11867986
1659376033 10219898
1659376034 10868260
1659376035 10286766
1659376036 11743300
1659376037 12883376
1659376038 12504674
1659376039 10842288
1659376040 9221874
1659376041 11021210
1659376042 12493158
1659376043 9884822
1659376044 12638726
1659376045 10951034
1659376046 11067536
1659376047 10029842
1659376048 11300960
1659376049 12873404
1659376050 11823388
1659376051 9907990
1659376052 13658002
1659376053 12066640
1659376054 10308040
1659376055 13599340
1659376056 10656494
1659376057 9571786
1659376058 11323216
1659376059 13522316
1659376060 12296986
1659376061 10608810
1659376062 10058534
1659376063 12556826
1659376064 10933954
1659376065 11252458
1659376066 11159352
1659376067 10725812
1659376068 12872996
1659376069 13191464
1659376070 12273188
1659376071 11862578
1659376072 11488034
1659376073 8589732
1659376074 10817402
1659376075 12648936
1659376076 10536858
1659376077 13652136
1659376078 11496156
1659376079 10589846
1659376080 10785382
1659376081 13198960
1659376082 13633932
1659376083 11729258
1659376084 10302792
1659376085 10100846
1659376086 10901168
1659376087 11024324
1659376088 13166980
1659376089 12778772
1659376090 11447182
1659376091 10882828
1659376092 13645522
1659376093 10120116
1659376094 11143796
1659376095 9933392
1659376096 11903744
1659376097 13068008
1659376098 12914830
1659376099 10514646
1659376100 12775138
1659376101 9927890
1659376102 10656852
1659376103 11853506
1659376104 10239524
1659376105 12227894
1659376106 11801046
1659376107 10620954
1659376108 12621332
1659376109 10230048
1659376110 10864696
1659376111 13610864
1659376112 10065992
1659376113 13076558
1659376114 13035782
1659376115 10154150
1659376116 9959026
1659376117 11082950
1659376118 12721754
1659376119 10867678
1659376120 13244252
1659376121 12389314
1659376122 10749948
1659376123 9126642
1659376124 13572884
1659376125 11026958
1659376126 10610774
1659376127 12841676
1659376128 10577160
1659376129 10670316
1659376130 11118524
1659376131 11861082
1659376132 10272184
1659376133 12185760
1659376134 10887100
1659376135 11259512
1659376136 13066784
1659376137 9979262
1659376138 10757344
1659376139 12346994
1659376140 10049228
1659376141 12432362
1659376142 11926292
1659376143 11124998
1659376144 11980306
1659376145 13264500
1659376146 11534592
1659376147 12863098
1659376148 11332936
1659376149 10261490
1659376150 13303518
1659376151 9481830
1659376152 12876158
1659376153 12040048
1659376154 11403788
1659376155 12937432
1659376156 9594734
1659376157 10311584
1659376158 10362882
1659376159 13340758
1659376160 13012948
1659376161 11648496
1659376162 13272698
1659376163 9049202
1659376164 10654072
1659376165 10487136
1659376166 13540376
1659376167 10340348
1659376168 10190396
1659376169 13030108
1659376170 10972216
1659376171 11908288
1659376172 12979186
1659376173 9153718
1659376174 12726696
1659376175 13235860
1659376176 11403938
1659376177 12314090
1659376178 10874616
1659376179 9675218
1659376180 11962306
1659376181 11504842
1659376182 13254208
1659376183 11567694
1659376184 11596348
1659376185 11781386
1659376186 10678022
1659376187 12078644
1659376188 9278790
1659376189 13325554
1659376190 12843184
1659376191 11091116
1659376192 12925756
1659376193 9605254
1659376194 10486096
1659376195 11206698
1659376196 13389964
1659376197 10098560
1659376198 10402028
1659376199 12353230
1659376200 9791924
1659376201 12688710
1659376202 13266044
1659376203 11392730
1659376204 13719924
1659376205 10485796
1659376206 11454668
1659376207 11641842
1659376208 9938272
1659376209 13247262
1659376210 11808940
1659376211 13118814
1659376212 10959070
1659376213 9274022
1659376214 11214228
1659376215 11384320
1659376216 13285290
1659376217 12278868
1659376218 11736436
1659376219 11957826
1659376220 9167582
1659376221 11091572
1659376222 11631300
1659376223 10814698
1659376224 13435560
1659376225 11305610
1659376226 10499862
1659376227 13561488
1659376228 9756484
1659376229 11315266
1659376230 12736602
1659376231 11637892
1659376232 13670256
1659376233 11526090
1659376234 9922330
1659376235 10504026
1659376236 11011306
1659376237 11213642
1659376238 11915488
1659376239 12744346
1659376240 10290464
1659376241 11197966
1659376242 12288610
1659376243 12840858
1659376244 13685910
1659376245 9744468
1659376246 10070480
1659376247 12789332
1659376248 12745686
1659376249 10262376
1659376250 11930730
1659376251 9260776
1659376252 12239228
1659376253 12213586
1659376254 11206802
1659376255 10446652
1659376256 11466442
1659376257 11289730
1659376258 11883152
1659376259 12312406
1659376260 10724558
1659376261 10868612
1659376262 12513328
1659376263 11932580
1659376264 13635460
1659376265 10951194
1659376266 9416720
1659376267 11408164
1659376268 12167208
1659376269 11900232
1659376270 12083374
1659376271 12893972
1659376272 11723684
1659376273 9384310
1659376274 12888994
1659376275 9010794
1659376276 12835428
1659376277 10293306
1659376278 11523962
1659376279 12863786
1659376280 11790770
1659376281 12146790
1659376282 12540762
1659376283 9183670
1659376284 10845474
1659376285 11379348
1659376286 13533100
1659376287 9814142
1659376288 11576654
1659376289 13107294
1659376290 9882412
1659376291 11775756
1659376292 13191308
1659376293 11230112
1659376294 12900980
1659376295 11584144
1659376296 9617742
1659376297 11038444
1659376298 11159664
1659376299 13358106
1659376300 9987692
1659376301 11643890
1659376302 13232654
1659376303 10593862
1659376304 13060956
1659376305 11791210
1659376306 9208062
1659376307 11957638
1659376308 12615214
1659376309 12856560
1659376310 10475270
1659376311 11494804
1659376312 9599128
1659376313 12184476
1659376314 11720046
1659376315 13047614
1659376316 9667284
1659376317 12089856
1659376318 12102952
1659376319 10263182
1659376320 11869488
1659376321 13042134
1659376322 10197174
1659376323 11719616
1659376324 13167354
1659376325 11845210
1659376326 12976334
1659376327 11017614
1659376328 8576186
1659376329 12139818
1659376330 13618242
1659376331 11731318
1659376332 10398314
1659376333 9664020
1659376334 13236036
1659376335 11367798
1659376336 10996880
1659376337 10767184
1659376338 10412534
1659376339 13564550
1659376340 13321786
1659376341 11254616
1659376342 12307318
1659376343 10063042
1659376344 9613504
1659376345 13269600
1659376346 10556508
1659376347 11423916
1659376348 11618866
1659376349 11108658
1659376350 12657606
1659376351 10809598
1659376352 12303332
1659376353 12029202
1659376354 11371652
1659376355 10105728
1659376356 11225626
1659376357 12018858
1659376358 11891078
1659376359 12268334
1659376360 11888040
1659376361 12257134
1659376362 9163350
1659376363 12144772
1659376364 9825410
1659376365 13011670
1659376366 9804906
1659376367 11409264
1659376368 11876786
1659376369 11831350
1659376370 12264104
1659376371 11709746
1659376372 9533714
1659376373 10775016
1659376374 11380680
1659376375 13606284
1659376376 10695674
1659376377 10899254
1659376378 12863856
1659376379 11203450
1659376380 10509808
1659376381 13621158
1659376382 10401744
1659376383 10492966
1659376384 13192812
1659376385 12588036
1659376386 12210390
1659376387 12785506
1659376388 8607602
1659376389 11485866
1659376390 13335666
1659376391 13544262
1659376392 10008404
1659376393 9190304
1659376394 11800536
1659376395 13601584
1659376396 11202708
1659376397 11914182
1659376398 8546878
1659376399 11656946
1659376400 10958472
1659376401 13091880
1659376402 13091460
1659376403 9836948
1659376404 10195902
1659376405 12447934
1659376406 11165298
1659376407 13491240
1659376408 10059322
1659376409 11349346
1659376410 13530442
1659376411 11202446
1659376412 13315400
1659376413 12740666
1659376414 10141828
1659376415 9411942
1659376416 10700036
1659376417 13596972
1659376418 10823664
1659376419 12775572
1659376420 13664236
1659376421 11197572
1659376422 10070530
1659376423 9797064
1659376424 11925674
1659376425 12410206
1659376426 11964642
1659376427 12965800
1659376428 11447160
1659376429 9979974
1659376430 10609844
1659376431 13581912
1659376432 13638330
1659376433 12253294
1659376434 13064006
1659376435 11776138
1659376436 12567494
1659376437 12282126
1659376438 10983658
1659376439 10721442
1659376440 13578870
1659376441 10502966
1659376442 9493770
1659376443 9406046
1659376444 13051582
1659376445 13709608
1659376446 13230836
1659376447 10041164
1659376448 10278318
1659376449 11268688
1659376450 12138624
1659376451 13299924
1659376452 11558410
1659376453 11980740
1659376454 10552468
1659376455 10460356
1659376456 10786308
1659376457 13469640
1659376458 11277874
1659376459 10427474
1659376460 9788246
1659376461 11264222
1659376462 13391346
1659376463 9887084
1659376464 11175886
1659376465 12926084
1659376466 10257842
1659376467 12190882
1659376468 10316754
1659376469 10337742
1659376470 12874166
1659376471 11498916
1659376472 11037488
1659376473 11328564
1659376474 12728260
1659376475 10643522
1659376476 13711030
1659376477 10660052
1659376478 8726864
1659376479 13192198
1659376480 13605862
1659376481 11283272
1659376482 10549726
1659376483 10841130
1659376484 13037478
1659376485 13139672
1659376486 10937852
1659376487 10392192
1659376488 8103752
1659376489 13604966
1659376490 13181880
1659376491 12463014
1659376492 10862256
1659376493 9907998
1659376494 9464166
1659376495 13014108
1659376496 9558344
1659376497 12128024
1659376498 11336876
1659376499 9716682
1659376500 11867606
1659376501 12810308
1659376502 11777022
1659376503 11830182
1659376504 13675092
1659376505 13196922
1659376506 13242076
1659376507 13705492
1659376508 8538432
1659376509 10375088
1659376510 10629334
1659376511 12069468
1659376512 12990064
1659376513 9700768
1659376514 13673934
1659376515 10880396
1659376516 10439898
1659376517 10720930
1659376518 10614302
1659376519 13365602
1659376520 9947422
1659376521 13295448
1659376522 12986192
1659376523 9401238
1659376524 10058612
1659376525 10099898
1659376526 13407164
1659376527 10822176
1659376528 13720532
1659376529 12761990
1659376530 8840784
1659376531 10612250
1659376532 11076992
1659376533 13649066
1659376534 11160642
1659376535 10915850
1659376536 12632648
1659376537 9828392
1659376538 9732142
1659376539 11118116
1659376540 11496288
1659376541 11283586
1659376542 13307702
1659376543 10315546
1659376544 13736984
1659376545 10222604
1659376546 8577180
1659376547 10693450
1659376548 13177560
1659376549 12954122
1659376550 11843470
1659376551 10488228
1659376552 10317450
1659376553 9208382
1659376554 13466780
1659376555 8316888
1659376556 13215498
1659376557 12841222
1659376558 9797236
1659376559 10853590
1659376560 9476460
1659376561 13580438
1659376562 11148392
1659376563 13418460
1659376564 13549478
1659376565 8911724
1659376566 9350580
1659376567 10889834
1659376568 13583684
1659376569 11273386
1659376570 11623946
1659376571 13664642
1659376572 13730326
1659376573 13713158
1659376574 13703170
1659376575 11894760
1659376576 9864024
1659376577 9167598
1659376578 10727990
1659376579 12979386
1659376580 10264802
1659376581 13110238
1659376582 13601124
1659376583 9979696
1659376584 9742452
1659376585 9664580
1659376586 13595678
1659376587 10685390
1659376588 11946720
1659376589 12329882
1659376590 11042940
1659376591 12363712
1659376592 13676742
1659376593 10994504
1659376594 12203180
1659376595 10008740
1659376596 9934128
1659376597 12735286
1659376598 12841242
1659376599 11874872
1659376600 10657120
1659376601 10118854
1659376602 10372956
1659376603 11557580
1659376604 12588574
1659376605 9171064
1659376606 12649242
1659376607 13098840
1659376608 11198708
1659376609 12648514
1659376610 12365006
1659376611 10420384
1659376612 10062648
1659376613 10891598
1659376614 12684418
1659376615 11646046
1659376616 10293322
1659376617 13631918
1659376618 9443506
1659376619 11197894
1659376620 12123904
1659376621 9926304
1659376622 11859662
1659376623 12800994
1659376624 10829862
1659376625 11854348
1659376626 11948632
1659376627 10227050
1659376628 9997708
1659376629 11708088
1659376630 11469786
1659376631 10884490
1659376632 13620302
1659376633 12882932
1659376634 10863294
1659376635 9230452
1659376636 13204666
1659376637 13618700
1659376638 10609856
1659376639 9536688
1659376640 10741034
1659376641 11090542
1659376642 13529970
1659376643 10288368
1659376644 13671570
1659376645 11900316
1659376646 13696772
1659376647 13370376
1659376648 13288890
1659376649 12763862
1659376650 9738342
1659376651 10287850
1659376652 13594428
1659376653 13191776
1659376654 13802392
1659376655 11872828
1659376656 11434262
1659376657 10964956
1659376658 10987152
1659376659 10368670
1659376660 10639424
1659376661 11208312
1659376662 13629514
1659376663 13043796
1659376664 10769678
1659376665 11713976
1659376666 9633442
1659376667 10617336
1659376668 11349666
1659376669 13187480
1659376670 9088974
1659376671 11764632
1659376672 13109540
1659376673 9894950
1659376674 12260100
1659376675 10972612
1659376676 10693812
1659376677 12985276
1659376678 11549474
1659376679 10075936
1659376680 11729044
1659376681 11185372
1659376682 11219752
1659376683 13565756
1659376684 12857594
1659376685 9271998
1659376686 13287622
1659376687 10326222
1659376688 9767762
1659376689 12781072
1659376690 11382864
1659376691 11518928
1659376692 10454288
1659376693 10806880
1659376694 11118646
1659376695 12450856
1659376696 13673338
1659376697 11001148
1659376698 9705134
1659376699 12341366
1659376700 11221682
1659376701 11504580
1659376702 12006654
1659376703 9139416
1659376704 11639970
1659376705 11144844
1659376706 10772100
1659376707 10981350
1659376708 13644364
1659376709 13641706
1659376710 12418842
1659376711 13398394
1659376712 11515610
1659376713 10434444
1659376714 13593388
1659376715 10368240
1659376716 13397500
1659376717 13363432
1659376718 9998052
1659376719 10064536
1659376720 10483642
1659376721 13629706
1659376722 11151836
1659376723 9728736
1659376724 12099126
1659376725 9659930
1659376726 12896604
1659376727 10772082
1659376728 13692944
1659376729 11845904
1659376730 9631210
1659376731 9760500
1659376732 13647768
1659376733 12875822
1659376734 10455204
1659376735 9329410
1659376736 11242246
1659376737 13398608
1659376738 9589410
1659376739 12498316
1659376740 11466974
1659376741 8815904
1659376742 13005274
1659376743 11610542
1659376744 12770296
1659376745 12038092
1659376746 10468216
1659376747 10011690
1659376748 11718700
1659376749 13649996
1659376750 11524746
1659376751 10226748
1659376752 10308176
1659376753 11691548
1659376754 10596056
1659376755 11730654
1659376756 13028402
1659376757 11342448
1659376758 13331286
1659376759 10577994
1659376760 9187400
1659376761 9475296
1659376762 12070600
1659376763 12520146
1659376764 13694256
1659376765 10459098
1659376766 10473298
1659376767 11262878
1659376768 11949524
1659376769 12157164
1659376770 11781696
1659376771 10299226
1659376772 10268156
1659376773 11535488
1659376774 13231920
1659376775 10552696
1659376776 11275158
1659376777 13748368
1659376778 13669000
1659376779 13749224
1659376780 12191150
1659376781 9616410
1659376782 12023004
1659376783 13667044
1659376784 11234644
1659376785 8956350
1659376786 11019562
1659376787 11972308
1659376788 13270756
1659376789 13716488
1659376790 10637726
1659376791 11242954
1659376792 8560030
1659376793 12147300
1659376794 13013790
1659376795 9895030
1659376796 13646400
1659376797 9978272
1659376798 9390296
1659376799 11020906
1659376800 10924956
1659376801 11305408
1659376802 9681876
1659376803 13618340
1659376804 13238258
1659376805 9979142
1659376806 13509490
1659376807 10397100
1659376808 9454918
1659376809 13187726
1659376810 10800938
1659376811 11283892
1659376812 10384942
1659376813 9428798
1659376814 12876042
1659376815 11016032
1659376816 13285310
1659376817 11561912
1659376818 10596706
1659376819 11060456
1659376820 11847724
1659376821 10025660
1659376822 11987750
1659376823 8501064
1659376824 13009482
1659376825 11202144
1659376826 10205924
1659376827 13632848
1659376828 11223086
1659376829 11122626
1659376830 11358292
1659376831 13488636
1659376832 9686200
1659376833 10992012
1659376834 13211388
1659376835 12105362
1659376836 12039958
1659376837 12719628
1659376838 9285994
1659376839 10452388
1659376840 11193220
1659376841 13604774
1659376842 13256044
1659376843 9190984
1659376844 13646248
1659376845 11197548
1659376846 9450542
1659376847 11239558
1659376848 10870556
1659376849 13221300
1659376850 13688710
1659376851 13724222
1659376852 13714170
1659376853 11282914
1659376854 12895610
1659376855 9695700
1659376856 10655288
1659376857 10359234
1659376858 12093600
1659376859 10974886
1659376860 10828430
1659376861 12903060
1659376862 11639714
1659376863 11447634
1659376864 12129198
1659376865 10388972
1659376866 10385672
1659376867 10561492
1659376868 11334666
1659376869 13666652
1659376870 13686082
1659376871 11236284
1659376872 10545230
1659376873 8849810
1659376874 12714674
1659376875 12771596
1659376876 11069860
1659376877 12704540
1659376878 9129602
1659376879 13525608
1659376880 9639010
1659376881 11950004
1659376882 10207676
1659376883 10421016
1659376884 12692936
1659376885 9776286
1659376886 12281102
1659376887 12185062
1659376888 9634194
1659376889 13147724
1659376890 11145870
1659376891 11163474
1659376892 13598710
1659376893 9379178
1659376894 10841882
1659376895 13393002
1659376896 12693778
1659376897 11143466
1659376898 10005512
1659376899 10595688
1659376900 10268722
1659376901 11139622
1659376902 13206230
1659376903 12063556
1659376904 11816704
1659376905 9183130
1659376906 11129954
1659376907 11031968
1659376908 10990150
1659376909 11573454
1659376910 13692990
1659376911 12564110
1659376912 9883762
1659376913 9392544
1659376914 10491964
1659376915 10683358
1659376916 13621460
1659376917 11164630
1659376918 9761620
1659376919 13439768
1659376920 11130926
1659376921 13673398
1659376922 13635334
1659376923 11547044
1659376924 12458962
1659376925 11252236
1659376926 12071694
1659376927 10919106
1659376928 10542038
1659376929 13161500
1659376930 11314838
1659376931 13638748
1659376932 11094960
1659376933 8525938
1659376934 12497232
1659376935 13300334
1659376936 10298980
1659376937 12884712
1659376938 11434692
1659376939 11214226
1659376940 13677412
1659376941 11740354
1659376942 11709786
1659376943 8536858
1659376944 10596688
1659376945 13602992
1659376946 10923548
1659376947 10209886
1659376948 10809772
1659376949 10802678
1659376950 13318444
1659376951 13197938
1659376952 10356030
1659376953 10967340
1659376954 11404412
1659376955 13349880
1659376956 12681546
1659376957 10879454
1659376958 9279550
1659376959 12925138
1659376960 12304076
1659376961 10914426
1659376962 12076112
1659376963 10353602
1659376964 13020748
1659376965 11197370
1659376966 9887860
1659376967 12603482
1659376968 7694082
1659376969 10930960
1659376970 13487114
1659376971 10673206
1659376972 11065078
1659376973 11427226
1659376974 9520386
1659376975 11381656
1659376976 12843576
1659376977 9868930
1659376978 11489942
1659376979 12389476
1659376980 10900514
1659376981 12692260
1659376982 11224174
1659376983 10842916
1659376984 13654720
1659376985 11150694
1659376986 10130840
1659376987 11091022
1659376988 11504540
1659376989 11293068
1659376990 10919360
1659376991 13652246
1659376992 13671522
1659376993 11029998
1659376994 13573106
1659376995 12537984
1659376996 12141328
1659376997 11731172
1659376998 9821252
1659376999 12778438
1659377000 8899468
1659377001 13101254
1659377002 10629732
1659377003 10397598
1659377004 12958914
1659377005 9680574
1659377006 12639424
1659377007 11909642
1659377008 9035932
1659377009 12814612
1659377010 12743664
1659377011 11054172
1659377012 13683648
1659377013 9571860
1659377014 10535382
1659377015 10321622
1659377016 11491006
1659377017 12628784
1659377018 9040442
1659377019 12622248
1659377020 11855708
1659377021 9989710
1659377022 13498030
1659377023 11945854
1659377024 11370504
1659377025 13700000
1659377026 9626802
1659377027 10002256
1659377028 8376158
1659377029 13399138
1659377030 11021644
1659377031 10580902
1659377032 13625288
1659377033 10130486
1659377034 11504822
1659377035 12464056
1659377036 10418238
1659377037 11971406
1659377038 9534614
1659377039 10124212
1659377040 12905328
1659377041 12774430
1659377042 11273492
1659377043 10720138
1659377044 11262568
1659377045 10788232
1659377046 10218908
1659377047 11979398
1659377048 9707540
1659377049 10837876
1659377050 13697232
1659377051 11920632
1659377052 11223700
1659377053 9369076
1659377054 11431734
1659377055 11172582
1659377056 12787060
1659377057 11300898
1659377058 10146628
1659377059 13340530
1659377060 10351586
1659377061 13610906
1659377062 13550534
1659377063 11255796
1659377064 13000276
1659377065 11170574
1659377066 12771144
1659377067 9643938
1659377068 11032114
1659377069 11053976
1659377070 10436536
1659377071 13247928
1659377072 11199016
1659377073 9691124
1659377074 13499132
1659377075 10872238
1659377076 13704496
1659377077 13503438
1659377078 9595036
1659377079 9399188
1659377080 10003090
1659377081 11926974
1659377082 12691360
1659377083 11459758
1659377084 12997154
1659377085 11135566
1659377086 10898656
1659377087 11458758
1659377088 9692656
1659377089 11032854
1659377090 13221718
1659377091 13649144
1659377092 13248248
1659377093 9663776
1659377094 10450056
1659377095 9643374
1659377096 12261094
1659377097 10114268
1659377098 10689140
1659377099 11275006
1659377100 9705200
1659377101 13662554
1659377102 10540972
1659377103 10436960
1659377104 13622676
1659377105 11136690
1659377106 13355426
1659377107 13282050
1659377108 9144788
1659377109 9614552
1659377110 10604688
1659377111 13623412
1659377112 11276622
1659377113 10637834
1659377114 13527262
1659377115 10131462
1659377116 9684394
1659377117 10322244
1659377118 11086324
1659377119 10390198
1659377120 12716996
1659377121 13639082
1659377122 11215498
1659377123 9055380
1659377124 10564660
1659377125 12989114
1659377126 11225280
1659377127 12021030
1659377128 10430964
1659377129 11522500
1659377130 9209440
1659377131 13614696
1659377132 11034650
1659377133 13696050
1659377134 13559158
1659377135 12624762
1659377136 13682124
1659377137 11962092
1659377138 9772458
1659377139 13271852
1659377140 11200800
1659377141 13545150
1659377142 11273386
1659377143 9492580
1659377144 9665126
1659377145 10904440
1659377146 11152300
1659377147 13725488
1659377148 12495948
1659377149 10410022
1659377150 9903838
1659377151 12694270
1659377152 13640880
1659377153 10967006
1659377154 11904644
1659377155 10536956
1659377156 9766716
1659377157 12274120
1659377158 9801228
1659377159 12829228
1659377160 11117466
1659377161 9931668
1659377162 13440842
1659377163 11152520
1659377164 11162080
1659377165 12093352
1659377166 1070024
1659377167 1234


# events submitted
1659375961 343418
1659375962 2728170
1659375963 2123896
1659375964 11376
1659375965 444804
1659375966 7488886
1659375967 8704040
1659375968 11818596
1659375969 13156042
1659375970 13593110
1659375971 13345500
1659375972 10090648
1659375973 9848500
1659375974 9158992
1659375975 13494340
1659375976 10188552
1659375977 11235148
1659375978 12387940
1659375979 10235656
1659375980 11022610
1659375981 13473700
1659375982 9669000
1659375983 10557520
1659375984 13254000
1659375985 10021990
1659375986 11409588
1659375987 13105950
1659375988 10265154
1659375989 11335392
1659375990 12881306
1659375991 10497338
1659375992 11013964
1659375993 11921518
1659375994 10791950
1659375995 12098728
1659375996 12847408
1659375997 11930890
1659375998 11453960
1659375999 12472194
1659376000 9849732
1659376001 12266214
1659376002 9544822
1659376003 11198906
1659376004 10213316
1659376005 10965978
1659376006 13264640
1659376007 10241070
1659376008 10493724
1659376009 12939004
1659376010 12938964
1659376011 11263526
1659376012 12600552
1659376013 9322840
1659376014 9314306
1659376015 11075488
1659376016 13070496
1659376017 10876544
1659376018 11551260
1659376019 10379838
1659376020 12327908
1659376021 10346260
1659376022 13341028
1659376023 11026212
1659376024 10571786
1659376025 10112768
1659376026 12335932
1659376027 13246534
1659376028 12206316
1659376029 10457420
1659376030 9666654
1659376031 12936840
1659376032 11834124
1659376033 10193880
1659376034 10836458
1659376035 10263184
1659376036 11709860
1659376037 12824932
1659376038 12462358
1659376039 10818018
1659376040 9208418
1659376041 10995960
1659376042 12463126
1659376043 9867008
1659376044 12601940
1659376045 10924912
1659376046 10172806
1659376047 7399378
1659376048 8001470
1659376049 9451228
1659376050 5910286
1659376051 2280562
1659376052 3365220
1659376053 2768262
1659376054 2394610
1659376055 3326152
1659376056 3044102
1659376057 2602972
1659376058 3137660
1659376059 3340954
1659376060 3290976
1659376061 3380412
1659376062 3311890
1659376063 3079384
1659376064 2687998
1659376065 3352716
1659376066 1908462
1659376067 2234728
1659376068 3180566
1659376069 3361512
1659376070 3384676
1659376071 3251502
1659376072 3258722
1659376073 1509640
1659376074 2351078
1659376075 3281428
1659376076 3008136
1659376077 3357024
1659376078 2895644
1659376079 3125622
1659376080 2586720
1659376081 3063360
1659376082 3330796
1659376083 3061710
1659376084 2894300
1659376085 3031028
1659376086 2243766
1659376087 1772620
1659376088 3233498
1659376089 3326918
1659376090 2954354
1659376091 2400484
1659376092 3318044
1659376093 2793786
1659376094 3277712
1659376095 3279074
1659376096 3267130
1659376097 3338342
1659376098 3176478
1659376099 1876008
1659376100 3275456
1659376101 1364758
1659376102 2071024
1659376103 3039172
1659376104 1318956
1659376105 2692468
1659376106 2549988
1659376107 2741960
1659376108 3090704
1659376109 3010362
1659376110 3296772
1659376111 3363154
1659376112 1940186
1659376113 3178202
1659376114 2973666
1659376115 2918156
1659376116 2935350
1659376117 3249346
1659376118 3095438
1659376119 1830596
1659376120 3357578
1659376121 3016092
1659376122 2740432
1659376123 736200
1659376124 3292522
1659376125 3106706
1659376126 3252908
1659376127 3330310
1659376128 3032446
1659376129 2326134
1659376130 2521176
1659376131 3345690
1659376132 3234322
1659376133 2683240
1659376134 1489390
1659376135 2841732
1659376137 1897512
1659376138 2435450
1659376139 141040
1659376140 1141192
1659376141 2698478
1659376142 1158450
1659376143 1606734
1659376144 1915620
1659376145 758
1659376146 992180
1659376147 1173980
1659376148 860204
1659376149 2535198
1659376150 937322
1659376151 2826174
1659376152 1505060
1659376153 145942
1659376154 2021316
1659376155 236544
1659376156 2282064
1659376157 2151136
1659376158 2902980
1659376159 1091300
1659376160 1196
1659376161 1701496
1659376162 475232
1659376163 2840616
1659376164 3240090
1659376165 1250744
1659376166 1321142
1659376167 956488
1659376168 2617848
1659376169 757958
1659376170 1574594
1659376171 2757818
1659376173 2374474
1659376174 1957458
1659376175 1134
1659376176 1200378
1659376177 966324
1659376178 1416368
1659376179 813180
1659376180 2415998
1659376181 3217488
1659376182 801676
1659376183 578850
1659376184 1587026
1659376185 1103264
1659376186 2514866
1659376187 787656
1659376188 2502418
1659376189 1755276
1659376190 5794
1659376191 2161246
1659376192 176328
1659376193 2546600
1659376194 2853954
1659376195 2895622
1659376196 191518
1659376197 2165794
1659376198 2165660
1659376199 268562
1659376200 2745524
1659376201 1318452
1659376202 700
1659376203 676388
1659376204 1489938
1659376205 1958052
1659376206 2375544
1659376207 1233836
1659376208 2215510
1659376209 883700
1659376210 568944
1659376211 1596954
1659376212 1579084
1659376213 3036342
1659376214 1934348
1659376215 2113454
1659376216 1116
1659376217 728424
1659376218 1437180
1659376219 805106
1659376220 1589082
1659376221 1961124
1659376222 3094966
1659376223 1698874
1659376224 1679924
1659376225 633844
1659376226 1979722
1659376227 1718046
1659376228 2058206
1659376229 2273858
1659376230 69338
1659376231 2098014
1659376233 98756
1659376234 3098708
1659376235 3003798
1659376236 2301808
1659376237 1609494
1659376238 556298
1659376239 234112
1659376240 2548256
1659376241 2003302
1659376242 1711894
1659376243 1114
1659376245 1360116
1659376246 2424834
1659376247 2714154
1659376249 1530630
1659376250 895450
1659376251 2216932
1659376252 2974944
1659376253 1045032
1659376254 1904790
1659376255 2427754
1659376256 1861256
1659376257 751768
1659376258 1718138
1659376259 75674
1659376260 2843240
1659376261 2204504
1659376262 325160
1659376263 1840522
1659376265 2166942
1659376266 2452312
1659376267 2166176
1659376268 1879230
1659376269 1990
1659376270 884736
1659376271 1281674
1659376272 1216898
1659376273 1831020
1659376274 1284118
1659376275 1983144
1659376276 2348526
1659376277 2240840
1659376278 2090644
1659376279 1128
1659376280 432124
1659376281 1732752
1659376282 465372
1659376283 1885716
1659376284 3001436
1659376285 1481154
1659376286 1832086
1659376287 1474926
1659376288 2857062
1659376289 80786
1659376290 2182458
1659376291 2068618
1659376292 84320
1659376293 965750
1659376294 1199822
1659376295 848980
1659376296 3239482
1659376297 2410206
1659376298 2166464
1659376300 2102200
1659376301 2230196
1659376302 1106
1659376303 935010
1659376304 1229712
1659376305 740612
1659376306 2594176
1659376307 2088674
1659376308 1075118
1659376309 46746
1659376310 2275202
1659376311 2079798
1659376312 2410354
1659376313 1852374
1659376314 178376
1659376315 1987948
1659376316 2334492
1659376317 1997346
1659376319 2163150
1659376320 2168276
1659376321 38298
1659376322 2497504
1659376323 1795678
1659376324 868
1659376325 350438
1659376326 1814364
1659376327 1415936
1659376328 927970
1659376329 2844324
1659376330 1310714
1659376331 149676
1659376332 2512254
1659376333 2999826
1659376334 837284
1659376335 1337600
1659376336 2335222
1659376337 1582300
1659376338 1507588
1659376339 1901712
1659376340 1204
1659376341 289166
1659376342 1876606
1659376343 2384380
1659376344 2834810
1659376345 1280460
1659376346 882814
1659376347 2289028
1659376348 1921070
1659376349 2020134
1659376350 1548500
1659376351 797854
1659376352 1409550
1659376354 1287858
1659376355 2746902
1659376356 2400406
1659376357 2229148
1659376359 140856
1659376360 2026280
1659376361 147856
1659376362 2301004
1659376363 1883824
1659376364 1585630
1659376365 2747686
1659376366 2230592
1659376367 2101626
1659376368 1134
1659376369 916800
1659376370 1249496
1659376371 1055470
1659376372 2385156
1659376373 2625850
1659376374 2595208
1659376375 2274
1659376376 1555470
1659376377 2298100
1659376378 477584
1659376379 1480538
1659376380 2430838
1659376381 420406
1659376382 1726166
1659376383 2480574
1659376384 125036
1659376385 495216
1659376386 1783142
1659376387 195568
1659376388 1954160
1659376389 2888568
1659376390 1460572
1659376392 1498464
1659376393 2363534
1659376394 2638916
1659376396 1599156
1659376397 1063626
1659376398 2956004
1659376399 2113900
1659376400 2585632
1659376401 511348
1659376403 1790570
1659376404 2347078
1659376405 2359646
1659376406 2165756
1659376408 616968
1659376409 2061168
1659376410 1654508
1659376411 1640154
1659376412 526200
1659376414 1919254
1659376415 3230262
1659376416 2346200
1659376417 1171212
1659376418 1040308
1659376419 1126748
1659376421 879936
1659376422 1954658
1659376423 2518106
1659376424 2628274
1659376425 1200870
1659376426 1647850
1659376428 86162
1659376429 2239028
1659376430 2087468
1659376431 2086590
1659376434 80652
1659376435 2085964
1659376436 477134
1659376437 1689022
1659376438 1128
1659376439 2165506
1659376441 2137596
1659376442 2869574
1659376443 1407836
1659376444 2249482
1659376446 12604
1659376447 2513802
1659376448 2744568
1659376449 1510340
1659376450 1880810
1659376451 1188
1659376452 1259426
1659376453 906828
1659376454 472204
1659376455 2579622
1659376456 3087842
1659376457 361120
1659376458 71254
1659376459 2522628
1659376460 2723130
1659376461 2825002
1659376462 523444
1659376463 1726844
1659376464 2264698
1659376465 465702
1659376466 2201074
1659376467 2006548
1659376468 619698
1659376469 2397650
1659376470 1314988
1659376471 719818
1659376472 1041244
1659376473 2570894
1659376474 546
1659376475 1430636
1659376476 734614
1659376477 1566788
1659376478 1084350
1659376479 3141202
1659376480 706450
1659376481 1495980
1659376482 1787180
1659376483 2201972
1659376484 1011368
1659376486 2167504
1659376487 1010296
1659376488 1402154
1659376489 3292956
1659376490 794912
1659376491 660606
1659376492 2329878
1659376493 1350358
1659376494 2988900
1659376495 1333878
1659376496 1995554
1659376497 2335026
1659376499 1683010
1659376500 2648920
1659376501 74426
1659376502 2092502
1659376506 66956
1659376508 733512
1659376509 2490068
1659376510 2990480
1659376511 2450412
1659376513 2167568
1659376515 688510
1659376516 2729282
1659376517 1646764
1659376518 1645278
1659376519 1953842
1659376520 2166124
1659376521 1742
1659376522 161262
1659376523 2142482
1659376524 3225066
1659376525 2833746
1659376526 301710
1659376527 753744
1659376528 1530600
1659376529 114408
1659376530 2354428
1659376531 2510658
1659376532 2762708
1659376533 925480
1659376534 926776
1659376535 1239012
1659376537 2090008
1659376538 3213232
1659376539 2595824
1659376540 765408
1659376541 2166044
1659376542 1128
1659376543 1638498
1659376544 527836
1659376545 1339626
1659376546 2217112
1659376547 2847294
1659376548 2262972
1659376551 1888450
1659376552 2353440
1659376553 3167686
1659376554 1255288
1659376555 2167158
1659376557 179728
1659376558 2601062
1659376559 2070786
1659376560 2799274
1659376561 1014142
1659376562 2166050
1659376563 730
1659376565 1534132
1659376566 2172588
1659376567 2620650
1659376568 2336034
1659376569 1115080
1659376570 1052524
1659376576 1022364
1659376577 3093184
1659376578 3005818
1659376579 1543570
1659376580 1241140
1659376581 1016250
1659376583 875894
1659376584 2575084
1659376585 2832716
1659376586 2379502
1659376587 497946
1659376588 2109854
1659376589 1723576
1659376590 754228
1659376591 1913630
1659376593 1163054
1659376594 1430700
1659376595 2519932
1659376596 1878190
1659376597 1671032
1659376598 172648
1659376599 1993924
1659376600 852648
1659376601 2788794
1659376602 2602404
1659376603 2420552
1659376604 411916
1659376605 2486648
1659376606 1432952
1659376608 2087248
1659376609 78864
1659376611 1306276
1659376612 1590458
1659376613 2472894
1659376614 3296034
1659376615 886016
1659376616 3076692
1659376617 369366
1659376618 713916
1659376619 2761700
1659376620 856328
1659376621 2277060
1659376622 2054684
1659376623 209898
1659376624 1957020
1659376626 17192
1659376627 2199856
1659376628 1932372
1659376629 1753862
1659376630 2427450
1659376631 2501476
1659376633 223536
1659376634 2395440
1659376635 2529554
1659376636 1350670
1659376638 1449894
1659376639 2624750
1659376640 2331614
1659376641 431324
1659376642 1827882
1659376643 1287996
1659376644 876908
1659376648 1230
1659376650 2048306
1659376651 3063990
1659376652 1385212
1659376653 85476
1659376656 2165926
1659376657 484826
1659376658 1953026
1659376659 2931202
1659376660 1998974
1659376661 1782418
1659376662 1757190
1659376663 1232
1659376664 2165654
1659376665 70470
1659376666 3264458
1659376667 2985970
1659376668 2343958
1659376670 1539456
1659376671 2791384
1659376672 39846
1659376673 2263778
1659376674 2028486
1659376675 662112
1659376676 2456430
1659376677 1214276
1659376678 1284130
1659376679 2688606
1659376680 358748
1659376681 2115026
1659376682 2215236
1659376684 2088
1659376685 2165500
1659376686 338
1659376687 2542278
1659376688 3113038
1659376689 844064
1659376691 1316890
1659376692 1579804
1659376693 2757608
1659376694 2945572
1659376695 63236
1659376697 1585064
1659376698 3251234
1659376699 1662096
1659376701 960158
1659376702 1333334
1659376703 2163748
1659376704 3184614
1659376705 1022474
1659376706 1060186
1659376707 2685270
1659376708 586432
1659376712 2166148
1659376713 1469340
1659376714 697788
1659376715 2118170
1659376716 50366
1659376718 2378194
1659376719 3033916
1659376720 1087556
1659376722 1707308
1659376723 2441850
1659376724 2055588
1659376725 1225718
1659376726 1445436
1659376727 1957476
1659376729 1000818
1659376730 2258738
1659376731 2165910
1659376732 1072374
1659376733 263798
1659376734 1864736
1659376735 2086028
1659376736 3178260
1659376737 1271068
1659376738 2393712
1659376739 1938418
1659376740 310570
1659376741 1881312
1659376742 2140696
1659376743 349410
1659376744 1816940
1659376746 794614
1659376747 3001360
1659376748 2525848
1659376749 198200
1659376750 941916
1659376751 2156320
1659376752 2213942
1659376753 3300012
1659376754 1184842
1659376755 1032124
1659376756 254
1659376757 1749288
1659376758 416472
1659376759 2434486
1659376760 1956922
1659376761 1587128
1659376762 3009542
1659376763 1841828
1659376765 1473982
1659376766 2574126
1659376767 2449970
1659376768 940870
1659376769 1225560
1659376771 2166436
1659376772 2189854
1659376773 2140962
1659376774 514
1659376776 2069784
1659376777 95990
1659376781 1241244
1659376782 3049570
1659376783 41120
1659376784 1842356
1659376785 1260732
1659376786 2993358
1659376787 2569602
1659376788 1352
1659376790 1038786
1659376791 3047396
1659376792 1408634
1659376793 2876724
1659376794 294814
1659376795 1901018
1659376796 265336
1659376797 1559128
1659376798 1555562
1659376799 2804706
1659376800 2723342
1659376801 1467422
1659376802 2341830
1659376803 543844
1659376804 1158
1659376805 1023188
1659376806 1143386
1659376807 929110
1659376808 2680192
1659376809 2844372
1659376810 47974
1659376811 2195982
1659376812 2305286
1659376813 2836614
1659376814 1325826
1659376815 1204
1659376817 2165020
1659376818 1371384
1659376819 2961008
1659376820 340374
1659376821 2946152
1659376822 1405012
1659376823 2714754
1659376824 1257172
1659376825 1104986
1659376826 3129650
1659376827 97570
1659376829 1874450
1659376830 2456596
1659376832 1884092
1659376833 2448952
1659376834 1232
1659376835 712182
1659376836 1453064
1659376837 247688
1659376838 2669204
1659376839 2853590
1659376840 2081528
1659376841 813638
1659376842 1098
1659376843 1795734
1659376844 370066
1659376845 2042176
1659376846 2018248
1659376847 3169196
1659376848 1435342
1659376849 12220
1659376854 133412
1659376855 2431652
1659376856 3316650
1659376857 2560092
1659376858 221836
1659376859 1585176
1659376860 2149866
1659376861 811816
1659376862 1953264
1659376864 409970
1659376865 2223378
1659376866 1982650
1659376867 2880318
1659376868 1169436
1659376871 1597714
1659376872 2369846
1659376873 2571144
1659376874 2125166
1659376875 17400
1659376876 2149406
1659376877 208190
1659376878 1265196
1659376879 2858710
1659376880 1878354
1659376881 2453600
1659376882 2166338
1659376883 2166514
1659376884 18580
1659376885 2796486
1659376886 1516930
1659376887 751800
1659376888 2840548
1659376889 740006
1659376890 1063106
1659376891 2832834
1659376892 438008
1659376893 1162168
1659376894 2607690
1659376895 562088
1659376896 102080
1659376897 1950560
1659376898 790408
1659376899 2491808
1659376900 3297446
1659376901 2258258
1659376902 1268
1659376904 747308
1659376905 2578160
1659376906 2736212
1659376907 2602542
1659376908 218612
1659376909 1948194
1659376911 405586
1659376912 2507894
1659376913 2503550
1659376914 2976476
1659376915 1959696
1659376916 458874
1659376917 1061382
1659376918 1825206
1659376919 1444570
1659376920 1924468
1659376921 241102
1659376924 264666
1659376925 1902038
1659376926 618934
1659376927 2732488
1659376928 982612
1659376929 868
1659376930 1097424
1659376931 1069024
1659376932 685970
1659376933 1901760
1659376934 2584080
1659376935 1328816
1659376936 1460948
1659376937 1079080
1659376938 1794390
1659376939 2162700
1659376941 484324
1659376942 1724096
1659376943 2293916
1659376944 2538556
1659376945 1623998
1659376946 734092
1659376947 2489586
1659376948 2603620
1659376949 2000442
1659376950 837934
1659376951 3276
1659376952 1468764
1659376953 2506748
1659376954 2519214
1659376955 1118
1659376956 78
1659376957 2383190
1659376958 2614936
1659376959 1499644
1659376960 550514
1659376961 2194018
1659376962 1587920
1659376963 671368
1659376964 1495680
1659376965 1207288
1659376966 2747914
1659376967 874066
1659376968 2181300
1659376969 2988092
1659376970 927816
1659376971 1627466
1659376972 2648032
1659376973 56776
1659376974 1635854
1659376975 2697084
1659376976 36900
1659376977 2595932
1659376978 1699682
1659376979 543924
1659376980 2136766
1659376981 1651212
1659376982 531972
1659376983 1634040
1659376985 1835378
1659376986 2180204
1659376987 2484362
1659376989 1066986
1659376990 2920242
1659376991 345100
1659376995 55576
1659376996 2111114
1659376997 774756
1659376998 2369956
1659376999 1188702
1659377000 1182782
1659377001 2995324
1659377002 1609430
1659377003 2877338
1659377005 1904700
1659377006 2426848
1659377007 21510
1659377008 2616224
1659377009 1694648
1659377010 139700
1659377011 1183004
1659377012 844832
1659377013 947430
1659377014 2258470
1659377015 1914736
1659377016 2850200
1659377017 711288
1659377018 1754828
1659377019 2559450
1659377020 995730
1659377021 1368698
1659377022 1967168
1659377023 476
1659377024 1523060
1659377025 643164
1659377026 1854564
1659377027 2036900
1659377028 2002882
1659377029 2771756
1659377030 1561646
1659377031 1494506
1659377032 1274116
1659377033 1969832
1659377034 2362164
1659377035 10566
1659377036 2223054
1659377037 2097766
1659377038 573058
1659377039 2413300
1659377040 1345388
1659377041 478606
1659377042 1341362
1659377043 824366
1659377044 1858690
1659377045 2687254
1659377046 2185346
1659377047 1935884
1659377048 275378
1659377049 1890620
1659377051 1009126
1659377052 2231466
1659377053 2296324
1659377054 1767926
1659377055 2087374
1659377056 1355828
1659377057 2166554
1659377058 2165432
1659377060 2111314
1659377061 56032
1659377064 177346
1659377065 1988730
1659377067 2696270
1659377068 1636184
1659377069 1172912
1659377070 2262714
1659377071 896026
1659377072 1169614
1659377073 2612602
1659377074 551102
1659377075 2166596
1659377078 2271558
1659377079 1795402
1659377080 2005902
1659377081 3336080
1659377082 1421898
1659377084 1020
1659377085 2165268
1659377086 2165348
1659377087 1385534
1659377088 2775846
1659377089 2336928
1659377090 2134
1659377092 512
1659377093 2402964
1659377094 2379136
1659377095 2893694
1659377096 1142032
1659377097 2855526
1659377098 1321452
1659377099 377566
1659377100 1797376
1659377101 2157076
1659377102 1076828
1659377103 2877726
1659377104 378404
1659377105 1830026
1659377106 336992
1659377108 2421526
1659377109 2733966
1659377110 2630736
1659377111 879044
1659377112 1414768
1659377113 752096
1659377115 1920548
1659377116 1778884
1659377117 2128226
1659377118 2747096
1659377119 1903722
1659377120 351592
1659377122 2009044
1659377123 1604826
1659377124 3179308
1659377125 1874596
1659377126 464572
1659377127 1702212
1659377128 1953956
1659377129 1092686
1659377130 2282820
1659377131 1169980
1659377132 1660754
1659377133 505172
1659377137 925536
1659377138 2560606
1659377139 847250
1659377142 2120188
1659377143 1336618
1659377144 2279822
1659377145 2780580
1659377146 2144538
1659377147 168246
1659377148 398510
1659377149 2194794
1659377150 2830682
1659377151 1075316
1659377153 687344
1659377154 1620436
1659377155 1967330
1659377156 887536
1659377157 3186136
1659377158 2295100
1659377159 2355686
1659377160 945298
1659377161 1825012
1659377162 1561220
1659377163 958174
1659377164 2074258
1659377165 1300248
1659377167 842


# events lost
1659376046 879788
1659376047 2631404
1659376048 3301312
1659376049 3427234
1659376050 5918924
1659376051 7624092
1659376052 10303100
1659376053 9303610
1659376054 7916418
1659376055 10280046
1659376056 7614566
1659376057 6969430
1659376058 8189274
1659376059 10193312
1659376060 9008344
1659376061 7236960
1659376062 6755006
1659376063 9482304
1659376064 8249954
1659376065 7908252
1659376066 9254472
1659376067 8495260
1659376068 9700648
1659376069 9842006
1659376070 8893226
1659376071 8617972
1659376072 8233506
1659376073 7082988
1659376074 8464144
1659376075 9372770
1659376076 7531672
1659376077 10303088
1659376078 8608312
1659376079 7473812
1659376080 8202292
1659376081 10145534
1659376082 10309056
1659376083 8676248
1659376084 7409110
1659376085 7074964
1659376086 8659320
1659376087 9254572
1659376088 9935612
1659376089 9461854
1659376090 8500720
1659376091 8481452
1659376092 10333830
1659376093 7331726
1659376094 7872654
1659376095 6662092
1659376096 8650002
1659376097 9737536
1659376098 9744294
1659376099 8637430
1659376100 9505232
1659376101 8561134
1659376102 8588928
1659376103 8820252
1659376104 8917592
1659376105 9541168
1659376106 9250344
1659376107 7883090
1659376108 9537448
1659376109 7227568
1659376110 7578250
1659376111 10249810
1659376112 8126746
1659376113 9906360
1659376114 10070164
1659376115 7237744
1659376116 7032096
1659376117 7841552
1659376118 9634252
1659376119 9038700
1659376120 9889702
1659376121 9380748
1659376122 8011644
1659376123 8384112
1659376124 10285374
1659376125 7926536
1659376126 7363810
1659376127 9516710
1659376128 7551352
1659376129 8343876
1659376130 8602562
1659376131 8526984
1659376132 7041100
1659376133 9507458
1659376134 9389068
1659376135 8424302
1659376136 13043752
1659376137 8080244
1659376138 8325118
1659376139 12192942
1659376140 8903460
1659376141 9737582
1659376142 10761564
1659376143 9514782
1659376144 10058376
1659376145 13243236
1659376146 10531274
1659376147 11676056
1659376148 10464588
1659376149 7727994
1659376150 12353320
1659376151 6659186
1659376152 11365078
1659376153 11878142
1659376154 9380180
1659376155 12677398
1659376156 7314040
1659376157 8159148
1659376158 7465032
1659376159 12236706
1659376160 12998414
1659376161 9943508
1659376162 12779034
1659376163 6215204
1659376164 7423214
1659376165 9236478
1659376166 12207136
1659376167 9380096
1659376168 7575962
1659376169 12260342
1659376170 9399862
1659376171 9152876
1659376172 12958604
1659376173 6784672
1659376174 10764112
1659376175 13215306
1659376176 10195732
1659376177 11334590
1659376178 9453402
1659376179 8860458
1659376180 9544682
1659376181 8293192
1659376182 12439364
1659376183 10980032
1659376184 10005828
1659376185 10666538
1659376186 8167100
1659376187 11281708
1659376188 6780712
1659376189 11564474
1659376190 12819776
1659376191 8926950
1659376192 12731904
1659376193 7063036
1659376194 7637436
1659376195 8316418
1659376196 13179506
1659376197 7936234
1659376198 8238864
1659376199 12063948
1659376200 7048842
1659376201 11365418
1659376202 13251564
1659376203 10708566
1659376204 12217372
1659376205 8518682
1659376206 9073956
1659376207 10397896
1659376208 7723424
1659376209 12346096
1659376210 11223384
1659376211 11513662
1659376212 9371980
1659376213 6243318
1659376214 9281916
1659376215 9278942
1659376216 13261324
1659376217 11535034
1659376218 10292480
1659376219 11143082
1659376220 7578012
1659376221 9130368
1659376222 8543878
1659376223 9113414
1659376224 11747012
1659376225 10662936
1659376226 8517364
1659376227 11837638
1659376228 7699792
1659376229 9037826
1659376230 12644648
1659376231 9533608
1659376232 13645748
1659376233 11407730
1659376234 6826480
1659376235 7503752
1659376236 8712520
1659376237 9598848
1659376238 11341634
1659376239 12493628
1659376240 7752304
1659376241 9195496
1659376242 10567736
1659376243 12813078
1659376244 13661654
1659376245 8381546
1659376246 7650182
1659376247 10076858
1659376248 12716756
1659376249 8727768
1659376250 11026576
1659376251 7049270
1659376252 9270160
1659376253 11155858
1659376254 9300580
1659376255 8017070
1659376256 9601988
1659376257 10532326
1659376258 10154050
1659376259 12214906
1659376260 7882522
1659376261 8655704
1659376262 12174678
1659376263 10088326
1659376264 13611822
1659376265 8782592
1659376266 6971034
1659376267 9241736
1659376268 10286330
1659376269 11881690
1659376270 11179740
1659376271 11604896
1659376272 10491974
1659376273 7553144
1659376274 11593508
1659376275 7031340
1659376276 10490894
1659376277 8052576
1659376278 9429456
1659376279 12837624
1659376280 11345534
1659376281 10405224
1659376282 12058486
1659376283 7295400
1659376284 7848978
1659376285 9897378
1659376286 11693236
1659376287 8338800
1659376288 8728408
1659376289 13003572
1659376290 7701234
1659376291 9702852
1659376292 13087178
1659376293 10256330
1659376294 11684388
1659376295 10726626
1659376296 6386668
1659376297 8631452
1659376298 8992860
1659376299 13334464
1659376300 7885930
1659376301 9412420
1659376302 13211742
1659376303 9651630
1659376304 11820744
1659376305 11038946
1659376306 6615768
1659376307 9873592
1659376308 11520904
1659376309 12787326
1659376310 8196212
1659376311 9415434
1659376312 7192382
1659376313 10328106
1659376314 11528302
1659376315 11057240
1659376316 7339314
1659376317 10084184
1659376318 12081790
1659376319 8093842
1659376320 9701532
1659376321 12986472
1659376322 7701902
1659376323 9917588
1659376324 13148732
1659376325 11476858
1659376326 11158456
1659376327 9593512
1659376328 7647232
1659376329 9301402
1659376330 12292972
1659376331 11565494
1659376332 7892326
1659376333 6668588
1659376334 12383064
1659376335 10019138
1659376336 8665120
1659376337 9182706
1659376338 8903042
1659376339 11655614
1659376340 13303472
1659376341 10955606
1659376342 10425438
1659376343 7684602
1659376344 6788896
1659376345 11980994
1659376346 9668344
1659376347 9140212
1659376348 9692752
1659376349 9085810
1659376350 11100268
1659376351 10002616
1659376352 10887772
1659376353 12003648
1659376354 10078444
1659376355 7361888
1659376356 8826156
1659376357 9786654
1659376358 11870958
1659376359 12108590
1659376360 9863406
1659376361 12085950
1659376362 6867412
1659376363 10260168
1659376364 8239648
1659376365 10268110
1659376366 7576334
1659376367 9302806
1659376368 11861754
1659376369 10903820
1659376370 11011824
1659376371 10645728
1659376372 7150176
1659376373 8154524
1659376374 8788404
1659376375 13586344
1659376376 9136578
1659376377 8608112
1659376378 12369988
1659376379 9718460
1659376380 8083474
1659376381 13182882
1659376382 8676968
1659376383 8016378
1659376384 13048112
1659376385 12079576
1659376386 10423970
1659376387 12571448
1659376388 6658550
1659376389 8602304
1659376390 11867654
1659376391 13522616
1659376392 8510530
1659376393 6831146
1659376394 9163060
1659376395 13575032
1659376396 9595506
1659376397 10842278
1659376398 5599010
1659376399 9544916
1659376400 8380450
1659376401 12561798
1659376402 13071840
1659376403 8046826
1659376404 7850708
1659376405 10088838
1659376406 8997542
1659376407 13472678
1659376408 9438182
1659376409 9289536
1659376410 11869960
1659376411 9559946
1659376412 12781818
1659376413 12718330
1659376414 8219288
1659376415 6191720
1659376416 8356420
1659376417 12415604
1659376418 9770988
1659376419 11640586
1659376420 13641376
1659376421 10303378
1659376422 8116978
1659376423 7284612
1659376424 9301190
1659376425 11206906
1659376426 10311818
1659376427 12950416
1659376428 11347054
1659376429 7744140
1659376430 8522188
1659376431 11496402
1659376432 13618298
1659376433 12231030
1659376434 12959510
1659376435 9692514
1659376436 12067524
1659376437 10593012
1659376438 10966468
1659376439 8552958
1659376440 13555784
1659376441 8365078
1659376442 6627086
1659376443 7995336
1659376444 10805794
1659376445 13687238
1659376446 13199424
1659376447 7531572
1659376448 7541710
1659376449 9757924
1659376450 10246580
1659376451 13274384
1659376452 10292658
1659376453 11061460
1659376454 10069564
1659376455 7886032
1659376456 7703226
1659376457 13084186
1659376458 11194026
1659376459 7904256
1659376460 7069066
1659376461 8444714
1659376462 12852948
1659376463 8158632
1659376464 8912400
1659376465 12445948
1659376466 8057430
1659376467 10179312
1659376468 9682218
1659376469 7945686
1659376470 11548374
1659376471 10765114
1659376472 9992830
1659376473 8762442
1659376474 12708612
1659376475 9204156
1659376476 12961134
1659376477 9089814
1659376478 7640096
1659376479 10051022
1659376480 12889040
1659376481 9780464
1659376482 8761052
1659376483 8638482
1659376484 12013542
1659376485 13112312
1659376486 8767504
1659376487 9374714
1659376488 6703150
1659376489 10319778
1659376490 12376082
1659376491 11787734
1659376492 8529734
1659376493 8560874
1659376494 6480944
1659376495 11671822
1659376496 7564990
1659376497 9793296
1659376498 11314774
1659376499 8029908
1659376500 9221050
1659376501 12715560
1659376502 9680326
1659376503 11808282
1659376504 13651344
1659376505 13169834
1659376506 13159486
1659376507 13680610
1659376508 7791304
1659376509 7888610
1659376510 7641984
1659376511 9622038
1659376512 12972542
1659376513 7539858
1659376514 13648942
1659376515 10180466
1659376516 7718146
1659376517 9075546
1659376518 8965104
1659376519 11407644
1659376520 7783752
1659376521 13269542
1659376522 12799478
1659376523 7261390
1659376524 6835564
1659376525 7271336
1659376526 13089508
1659376527 10064360
1659376528 12184882
1659376529 12628780
1659376530 6489824
1659376531 8102176
1659376532 8318290
1659376533 12714452
1659376534 10230726
1659376535 9669866
1659376536 12618534
1659376537 7739158
1659376538 6524494
1659376539 8526350
1659376540 10709368
1659376541 9121520
1659376542 13284932
1659376543 8674124
1659376544 13190816
1659376545 8880168
1659376546 6364634
1659376547 7848892
1659376548 10914076
1659376549 12928312
1659376550 11827006
1659376551 8593828
1659376552 7965612
1659376553 6049404
1659376554 12201216
1659376555 6153454
1659376556 13194854
1659376557 12647334
1659376558 7201584
1659376559 8785190
1659376560 6679364
1659376561 12559156
1659376562 8984104
1659376563 13389920
1659376564 13525640
1659376565 7374534
1659376566 7178898
1659376567 8272846
1659376568 11246828
1659376569 10152550
1659376570 10554324
1659376571 13641136
1659376572 13712962
1659376573 13684592
1659376574 13679394
1659376575 11870510
1659376576 8836382
1659376577 6078526
1659376578 7729244
1659376579 11428954
1659376580 9022792
1659376581 12079730
1659376582 13576302
1659376583 9099884
1659376584 7166758
1659376585 6835552
1659376586 11215380
1659376587 10179904
1659376588 9835154
1659376589 10600682
1659376590 10276458
1659376591 10447402
1659376592 13649600
1659376593 9820342
1659376594 10762492
1659376595 7493638
1659376596 8054768
1659376597 11066470
1659376598 12657638
1659376599 9877262
1659376600 9791040
1659376601 7335808
1659376602 7775110
1659376603 9140190
1659376604 12168124
1659376605 6688826
1659376606 11210624
1659376607 13074722
1659376608 9112174
1659376609 12545708
1659376610 12342332
1659376611 9106106
1659376612 8472128
1659376613 8420770
1659376614 9397662
1659376615 10749596
1659376616 7216430
1659376617 13243728
1659376618 8721562
1659376619 8436064
1659376620 11258614
1659376621 7644112
1659376622 9798448
1659376623 12569626
1659376624 8870728
1659376625 11833698
1659376626 11912348
1659376627 8027198
1659376628 8067816
1659376629 9953232
1659376630 9044268
1659376631 8385038
1659376632 13599306
1659376633 12636960
1659376634 8461636
1659376635 6706316
1659376636 11847194
1659376637 13602580
1659376638 9152742
1659376639 6908746
1659376640 8413410
1659376641 10655416
1659376642 11700494
1659376643 8992554
1659376644 12776532
1659376645 11879974
1659376646 13676660
1659376647 13346222
1659376648 13263588
1659376649 12740020
1659376650 7696072
1659376651 7228184
1659376652 12198396
1659376653 13085044
1659376654 13781490
1659376655 11844302
1659376656 9268798
1659376657 10466938
1659376658 9037214
1659376659 7445266
1659376660 8642652
1659376661 9423350
1659376662 11864948
1659376663 13025096
1659376664 8607614
1659376665 11629304
1659376666 6379722
1659376667 7633704
1659376668 9008964
1659376669 13166088
1659376670 7546806
1659376671 8974982
1659376672 13047920
1659376673 7637660
1659376674 10224650
1659376675 10295046
1659376676 8238816
1659376677 11762148
1659376678 10256946
1659376679 7393576
1659376680 11366534
1659376681 9072462
1659376682 9006154
1659376683 13547608
1659376684 12835908
1659376685 7109928
1659376686 13265510
1659376687 7788494
1659376688 6660076
1659376689 11920824
1659376690 11367302
1659376691 10196150
1659376692 8876552
1659376693 8049104
1659376694 8177116
1659376695 12363322
1659376696 13654524
1659376697 9408598
1659376698 6464072
1659376699 10680276
1659376700 11205994
1659376701 10534836
1659376702 10668788
1659376703 6979802
1659376704 8458320
1659376705 10113442
1659376706 9705444
1659376707 8296710
1659376708 13043142
1659376709 13621210
1659376710 12401696
1659376711 13377978
1659376712 9355056
1659376713 8962654
1659376714 12874738
1659376715 8249476
1659376716 13324420
1659376717 13341514
1659376718 7624476
1659376719 7038382
1659376720 9397916
1659376721 13605722
1659376722 9437072
1659376723 7290462
1659376724 10042686
1659376725 8431762
1659376726 11438750
1659376727 8812568
1659376728 13666128
1659376729 10837242
1659376730 7371744
1659376731 7595396
1659376732 12563404
1659376733 12601320
1659376734 8587472
1659376735 7246122
1659376736 8071792
1659376737 12119770
1659376738 7201378
1659376739 10556720
1659376740 11136296
1659376741 6936324
1659376742 10861082
1659376743 11252124
1659376744 10944468
1659376745 12019972
1659376746 9667502
1659376747 7018724
1659376748 9201182
1659376749 13435618
1659376750 10569966
1659376751 8068040
1659376752 8095894
1659376753 8396894
1659376754 9405768
1659376755 10686062
1659376756 13007928
1659376757 9595772
1659376758 12893218
1659376759 8145036
1659376760 7231874
1659376761 7887644
1659376762 9062058
1659376763 10668144
1659376764 13659924
1659376765 8980056
1659376766 7902548
1659376767 8812492
1659376768 10997566
1659376769 10923286
1659376770 11753072
1659376771 8134628
1659376772 8078606
1659376773 9396758
1659376774 13218146
1659376775 10533010
1659376776 9205888
1659376777 13634700
1659376778 13639824
1659376779 13726656
1659376780 12164588
1659376781 8374786
1659376782 8982218
1659376783 13606432
1659376784 9382440
1659376785 7694642
1659376786 8033684
1659376787 9409016
1659376788 13244100
1659376789 13687298
1659376790 9589388
1659376791 8205420
1659376792 7149118
1659376793 9275066
1659376794 12704148
1659376795 7996564
1659376796 13361912
1659376797 8415744
1659376798 7832810
1659376799 8220190
1659376800 8210476
1659376801 9826286
1659376802 7340746
1659376803 13053398
1659376804 13212394
1659376805 8952488
1659376806 12352072
1659376807 9465112
1659376808 6778030
1659376809 10350956
1659376810 10744468
1659376811 9084484
1659376812 8081120
1659376813 6596902
1659376814 11539930
1659376815 10995494
1659376816 13264324
1659376817 9399738
1659376818 9222918
1659376819 8103940
1659376820 11493026
1659376821 7086364
1659376822 10574590
1659376823 5790162
1659376824 11732030
1659376825 10088134
1659376826 7085754
1659376827 13517312
1659376828 11205200
1659376829 9244912
1659376830 8893656
1659376831 13466604
1659376832 7802962
1659376833 8548428
1659376834 13194772
1659376835 11383826
1659376836 10580134
1659376837 12444434
1659376838 6621880
1659376839 7605304
1659376840 9111956
1659376841 12774034
1659376842 13240814
1659376843 7399066
1659376844 13258994
1659376845 9155942
1659376846 7439148
1659376847 8076052
1659376848 9430908
1659376849 13179210
1659376850 13665220
1659376851 13702094
1659376852 13682052
1659376853 11259546
1659376854 12737866
1659376855 7265600
1659376856 7345086
1659376857 7798414
1659376858 11855172
1659376859 9388898
1659376860 8680970
1659376861 12077082
1659376862 9687730
1659376863 11425434
1659376864 11705524
1659376865 8168686
1659376866 8401178
1659376867 7684716
1659376868 10159654
1659376869 13647400
1659376870 13656782
1659376871 9628460
1659376872 8179490
1659376873 6281060
1659376874 10592326
1659376875 12733088
1659376876 8919394
1659376877 12485870
1659376878 7864750
1659376879 10666672
1659376880 7760988
1659376881 9500776
1659376882 8040844
1659376883 8253388
1659376884 12655266
1659376885 6984194
1659376886 10754452
1659376887 11426080
1659376888 6799422
1659376889 12404516
1659376890 10074016
1659376891 8336268
1659376892 13145510
1659376893 8209384
1659376894 8238146
1659376895 12807622
1659376896 12577030
1659376897 9200122
1659376898 9207530
1659376899 8105104
1659376900 6978428
1659376901 8886840
1659376902 13175026
1659376903 12042872
1659376904 11057838
1659376905 6610950
1659376906 8398556
1659376907 8433608
1659376908 10758584
1659376909 9620544
1659376910 13670212
1659376911 12144316
1659376912 7379164
1659376913 6895958
1659376914 7521364
1659376915 8721132
1659376916 13148752
1659376917 10092072
1659376918 7938274
1659376919 11990420
1659376920 9204722
1659376921 13412230
1659376922 13615406
1659376923 11524692
1659376924 12173538
1659376925 9348996
1659376926 11439872
1659376927 8188104
1659376928 9548944
1659376929 13140274
1659376930 10209844
1659376931 12560030
1659376932 10402668
1659376933 6627326
1659376934 9918166
1659376935 11967940
1659376936 8837268
1659376937 11792434
1659376938 9636064
1659376939 9058492
1659376940 13647396
1659376941 11249304
1659376942 9980108
1659376943 6245854
1659376944 8063946
1659376945 11978910
1659376946 10178130
1659376947 7724514
1659376948 8212662
1659376949 8796954
1659376950 12454748
1659376951 13181550
1659376952 8887272
1659376953 8464486
1659376954 8887064
1659376955 13329160
1659376956 12662836
1659376957 8496902
1659376958 6667078
1659376959 11411686
1659376960 11736224
1659376961 8720712
1659376962 10479792
1659376963 9675938
1659376964 11515792
1659376965 9981904
1659376966 7146608
1659376967 11713340
1659376968 5517224
1659376969 7950550
1659376970 12539566
1659376971 9043200
1659376972 8420664
1659376973 11347812
1659376974 7878316
1659376975 8681504
1659376976 12786082
1659376977 7279534
1659376978 9788208
1659376979 11832300
1659376980 8760024
1659376981 11032004
1659376982 10676780
1659376983 9201158
1659376984 13641474
1659376985 9314548
1659376986 7946812
1659376987 8605626
1659376988 11486630
1659376989 10219944
1659376990 8000458
1659376991 13286500
1659376992 13657124
1659376993 11005418
1659376994 13543290
1659376995 12465262
1659376996 10034012
1659376997 10940822
1659376998 7455602
1659376999 11581112
1659377000 7716146
1659377001 10109702
1659377002 9016550
1659377003 7529828
1659377004 12929474
1659377005 7776216
1659377006 10211020
1659377007 11873514
1659377008 6426088
1659377009 11108414
1659377010 12588756
1659377011 9867614
1659377012 12815040
1659377013 8618128
1659377014 8276470
1659377015 8407436
1659377016 8645012
1659377017 11906450
1659377018 7288234
1659377019 10069292
1659377020 10854210
1659377021 8621244
1659377022 11528628
1659377023 11927644
1659377024 9845062
1659377025 13039458
1659377026 7768798
1659377027 7965976
1659377028 6376850
1659377029 10627638
1659377030 9453368
1659377031 9084188
1659377032 12338290
1659377033 8156800
1659377034 9144860
1659377035 12435066
1659377036 8201728
1659377037 9866834
1659377038 8953864
1659377039 7713262
1659377040 11551580
1659377041 12278948
1659377042 9924820
1659377043 9883986
1659377044 9400030
1659377045 8106856
1659377046 8036054
1659377047 10041780
1659377048 9417308
1659377049 8951182
1659377050 13671894
1659377051 10899758
1659377052 8994424
1659377053 7074528
1659377054 9662222
1659377055 9082514
1659377056 11414220
1659377057 9129962
1659377058 7983044
1659377059 13320556
1659377060 8238458
1659377061 13533794
1659377062 13524696
1659377063 11237658
1659377064 12807634
1659377065 9177852
1659377066 12750948
1659377067 6956768
1659377068 9394444
1659377069 9872012
1659377070 8178754
1659377071 12341090
1659377072 10024116
1659377073 7084944
1659377074 12935352
1659377075 8706792
1659377076 13683760
1659377077 13477068
1659377078 7328362
1659377079 7605094
1659377080 7996468
1659377081 8599582
1659377082 11265132
1659377083 11444580
1659377084 12975798
1659377085 8966160
1659377086 8729600
1659377087 10063350
1659377088 6920656
1659377089 8694442
1659377090 13203902
1659377091 13627408
1659377092 13221982
1659377093 7265170
1659377094 8070440
1659377095 6754060
1659377096 11112612
1659377097 7264596
1659377098 9356402
1659377099 10883428
1659377100 7904566
1659377101 11506316
1659377102 9452462
1659377103 7565782
1659377104 13222426
1659377105 9303534
1659377106 12991024
1659377107 13261736
1659377108 6721340
1659377109 6884938
1659377110 7980490
1659377111 12732062
1659377112 9858738
1659377113 9876962
1659377114 13501360
1659377115 8208694
1659377116 7900524
1659377117 8187502
1659377118 8342646
1659377119 8485230
1659377120 12349852
1659377121 13619000
1659377122 9202616
1659377123 7447422
1659377124 7391212
1659377125 11107134
1659377126 10750854
1659377127 10315022
1659377128 8476796
1659377129 10416454
1659377130 6930716
1659377131 12432680
1659377132 9370430
1659377133 13169936
1659377134 13536664
1659377135 12599448
1659377136 13655372
1659377137 11023792
1659377138 7215706
1659377139 12408666
1659377140 11181540
1659377141 13520380
1659377142 9152286
1659377143 8158510
1659377144 7386590
1659377145 8132158
1659377146 9010806
1659377147 13530752
1659377148 12088210
1659377149 8218828
1659377150 7079948
1659377151 11601866
1659377152 13620976
1659377153 10269642
1659377154 10279988
1659377155 8571882
1659377156 8877558
1659377157 9101026
1659377158 7508110
1659377159 10477090
1659377160 10166052
1659377161 8109298
1659377162 11873686
1659377163 10187674
1659377164 9089804
1659377165 10787848
1659377166 1067402
1659377167 392
