# events called
1659528142 3862896
1659528143 8498178
1659528144 1473840
1659528145 2660502
1659528146 22428312
1659528147 31138596
1659528148 30696996
1659528149 27713712
1659528150 28766928
1659528151 23912916
1659528152 26992110
1659528153 24590082
1659528154 25397934
1659528155 30362070
1659528156 26535606
1659528157 26537952
1659528158 24612852
1659528159 25111170
1659528160 28198230
1659528161 29162988
1659528162 26098146
1659528163 24863046
1659528164 25534968
1659528165 28779762
1659528166 27892284
1659528167 30260088
1659528168 25720992
1659528169 22768206
1659528170 26441628
1659528171 28527498
1659528172 25209012
1659528173 29995818
1659528174 24967788
1659528175 29005254
1659528176 26889024
1659528177 28720146
1659528178 21972498
1659528179 26747850
1659528180 29473074
1659528181 27009360
1659528182 29804136
1659528183 25315962
1659528184 23683422
1659528185 30189156
1659528186 26193366
1659528187 31603518
1659528188 30593358
1659528189 23916228
1659528190 28192986
1659528191 30463224
1659528192 24024834
1659528193 31506228
1659528194 24454290
1659528195 25197558
1659528196 28777968
1659528197 25693668
1659528198 31415424
1659528199 27008256
1659528200 26011206
1659528201 26117604
1659528202 27613800
1659528203 27380304
1659528204 28182360
1659528205 30814296
1659528206 23861580
1659528207 28330296
1659528208 30751368
1659528209 26233110
1659528210 26560998
1659528211 30039012
1659528212 27152742
1659528213 26772276
1659528214 25813176
1659528215 26770344
1659528216 26913726
1659528217 31335660
1659528218 30393258
1659528219 24670536
1659528220 30557616
1659528221 30313770
1659528222 27828942
1659528223 26433900
1659528224 25416288
1659528225 25373784
1659528226 31394862
1659528227 27111480
1659528228 25705812
1659528229 27848538
1659528230 27460344
1659528231 27747936
1659528232 31708536
1659528233 29425326
1659528234 27721302
1659528235 28531638
1659528236 30663048
1659528237 24431244
1659528238 25091160
1659528239 25066458
1659528240 30780762
1659528241 30391878
1659528242 28860906
1659528243 28651836
1659528244 26360070
1659528245 26844588
1659528246 28566828
1659528247 27176892
1659528248 26499174
1659528249 29685318
1659528250 29254896
1659528251 29130420
1659528252 31000458
1659528253 24933150
1659528254 21942828
1659528255 25086744
1659528256 30556236
1659528257 28791078
1659528258 25387446
1659528259 29586924
1659528260 27328416
1659528261 25677798
1659528262 28496310
1659528263 30387600
1659528264 24981450
1659528265 30931044
1659528266 28018554
1659528267 24254466
1659528268 31339386
1659528269 24040980
1659528270 30778002
1659528271 30698376
1659528272 25658616
1659528273 31579506
1659528274 23243754
1659528275 25223364
1659528276 29861958
1659528277 25318032
1659528278 31449372
1659528279 27970254
1659528280 30219240
1659528281 27375060
1659528282 26132922
1659528283 27426948
1659528284 26282790
1659528285 27380166
1659528286 31456962
1659528287 25662480
1659528288 27249756
1659528289 30013206
1659528290 25707744
1659528291 27269490
1659528292 30925110
1659528293 26654424
1659528294 24957990
1659528295 31029990
1659528296 30113532
1659528297 28020624
1659528298 30982656
1659528299 25452306
1659528300 23294814
1659528301 29112342
1659528302 29679384
1659528303 30375456
1659528304 30117120
1659528305 30158796
1659528306 26065578
1659528307 26812986
1659528308 23250240
1659528309 27450408
1659528310 28607952
1659528311 29360604
1659528312 31579230
1659528313 30195642
1659528314 25313202
1659528315 23372922
1659528316 27475800
1659528317 31529826
1659528318 26927940
1659528319 26575626
1659528320 27871860
1659528321 27461724
1659528322 30637104
1659528323 31571088
1659528324 27360570
1659528325 20298420
1659528326 2070


# events submitted
1659528142 3862896
1659528143 8498178
1659528144 1473840
1659528145 2642286
1659528146 22198680
1659528147 30971892
1659528148 30566586
1659528149 27536106
1659528150 28599810
1659528151 23834118
1659528152 26864874
1659528153 24499692
1659528154 25251516
1659528155 30217998
1659528156 26443560
1659528157 26411682
1659528158 24509904
1659528159 24962268
1659528160 28036632
1659528161 28996008
1659528162 25997130
1659528163 24746160
1659528164 25416426
1659528165 28614852
1659528166 27799686
1659528167 30078342
1659528168 25631982
1659528169 22676712
1659528170 26353170
1659528171 28382184
1659528172 25072806
1659528173 29728512
1659528174 24831720
1659528175 28858008
1659528176 26757924
1659528177 28607952
1659528178 21923508
1659528179 26595774
1659528180 29300574
1659528181 20178498
1659528182 17905776
1659528183 9499506
1659528184 8823168
1659528185 8424762
1659528186 4577736
1659528187 7758636
1659528188 7766088
1659528189 6332268
1659528190 6007968
1659528191 7629330
1659528192 6067446
1659528193 7742766
1659528194 2532990
1659528195 3458832
1659528196 2623104
1659528197 2687274
1659528199 7038
1659528200 3780786
1659528201 2035224
1659528202 2237946
1659528203 2687274
1659528206 3483258
1659528207 1891290
1659528209 2687136
1659528210 2687136
1659528211 414
1659528212 2687136
1659528213 1283538
1659528214 4091286
1659528215 2686446
1659528216 2686998
1659528218 276
1659528219 1480740
1659528220 1206672
1659528222 2687274
1659528223 2687826
1659528224 516396
1659528225 4858014
1659528227 2686998
1659528228 2687136
1659528230 1494678
1659528231 1325076
1659528232 2554794
1659528233 1794
1659528234 7866
1659528235 2679684
1659528237 3675354
1659528238 4386192
1659528239 1869072
1659528240 818202
1659528241 9660
1659528242 1002846
1659528243 1684428
1659528244 329406
1659528245 2737782
1659528246 2309016
1659528247 2036604
1659528248 3337530
1659528250 306084
1659528251 2383122
1659528253 2686860
1659528254 3455934
1659528255 2902968
1659528256 1702782
1659528258 3564540
1659528259 1810146
1659528260 101154
1659528261 3928722
1659528262 1344258
1659528263 1794
1659528264 1306998
1659528265 1379724
1659528266 35190
1659528267 4872780
1659528268 468372
1659528269 2218074
1659528270 3156612
1659528271 276
1659528272 2687274
1659528274 2686998
1659528275 799020
1659528276 4575390
1659528277 2686722
1659528280 1794
1659528281 2687412
1659528282 2687412
1659528283 2078694
1659528284 3295854
1659528285 2686722
1659528287 2686860
1659528288 2687274
1659528290 2686860
1659528291 2686446
1659528293 2687274
1659528294 2686860
1659528296 414
1659528297 2687136
1659528299 2790498
1659528300 5271186
1659528301 1067844
1659528302 1619016
1659528303 27048
1659528306 1401114
1659528307 3779130
1659528308 3972330
1659528309 1596660
1659528310 211278
1659528311 2477790
1659528314 3255972
1659528315 4805436
1659528316 2686998
1659528318 362940
1659528319 2324610
1659528320 2687136
1659528321 2318676
1659528322 404754
1659528325 2686722
1659528326 276


# events lost
1659528181 6893514
1659528182 11976468
1659528183 15820734
1659528184 14892132
1659528185 21821388
1659528186 21644472
1659528187 23919816
1659528188 22879158
1659528189 17649924
1659528190 22248222
1659528191 22886058
1659528192 18015762
1659528193 23833152
1659528194 21899772
1659528195 21728238
1659528196 26113602
1659528197 23001150
1659528198 31347942
1659528199 26897580
1659528200 22230006
1659528201 24044154
1659528202 25323690
1659528203 24675090
1659528204 28043118
1659528205 30711624
1659528206 20376114
1659528207 26400366
1659528208 30667188
1659528209 23531622
1659528210 23842122
1659528211 29958834
1659528212 24446976
1659528213 25439472
1659528214 21736932
1659528215 24040980
1659528216 24186018
1659528217 31242786
1659528218 30342750
1659528219 23144118
1659528220 29271456
1659528221 30305352
1659528222 25136424
1659528223 23706882
1659528224 24835722
1659528225 20519634
1659528226 31261830
1659528227 24408060
1659528228 23028888
1659528229 27771672
1659528230 25889490
1659528231 26370972
1659528232 29087502
1659528233 29314788
1659528234 27635052
1659528235 25828218
1659528236 30538848
1659528237 20734500
1659528238 20735190
1659528239 23156952
1659528240 29882796
1659528241 30252084
1659528242 27806310
1659528243 26903238
1659528244 25936824
1659528245 24079068
1659528246 26200680
1659528247 25081224
1659528248 23152260
1659528249 29614800
1659528250 28865184
1659528251 26687268
1659528252 30862458
1659528253 22241460
1659528254 18514770
1659528255 22159764
1659528256 28764720
1659528257 28650042
1659528258 21844020
1659528259 27697428
1659528260 27113688
1659528261 21756252
1659528262 27075324
1659528263 30259260
1659528264 23590824
1659528265 29472660
1659528266 27874896
1659528267 19382928
1659528268 30800220
1659528269 21801792
1659528270 27560118
1659528271 30600810
1659528272 22951884
1659528273 31416666
1659528274 20540610
1659528275 24359898
1659528276 25299816
1659528277 22596810
1659528278 31304334
1659528279 27867030
1659528280 30101526
1659528281 24692478
1659528282 23419428
1659528283 25310028
1659528284 22962786
1659528285 24677850
1659528286 31366572
1659528287 22968720
1659528288 24551856
1659528289 29902944
1659528290 23010810
1659528291 24555582
1659528292 30803946
1659528293 23916366
1659528294 22207374
1659528295 30906618
1659528296 30013896
1659528297 25283670
1659528298 30877086
1659528299 22624962
1659528300 18059922
1659528301 27973704
1659528302 27971772
1659528303 30223104
1659528304 29974566
1659528305 30046602
1659528306 24608850
1659528307 23057730
1659528308 19291158
1659528309 25800066
1659528310 28299108
1659528311 26805120
1659528312 31490496
1659528313 30097524
1659528314 22031424
1659528315 18589014
1659528316 24761340
1659528317 31431156
1659528318 26478612
1659528319 24209202
1659528320 25140426
1659528321 25070736
1659528322 30120294
1659528323 31415148
1659528324 27239544
1659528325 17600934
1659528326 1932
