# events called
1659458714 8492
1659458715 2760886
1659458716 1979680
1659458717 2374146
1659458718 11613456
1659458719 15846556
1659458720 19945010
1659458721 18160464
1659458722 19591734
1659458723 16328858
1659458724 16024828
1659458725 15883882
1659458726 16172860
1659458727 19097288
1659458728 19113944
1659458729 16769910
1659458730 15968368
1659458731 16322378
1659458732 19387654
1659458733 16526946
1659458734 19415728
1659458735 15775308
1659458736 16509130
1659458737 19040140
1659458738 17547478
1659458739 16865408
1659458740 17032416
1659458741 18606106
1659458742 16551440
1659458743 16728548
1659458744 19477944
1659458745 16821106
1659458746 15750370
1659458747 18117316
1659458748 18565992
1659458749 16550286
1659458750 17971516
1659458751 17342486
1659458752 16374042
1659458753 16716906
1659458754 16579272
1659458755 15880758
1659458756 17361264
1659458757 18892762
1659458758 18288520
1659458759 16619840
1659458760 13852376
1659458761 17383894
1659458762 16305812
1659458763 19465576
1659458764 18919578
1659458765 18796860
1659458766 14460266
1659458767 16612544
1659458768 15844140
1659458769 16292548
1659458770 19366350
1659458771 14968296
1659458772 17481308
1659458773 20052784
1659458774 16557598
1659458775 17690998
1659458776 18566186
1659458777 17081316
1659458778 16416838
1659458779 19533304
1659458780 19719396
1659458781 17127236
1659458782 19657442
1659458783 18171068
1659458784 14654512
1659458785 18331436
1659458786 15898350
1659458787 19668324
1659458788 20145674
1659458789 19438086
1659458790 17123806
1659458791 16624328
1659458792 16701852
1659458793 17064502
1659458794 20277828
1659458795 16950260
1659458796 18785658
1659458797 20091454
1659458798 16331336
1659458799 18365808
1659458800 15595222
1659458801 16835058
1659458802 19316902
1659458803 20287670
1659458804 17416132
1659458805 19773672
1659458806 19196002
1659458807 18682926
1659458808 18016102
1659458809 14328368
1659458810 19488898
1659458811 16355084
1659458812 17964732
1659458813 18384642
1659458814 20216328
1659458815 19468302
1659458816 17424684
1659458817 17819330
1659458818 18624194
1659458819 15599104
1659458820 17494406
1659458821 17357146
1659458822 17275588
1659458823 20159410
1659458824 19799726
1659458825 17596094
1659458826 14335880
1659458827 17050682
1659458828 19646402
1659458829 18330762
1659458830 17676880
1659458831 19385196
1659458832 19032344
1659458833 15718568
1659458834 15936734
1659458835 16302998
1659458836 20329872
1659458837 17188544
1659458838 19313870
1659458839 20321002
1659458840 17101804
1659458841 16663420
1659458842 16783990
1659458843 17208164
1659458844 20195194
1659458845 16536462
1659458846 19332326
1659458847 19653238
1659458848 17477348
1659458849 17511162
1659458850 13709442
1659458851 19342802
1659458852 17847710
1659458853 20072188
1659458854 17302052
1659458855 18900030
1659458856 20247582
1659458857 16354080
1659458858 17184562
1659458859 17815652
1659458860 15920396
1659458861 19539966
1659458862 17194426
1659458863 19539724
1659458864 20014012
1659458865 17807972
1659458866 16778440
1659458867 16302440
1659458868 17403534
1659458869 20323100
1659458870 17580480
1659458871 16358620
1659458872 19570836
1659458873 18791212
1659458874 18791162
1659458875 15977038
1659458876 17419818
1659458877 18250748
1659458878 16544016
1659458879 19653428
1659458880 16668026
1659458881 19214378
1659458882 17613900
1659458883 20093678
1659458884 17361074
1659458885 13376878
1659458886 18027684
1659458887 19671264
1659458888 19763074
1659458889 20307588
1659458890 17791836
1659458891 15191814
1659458892 16408266
1659458893 15719058
1659458894 19697554
1659458895 16358948
1659458896 20273648
1659458897 15944996
1659458898 1348


# events submitted
1659458714 8492
1659458715 2760886
1659458716 1979680
1659458717 2365118
1659458718 11509118
1659458719 15760552
1659458720 19775138
1659458721 18015018
1659458722 19393134
1659458723 16210774
1659458724 15905900
1659458725 15801406
1659458726 16081450
1659458727 18910650
1659458728 18954644
1659458729 16662992
1659458730 15862598
1659458731 16241232
1659458732 19221710
1659458733 16425170
1659458734 19184308
1659458735 15690024
1659458736 16372806
1659458737 18893844
1659458738 17395766
1659458739 16755842
1659458740 16915432
1659458741 18407990
1659458742 16424726
1659458743 16613312
1659458744 19293656
1659458745 16690672
1659458746 15641430
1659458747 17966864
1659458748 18415554
1659458749 16452890
1659458750 17778930
1659458751 17139470
1659458752 16265202
1659458753 16593248
1659458754 16458222
1659458755 15771542
1659458756 17218954
1659458757 18733672
1659458758 18093490
1659458759 16505576
1659458760 13796264
1659458761 17179320
1659458762 16211888
1659458763 19279814
1659458764 18778138
1659458765 18612336
1659458766 14341046
1659458767 16490838
1659458768 15763968
1659458769 16185298
1659458770 15087158
1659458771 4046498
1659458772 2798226
1659458773 4961236
1659458774 3701654
1659458775 4390080
1659458776 4557998
1659458777 4090128
1659458778 3791224
1659458779 4636128
1659458780 5048662
1659458781 4399220
1659458782 4676044
1659458783 3911342
1659458784 2340464
1659458785 4970122
1659458786 3067266
1659458787 4495194
1659458788 4980662
1659458789 150520
1659458790 936866
1659458791 2250936
1659458792 867730
1659458793 2875482
1659458795 1725582
1659458796 72924
1659458798 1329588
1659458799 404130
1659458800 2682158
1659458801 1543922
1659458802 979760
1659458804 1734108
1659458805 372
1659458807 513990
1659458808 1348050
1659458809 3233756
1659458810 141956
1659458811 1693410
1659458812 517462
1659458813 1217464
1659458815 69404
1659458816 6102
1659458817 2079620
1659458818 1380714
1659458819 1560734
1659458820 1906992
1659458821 84582
1659458822 1672920
1659458823 38658
1659458825 1735296
1659458826 3218510
1659458827 1302424
1659458828 678356
1659458829 640344
1659458830 1093696
1659458832 381490
1659458833 1394282
1659458834 3192136
1659458835 1685380
1659458836 281622
1659458837 1733346
1659458838 47242
1659458840 1054966
1659458841 1619914
1659458842 2523268
1659458843 1733178
1659458845 542448
1659458846 1191444
1659458847 504
1659458848 1436676
1659458849 1223942
1659458850 2540238
1659458852 1734082
1659458854 1733028
1659458855 934
1659458857 1732464
1659458858 1749418
1659458859 1717470
1659458860 442130
1659458861 1291742
1659458862 650550
1659458863 1084140
1659458865 721122
1659458866 1518304
1659458867 2769740
1659458868 1736386
1659458869 188780
1659458870 96176
1659458871 1637466
1659458872 850
1659458873 440122
1659458874 1293514
1659458875 1680656
1659458876 1786534
1659458877 87286
1659458878 2899740
1659458879 479230
1659458881 1334
1659458882 1733702
1659458884 1733664
1659458885 1782498
1659458886 2618838
1659458887 800336
1659458888 820
1659458890 20854
1659458891 1767028
1659458892 1917176
1659458893 3230684
1659458894 11044
1659458895 1790654
1659458898 270


# events lost
1659458770 4232300
1659458771 10940786
1659458772 14678352
1659458773 15106306
1659458774 12865172
1659458775 13313590
1659458776 14045940
1659458777 13010998
1659458778 12651470
1659458779 14926172
1659458780 14680780
1659458781 12743732
1659458782 14997228
1659458783 14270494
1659458784 12326528
1659458785 13401756
1659458786 12843964
1659458787 15196652
1659458788 15182058
1659458789 19182588
1659458790 16147268
1659458791 14347216
1659458792 15788326
1659458793 14193820
1659458794 20188604
1659458795 15207898
1659458796 18648200
1659458797 19986638
1659458798 14976462
1659458799 17924982
1659458800 12915420
1659458801 15272924
1659458802 18272142
1659458803 20186414
1659458804 15655022
1659458805 19674650
1659458806 19124804
1659458807 18094722
1659458808 16628204
1659458809 11103996
1659458810 19293930
1659458811 14649936
1659458812 17378142
1659458813 17091378
1659458814 20133506
1659458815 19315708
1659458816 17345978
1659458817 15712220
1659458818 17188590
1659458819 14025696
1659458820 15569744
1659458821 17216318
1659458822 15578842
1659458823 20022122
1659458824 19725412
1659458825 15828684
1659458826 11139858
1659458827 15717968
1659458828 18920792
1659458829 17647820
1659458830 16529634
1659458831 19296520
1659458832 18576528
1659458833 14303364
1659458834 12767144
1659458835 14612120
1659458836 19978414
1659458837 15437042
1659458838 19176994
1659458839 20216356
1659458840 15985850
1659458841 15011054
1659458842 14248828
1659458843 15463604
1659458844 20115744
1659458845 15945144
1659458846 18074936
1659458847 19572654
1659458848 15998768
1659458849 16236532
1659458850 11185742
1659458851 19255252
1659458852 16073910
1659458853 19982652
1659458854 15538440
1659458855 18809792
1659458856 20164936
1659458857 14606618
1659458858 15411378
1659458859 16054940
1659458860 15428464
1659458861 18181240
1659458862 16488504
1659458863 18391830
1659458864 19916522
1659458865 17021576
1659458866 15228170
1659458867 13542468
1659458868 15626832
1659458869 20077404
1659458870 17395866
1659458871 14693780
1659458872 19492484
1659458873 18298248
1659458874 17439474
1659458875 14250978
1659458876 15593914
1659458877 18092526
1659458878 13654146
1659458879 19106756
1659458880 16603670
1659458881 19127280
1659458882 15824028
1659458883 19998870
1659458884 15617302
1659458885 11587572
1659458886 15411470
1659458887 18829856
1659458888 19669108
1659458889 20190060
1659458890 17685044
1659458891 13409482
1659458892 14473390
1659458893 12501946
1659458894 19608004
1659458895 14549910
1659458896 20163016
1659458897 15898648
1659458898 1078
