# events called
1659452302 455928
1659452303 3106214
1659452304 1187040
1659452305 3238800
1659452306 13964522
1659452307 14501216
1659452308 18153910
1659452309 18155892
1659452310 19683060
1659452311 19585360
1659452312 18363298
1659452313 15016554
1659452314 12659458
1659452315 16067762
1659452316 19576286
1659452317 19387332
1659452318 15665170
1659452319 15947628
1659452320 16327798
1659452321 17329492
1659452322 18204062
1659452323 17112038
1659452324 14487706
1659452325 19082076
1659452326 16854418
1659452327 16626004
1659452328 18977786
1659452329 14594262
1659452330 15757880
1659452331 19078104
1659452332 16441824
1659452333 15571812
1659452334 17035136
1659452335 17011634
1659452336 18124668
1659452337 19228654
1659452338 18250546
1659452339 14846050
1659452340 14787598
1659452341 16391342
1659452342 18558472
1659452343 16944738
1659452344 16053220
1659452345 18862846
1659452346 16303370
1659452347 19248580
1659452348 15461246
1659452349 15529156
1659452350 16948786
1659452351 18946736
1659452352 15466160
1659452353 18686090
1659452354 17033812
1659452355 16560040
1659452356 19334646
1659452357 17700838
1659452358 17880422
1659452359 13786972
1659452360 18389198
1659452361 17763618
1659452362 19727188
1659452363 19474670
1659452364 17123792
1659452365 18421862
1659452366 15024172
1659452367 16955908
1659452368 20153656
1659452369 15200742
1659452370 20222370
1659452371 16016414
1659452372 17126988
1659452373 19540224
1659452374 17983266
1659452375 18399910
1659452376 19014924
1659452377 18539182
1659452378 17764568
1659452379 13575960
1659452380 19030308
1659452381 20227400
1659452382 16998616
1659452383 17954646
1659452384 16590188
1659452385 16823986
1659452386 18211470
1659452387 19403132
1659452388 16009890
1659452389 18012472
1659452390 14467882
1659452391 17569940
1659452392 18859536
1659452393 19585436
1659452394 16091958
1659452395 17115978
1659452396 19314972
1659452397 17066206
1659452398 17774140
1659452399 14273362
1659452400 19386050
1659452401 20215994
1659452402 19600594
1659452403 16968114
1659452404 12878678
1659452405 18839576
1659452406 19799232
1659452407 17683792
1659452408 17522922
1659452409 15352892
1659452410 16754604
1659452411 20236402
1659452412 17852994
1659452413 19238660
1659452414 15044882
1659452415 17041708
1659452416 20296630
1659452417 17194486
1659452418 20070368
1659452419 15735158
1659452420 17222492
1659452421 20210994
1659452422 17347132
1659452423 16825710
1659452424 18935020
1659452425 17392458
1659452426 16857454
1659452427 18858378
1659452428 20091312
1659452429 17315704
1659452430 17291076
1659452431 20119660
1659452432 16983554
1659452433 16020030
1659452434 17236786
1659452435 16490104
1659452436 20305762
1659452437 16351032
1659452438 20250512
1659452439 16463334
1659452440 19703028
1659452441 20156900
1659452442 17063166
1659452443 15124324
1659452444 15016608
1659452445 18435854
1659452446 16270514
1659452447 20283176
1659452448 17173434
1659452449 16574768
1659452450 20286028
1659452451 16139802
1659452452 17188982
1659452453 20129596
1659452454 18047082
1659452455 18254538
1659452456 17481928
1659452457 19044166
1659452458 15898576
1659452459 15456122
1659452460 17114556
1659452461 19967392
1659452462 20011020
1659452463 20103856
1659452464 15015418
1659452465 17202174
1659452466 16122374
1659452467 17187330
1659452468 20287172
1659452469 15138398
1659452470 20300426
1659452471 17104166
1659452472 17281948
1659452473 20257516
1659452474 17229090
1659452475 18192340
1659452476 17185734
1659452477 20068726
1659452478 16974934
1659452479 14190510
1659452480 17516394
1659452481 17367658
1659452482 17722774
1659452483 19759958
1659452484 17459902
1659452485 11819328
1659452486 1348


# events submitted
1659452302 455928
1659452303 3106214
1659452304 1187040
1659452305 3223094
1659452306 13857060
1659452307 14455026
1659452308 18045682
1659452309 18020030
1659452310 19489220
1659452311 19372012
1659452312 18214942
1659452313 14964992
1659452314 12629386
1659452315 15989236
1659452316 19408786
1659452317 19226480
1659452318 15578116
1659452319 15840186
1659452320 16227902
1659452321 17200412
1659452322 18080626
1659452323 16983116
1659452324 14402840
1659452325 18923182
1659452326 16760134
1659452327 16522566
1659452328 18820414
1659452329 14480902
1659452330 15667572
1659452331 18905242
1659452332 16328832
1659452333 15483374
1659452334 16849378
1659452335 16892694
1659452336 17950900
1659452337 19018664
1659452338 18044924
1659452339 14748542
1659452340 14750280
1659452341 16298132
1659452342 18413768
1659452343 16833270
1659452344 15877746
1659452345 18702006
1659452346 16199512
1659452347 19021502
1659452348 15378528
1659452349 15432996
1659452350 16824158
1659452351 18795368
1659452352 15367318
1659452353 18519464
1659452354 16888876
1659452355 16466656
1659452356 17738570
1659452357 12581244
1659452358 5777112
1659452359 1504554
1659452360 3779082
1659452361 4863420
1659452362 5027112
1659452363 4660144
1659452364 4359038
1659452365 4363928
1659452366 2510742
1659452367 4593162
1659452368 4871130
1659452369 3335570
1659452370 4996898
1659452371 2250768
1659452372 3493128
1659452373 4502138
1659452374 4516762
1659452375 4456068
1659452376 4847098
1659452377 4453462
1659452378 4067024
1659452379 1460854
1659452380 4929356
1659452381 4960936
1659452382 4267554
1659452383 4473548
1659452384 3680442
1659452385 1729300
1659452386 598
1659452388 1624070
1659452389 336978
1659452390 2626232
1659452391 2345904
1659452393 520
1659452394 757318
1659452395 2307932
1659452396 402008
1659452397 630172
1659452398 2836392
1659452399 928214
1659452400 804918
1659452402 2674
1659452403 1853896
1659452404 2685190
1659452405 654992
1659452407 1733528
1659452408 1727842
1659452409 1337146
1659452410 1619632
1659452411 509526
1659452412 319384
1659452413 1415988
1659452414 1165248
1659452415 1715234
1659452416 585712
1659452417 1734250
1659452419 1005932
1659452420 1561708
1659452421 899532
1659452422 1295930
1659452423 987012
1659452424 1181814
1659452425 226172
1659452426 2773354
1659452427 464816
1659452429 448
1659452430 1733206
1659452432 1704442
1659452433 577000
1659452434 2923408
1659452435 1732902
1659452437 1732382
1659452439 1119534
1659452440 614212
1659452442 1732808
1659452443 574984
1659452444 3191246
1659452445 1433552
1659452446 1731436
1659452448 1567426
1659452449 1635824
1659452450 263882
1659452451 524996
1659452452 2818674
1659452453 123578
1659452454 472
1659452455 467616
1659452456 1265558
1659452457 276416
1659452458 2614340
1659452459 2307496
1659452460 998140
1659452461 735430
1659452462 542
1659452464 1732086
1659452465 504452
1659452466 2842122
1659452467 1732880
1659452469 1608496
1659452470 125964
1659452471 1733608
1659452472 1709130
1659452473 24618
1659452474 456
1659452475 211874
1659452476 1519980
1659452478 1734142
1659452479 1891908
1659452480 1575006
1659452481 1734152
1659452482 777730
1659452483 956792
1659452485 1733386
1659452486 954


# events lost
1659452356 1462990
1659452357 5141610
1659452358 12112786
1659452359 12285610
1659452360 14622170
1659452361 12935416
1659452362 14742778
1659452363 14826530
1659452364 12795866
1659452365 14082492
1659452366 12521664
1659452367 12388352
1659452368 15301084
1659452369 11872950
1659452370 15225566
1659452371 13771754
1659452372 13656470
1659452373 15071302
1659452374 13499628
1659452375 13973352
1659452376 14200164
1659452377 14086872
1659452378 13723618
1659452379 12107786
1659452380 14141982
1659452381 15301416
1659452382 12761910
1659452383 13504614
1659452384 12929482
1659452385 15088016
1659452386 18109802
1659452387 19329056
1659452388 14373178
1659452389 17598716
1659452390 11853132
1659452391 15207510
1659452392 18780046
1659452393 19506768
1659452394 15297434
1659452395 14787154
1659452396 18839592
1659452397 16377002
1659452398 14936568
1659452399 13317222
1659452400 18532688
1659452401 20136936
1659452402 19506428
1659452403 15101538
1659452404 10203152
1659452405 18125818
1659452406 19716612
1659452407 15897834
1659452408 15726378
1659452409 13981720
1659452410 15110366
1659452411 19657086
1659452412 17479400
1659452413 17755114
1659452414 13863102
1659452415 15304844
1659452416 19626424
1659452417 15432420
1659452418 19947994
1659452419 14691946
1659452420 15639728
1659452421 19245864
1659452422 16000322
1659452423 15802746
1659452424 17699886
1659452425 17111420
1659452426 14074616
1659452427 18323570
1659452428 19980708
1659452429 17231556
1659452430 15533480
1659452431 19995650
1659452432 15254600
1659452433 15403878
1659452434 14306558
1659452435 14721290
1659452436 20202954
1659452437 14611698
1659452438 20133168
1659452439 15308480
1659452440 19005192
1659452441 20056680
1659452442 15279286
1659452443 14524282
1659452444 11840832
1659452445 16967802
1659452446 14519046
1659452447 20170452
1659452448 15580368
1659452449 14906000
1659452450 19930246
1659452451 15563810
1659452452 14365262
1659452453 19910452
1659452454 17936486
1659452455 17716912
1659452456 16165720
1659452457 18682614
1659452458 13286394
1659452459 13137132
1659452460 16086256
1659452461 19159718
1659452462 19912212
1659452463 20007102
1659452464 13258862
1659452465 16629244
1659452466 13274996
1659452467 15427780
1659452468 20174936
1659452469 13523506
1659452470 20086024
1659452471 15335966
1659452472 15550950
1659452473 20123918
1659452474 17169634
1659452475 17880450
1659452476 15606774
1659452477 19947460
1659452478 15207732
1659452479 12285748
1659452480 15916562
1659452481 15596606
1659452482 16903686
1659452483 18741426
1659452484 17364600
1659452485 10094550
1659452486 394
