# events called
1659453616 613470
1659453617 3230078
1659453618 905510
1659453619 5647148
1659453620 12948628
1659453621 17471890
1659453622 19837636
1659453623 16992788
1659453624 19080804
1659453625 18159680
1659453626 14375550
1659453627 15117754
1659453628 16120428
1659453629 19512302
1659453630 19446554
1659453631 16532604
1659453632 15995372
1659453633 16323770
1659453634 17223172
1659453635 18056192
1659453636 19399840
1659453637 15968314
1659453638 16176242
1659453639 16624442
1659453640 17373636
1659453641 18054256
1659453642 19294604
1659453643 15336718
1659453644 16618790
1659453645 15854754
1659453646 17711634
1659453647 16792468
1659453648 17550584
1659453649 17000890
1659453650 16107346
1659453651 18678928
1659453652 19243512
1659453653 17089182
1659453654 16317636
1659453655 18998248
1659453656 15889520
1659453657 17059940
1659453658 16408758
1659453659 18846948
1659453660 19426290
1659453661 16654436
1659453662 17734540
1659453663 13197414
1659453664 18047076
1659453665 15963308
1659453666 19041284
1659453667 16994092
1659453668 17942062
1659453669 16676498
1659453670 17761836
1659453671 15058346
1659453672 19049292
1659453673 18720942
1659453674 17507974
1659453675 16200618
1659453676 18584482
1659453677 17161360
1659453678 19402826
1659453679 16941196
1659453680 18413446
1659453681 17041020
1659453682 19019624
1659453683 15921248
1659453684 20228682
1659453685 16307102
1659453686 19669630
1659453687 17969448
1659453688 15802540
1659453689 19533516
1659453690 20127770
1659453691 17483398
1659453692 17814480
1659453693 18786368
1659453694 16274276
1659453695 19597454
1659453696 16098554
1659453697 15215156
1659453698 18140346
1659453699 17197302
1659453700 20336970
1659453701 18287746
1659453702 17229608
1659453703 16517258
1659453704 19506084
1659453705 17226488
1659453706 17343604
1659453707 20230306
1659453708 15927298
1659453709 17064124
1659453710 20320364
1659453711 17466978
1659453712 19494542
1659453713 17993610
1659453714 17598710
1659453715 17164428
1659453716 15884176
1659453717 16397640
1659453718 18245924
1659453719 17487320
1659453720 20079772
1659453721 19550028
1659453722 16415988
1659453723 18001758
1659453724 17862856
1659453725 17022370
1659453726 15435302
1659453727 17494402
1659453728 18147676
1659453729 19720484
1659453730 17731744
1659453731 19650162
1659453732 17639202
1659453733 15127548
1659453734 16925282
1659453735 19713684
1659453736 19747484
1659453737 16363548
1659453738 15568596
1659453739 18828126
1659453740 20098780
1659453741 19282616
1659453742 15570594
1659453743 16165406
1659453744 16373898
1659453745 20332654
1659453746 19637578
1659453747 18518260
1659453748 15361642
1659453749 15426948
1659453750 17130048
1659453751 19805934
1659453752 20253150
1659453753 18091308
1659453754 17535058
1659453755 17023376
1659453756 16122426
1659453757 19618816
1659453758 16499294
1659453759 15692122
1659453760 16696188
1659453761 17355606
1659453762 20274466
1659453763 15859648
1659453764 17595128
1659453765 20221660
1659453766 17476700
1659453767 15483722
1659453768 19247678
1659453769 19629046
1659453770 18197188
1659453771 19068946
1659453772 19404388
1659453773 16778996
1659453774 15175772
1659453775 18975644
1659453776 17533354
1659453777 19687670
1659453778 17465334
1659453779 20202540
1659453780 15937494
1659453781 15235772
1659453782 17466876
1659453783 17982970
1659453784 17350536
1659453785 20277858
1659453786 19781298
1659453787 17395542
1659453788 17626038
1659453789 16283340
1659453790 14737122
1659453791 17632504
1659453792 18794858
1659453793 17931620
1659453794 18933926
1659453795 18672300
1659453796 19681532
1659453797 15754394
1659453798 14540630
1659453799 9719194
1659453800 1348


# events submitted
1659453616 613470
1659453617 3230078
1659453618 905510
1659453619 5609944
1659453620 12878052
1659453621 17350194
1659453622 19694618
1659453623 16843832
1659453624 18890500
1659453625 17987854
1659453626 14308392
1659453627 15030628
1659453628 16050034
1659453629 19345828
1659453630 19298210
1659453631 16422550
1659453632 15883100
1659453633 16200402
1659453634 17106310
1659453635 17916522
1659453636 19225524
1659453637 15871926
1659453638 16068106
1659453639 16530182
1659453640 17242588
1659453641 17929868
1659453642 19087668
1659453643 15223708
1659453644 16550046
1659453645 15751044
1659453646 17555664
1659453647 16703702
1659453648 17366218
1659453649 16865012
1659453650 16013402
1659453651 18525198
1659453652 19053992
1659453653 16918836
1659453654 16225498
1659453655 18821710
1659453656 15789066
1659453657 16934932
1659453658 16312844
1659453659 18693574
1659453660 19238442
1659453661 16530030
1659453662 17573034
1659453663 13132144
1659453664 17877172
1659453665 15854090
1659453666 18862400
1659453667 16869434
1659453668 17757050
1659453669 16567638
1659453670 17607792
1659453671 15006260
1659453672 17020174
1659453673 11564870
1659453674 4847320
1659453675 4661934
1659453676 4895024
1659453677 4948532
1659453678 4799732
1659453679 4515258
1659453680 4963076
1659453681 3961286
1659453682 4861802
1659453683 3351764
1659453684 4988300
1659453685 3034292
1659453686 553546
1659453687 1704506
1659453688 637694
1659453689 1092260
1659453691 1731436
1659453692 1734400
1659453693 634
1659453694 1734850
1659453696 2425200
1659453697 2772900
1659453699 1658166
1659453700 76898
1659453701 810278
1659453702 1745354
1659453703 909446
1659453704 11132
1659453705 1747512
1659453706 1708550
1659453708 1732686
1659453709 1733858
1659453711 829676
1659453712 904328
1659453714 390892
1659453715 1744846
1659453716 3067242
1659453717 1732962
1659453719 1732660
1659453721 682
1659453722 1733070
1659453724 1083460
1659453725 1298240
1659453726 2817784
1659453727 787022
1659453728 946578
1659453729 596
1659453730 788446
1659453731 945010
1659453732 889078
1659453733 1816134
1659453734 2495358
1659453735 764
1659453737 1734792
1659453738 2087164
1659453739 1380752
1659453741 243636
1659453742 2227742
1659453743 2727720
1659453744 1733802
1659453746 636
1659453747 222816
1659453748 1642820
1659453749 1963968
1659453750 2513548
1659453751 592408
1659453752 596
1659453754 1281400
1659453755 1110418
1659453756 2809856
1659453758 473372
1659453759 2066962
1659453760 2656638
1659453761 1733874
1659453763 1732692
1659453764 1733046
1659453766 1412112
1659453767 1782262
1659453768 272830
1659453769 472
1659453770 902510
1659453771 830142
1659453772 63628
1659453773 1669866
1659453774 2105316
1659453775 1360684
1659453776 1733272
1659453778 402
1659453780 1733928
1659453781 2536276
1659453782 1375144
1659453783 1290624
1659453784 1733920
1659453786 604
1659453787 1733802
1659453789 1733328
1659453790 2331466
1659453791 1542666
1659453792 1326344
1659453793 550
1659453794 393878
1659453795 1339902
1659453797 1890592
1659453798 3311144
1659453800 332


# events lost
1659453672 1907794
1659453673 7170718
1659453674 12687756
1659453675 11557234
1659453676 13734008
1659453677 12246518
1659453678 14639580
1659453679 12451394
1659453680 13475910
1659453681 13093242
1659453682 14185132
1659453683 12591962
1659453684 15262684
1659453685 13303184
1659453686 19048696
1659453687 16231546
1659453688 15119696
1659453689 18390660
1659453690 20073768
1659453691 15700110
1659453692 16048504
1659453693 18721668
1659453694 14504724
1659453695 19512298
1659453696 13673962
1659453697 12450398
1659453698 18063524
1659453699 15533772
1659453700 20173454
1659453701 17419790
1659453702 15450770
1659453703 15575080
1659453704 19469334
1659453705 15469936
1659453706 15617412
1659453707 20133038
1659453708 14188064
1659453709 15302610
1659453710 20221518
1659453711 16593924
1659453712 18532496
1659453713 17968300
1659453714 17149746
1659453715 15378606
1659453716 12796590
1659453717 14650440
1659453718 18159066
1659453719 15723060
1659453720 19970010
1659453721 19454392
1659453722 14659204
1659453723 17910834
1659453724 16724754
1659453725 15688756
1659453726 12619394
1659453727 16669370
1659453728 17143502
1659453729 19641722
1659453730 16878028
1659453731 18628176
1659453732 16691932
1659453733 13307660
1659453734 14423760
1659453735 19630512
1659453736 19660722
1659453737 14624386
1659453738 13466226
1659453739 17412410
1659453740 20001188
1659453741 18954196
1659453742 13332264
1659453743 13454542
1659453744 14622732
1659453745 20232838
1659453746 19551954
1659453747 18230706
1659453748 13695394
1659453749 13464894
1659453750 14618342
1659453751 19162222
1659453752 20155460
1659453753 18005954
1659453754 16199236
1659453755 15877484
1659453756 13315048
1659453757 19561706
1659453758 15965096
1659453759 13620956
1659453760 14042156
1659453761 15584462
1659453762 20208442
1659453763 14096050
1659453764 15839142
1659453765 20137422
1659453766 16010522
1659453767 13675272
1659453768 18916758
1659453769 19538382
1659453770 17215180
1659453771 18148316
1659453772 19248714
1659453773 15092776
1659453774 13063776
1659453775 17570816
1659453776 15733566
1659453777 19624482
1659453778 17400954
1659453779 20110074
1659453780 14193998
1659453781 12705542
1659453782 16067054
1659453783 16633508
1659453784 15585044
1659453785 20199500
1659453786 19697812
1659453787 15641346
1659453788 17553758
1659453789 14518716
1659453790 12405110
1659453791 16062958
1659453792 17429106
1659453793 17849982
1659453794 18455254
1659453795 17283556
1659453796 19578360
1659453797 13845250
1659453798 11242294
1659453799 9696200
1659453800 1016
