1669734300 1444.578
1669734301 1385.207
1669734301 1335.172
1669734302 1498.148
1669734303 1338.000
1669734304 1333.000
1669734304 1324.627
1669734305 1434.000
1669734306 1406.977
1669734307 1316.092
1669734307 1453.435
1669734308 1458.710
1669734309 1403.279
1669734310 1446.853
1669734310 1522.449
1669734311 1431.847
1669734312 1503.650
1669734312 1578.947
1669734313 1489.928
1669734313 1498.214
1669734314 1483.439
1669734315 1521.477
1669734316 1563.910
1669734316 1559.355
1669734317 1562.286
1669734317 1532.192
1669734318 1576.923
1669734319 1455.488
1669734320 1468.750
1669734320 1587.574
1669734321 1527.451
1669734321 1526.154
1669734322 1541.714
1669734323 1537.500
1669734323 1477.465
1669734325 1843.564
1669734329 2680.952
1669734331 2988.710
1669734332 2915.306
1669734334 2928.572
1669734335 2416.129
1669734337 2512.613
1669734338 2690.984
1669734339 2090.678
1669734340 1793.750
1669734341 1838.583
1669734342 1950.000
1669734343 2017.391
1669734344 2041.667
1669734345 1973.771
1669734346 1951.724
1669734347 1875.229
1669734347 1758.400
1669734348 1831.298
1669734349 1725.000
1669734350 1879.231
1669734350 1762.162
1669734351 1684.314
1669734352 1785.714
1669734352 1608.571
1669734353 1704.878
1669734353 1720.382
1669734354 1633.540
1669734354 1762.595
1669734355 1646.000
1669734356 1738.843
1669734357 1862.857
1669734358 1853.279
1669734358 1918.868
1669734359 1938.462
1669734359 1973.620
1669734360 1900.000
1669734361 1747.857
1669734361 1734.416
1669734362 1789.474
1669734363 1893.182
1669734364 2127.848
1669734364 1956.818
1669734365 1844.853
1669734366 1897.810
1669734366 2046.067
1669734367 2067.721
1669734368 2030.556
1669734369 2100.000
1669734369 2142.938
1669734370 2037.500
1669734371 1935.032
1669734372 1992.593
1669734372 1916.667
1669734373 1881.250
1669734374 2059.375
1669734375 2116.049
1669734375 1922.013
1669734376 2054.545
1669734377 2107.650
1669734379 2060.606
1669734379 2263.333
1669734381 2654.032
1669734381 2454.487
1669734383 2732.090
1669734384 2396.774
1669734385 2768.644
1669734385 2634.899
1669734387 2403.650
1669734387 2417.857
1669734389 2311.111
1669734389 2571.533
1669734390 2214.024
1669734391 2377.941
1669734393 2508.333
1669734393 2520.567
1669734394 2527.660
1669734394 1238.304
1669734395 1255.943
1669734396 936.599
1669734397 962.143
1669734397 958.574
1669734399 1027.927
1669734399 1088.536
1669734400 1136.600
1669734401 1098.723
1669734402 1433.962
1669734402 1235.633
1669734403 1157.834
1669734404 1133.864
1669734405 1199.667
1669734406 1133.931
1669734406 1150.000
1669734408 1181.785
1669734408 1172.827
1669734409 1194.217
1669734410 1196.184
1669734411 1201.074
1669734412 1149.432
1669734413 1144.125
1669734413 1169.341
1669734414 1270.063
1669734414 1269.286
1669734416 1459.036
1669734416 1438.535
1669734417 1458.140
1669734417 1542.857
1669734418 1475.862
1669734419 1413.924
1669734419 1386.869
1669734420 1424.528
1669734420 1357.778
1669734421 1413.245
1669734422 1464.815
1669734422 1385.135
1669734423 1478.065
1669734424 1318.405
1669734424 1365.625
1669734425 1242.057
1669734426 1169.868
1669734427 1023.470
1669734428 1009.286
1669734429 1030.899
1669734430 1142.828
1669734430 1229.796
1669734431 1334.132
1669734432 1387.578
1669734433 1300.000
1669734433 1396.575
1669734434 1322.373
1669734435 1273.893
1669734436 1296.161
1669734437 1322.330
1669734438 1372.664
1669734439 1388.112
1669734439 1238.179
1669734440 1308.602
1669734441 1263.478
1669734442 1280.389
1669734443 1302.256
1669734444 1369.565
1669734444 1529.412
1669734445 1396.610
1669734446 1615.385
1669734447 1554.902
1669734447 1540.000
1669734448 1411.340
1669734448 1585.517
1669734449 1413.245
1669734450 1604.054
1669734450 1506.250
1669734451 1561.364
1669734452 1596.273
1669734452 1518.367
1669734453 1516.781
1669734453 1509.143
1669734454 1513.158
1669734455 1326.882
1669734456 1450.000
1669734457 1631.169
1669734457 1459.854
1669734458 1454.167
1669734459 1493.789
1669734459 1525.000
1669734460 1468.862
1669734460 1692.308
1669734461 1672.078
1669734462 2020.155
1669734463 2098.347
1669734464 2556.489
1669734466 2787.500
1669734467 2445.455
1669734469 2572.566
1669734470 2673.077
1669734471 2094.690
1669734472 2134.042
1669734473 2464.815
1669734474 2428.000
1669734476 2140.000
1669734476 2492.308
1669734477 2220.755
1669734478 1942.373
1669734479 1957.692
1669734480 1844.355
1669734481 1791.489
1669734481 2148.092
1669734482 1890.840
1669734483 2045.833
1669734484 2244.538
1669734484 1891.892
1669734485 1945.113
1669734486 1765.116
1669734487 1849.600
1669734488 1908.333
1669734488 1737.500
1669734489 1894.495
1669734490 1814.634
1669734492 2002.362
1669734493 2296.296
1669734494 2409.009
1669734496 2362.687
1669734496 2380.392
1669734497 2403.731
1669734498 2115.909
1669734500 2508.696
1669734500 2255.372
1669734502 2150.000
1669734502 2261.487
1669734504 2140.157
1669734505 2178.688
1669734506 2387.705
1669734506 2229.457
1669734508 2044.295
1669734508 1999.291
1669734509 1766.216
1669734510 1726.761
1669734510 1935.294
1669734511 1985.227
1669734512 1862.500
1669734513 1869.531
1669734513 1851.908
1669734514 1962.814
1669734515 1932.432
1669734516 1759.740
1669734516 1840.000
1669734517 1931.746
1669734518 1951.913
1669734519 1892.308
1669734520 2501.307
1669734521 2844.828
1669734522 2611.765
1669734524 2601.299
1669734525 2702.817
1669734526 2780.952
1669734527 3217.308
1669734528 2760.249
1669734530 2810.494
1669734531 2918.145
1669734532 2658.621
1669734533 2725.806
1669734534 2861.310
1669734535 2542.857
1669734536 1213.598
1669734536 991.231
1669734537 1046.899
1669734538 1011.968
1669734539 1005.315
1669734540 983.571
1669734541 967.727
1669734542 938.828
1669734543 1075.786
1669734543 1067.248
1669734544 1219.375
1669734545 1219.026
1669734546 1184.985
1669734547 1108.206
1669734548 1131.946
1669734548 1093.139
1669734549 1126.937
1669734550 1088.707
1669734551 1066.630
1669734551 1076.963
1669734552 1070.341
1669734553 1089.928
1669734554 1080.852
1669734555 1099.735
1669734556 1116.497
1669734556 1143.636
1669734557 1283.576
1669734557 1379.054
1669734558 1388.000
1669734559 1377.953
1669734559 1416.779
1669734560 1430.147
1669734561 1412.500
1669734561 1489.375
1669734562 1424.585
1669734562 1592.357
1669734563 1457.595
1669734564 1418.705
1669734564 1350.000
1669734565 1615.607
1669734565 1368.750
1669734566 1211.394
1669734567 1174.533
1669734568 1163.769
1669734569 1065.190
1669734570 1085.678
1669734570 1081.997
1669734571 1142.333
1669734572 1162.796
1669734573 1247.822
1669734574 1269.873
1669734575 1300.000
1669734576 1264.984
1669734576 1343.548
1669734577 1283.774
1669734578 1237.240
1669734579 1378.571
1669734579 1261.273
1669734580 1395.270
1669734581 1387.417
1669734582 1467.391
1669734582 1471.186
1669734583 1537.805
1669734583 1407.463
1669734584 1457.692
1669734585 1434.783
1669734585 1503.571
1669734586 1542.000
1669734586 1249.079
1669734587 1297.075
1669734589 1370.833
1669734589 1558.394
1669734590 1639.130
1669734590 1718.235
1669734591 1670.588
1669734591 1584.302
1669734592 1712.281
1669734593 1579.866
1669734593 1514.024
1669734594 1596.491
1669734594 1541.177
1669734595 1496.000
1669734596 1557.627
1669734596 1622.222
1669734597 1641.379
1669734597 1656.354
1669734598 1577.193
1669734598 1492.857
1669734599 1502.410
1669734600 1594.972
1669734600 1487.013