1659098097;555.8671875
1659098098;505.8984375
1659098099;96.9375
1659098100;190.1015625
1659098101;132.0703125
1659098102;130.640625
1659098103;171.375
1659098104;112.734375
1659098105;137.5546875
1659098106;122.90625
1659098107;120.84375
1659098108;131.6484375
1659098109;197.53125
1659098110;106.9453125
1659098111;167.9296875
1659098112;159.4921875
1659098113;178.921875
1659098114;331.40625
1659098115;167.671875
1659098116;288.4921875
1659098117;168.4453125
1659098118;253.21875
1659098119;186.609375
1659098120;279.0234375
1659098121;228.84375
1659098122;185.4609375
1659098123;207.9375
1659098124;280.359375
1659098125;183.9375
1659098126;175.265625
1659098127;188.8125
1659098128;223.4296875
1659098129;254.484375
1659098130;155.3671875
1659098131;262.03125
1659098132;285.28125
1659098133;250.8984375
1659098134;122.484375
1659098135;182.765625
1659098136;192.890625
1659098137;243.2578125
1659098138;191.6953125
1659098139;166.2421875
1659098140;189.9375
1659098141;262.8984375
1659098142;126.7734375
1659098143;274.7109375
1659098144;147.234375
1659098145;197.3203125
1659098146;135.5859375
1659098147;140.7890625
1659098148;288.7734375
1659098149;165.9375
1659098150;198.421875
1659098151;161.625
1659098152;250.2421875
1659098153;275.53125
1659098154;138.140625
1659098155;138.28125
1659098156;233.953125
1659098157;169.4296875
1659098158;257.25
1659098159;138.0234375
1659098160;218.953125
1659098161;218.2265625
1659098162;202.0546875
1659098163;233.8359375
1659098164;194.625
1659098165;167.390625
1659098166;235.2421875
1659098167;191.6015625
1659098168;254.6015625
1659098169;252.2109375
1659098170;186.2109375
1659098171;134.6484375
1659098172;235.03125
1659098173;301.5
1659098174;267.3984375
1659098175;148.6640625
1659098176;191.15625
1659098177;213.7734375
1659098178;275.6015625
1659098179;161.4140625
1659098180;211.125
1659098181;229.8515625
1659098182;240.2578125
1659098183;273.140625
1659098184;171.2109375
1659098185;235.921875
1659098186;161.90625
1659098187;199.828125
1659098188;270.5859375
1659098189;259.5703125
1659098190;145.5234375
1659098191;194.8828125
1659098192;183.3515625
1659098193;303.046875
1659098194;213.0
1659098195;160.734375
1659098196;263.8359375
1659098197;240.4921875
1659098198;244.8046875
1659098199;186.375
1659098200;208.3125
1659098201;234.3984375
1659098202;194.6484375
1659098203;282.0
1659098204;204.9140625
1659098205;194.296875
1659098206;243.5859375
1659098207;205.4765625
1659098208;221.9765625
1659098209;152.296875
1659098210;142.2421875
1659098211;196.7578125
1659098212;189.0703125
1659098213;259.03125
1659098214;206.8828125
1659098215;243.890625
1659098216;212.015625
1659098217;193.96875
1659098218;211.9453125
1659098219;184.5
1659098220;251.7890625
1659098221;179.6015625
1659098222;179.625
1659098223;263.4609375
1659098224;247.9921875
1659098225;228.796875
1659098226;193.875
1659098227;204.7734375
1659098228;272.8359375
1659098229;196.3828125
1659098230;190.6640625
1659098231;273.6796875
1659098232;218.953125
1659098233;225.5859375
1659098234;249.515625
1659098235;162.2578125
1659098236;194.6484375
1659098237;286.546875
1659098238;221.015625
1659098239;186.796875
1659098240;209.15625
1659098241;244.78125
1659098242;182.578125
1659098243;236.484375
1659098244;211.5
1659098245;225.9140625
1659098246;189.4921875
1659098247;205.828125
1659098248;218.953125
1659098249;203.90625
1659098250;226.546875
1659098251;198.8203125
1659098252;128.4609375
1659098253;273.890625
1659098254;261.28125
1659098255;216.9375
1659098256;226.453125
1659098257;262.734375
1659098258;205.59375
1659098259;197.6953125
1659098260;203.5078125
1659098261;283.875
1659098262;152.671875
1659098263;286.9921875
1659098264;276.9609375
1659098265;196.3125
1659098266;164.0625
1659098267;135.890625
1659098268;208.4765625
1659098269;301.6640625
1659098270;214.546875
1659098271;150.6796875
1659098272;248.34375
1659098273;240.8203125
1659098274;238.1484375
1659098275;254.2265625
1659098276;220.0078125
1659098277;160.2421875
1659098278;211.96875
1659098279;194.4140625
1659098280;122.4375
1659098281;224.2734375
1659098282;199.078125
1659098283;224.953125
1659098284;247.734375
1659098285;201.7734375
1659098286;153.609375
1659098287;224.484375
1659098288;241.171875
1659098289;213.7734375
1659098290;157.21875
1659098291;207.9375
1659098292;278.90625
1659098293;270.4453125
1659098294;102.515625
1659098295;101.765625
1659098296;172.8046875
1659098297;176.15625
1659098298;242.4375
1659098299;296.8359375
1659098300;179.4140625
1659098301;246.5859375
1659098302;148.8046875
1659098303;270.1875
1659098304;189.0
1659098305;192.2578125
1659098306;235.0078125
1659098307;231.9609375
1659098308;311.0859375
1659098309;184.921875
1659098310;144.140625
1659098311;279.4453125
1659098312;156.6328125
1659098313;127.0078125
1659098314;214.8515625
1659098315;279.1171875
1659098316;217.1484375
1659098317;175.078125
1659098318;237.75
1659098319;152.4140625
1659098320;216.6796875
1659098321;199.6875
1659098322;296.671875
1659098323;328.1484375
1659098324;191.203125
1659098325;163.8046875
1659098326;231.234375
1659098327;153.046875
1659098328;260.2265625
1659098329;289.1953125
1659098330;163.6875
1659098331;167.2734375
1659098332;166.265625
1659098333;220.8984375
1659098334;212.0859375
1659098335;172.0546875
1659098336;195.1171875
1659098337;208.078125
1659098338;272.8125
1659098339;232.6171875
1659098340;162.8671875
1659098341;206.4609375
1659098342;246.6796875
1659098343;317.25
1659098344;159.4453125
1659098345;212.0859375
1659098346;254.671875
1659098347;223.078125
1659098348;212.015625
1659098349;201.65625
1659098350;245.203125
1659098351;244.59375
1659098352;206.15625
1659098353;259.9921875
1659098354;240.09375
1659098355;137.0390625
1659098356;189.796875
1659098357;282.3046875
1659098358;195.09375
1659098359;210.7734375
1659098360;227.296875
1659098361;206.7421875
1659098362;246.28125
1659098363;205.1484375
1659098364;230.53125
1659098365;232.9453125
1659098366;189.7734375
1659098367;158.25
1659098368;176.578125
1659098369;115.5703125
1659098370;215.3671875
1659098371;203.53125
1659098372;236.1796875
1659098373;300.234375
1659098374;284.71875
1659098375;190.2421875
1659098376;189.2109375
1659098377;133.3125
1659098378;253.21875
1659098379;172.3359375
1659098380;210.7734375
1659098381;214.9453125
1659098382;214.359375
1659098383;125.7890625
1659098384;228.515625
1659098385;240.5859375
1659098386;117.1875
1659098387;169.7578125
1659098388;250.0546875
1659098389;262.1484375
1659098390;206.765625
1659098391;185.484375
1659098392;248.25
1659098393;192.6328125
1659098394;187.1484375
1659098395;160.171875
1659098396;226.1015625
1659098397;292.828125
1659098398;205.453125
1659098399;219.5390625
1659098400;203.2734375
1659098401;172.9453125
1659098402;218.6015625
1659098403;198.09375
1659098404;301.03125
1659098405;237.234375
1659098406;181.21875
1659098407;205.0078125
1659098408;191.765625
1659098409;196.1015625
1659098410;153.5625
1659098411;185.765625
1659098412;299.71875
1659098413;273.328125
1659098414;140.15625
1659098415;165.5859375
1659098416;182.625
1659098417;205.921875
1659098418;153.3046875
1659098419;211.078125
1659098420;227.7890625
1659098421;192.375
1659098422;171.234375
1659098423;177.234375
1659098424;207.609375
1659098425;211.1953125
1659098426;235.7109375
1659098427;217.734375
1659098428;245.015625
1659098429;165.9140625
1659098430;174.4453125
1659098431;145.8046875
1659098432;189.046875
1659098433;242.484375
1659098434;294.6328125
1659098435;220.5703125
1659098436;227.0390625
1659098437;156.3515625
1659098438;253.03125
1659098439;249.1640625
1659098440;285.890625
1659098441;295.5234375
1659098442;216.515625
1659098443;174.328125
1659098444;264.1875
1659098445;174.65625
1659098446;245.0859375
1659098447;234.6328125
1659098448;262.546875
1659098449;220.359375
1659098450;207.1640625
1659098451;205.4765625
1659098452;224.3203125
1659098453;233.015625
1659098454;279.234375
1659098455;237.0234375
1659098456;168.984375
1659098457;206.953125
1659098458;281.859375
1659098459;208.640625
1659098460;138.84375
1659098461;220.6640625
1659098462;233.5546875
1659098463;249.609375
1659098464;217.03125
1659098465;295.078125
1659098466;163.5703125
1659098467;210.6328125
1659098468;172.453125
1659098469;146.25
1659098470;201.1875
1659098471;138.9375
1659098472;212.6484375
1659098473;249.4921875
1659098474;213.2578125
1659098475;215.203125
1659098476;177.328125
1659098477;239.390625
1659098478;206.9765625
1659098479;254.2734375
1659098480;205.96875
1659098481;201.0703125
1659098482;238.265625
1659098483;149.859375
1659098484;209.8125
1659098485;209.0390625
1659098486;144.234375
1659098487;287.53125
1659098488;164.390625
1659098489;207.65625
1659098490;283.546875
1659098491;210.46875
1659098492;192.890625
1659098493;188.9765625
1659098494;230.1796875
1659098495;235.21875
1659098496;226.1484375
1659098497;173.578125
1659098498;126.9140625
1659098499;116.25
1659098500;173.8359375
1659098501;165.9609375
1659098502;106.4296875
1659098503;156.5859375
1659098504;202.4765625
1659098505;213.1171875
1659098506;150.8203125
1659098507;202.2890625
1659098508;277.546875
1659098509;231.0703125
1659098510;260.6015625
1659098511;245.015625
1659098512;175.2890625
1659098513;220.6875
1659098514;190.5
1659098515;264.9609375
1659098516;204.6328125
1659098517;219.984375
1659098518;225.1875
1659098519;201.046875
1659098520;159.328125
1659098521;165.1640625
1659098522;204.796875
1659098523;213.7734375
1659098524;249.7265625
1659098525;202.921875
1659098526;267.0703125
1659098527;211.1953125
1659098528;204.375
1659098529;216.609375
1659098530;258.328125
1659098531;244.5
1659098532;130.0078125
1659098533;211.875
1659098534;258.0234375
1659098535;239.484375
1659098536;189.28125
1659098537;151.921875
1659098538;233.0859375
1659098539;211.453125
1659098540;270.046875
1659098541;268.9921875
1659098542;238.734375
1659098543;233.859375
1659098544;132.3515625
1659098545;233.859375
1659098546;189.7734375
1659098547;322.2421875
1659098548;196.1015625
1659098549;244.640625
1659098550;213.6328125
1659098551;160.3125
1659098552;266.953125
1659098553;156.515625
1659098554;196.5
1659098555;248.6484375
1659098556;194.7421875
1659098557;327.75
1659098558;241.078125
1659098559;155.1328125
1659098560;141.5390625
1659098561;263.9296875
1659098562;216.796875
1659098563;204.703125
1659098564;146.0390625
1659098565;299.3203125
1659098566;329.953125
1659098567;173.7421875
1659098568;220.453125
1659098569;239.3203125
1659098570;180.046875
1659098571;135.46875
1659098572;210.9375
1659098573;220.546875
1659098574;194.8125
1659098575;186.46875
1659098576;210.7734375
1659098577;282.1640625
1659098578;168.28125
1659098579;167.2734375
1659098580;163.4296875
1659098581;136.78125
1659098582;261.3515625
1659098583;205.5
1659098584;250.359375
1659098585;157.40625
1659098586;204.4453125
1659098587;236.953125
1659098588;184.1015625
1659098589;205.875
1659098590;239.0625
1659098591;160.359375
1659098592;293.1796875
1659098593;200.71875
1659098594;235.875
1659098595;191.4140625
1659098596;271.1953125
1659098597;278.765625
1659098598;158.4609375
1659098599;188.4140625
1659098600;300.46875
1659098601;185.484375
1659098602;223.171875
1659098603;212.4609375
1659098604;163.265625
1659098605;232.9453125
1659098606;231.421875
1659098607;268.8515625
1659098608;268.1484375
1659098609;174.2109375
1659098610;274.6171875
1659098611;173.5546875
1659098612;153.5625
1659098613;200.484375
1659098614;161.203125
1659098615;153.28125
1659098616;297.2109375
1659098617;284.765625
1659098618;196.1015625
1659098619;213.796875
1659098620;145.3828125
1659098621;127.640625
1659098622;223.6875
1659098623;183.515625
1659098624;235.453125
1659098625;217.1484375
1659098626;268.78125
1659098627;212.6484375
1659098628;242.859375
1659098629;158.1328125
1659098630;229.359375
1659098631;296.015625
1659098632;222.3984375
1659098633;231.65625
1659098634;220.1484375
1659098635;135.2109375
1659098636;163.21875
1659098637;190.5234375
1659098638;291.46875
1659098639;192.2578125
1659098640;198.9375
1659098641;166.5703125
1659098642;204.984375
1659098643;282.09375
1659098644;154.1953125
1659098645;248.53125
1659098646;205.5234375
1659098647;237.4453125
1659098648;205.7109375
1659098649;196.640625
1659098650;135.5390625
1659098651;227.0859375
1659098652;170.4375
1659098653;237.421875
1659098654;204.4921875
1659098655;158.71875
1659098656;208.78125
1659098657;220.3125
1659098658;151.8046875
1659098659;236.8359375
1659098660;179.34375
1659098661;174.046875
1659098662;310.8515625
1659098663;286.40625
1659098664;233.953125
1659098665;231.796875
1659098666;243.046875
1659098667;178.5703125
1659098668;239.71875
1659098669;172.96875
1659098670;249.5625
1659098671;211.21875
1659098672;200.6953125
1659098673;143.296875
1659098674;243.421875
1659098675;199.5
1659098676;245.765625
1659098677;320.3671875
1659098678;231.3515625
1659098679;98.015625
1659098680;189.7734375
1659098681;185.9765625
1659098682;238.265625
1659098683;239.4609375
1659098684;166.4765625
1659098685;158.578125
1659098686;218.7890625
1659098687;184.3828125
1659098688;236.9296875
1659098689;173.6953125
1659098690;191.859375
1659098691;130.734375
1659098692;231.1640625
1659098693;203.7890625
1659098694;266.8359375
1659098695;189.2109375
1659098696;275.2734375
1659098697;254.4375
1659098698;180.890625
1659098699;225.9375
1659098700;249.1171875
1659098701;192.1171875
1659098702;167.765625
1659098703;191.7890625
1659098704;138.7265625
1659098705;218.8828125
1659098706;136.03125
1659098707;144.5390625
1659098708;143.5546875
1659098709;167.296875
1659098710;230.4609375
1659098711;300.1875
1659098712;237.609375
1659098713;242.578125
1659098714;264.609375
1659098715;192.703125
1659098716;162.65625
1659098717;186.5390625
1659098718;174.6328125
1659098719;277.9921875
1659098720;241.5
1659098721;219.09375
1659098722;259.59375
1659098723;153.328125
1659098724;253.4765625
1659098725;181.171875
1659098726;285.328125
1659098727;162.0
1659098728;195.9609375
1659098729;188.859375
1659098730;212.8359375
1659098731;176.6953125
1659098732;222.8671875
1659098733;273.1875
1659098734;262.6640625
1659098735;145.7109375
1659098736;318.1640625
1659098737;233.484375
1659098738;189.9140625
1659098739;175.1484375
1659098740;231.703125
1659098741;157.7578125
1659098742;218.7421875
1659098743;215.4609375
1659098744;236.015625
1659098745;192.5859375
1659098746;150.515625
1659098747;217.8046875
1659098748;283.8515625
1659098749;217.0078125
1659098750;203.6953125
1659098751;178.7578125
1659098752;330.09375
1659098753;227.7890625
1659098754;221.6015625
1659098755;268.40625
1659098756;180.7265625
1659098757;167.8828125
1659098758;192.421875
1659098759;155.3203125
1659098760;248.1796875
1659098761;211.3828125
1659098762;159.28125
1659098763;266.7890625
1659098764;199.5234375
1659098765;174.7265625
1659098766;189.421875
1659098767;270.6328125
1659098768;192.9609375
1659098769;223.453125
1659098770;146.8359375
1659098771;183.796875
1659098772;241.359375
1659098773;229.734375
1659098774;168.3046875
1659098775;199.640625
1659098776;231.0234375
1659098777;220.3359375
1659098778;279.609375
1659098779;145.9921875
1659098780;126.9609375
1659098781;265.1484375
1659098782;192.5859375
1659098783;171.6328125
1659098784;243.890625
1659098785;241.0078125
1659098786;156.46875
1659098787;253.2890625
1659098788;212.8828125
1659098789;112.9921875
1659098790;183.84375
1659098791;270.796875
1659098792;216.3046875
1659098793;219.3515625
1659098794;191.8359375
1659098795;240.8203125
1659098796;157.8984375
1659098797;247.8515625
1659098798;124.40625
1659098799;240.4453125
1659098800;270.703125
1659098801;201.5859375
1659098802;237.0
1659098803;229.9921875
1659098804;257.4609375
1659098805;245.2265625
1659098806;262.171875
1659098807;248.296875
1659098808;125.6953125
1659098809;141.3515625
1659098810;132.5859375
1659098811;200.671875
1659098812;137.2734375
1659098813;140.1796875
1659098814;173.6953125
1659098815;166.40625
1659098816;192.4921875
1659098817;296.765625
1659098818;213.890625
1659098819;165.3046875
1659098820;123.421875
1659098821;247.453125
1659098822;223.9921875
1659098823;272.2734375
1659098824;273.8203125
1659098825;128.8359375
1659098826;152.15625
1659098827;168.3515625
1659098828;278.015625
1659098829;234.1875
1659098830;245.4609375
1659098831;152.8359375
1659098832;217.59375
1659098833;232.7578125
1659098834;184.5
1659098835;223.734375
1659098836;170.765625
1659098837;221.6953125
1659098838;277.5
1659098839;201.328125
1659098840;220.546875
1659098841;248.4609375
1659098842;199.078125
1659098843;236.2734375
1659098844;276.328125
1659098845;218.53125
1659098846;190.59375
1659098847;195.4921875
1659098848;218.578125
1659098849;266.90625
1659098850;118.8984375
1659098851;226.3359375
1659098852;173.25
1659098853;175.125
1659098854;161.71875
1659098855;150.3984375
1659098856;244.828125
1659098857;283.921875
1659098858;201.890625
1659098859;174.75
1659098860;170.3203125
1659098861;301.5234375
1659098862;213.9609375
1659098863;242.015625
1659098864;174.375
1659098865;265.5234375
1659098866;169.8984375
1659098867;270.3515625
1659098868;220.6640625
1659098869;244.734375
1659098870;176.5078125
1659098871;304.921875
1659098872;231.421875
1659098873;201.0234375
1659098874;212.6015625
1659098875;228.1640625
1659098876;204.5625
1659098877;230.484375
1659098878;192.046875
1659098879;233.109375
1659098880;223.96875
1659098881;143.8828125
1659098882;317.15625
1659098883;236.390625
1659098884;194.6953125
1659098885;118.5703125
1659098886;118.1015625
1659098887;341.1796875
1659098888;296.0859375
1659098889;119.578125
1659098890;227.203125
1659098891;316.59375
1659098892;222.515625
1659098893;154.8515625
1659098894;273.0
1659098895;313.171875
1659098896;171.984375
1659098897;235.03125
1659098898;259.2890625
1659098899;192.2109375
1659098900;164.109375
1659098901;237.84375
1659098902;297.515625
1659098903;252.5859375
1659098904;160.96875
1659098905;219.328125
1659098906;192.046875
1659098907;191.9765625
1659098908;144.84375
1659098909;277.78125
1659098910;144.0703125
1659098911;263.953125
1659098912;174.1640625
1659098913;106.78125
1659098914;163.359375
1659098915;113.90625
1659098916;114.796875
1659098917;135.3984375
1659098918;221.4609375
1659098919;305.203125
1659098920;212.5078125
1659098921;189.234375
1659098922;308.7890625
1659098923;231.09375
1659098924;163.4765625
1659098925;237.09375
1659098926;208.7578125
1659098927;269.484375
1659098928;159.7265625
1659098929;211.3828125
1659098930;196.921875
1659098931;225.703125
1659098932;165.328125
1659098933;294.140625
1659098934;201.75
1659098935;268.5703125
1659098936;139.40625
1659098937;190.6875
1659098938;114.7734375
1659098939;182.7421875
1659098940;138.2109375
1659098941;170.34375
1659098942;208.171875
1659098943;208.453125
1659098944;250.546875
1659098945;182.203125
1659098946;205.453125
1659098947;266.5546875
1659098948;166.265625
1659098949;196.171875
1659098950;347.90625
1659098951;258.7265625
1659098952;193.828125
1659098953;264.609375
1659098954;226.875
1659098955;219.703125
1659098956;200.578125
1659098957;233.5078125
1659098958;199.5234375
1659098959;190.1953125
1659098960;173.765625
1659098961;203.6484375
1659098962;244.359375
1659098963;213.3046875
1659098964;140.953125
1659098965;180.6796875
1659098966;146.6484375
1659098967;268.125
1659098968;186.046875
1659098969;204.8671875
1659098970;163.5
1659098971;211.7109375
1659098972;220.359375
1659098973;228.2578125
1659098974;247.5234375
1659098975;220.1484375
1659098976;208.3828125
1659098977;206.8125
1659098978;209.015625
1659098979;191.0390625
1659098980;149.90625
1659098981;291.8203125
1659098982;219.1875
1659098983;229.4296875
1659098984;204.1171875
1659098985;347.671875
1659098986;309.515625
1659098987;190.453125
1659098988;200.9296875
1659098989;234.9609375
1659098990;156.75
1659098991;190.7578125
1659098992;224.0859375
1659098993;225.515625
1659098994;229.1015625
1659098995;209.671875
1659098996;221.3671875
1659098997;205.8515625
1659098998;109.4765625
1659098999;164.4140625
1659099000;301.8515625
1659099001;139.171875
1659099002;184.125
1659099003;99.2578125
1659099004;181.40625
1659099005;208.59375
1659099006;271.734375
1659099007;196.0078125
1659099008;185.0625
1659099009;204.9375
1659099010;166.359375
1659099011;337.40625
1659099012;183.234375
1659099013;179.8828125
1659099014;236.203125
1659099015;168.5625
1659099016;256.734375
1659099017;266.8359375
1659099018;252.5859375
1659099019;133.5234375
1659099020;194.4140625
1659099021;183.8203125
1659099022;255.0
1659099023;174.65625
1659099024;206.34375
1659099025;187.5703125
1659099026;146.7890625
1659099027;271.1015625
1659099028;222.6796875
1659099029;135.0234375
1659099030;281.109375
1659099031;174.0
1659099032;252.46875
1659099033;229.6171875
1659099034;277.96875
1659099035;186.9609375
1659099036;250.8984375
1659099037;244.6875
1659099038;194.0625
1659099039;204.3515625
1659099040;275.859375
1659099041;199.59375
1659099042;240.890625
1659099043;258.375
1659099044;189.703125
1659099045;152.9296875
1659099046;188.5078125
1659099047;159.28125
1659099048;124.4296875
1659099049;263.90625
1659099050;98.765625
1659099051;120.328125
1659099052;176.34375
1659099053;269.2734375
1659099054;307.6640625
1659099055;96.9375
1659099056;262.359375
1659099057;232.125
1659099058;212.5546875
1659099059;190.453125
1659099060;303.46875
1659099061;329.3203125
1659099062;165.7734375
1659099063;216.2109375
1659099064;183.3515625
1659099065;247.5
1659099066;167.0859375
1659099067;296.1328125
1659099068;237.84375
1659099069;185.3671875
1659099070;184.1484375
1659099071;182.390625
1659099072;217.0546875
1659099073;168.3984375
1659099074;217.3828125
1659099075;200.4609375
1659099076;195.984375
1659099077;227.15625
1659099078;153.140625
1659099079;270.09375
1659099080;222.375
1659099081;198.5625
1659099082;225.046875
1659099083;201.0
1659099084;250.640625
1659099085;247.4765625
1659099086;266.34375
1659099087;178.4296875
1659099088;182.7890625
1659099089;128.0390625
1659099090;221.0859375
1659099091;291.234375
1659099092;210.0703125
1659099093;189.1640625
1659099094;232.078125
1659099095;197.0390625
1659099096;192.328125
1659099097;211.3828125
1659099098;221.859375
1659099099;181.9921875
1659099100;238.7578125
1659099101;202.4765625
1659099102;244.9921875
1659099103;206.4609375
1659099104;243.3046875
1659099105;192.2109375
1659099106;201.4921875
1659099107;227.4609375
1659099108;196.5
1659099109;175.875
1659099110;179.8828125
1659099111;200.8125
1659099112;294.984375
1659099113;193.8515625
1659099114;226.7109375
1659099115;203.5078125
1659099116;153.8203125
1659099117;213.703125
1659099118;274.03125
1659099119;231.75
1659099120;191.34375
1659099121;252.234375
1659099122;230.6484375
1659099123;266.3203125
1659099124;126.8671875
1659099125;283.9921875
1659099126;250.21875
1659099127;226.7109375
1659099128;194.6015625
1659099129;200.1328125
1659099130;226.96875
1659099131;149.1796875
1659099132;274.359375
1659099133;242.390625
1659099134;189.9140625
1659099135;193.6640625
1659099136;244.5234375
1659099137;182.5546875
1659099138;257.296875
1659099139;184.78125
1659099140;205.59375
1659099141;209.203125
1659099142;253.5234375
1659099143;152.0859375
1659099144;154.9453125
1659099145;275.859375
1659099146;185.1328125
1659099147;223.6875
1659099148;264.2109375
1659099149;94.7109375
1659099150;255.4921875
1659099151;194.015625
1659099152;257.4375
1659099153;176.2265625
1659099154;226.8984375
1659099155;164.9296875
1659099156;247.96875
1659099157;281.8359375
1659099158;186.8671875
1659099159;174.5625
1659099160;270.9375
1659099161;171.046875
1659099162;323.7890625
1659099163;179.0390625
1659099164;217.6171875
1659099165;201.4453125
1659099166;193.8515625
1659099167;206.9765625
1659099168;275.296875
1659099169;186.609375
1659099170;166.2890625
1659099171;188.34375
1659099172;342.328125
1659099173;207.3046875
1659099174;136.7109375
1659099175;272.53125
1659099176;299.765625
1659099177;295.8515625
1659099178;159.3046875
1659099179;209.4609375
1659099180;215.9765625
1659099181;168.5859375
1659099182;350.25
1659099183;208.359375
1659099184;202.7109375
1659099185;198.4921875
1659099186;230.34375
1659099187;188.8125
1659099188;208.4765625
1659099189;215.90625
1659099190;245.3671875
1659099191;122.71875
1659099192;225.890625
1659099193;130.8515625
1659099194;117.890625
1659099195;105.421875
1659099196;117.9375
1659099197;131.5078125
1659099198;140.0859375
1659099199;167.5078125
1659099200;277.453125
1659099201;159.609375
1659099202;227.109375
1659099203;219.1640625
1659099204;224.0859375
1659099205;248.2734375
1659099206;237.609375
1659099207;168.75
1659099208;179.0625
1659099209;249.28125
1659099210;176.5546875
1659099211;148.828125
1659099212;235.5
1659099213;333.1171875
1659099214;197.1328125
1659099215;214.078125
1659099216;166.8046875
1659099217;203.3203125
1659099218;221.859375
1659099219;151.2421875
1659099220;213.8203125
1659099221;233.390625
1659099222;199.3125
1659099223;164.765625
1659099224;163.5703125
1659099225;232.9453125
1659099226;174.1640625
1659099227;198.046875
1659099228;157.640625
1659099229;231.1640625
1659099230;240.1875
1659099231;155.6953125
1659099232;289.8046875
1659099233;215.25
1659099234;275.859375
1659099235;191.15625
1659099236;321.84375
1659099237;233.390625
1659099238;129.1640625
1659099239;242.765625
1659099240;201.7265625
1659099241;145.59375
1659099242;184.125
1659099243;262.1015625
1659099244;178.0078125
1659099245;294.375
1659099246;186.8203125
1659099247;277.078125
1659099248;209.7890625
1659099249;183.0703125
1659099250;108.3984375
1659099251;145.3359375
1659099252;217.453125
1659099253;302.90625
1659099254;159.890625
1659099255;227.015625
1659099256;201.8671875
1659099257;185.53125
1659099258;183.9375
1659099259;196.078125
1659099260;340.1015625
1659099261;213.0234375
1659099262;155.71875
1659099263;167.0859375
1659099264;181.96875
1659099265;232.6875
1659099266;218.0625
1659099267;254.2265625
1659099268;201.1875
1659099269;249.4453125
1659099270;183.0
1659099271;200.3671875
1659099272;196.9453125
1659099273;259.1484375
1659099274;175.265625
1659099275;134.5078125
1659099276;232.0078125
1659099277;205.7578125
1659099278;159.6328125
1659099279;283.453125
1659099280;163.171875
1659099281;196.96875
1659099282;251.859375
1659099283;288.1640625
1659099284;199.9921875
1659099285;283.9921875
1659099286;157.265625
1659099287;242.9765625
1659099288;115.8515625
1659099289;114.140625
1659099290;113.484375
1659099291;136.5234375
1659099292;94.5234375
1659099293;158.7890625
1659099294;311.1796875
1659099295;110.6484375
1659099296;179.859375
1659099297;205.359375
1659099298;314.625
1659099299;505.171875
1659099300;2028.421875
1659099301;971.0859375
1659099302;314.4140625
1659099303;628.6640625
1659099304;314.5546875
1659099305;0.2109375
1659099306;317.5546875
1659099307;313.2421875
1659099308;626.671875
1659099309;314.625
1659099310;77.90625
1659099311;550.8984375
1659099312;315.1640625
1659099313;314.625
1659099314;131.0390625
1659099315;496.6875
1659099316;314.0390625
1659099317;313.6171875
1659099318;85.8984375
1659099319;544.4765625
1659099320;316.0546875
1659099321;318.1640625
1659099322;80.0859375
1659099323;550.21875
1659099324;313.7578125
1659099325;314.0625
1659099326;0.890625
1659099327;627.421875
1659099328;314.0859375
1659099329;0.234375
1659099330;133.6640625
1659099331;495.5390625
1659099332;629.671875
1659099333;0.234375
1659099334;313.921875
1659099335;314.1796875
1659099336;628.59375
1659099337;0.2578125
1659099338;22.828125
1659099339;607.171875
1659099340;629.8125
1659099341;313.40625
1659099342;313.59375
1659099343;315.0703125
1659099344;313.40625
1659099345;313.6171875
1659099346;314.5078125
1659099347;312.65625
1659099348;315.09375
1659099349;313.8984375
1659099350;314.203125
1659099351;314.7890625
1659099352;314.4140625
1659099353;247.4296875
1659099354;380.71875
1659099355;266.9765625
1659099356;362.578125
1659099357;0.2109375
1659099358;314.3203125
1659099359;314.4609375
1659099360;628.5234375
1659099361;0.2109375
1659099363;315.0234375
1659099364;935.203125
1659099365;6.890625
1659099366;314.90625
1659099368;920.8828125
1659099369;334.2421875
1659099371;314.53125
1659099372;627.0703125
1659099373;314.015625
1659099375;313.96875
1659099376;629.2734375
1659099377;313.6640625
1659099379;314.4375
1659099380;628.40625
1659099381;102.8203125
1659099382;211.6875
1659099383;313.4765625
1659099384;337.921875
1659099385;291.890625
1659099386;316.2890625
1659099387;315.3046875
1659099388;313.640625
1659099389;314.6953125
1659099390;0.140625
1659099391;196.265625
1659099392;432.234375
1659099393;315.9140625
1659099394;314.1796875
1659099395;629.1796875
1659099396;314.1796875
1659099397;0.2578125
1659099398;314.9765625
1659099399;314.3203125
1659099400;628.171875
1659099401;314.625
1659099402;0.0703125
1659099403;130.125
1659099404;628.3359375
1659099405;498.515625
1659099407;628.921875
1659099408;98.5546875
1659099409;528.3984375
1659099411;627.609375
1659099413;627.6796875
1659099415;630.234375
1659099417;355.3828125
1659099418;271.9921875
1659099419;313.6875
1659099421;364.8984375
1659099422;581.9296875
1659099423;313.78125
1659099424;313.59375
1659099425;0.2109375
1659099426;100.2421875
1659099427;540.234375
1659099428;618.1171875
1659099430;314.25
1659099432;313.546875
1659099433;628.40625
1659099434;313.734375
1659099435;85.9921875
1659099436;227.71875
1659099442;546.375
1659099443;398.34375
1659099444;314.6953125
1659099445;314.2265625
1659099446;315.984375
1659099447;269.8125
1659099448;358.78125
1659099450;315.7265625
1659099452;580.40625
1659099453;361.5
1659099454;313.125
1659099455;313.921875
1659099456;0.0703125
1659099457;313.0078125
1659099458;420.796875
1659099459;442.21875
1659099460;78.328125
1659099461;313.6875
1659099462;0.234375
1659099463;313.6640625
1659099464;500.3203125
1659099465;439.9921875
1659099466;76.0078125
1659099467;240.7265625
1659099469;501.9140625
1659099470;435.046875
1659099471;312.4453125
1659099472;312.3515625
1659099473;311.7421875
1659099474;312.5859375
1659099475;313.6640625
1659099476;311.7890625
1659099477;0.3515625
1659099478;306.2109375
1659099479;479.390625
1659099480;460.1953125
1659099482;310.78125
1659099484;622.6640625
1659099485;308.859375
1659099486;308.6953125
1659099487;311.0625
1659099488;0.234375
1659099489;306.9609375
1659099490;582.0
1659099491;339.515625
1659099492;52.03125
1659099493;255.3515625
1659099494;0.2109375
1659099495;611.5546875
1659099496;315.84375
1659099497;290.9296875
1659099498;298.59375
1659099499;299.3203125
1659099500;300.1640625
1659099501;320.7890625
1659099502;319.9921875
1659099503;322.4765625
1659099504;323.1328125
1659099505;325.0078125
1659099507;327.0234375
1659099509;648.8671875
1659099510;390.5390625
1659099511;235.6171875
1659099512;313.125
1659099513;0.2109375
1659099514;313.078125
1659099515;625.9921875
1659099516;313.125
1659099517;312.984375
1659099518;0.234375
1659099519;313.0546875
1659099520;626.0625
1659099521;313.125
1659099522;312.9609375
1659099523;0.234375
1659099524;312.9609375
1659099525;626.203125
1659099526;313.078125
1659099527;249.46875
1659099528;376.7109375
1659099529;213.7734375
1659099530;412.3125
1659099531;313.0546875
1659099532;313.03125
1659099534;313.1015625
1659099535;313.0078125
1659099536;313.125
1659099537;313.078125
1659099538;313.0078125
1659099539;313.03125
1659099540;313.03125
1659099541;0.28125
1659099542;313.078125
1659099543;477.3515625
1659099544;461.8359375
1659099545;313.1015625
1659099546;0.2578125
1659099547;313.078125
1659099548;626.2265625
1659099549;313.0546875
1659099550;313.078125
1659099551;0.234375
1659099552;313.171875
1659099553;507.84375
1659099554;431.3671875
1659099555;312.9140625
1659099556;38.671875
1659099557;313.1015625
1659099558;626.15625
1659099559;312.984375
1659099560;313.1015625
1659099561;313.1015625
1659099562;313.1015625
1659099563;313.1484375
1659099564;313.03125
1659099565;313.125
1659099566;313.03125
1659099567;313.1484375
1659099568;313.1015625
1659099569;0.328125
1659099570;312.9609375
1659099571;626.2265625
1659099572;313.171875
1659099573;313.1484375
1659099574;0.2109375
1659099575;313.0078125
1659099576;488.4375
1659099577;450.796875
1659099578;313.03125
1659099579;0.2109375
1659099580;313.03125
1659099581;626.1328125
1659099582;312.984375
1659099583;313.0078125
1659099584;0.09375
1659099585;313.0546875
1659099586;355.8046875
1659099587;583.5234375
1659099588;212.484375
1659099589;413.625
1659099590;308.109375
1659099591;318.0
1659099592;313.0078125
1659099593;313.125
1659099594;195.0703125
1659099595;431.15625
1659099596;29.1796875
1659099597;284.109375
1659099598;143.4609375
1659099599;509.296875
1659099600;599.484375
1659099601;35.9296875
1659099602;277.40625
1659099604;628.6640625
1659099605;310.6171875
1659099606;313.03125
1659099607;313.078125
1659099608;0.2578125
1659099609;313.0546875
1659099610;626.1796875
1659099611;313.0078125
1659099612;313.1015625
1659099613;0.234375
1659099614;313.1015625
1659099615;626.15625
1659099616;313.0546875
1659099617;313.171875
1659099618;312.9609375
1659099619;313.0546875
1659099620;313.078125
1659099621;313.125
1659099622;313.1484375
1659099623;313.1015625
1659099624;313.0546875
1659099625;312.984375
1659099626;313.21875
1659099627;313.0546875
1659099628;313.078125
1659099629;313.0078125
1659099630;0.2578125
1659099631;313.078125
1659099632;626.0625
1659099633;313.03125
1659099634;313.03125
1659099635;0.1875
1659099636;312.984375
1659099637;362.203125
1659099638;576.8671875
1659099639;175.078125
1659099640;138.1640625
1659099642;631.7109375
1659099643;620.484375
1659099645;313.265625
1659099647;626.1796875
1659099648;540.6796875
1659099649;85.453125
1659099650;447.8671875
1659099651;178.21875
1659099652;473.6484375
1659099653;152.578125
1659099654;461.7890625
1659099655;164.296875
1659099656;569.625
1659099657;56.4609375
1659099658;313.3125
1659099660;389.71875
1659099661;673.875
1659099662;188.7421875
1659099663;313.2421875
1659099665;608.4609375
1659099666;612.0
1659099667;31.734375
1659099668;313.3359375
1659099670;565.21875
1659099671;411.9609375
1659099672;275.25
1659099673;313.2421875
1659099675;416.0859375
1659099676;558.2578125
1659099677;277.78125
1659099678;313.03125
1659099679;313.078125
1659099680;313.1484375
1659099681;313.078125
1659099682;313.0546875
1659099683;313.0546875
1659099684;313.1015625
1659099685;313.03125
1659099686;312.984375
1659099687;313.078125
1659099688;313.1015625
1659099689;312.984375
1659099690;313.359375
1659099692;313.1015625
1659099693;626.2265625
1659099694;313.0546875
1659099695;312.984375
1659099696;0.234375
1659099697;313.078125
1659099698;626.0625
1659099699;313.125
1659099700;313.03125
1659099701;0.234375
1659099702;313.125
1659099703;625.9921875
1659099704;313.171875
1659099705;313.1015625
1659099706;0.2109375
1659099707;313.0546875
1659099708;487.1953125
1659099709;451.9921875
1659099710;312.984375
1659099711;313.125
1659099712;313.1015625
1659099713;313.0078125
1659099714;313.1015625
1659099715;313.078125
1659099716;313.125
1659099717;313.1015625
1659099718;313.078125
1659099719;0.28125
1659099720;271.5234375
1659099721;595.6171875
1659099722;385.21875
1659099723;313.078125
1659099724;0.2578125
1659099725;193.1015625
1659099726;639.3515625
1659099727;419.765625
1659099728;132.65625
1659099729;180.75
1659099730;109.1015625
1659099731;519.421875
1659099732;623.8125
1659099734;313.21875
1659099735;114.984375
1659099736;532.546875
1659099737;604.78125
1659099739;416.4609375
1659099740;209.7421875
1659099741;431.90625
1659099742;194.1796875
1659099743;513.6328125
1659099744;112.5703125
1659099745;434.9296875
1659099746;191.1796875
1659099747;313.1953125
1659099748;0.2578125
1659099749;313.03125
1659099750;626.1796875
1659099751;313.0078125
1659099752;313.21875
1659099753;0.28125
1659099754;313.0546875
1659099755;626.0859375
1659099756;313.078125
1659099757;313.03125
1659099758;0.1875
1659099759;313.1015625
1659099760;626.0390625
1659099761;313.078125
1659099762;313.0546875
1659099763;0.234375
1659099764;313.0078125
1659099765;626.0625
1659099766;313.1015625
1659099767;313.078125
1659099768;312.9375
1659099769;313.078125
1659099770;313.0546875
1659099771;313.0546875
1659099772;313.03125
1659099773;313.125
1659099774;313.1015625
1659099775;313.078125
1659099776;313.1015625
1659099777;313.03125
1659099778;313.0078125
1659099779;313.03125
1659099780;0.2109375
1659099781;313.03125
1659099782;390.65625
1659099783;548.4609375
1659099784;312.984375
1659099785;0.234375
1659099786;312.984375
1659099787;626.0390625
1659099788;313.1484375
1659099789;313.0078125
1659099790;0.2578125
1659099791;312.984375
1659099792;356.34375
1659099793;582.65625
1659099794;313.0546875
1659099795;18.375
1659099796;129.6796875
1659099797;547.171875
1659099798;575.390625
1659099799;69.515625
1659099800;556.546875
1659099802;626.0390625
1659099804;626.1796875
1659099805;18.9140625
1659099806;607.1953125
1659099807;101.5078125
1659099808;211.734375
1659099810;626.1796875
1659099811;625.96875
1659099813;313.3125
1659099815;626.1328125
1659099816;394.1953125
1659099817;231.8671875
1659099818;270.984375
1659099819;42.3046875
1659099820;244.9921875
1659099821;554.9765625
1659099822;452.1328125
1659099823;309.65625
1659099824;3.703125
1659099825;313.0546875
1659099826;319.4296875
1659099827;619.78125
1659099828;3.0234375
1659099829;623.15625
1659099830;31.1015625
1659099831;594.8203125
1659099832;69.796875
1659099833;556.5
1659099835;626.1328125
1659099837;313.3125
1659099838;84.3984375
1659099839;555.515625
1659099840;612.375
1659099841;41.203125
1659099842;272.0625
1659099843;97.2890625
1659099844;528.796875
1659099845;523.640625
1659099846;102.5390625
1659099847;313.359375
1659099849;626.15625
1659099850;313.125
1659099851;313.0078125
1659099852;313.1015625
1659099853;0.234375
1659099854;313.03125
1659099855;388.6171875
1659099856;550.4296875
1659099857;313.21875
1659099858;313.1015625
1659099859;313.0078125
1659099860;313.078125
1659099861;313.1484375
1659099862;313.1953125
1659099863;116.25
1659099864;509.9296875
1659099865;313.03125
1659099866;312.984375
1659099867;217.6875
1659099868;408.515625
1659099869;231.6796875
1659099870;81.609375
1659099871;313.078125
1659099872;405.421875
1659099873;533.859375
1659099874;2.9296875
1659099875;310.3828125
1659099880;180.3515625
1659099881;466.125
1659099882;605.7890625
1659099884;313.3125
1659099886;626.1796875
1659099887;626.15625
1659099889;313.2890625
1659099891;626.3671875
1659099892;500.71875
1659099893;125.4375
1659099894;313.171875
1659099895;312.9140625
1659099896;313.1484375
1659099897;313.125
1659099898;313.0546875
1659099899;0.234375
1659099900;313.0546875
1659099901;532.171875
1659099902;406.8984375
1659099904;313.359375
1659099905;48.8203125
1659099906;590.5546875
1659099907;612.8671875
1659099908;57.4921875
1659099909;255.796875
1659099910;169.0546875
1659099911;469.921875
1659099912;613.359375
1659099913;21.421875
1659099914;291.8671875
1659099915;80.8828125
1659099916;552.8203125
1659099917;618.3984375
1659099918;24.515625
1659099919;601.640625
1659099920;1.8515625
1659099921;624.1875
1659099922;46.9921875
1659099923;579.1875
1659099924;180.84375
1659099925;445.3359375
1659099926;299.3671875
1659099927;93.3515625
1659099928;313.078125
1659099929;312.9609375
1659099930;602.1796875
1659099931;24.1171875
1659099932;313.2421875
1659099934;313.1484375
1659099935;626.1796875
1659099936;313.1015625
1659099937;0.2578125
1659099938;313.0546875
1659099939;313.0078125
1659099940;626.0859375
1659099941;312.984375
1659099943;626.0625
1659099944;312.9609375
1659099945;313.1484375
1659099947;626.0390625
1659099948;313.125
1659099949;312.9375
1659099951;312.9609375
1659099955;309.1875
1659099956;317.0625
1659099957;141.0
1659099959;626.1328125
1659099960;626.15625
1659099962;117.890625
1659099963;195.421875
1659099964;395.25
1659099965;543.8671875
1659099966;0.2109375
1659099967;80.53125
1659099968;545.5078125
1659099969;626.0859375
1659099970;29.6015625
1659099971;313.125
1659099972;118.5
1659099973;820.7578125
1659099974;313.171875
1659099976;313.1015625
1659099977;626.2265625
1659099978;262.125
1659099979;50.9765625
1659099980;313.0078125
1659099981;526.8984375
1659099982;268.8515625
1659099983;143.5078125
1659099984;313.0078125
1659099985;548.109375
1659099986;141.5625
1659099987;249.515625
1659099988;0.234375
1659099989;375.9609375
1659099990;370.59375
1659099991;192.84375
1659099992;313.0078125
1659099993;626.25
1659099994;313.0546875
1659099995;0.1171875
1659099996;313.0078125
1659099997;313.1015625
1659099998;626.1796875
1659099999;66.2109375
1659100000;247.171875
1659100001;68.625
1659100002;588.234375
1659100003;595.3125
1659100005;626.1796875
1659100007;625.9921875
1659100009;568.1953125
1659100010;57.984375
1659100011;626.1796875
1659100013;571.4765625
1659100014;54.75
1659100015;367.7109375
1659100016;258.2109375
1659100017;313.2890625
1659100019;410.296875
1659100020;608.484375
1659100021;233.4140625
1659100022;313.3125
1659100024;313.03125
1659100025;626.109375
1659100026;313.078125
1659100027;313.1015625
1659100032;0.234375
1659100033;313.0078125
1659100034;626.0625
1659100035;313.0546875
1659100036;313.0546875
1659100037;0.234375
1659100038;313.078125
1659100039;626.0859375
1659100040;313.0546875
1659100041;336.1875
1659100042;290.0390625
1659100043;313.03125
1659100044;313.0546875
1659100045;313.0546875
1659100046;313.1953125
1659100047;313.125
1659100048;313.0546875
1659100049;312.9140625
1659100050;0.2109375
1659100051;313.078125
1659100052;626.1796875
1659100053;313.0078125
1659100054;313.1015625
1659100055;0.234375
1659100056;313.03125
1659100057;349.6171875
1659100058;589.59375
1659100059;245.671875
1659100060;67.6875
1659100061;307.3359375
1659100062;338.25
1659100063;606.5625
1659100064;17.0859375
1659100065;296.25
1659100066;45.3515625
1659100067;590.7421875
1659100068;616.21875
1659100070;626.1328125
1659100072;626.0859375
1659100073;22.21875
1659100074;603.9140625
1659100075;42.4921875
1659100076;583.7109375
1659100077;14.203125
1659100078;299.1796875
1659100080;312.984375
1659100081;370.5234375
1659100082;568.78125
1659100083;84.5390625
1659100084;228.7734375
1659100085;43.7578125
1659100086;629.2734375
1659100087;579.28125
1659100088;11.7890625
1659100089;301.546875
1659100091;626.15625
1659100092;625.9921875
1659100094;313.3359375
1659100096;325.078125
1659100097;614.0625
1659100098;313.03125
1659100099;283.2421875
