# Called events
1659188214 1331042
1659188215 2905018
1659188216 967100
1659188217 664764
1659188218 12058436
1659188219 12336914
1659188220 12993658
1659188221 12111908
1659188222 12987014
1659188223 12887086
1659188224 12782340
1659188225 12782264
1659188226 12648618
1659188227 12797454
1659188228 12577606
1659188229 12040618
1659188230 12168486
1659188231 12655096
1659188232 12782270
1659188233 12538588
1659188234 12828840
1659188235 12642270
1659188236 12540018
1659188237 12697096
1659188238 12575308
1659188239 12154178
1659188240 12650276
1659188241 12292978
1659188242 12684190
1659188243 12608500
1659188244 12636220
1659188245 12690916
1659188246 12497974
1659188247 12704652
1659188248 12640880
1659188249 12497288
1659188250 12478058
1659188251 12421544
1659188252 12762524
1659188253 12607696
1659188254 12773808
1659188255 12711710
1659188256 12454064
1659188257 12836342
1659188258 12587032
1659188259 12672484
1659188260 12171786
1659188261 12143514
1659188262 12483226
1659188263 12137892
1659188264 12875002
1659188265 12629058
1659188266 12069000
1659188267 12729356
1659188268 12759120
1659188269 12599276
1659188270 12168666
1659188271 12189596
1659188272 12558336
1659188273 12787348
1659188274 12656112
1659188275 12718796
1659188276 12229376
1659188277 11171882
1659188278 3838


# Submitted events
1659188214 1331042
1659188215 2905018
1659188216 967100
1659188217 663508
1659188218 12029182
1659188219 12312386
1659188220 12965888
1659188221 12087270
1659188222 12955758
1659188223 12859462
1659188224 12755776
1659188225 12753714
1659188226 12617060
1659188227 12769132
1659188228 12546736
1659188229 12016804
1659188230 12141476
1659188231 12621786
1659188232 12757542
1659188233 12509892
1659188234 12800976
1659188235 12610712
1659188236 12515588
1659188237 12672008
1659188238 12541554
1659188239 12124296
1659188240 12622636
1659188241 12266314
1659188242 12651252
1659188243 12584930
1659188244 12603578
1659188245 12666494
1659188246 12465672
1659188247 12679252
1659188248 12608858
1659188249 12471244
1659188250 12445510
1659188251 12389216
1659188252 12732748
1659188253 12581184
1659188254 12748158
1659188255 12694520
1659188256 12426122
1659188257 12801770
1659188258 12557384
1659188259 12648668
1659188260 12144002
1659188261 12116616
1659188262 12456352
1659188263 12113188
1659188264 12850570
1659188265 12605406
1659188266 12039850
1659188267 12703210
1659188268 12726508
1659188269 12566942
1659188270 12141878
1659188271 12154980
1659188272 12530406
1659188273 12760338
1659188274 12623124
1659188275 12690252
1659188276 12198570
1659188277 11149738
1659188278 3590


# Lost events
