# events called
1659737171 2646448
1659737172 613616
1659737173 6704688
1659737174 12209784
1659737175 13339554
1659737176 12987774
1659737177 12625632
1659737178 12759312
1659737179 12769086
1659737180 12887184
1659737181 13177380
1659737182 12479700
1659737183 12932970
1659737184 13167156
1659737185 12738720
1659737186 12756468
1659737187 12156888
1659737188 12466848
1659737189 12620838
1659737190 12832344
1659737191 12957324
1659737192 11987784
1659737193 12252396
1659737194 12988350
1659737195 12644742
1659737196 12722934
1659737197 11239056
1659737198 11901648
1659737199 12735114
1659737200 12648540
1659737201 12579918
1659737202 11495106
1659737203 12456792
1659737204 12638034
1659737205 12440562
1659737206 12674814
1659737207 11865138
1659737208 12707448
1659737209 11996730
1659737210 12503208
1659737211 12802224
1659737212 11655162
1659737213 12471306
1659737214 12199680
1659737215 12380286
1659737216 12834828
1659737217 12231006
1659737218 12643014
1659737219 12306516
1659737220 12388758
1659737221 12497994
1659737222 12170538
1659737223 12294612
1659737224 12915624
1659737225 12453606
1659737226 12430524
1659737227 12203316
1659737228 12449544
1659737229 12344994
1659737230 12299886
1659737231 12798708
1659737232 12532698
1659737233 12640782
1659737234 12785190
1659737235 12306720
1659737236 12326136
1659737237 12377232
1659737238 12824352
1659737239 12759636
1659737240 11971464
1659737241 12686616
1659737242 12260454
1659737243 12567660
1659737244 12701040
1659737245 12630354
1659737246 12333738
1659737247 12092484
1659737248 12920676
1659737249 12542868
1659737250 12607314
1659737251 12817656
1659737252 12186852
1659737253 12516240
1659737254 12685974
1659737255 12913572
1659737256 13011516
1659737257 12418734
1659737258 12869388
1659737259 12948936
1659737260 12320928
1659737261 12658488
1659737262 12598434
1659737263 13107456
1659737264 13226988
1659737265 13108290
1659737266 12476766
1659737267 12487788
1659737268 12721380
1659737269 12747840
1659737270 12876444
1659737271 12715974
1659737272 12162354
1659737273 12990612
1659737274 13046712
1659737275 12917508
1659737276 12413424
1659737277 12443004
1659737278 12989760
1659737279 12831930
1659737280 12772686
1659737281 12712362
1659737282 12194388
1659737283 13079814
1659737284 12946980
1659737285 13049790
1659737286 12603360
1659737287 12369162
1659737288 12903006
1659737289 12799860
1659737290 13023570
1659737291 12506796
1659737292 12274968
1659737293 12871704
1659737294 12673026
1659737295 12761964
1659737296 12883068
1659737297 11884038
1659737298 12627684
1659737299 12794754
1659737300 12391182
1659737301 13050936
1659737302 12020544
1659737303 12954432
1659737304 12930024
1659737305 12895506
1659737306 12539652
1659737307 12379320
1659737308 12416316
1659737309 12576786
1659737310 12526170
1659737311 13094802
1659737312 12182106
1659737313 12670968
1659737314 12979068
1659737315 12828924
1659737316 12887292
1659737317 11905566
1659737318 13075194
1659737319 13068900
1659737320 13009272
1659737321 12914982
1659737322 12501054
1659737323 12563544
1659737324 12938262
1659737325 12670974
1659737326 13022334
1659737327 12277734
1659737328 13075680
1659737329 12933876
1659737330 12448644
1659737331 13308474
1659737332 12014778
1659737333 12820368
1659737334 12528198
1659737335 13031640
1659737336 12678198
1659737337 12014568
1659737338 12669828
1659737339 12894318
1659737340 12655344
1659737341 12772380
1659737342 12209340
1659737343 13153008
1659737344 12767700
1659737345 12940662
1659737346 12482826
1659737347 12757404
1659737348 13285488
1659737349 13020336
1659737350 12995628
1659737351 12873780
1659737352 12310488
1659737353 12152508
1659737354 12790638
1659737355 12706044
1659737356 12834540
1659737357 12762828
1659737358 12472530
1659737359 13218168
1659737360 13247850
1659737361 12906342
1659737362 12577596
1659737363 12495714
1659737364 12513966
1659737365 12857844
1659737366 12656094
1659737367 12881022
1659737368 11981604
1659737369 13296030
1659737370 11812338
1659737371 12925716
1659737372 12952044
1659737373 12411012
1659737374 12962730
1659737375 13109790
1659737376 12893964
1659737377 13342002
1659737378 12114870
1659737379 13150098
1659737380 12578316
1659737381 12586362
1659737382 13347984
1659737383 12036906
1659737384 12485274
1659737385 13012278
1659737386 12863850
1659737387 12950076
1659737388 12415596
1659737389 12552360
1659737390 12831192
1659737391 12383796
1659737392 12881838
1659737393 12704262
1659737394 12875376
1659737395 13115490
1659737396 12872676
1659737397 12912216
1659737398 11423820
1659737399 12957402
1659737400 12828510
1659737401 13036662
1659737402 12979074
1659737403 12148728
1659737404 12562866
1659737405 12791250
1659737406 12701928
1659737407 12849090
1659737408 12097056
1659737409 12556974
1659737410 12857844
1659737411 13322820
1659737412 12799194
1659737413 11955444
1659737414 12657252
1659737415 12828648
1659737416 13200732
1659737417 12550266
1659737418 11932602
1659737419 12442098
1659737420 12804504
1659737421 12783126
1659737422 13093776
1659737423 12426528
1659737424 12971484
1659737425 12841482
1659737426 12675954
1659737427 12737826
1659737428 11791236
1659737429 12640134
1659737430 12898770
1659737431 12841938
1659737432 12865242
1659737433 12184122
1659737434 12265824
1659737435 12733896
1659737436 13052658
1659737437 13318674
1659737438 12286572
1659737439 12884550
1659737440 13044876
1659737441 12820872
1659737442 12744072
1659737443 12111558
1659737444 12323142
1659737445 13287120
1659737446 12937950
1659737447 12754620
1659737448 12439344
1659737449 12810774
1659737450 12478290
1659737451 13013340
1659737452 12991380
1659737453 12196026
1659737454 12831294
1659737455 12636084
1659737456 13130148
1659737457 12812688
1659737458 11649636
1659737459 12782874
1659737460 12994410
1659737461 12774822
1659737462 13219050
1659737463 12599406
1659737464 12703704
1659737465 12943248
1659737466 13033434
1659737467 12862554
1659737468 12549480
1659737469 12882990
1659737470 13020066
1659737471 12555552
1659737472 12705348
1659737473 12139284
1659737474 11791914
1659737475 13489044
1659737476 13158354
1659737477 12968670
1659737478 12539304
1659737479 12903300
1659737480 12827628
1659737481 12840732
1659737482 12799590
1659737483 12777588
1659737484 12792510
1659737485 12876804
1659737486 12769098
1659737487 13138584
1659737488 11411112
1659737489 12852990
1659737490 12662958
1659737491 13047774
1659737492 12800808
1659737493 12219144
1659737494 12700506
1659737495 12539940
1659737496 12753432
1659737497 12965304
1659737498 12686364
1659737499 12397518
1659737500 13230522
1659737501 12717168
1659737502 12629364
1659737503 11703300
1659737504 12916362
1659737505 13187340
1659737506 12916734
1659737507 13064982
1659737508 12636666
1659737509 12619308
1659737510 12948504
1659737511 12882834
1659737512 13007814
1659737513 12369816
1659737514 12932688
1659737515 12884658
1659737516 12986322
1659737517 12833460
1659737518 12636318
1659737519 13267566
1659737520 12939582
1659737521 12753066
1659737522 12823842
1659737523 12540744
1659737524 12658266
1659737525 13279956
1659737526 12781170
1659737527 12814320
1659737528 11795970
1659737529 12611634
1659737530 12715944
1659737531 13106874
1659737532 12589566
1659737533 12012612
1659737534 12840144
1659737535 12948852
1659737536 13115334
1659737537 13060590
1659737538 12828036
1659737539 13063860
1659737540 13366290
1659737541 12614412
1659737542 12533790
1659737543 12103284
1659737544 12928962
1659737545 13084488
1659737546 13332696
1659737547 13254360
1659737548 12651300
1659737549 12797244
1659737550 12956970
1659737551 12960030
1659737552 12956982
1659737553 12493890
1659737554 12786930
1659737555 13241460
1659737556 12725676
1659737557 12876954
1659737558 11914068
1659737559 12628044
1659737560 13120236
1659737561 13125450
1659737562 13028970
1659737563 12311352
1659737564 12340902
1659737565 12984612
1659737566 13239654
1659737567 12937848
1659737568 12027060
1659737569 12914772
1659737570 12883704
1659737571 12667890
1659737572 12540840
1659737573 12054198
1659737574 12935448
1659737575 12992436
1659737576 12741792
1659737577 13128288
1659737578 12379716
1659737579 12748212
1659737580 12569694
1659737581 12735294
1659737582 12563754
1659737583 12087444
1659737584 12566838
1659737585 13109742
1659737586 12935502
1659737587 12846564
1659737588 12197868
1659737589 12402696
1659737590 12729126
1659737591 12723480
1659737592 12745536
1659737593 11956320
1659737594 12575556
1659737595 12994578
1659737596 12676338
1659737597 12767544
1659737598 12431910
1659737599 12544428
1659737600 13098876
1659737601 12918402
1659737602 13158108
1659737603 11762076
1659737604 13039044
1659737605 13369656
1659737606 12604482
1659737607 12104988
1659737608 11767236
1659737609 12666006
1659737610 12906306
1659737611 12843402
1659737612 13073928
1659737613 12114090
1659737614 12779700
1659737615 12469710
1659737616 12697644
1659737617 12751938
1659737618 11876778
1659737619 12661308
1659737620 12727428
1659737621 13054500
1659737622 12877794
1659737623 11750448
1659737624 12937860
1659737625 12798282
1659737626 12759900
1659737627 12767004
1659737628 12063048
1659737629 12753732
1659737630 13117002
1659737631 12751998
1659737632 13043838
1659737633 11983524
1659737634 12553890
1659737635 12732960
1659737636 12435660
1659737637 13086132
1659737638 11908500
1659737639 12952794
1659737640 13021260
1659737641 12799074
1659737642 12609546
1659737643 11627988
1659737644 13224372
1659737645 12674388
1659737646 12977298
1659737647 12773286
1659737648 11826780
1659737649 12985674
1659737650 12966432
1659737651 12992604
1659737652 12810204
1659737653 12134622
1659737654 13291014
1659737655 13073154
1659737656 13182846
1659737657 13032528
1659737658 11839494
1659737659 12989982
1659737660 13032678
1659737661 12949890
1659737662 12738216
1659737663 12331722
1659737664 12633876
1659737665 12996072
1659737666 12980568
1659737667 13144740
1659737668 12429636
1659737669 13400544
1659737670 12654420
1659737671 13061358
1659737672 13005294
1659737673 12180660
1659737674 12398232
1659737675 13024422
1659737676 13155210
1659737677 12897138
1659737678 12567600
1659737679 12777228
1659737680 12840726
1659737681 12789660
1659737682 12925944
1659737683 11837910
1659737684 12964086
1659737685 12898968
1659737686 12837348
1659737687 12905112
1659737688 12139356
1659737689 12803748
1659737690 13101726
1659737691 12935646
1659737692 13092774
1659737693 12327738
1659737694 12867432
1659737695 13183770
1659737696 12797988
1659737697 13023318
1659737698 12553338
1659737699 12955392
1659737700 13188756
1659737701 12873360
1659737702 12913062
1659737703 12249384
1659737704 12420450
1659737705 12743214
1659737706 12513678
1659737707 12015042
1659737708 12193128
1659737709 12667698
1659737710 13371540
1659737711 13405356
1659737712 13281702
1659737713 12514800
1659737714 12791034
1659737715 12915804
1659737716 13072356
1659737717 12567066
1659737718 12042888
1659737719 12312354
1659737720 12651534
1659737721 13070934
1659737722 12865344
1659737723 12109206
1659737724 12819684
1659737725 13129782
1659737726 12908514
1659737727 12858042
1659737728 11831970
1659737729 12855420
1659737730 12998646
1659737731 13520592
1659737732 12834786
1659737733 12211776
1659737734 12283254
1659737735 13341588
1659737736 13045188
1659737737 13144698
1659737738 12453138
1659737739 12737262
1659737740 12590406
1659737741 13366074
1659737742 13337880
1659737743 12412482
1659737744 13701318
1659737745 12989706
1659737746 12909210
1659737747 12737448
1659737748 12328860
1659737749 12919074
1659737750 12936390
1659737751 13235826
1659737752 13048698
1659737753 12226710
1659737754 12679506
1659737755 12772728
1659737756 13289700
1659737757 13036344
1659737758 12627618
1659737759 12907698
1659737760 13074714
1659737761 12960984
1659737762 13263576
1659737763 12329076
1659737764 12678558
1659737765 12528594
1659737766 12655950
1659737767 12902904
1659737768 12078648
1659737769 12856698
1659737770 12165930
1659737771 12906048
1659737772 12991824
1659737773 11756766
1659737774 12788532
1659737775 13443714
1659737776 13062330
1659737777 12977610
1659737778 12464256
1659737779 12547746
1659737780 13335888
1659737781 12790566
1659737782 13040694
1659737783 12149184
1659737784 13177104
1659737785 12911274
1659737786 13067394
1659737787 12955590
1659737788 12278160
1659737789 13028040
1659737790 12939414
1659737791 12799770
1659737792 13075560
1659737793 12496512
1659737794 13091166
1659737795 12660450
1659737796 12872994
1659737797 12962382
1659737798 12155346
1659737799 12490596
1659737800 12853644
1659737801 13104258
1659737802 13089312
1659737803 12237810
1659737804 12917412
1659737805 13023312
1659737806 13287216
1659737807 13173978
1659737808 12675612
1659737809 12590652
1659737810 12751962
1659737811 13140036
1659737812 13014294
1659737813 12310212
1659737814 11987388
1659737815 12751992
1659737816 12948030
1659737817 13001436
1659737818 12831492
1659737819 12742776
1659737820 12424236
1659737821 13249764
1659737822 13063626
1659737823 13211742
1659737824 12852372
1659737825 12299922
1659737826 12960918
1659737827 12523548
1659737828 13026720
1659737829 12830160
1659737830 12629166
1659737831 13314336
1659737832 12862944
1659737833 13256652
1659737834 12862152
1659737835 12426912
1659737836 12855564
1659737837 12985218
1659737838 12958626
1659737839 12326016
1659737840 12512934
1659737841 12875106
1659737842 13022904
1659737843 12809574
1659737844 12633906
1659737845 12171444
1659737846 12549570
1659737847 12865842
1659737848 12734754
1659737849 12641508
1659737850 12504930
1659737851 13210002
1659737852 12974208
1659737853 13024536
1659737854 12915444
1659737855 12170634
1659737856 12631740
1659737857 12970968
1659737858 12905214
1659737859 12850062
1659737860 12230172
1659737861 12896388
1659737862 13141656
1659737863 13038720
1659737864 13088310
1659737865 11776272
1659737866 13183920
1659737867 13073184
1659737868 12935856
1659737869 13132332
1659737870 11754408
1659737871 12843576
1659737872 13178352
1659737873 13363872
1659737874 12914916
1659737875 11632008
1659737876 12263292
1659737877 12829878
1659737878 12683928
1659737879 13121694
1659737880 12070932
1659737881 12539898
1659737882 13197984
1659737883 13322766
1659737884 12879852
1659737885 12660846
1659737886 12895446
1659737887 13292634
1659737888 12973776
1659737889 12928278
1659737890 12212040
1659737891 12904260
1659737892 13018722
1659737893 12672570
1659737894 12713250
1659737895 12169524
1659737896 12858972
1659737897 12683892
1659737898 13001892
1659737899 12863292
1659737900 12199038
1659737901 12704436
1659737902 12643950
1659737903 13079628
1659737904 13235820
1659737905 12310128
1659737906 12761832
1659737907 13057290
1659737908 12722706
1659737909 13380960
1659737910 12572142
1659737911 12977274
1659737912 13002654
1659737913 13045506
1659737914 13052922
1659737915 12557082
1659737916 12621918
1659737917 12901962
1659737918 12847638
1659737919 12955704
1659737920 12152574
1659737921 12794766
1659737922 12940968
1659737923 13390134
1659737924 13220436
1659737925 12532572
1659737926 13015362
1659737927 12954588
1659737928 12675126
1659737929 12689964
1659737930 12394950
1659737931 12706974
1659737932 12793164
1659737933 13201722
1659737934 13079310
1659737935 12531972
1659737936 12359214
1659737937 13025814
1659737938 12986202
1659737939 12869670
1659737940 12403854
1659737941 12883080
1659737942 12573978
1659737943 13229196
1659737944 13242126
1659737945 12269406
1659737946 12155076
1659737947 13206690
1659737948 12870954
1659737949 13143882
1659737950 12236094
1659737951 12953064
1659737952 12868158
1659737953 12885054
1659737954 13024848
1659737955 12770634
1659737956 12986808
1659737957 13074882
1659737958 12789666
1659737959 12925956
1659737960 12483798
1659737961 12955260
1659737962 12505224
1659737963 12888588
1659737964 12914364
1659737965 12320262
1659737966 12678330
1659737967 12682602
1659737968 13211028
1659737969 12781782
1659737970 12576144
1659737971 12746934
1659737972 12898026
1659737973 12673104
1659737974 12285126
1659737975 12493614
1659737976 12838806
1659737977 12282408
1659737978 12618306
1659737979 12750012
1659737980 12340158
1659737981 12808266
1659737982 12594312
1659737983 13020822
1659737984 12767754
1659737985 12467262
1659737986 12762390
1659737987 13224726
1659737988 12782580
1659737989 12704796
1659737990 11930640
1659737991 12583266
1659737992 12743316
1659737993 12793458
1659737994 12805950
1659737995 12437316
1659737996 12628332
1659737997 12702666
1659737998 12665742
1659737999 13024206
1659738000 12718344
1659738001 12866088
1659738002 12189252
1659738003 12926898
1659738004 12926256
1659738005 12395238
1659738006 12869232
1659738007 12980682
1659738008 12636564
1659738009 12569040
1659738010 12301902
1659738011 12701520
1659738012 12864336
1659738013 12510612
1659738014 12647778
1659738015 12045348
1659738016 12304770
1659738017 12723288
1659738018 12498540
1659738019 12598512
1659738020 12135300
1659738021 12384558
1659738022 12554880
1659738023 12974112
1659738024 12887112
1659738025 12439248
1659738026 12427764
1659738027 12186168
1659738028 12563490
1659738029 12482970
1659738030 12090312
1659738031 12941094
1659738032 13289724
1659738033 12994302
1659738034 12923100
1659738035 11805234
1659738036 13213830
1659738037 12901632
1659738038 13277304
1659738039 12828696
1659738040 12300834
1659738041 12624234
1659738042 12457242
1659738043 13068870
1659738044 12777618
1659738045 11944932
1659738046 12878184
1659738047 12671862
1659738048 13295472
1659738049 12737256
1659738050 12239070
1659738051 12801924
1659738052 13123134
1659738053 13168878
1659738054 13151520
1659738055 12325986
1659738056 12921600
1659738057 12995166
1659738058 12737502
1659738059 12831282
1659738060 12103458
1659738061 12493350
1659738062 12643086
1659738063 12952452
1659738064 13102692
1659738065 12557706
1659738066 13042836
1659738067 12985224
1659738068 13052712
1659738069 12769260
1659738070 11599446
1659738071 13233012
1659738072 13042032
1659738073 12774714
1659738074 12906618
1659738075 11991102
1659738076 12803760
1659738077 13132380
1659738078 12926232
1659738079 13136592
1659738080 12437670
1659738081 12780852
1659738082 12567330
1659738083 12526458
1659738084 12693000
1659738085 12581070
1659738086 12861336
1659738087 12431184
1659738088 12832620
1659738089 12564288
1659738090 12107550
1659738091 13031916
1659738092 12873036
1659738093 13129884
1659738094 13455156
1659738095 12259770
1659738096 12934608
1659738097 12945732
1659738098 12853542
1659738099 12953658
1659738100 12260880
1659738101 12938304
1659738102 12912012
1659738103 12902160
1659738104 13028646
1659738105 11729154
1659738106 12722088
1659738107 12888378
1659738108 12528306
1659738109 12906984
1659738110 12396126
1659738111 12472542
1659738112 13222848
1659738113 12966540
1659738114 13101588
1659738115 11915574
1659738116 12833112
1659738117 13403658
1659738118 12860526
1659738119 12754188
1659738120 11934492
1659738121 12837228
1659738122 12813018
1659738123 12767490
1659738124 13045494
1659738125 12160266
1659738126 12974928
1659738127 12992004
1659738128 12989202
1659738129 12781950
1659738130 11956494
1659738131 12600360
1659738132 12845394
1659738133 13032600
1659738134 12966822
1659738135 11955318
1659738136 12762264
1659738137 12746196
1659738138 12579708
1659738139 12884406
1659738140 11600778
1659738141 12750516
1659738142 13344582
1659738143 12658056
1659738144 12992658
1659738145 12177738
1659738146 12546570
1659738147 12627396
1659738148 12573678
1659738149 12984192
1659738150 12106416
1659738151 12708024
1659738152 12620964
1659738153 12993672
1659738154 13030788
1659738155 12407016
1659738156 12617094
1659738157 13072842
1659738158 13022382
1659738159 12989106
1659738160 12237954
1659738161 12817740
1659738162 12961026
1659738163 13154538
1659738164 12788256
1659738165 12400182
1659738166 12450264
1659738167 12696450
1659738168 12928566
1659738169 12658878
1659738170 12303780
1659738171 12585084
1659738172 12402660
1659738173 12688464
1659738174 12821700
1659738175 11377962
1659738176 12830250
1659738177 12661746
1659738178 13050990
1659738179 12581334
1659738180 12138432
1659738181 12606498
1659738182 12645498
1659738183 12943314
1659738184 12747726
1659738185 12237210
1659738186 12388908
1659738187 12843150
1659738188 12593010
1659738189 12838242
1659738190 12122640
1659738191 12654522
1659738192 12534678
1659738193 13267740
1659738194 12964350
1659738195 12156570
1659738196 12875952
1659738197 13167012
1659738198 12761514
1659738199 12924372
1659738200 11438340
1659738201 12932004
1659738202 13112232
1659738203 12748578
1659738204 12699546
1659738205 12066030
1659738206 12278616
1659738207 12782808
1659738208 12830784
1659738209 12706386
1659738210 12123120
1659738211 12676188
1659738212 12796956
1659738213 13153104
1659738214 12742812
1659738215 12025206
1659738216 12541524
1659738217 12704544
1659738218 13064322
1659738219 12757128
1659738220 12070764
1659738221 12911382
1659738222 12704988
1659738223 12820212
1659738224 12851382
1659738225 12429522
1659738226 12824064
1659738227 12867066
1659738228 12891738
1659738229 12616836
1659738230 12031524
1659738231 12898506
1659738232 12728046
1659738233 13251354
1659738234 13062198
1659738235 11782848
1659738236 12838554
1659738237 13164720
1659738238 12777504
1659738239 13003566
1659738240 11679654
1659738241 12762414
1659738242 12771300
1659738243 12921036
1659738244 12814296
1659738245 11891808
1659738246 13291584
1659738247 12950292
1659738248 13074120
1659738249 12490470
1659738250 11997060
1659738251 12996960
1659738252 12834408
1659738253 12715050
1659738254 13151022
1659738255 12016806
1659738256 13379394
1659738257 12658800
1659738258 13046682
1659738259 12983784
1659738260 12106278
1659738261 12840234
1659738262 12662658
1659738263 13041420
1659738264 12910596
1659738265 12255402
1659738266 12516360
1659738267 12892260
1659738268 12931476
1659738269 12539298
1659738270 12094752
1659738271 12872484
1659738272 12987216
1659738273 12921930
1659738274 12973548
1659738275 11953002
1659738276 12435054
1659738277 12751692
1659738278 13153878
1659738279 13190916
1659738280 12478122
1659738281 12732528
1659738282 12983124
1659738283 12835080
1659738284 12829518
1659738285 12389604
1659738286 12789150
1659738287 12766320
1659738288 13003368
1659738289 12812556
1659738290 12276270
1659738291 12844404
1659738292 12458430
1659738293 13051410
1659738294 13052880
1659738295 11618328
1659738296 12772848
1659738297 12982896
1659738298 13005582
1659738299 13015062
1659738300 12206076
1659738301 12562158
1659738302 12581628
1659738303 12868566
1659738304 12783894
1659738305 12043050
1659738306 12961158
1659738307 12156948
1659738308 13039110
1659738309 12669372
1659738310 11805042
1659738311 13006950
1659738312 13168770
1659738313 12793044
1659738314 12872382
1659738315 11486826
1659738316 13192890
1659738317 12913242
1659738318 13107864
1659738319 13258740
1659738320 11865642
1659738321 12666744
1659738322 13307862
1659738323 13155486
1659738324 12818448
1659738325 12215526
1659738326 12790314
1659738327 12882696
1659738328 13157472
1659738329 13191606
1659738330 12518394
1659738331 12934146
1659738332 13207596
1659738333 12871734
1659738334 13219368
1659738335 12345552
1659738336 12873732
1659738337 12989862
1659738338 12454716
1659738339 12888462
1659738340 12313362
1659738341 12840906
1659738342 13008570
1659738343 13068522
1659738344 12685794
1659738345 12206250
1659738346 12583182
1659738347 12538872
1659738348 12911802
1659738349 13161474
1659738350 12109398
1659738351 13017336
1659738352 12601524
1659738353 12709680
1659738354 12834258
1659738355 12072156
1659738356 12590652
1659738357 12439008
1659738358 13010100
1659738359 12929478
1659738360 12466488
1659738361 12936948
1659738362 12922530
1659738363 13163040
1659738364 13025136
1659738365 12571872
1659738366 13100730
1659738367 12189024
1659738368 12726372
1659738369 12975402
1659738370 12515892
1659738371 13188108
1659738372 12911784
1659738373 8011014
1659738374 1184


# events submitted
1659737171 2646448
1659737172 613616
1659737173 6680064
1659737174 12163584
1659737175 13300908
1659737176 12961440
1659737177 12598716
1659737178 12728634
1659737179 12747780
1659737180 12859536
1659737181 13147788
1659737182 12460452
1659737183 12910644
1659737184 13145598
1659737185 12716274
1659737186 12723930
1659737187 12134550
1659737188 12445986
1659737189 12597924
1659737190 12808134
1659737191 12938634
1659737192 11967468
1659737193 12229140
1659737194 12968046
1659737195 12621942
1659737196 12702924
1659737197 11223648
1659737198 11883246
1659737199 12715956
1659737200 12631422
1659737201 12539616
1659737202 11477094
1659737203 12441732
1659737204 12613968
1659737205 12421386
1659737206 12646092
1659737207 11836608
1659737208 12682830
1659737209 11982726
1659737210 12484140
1659737211 12780954
1659737212 11636934
1659737213 12453480
1659737214 12180120
1659737215 12349926
1659737216 12809292
1659737217 12207324
1659737218 12633474
1659737219 12292992
1659737220 12370422
1659737221 12473028
1659737222 12154188
1659737223 12269580
1659737224 12894942
1659737225 12441000
1659737226 12409878
1659737227 12175296
1659737228 12422754
1659737229 12324684
1659737230 12284082
1659737231 12775302
1659737232 12521196
1659737233 12614712
1659737234 12761358
1659737235 12297732
1659737236 12300732
1659737237 12354456
1659737238 12802812
1659737239 12740802
1659737240 11957532
1659737241 12658188
1659737242 12250674
1659737243 12547560
1659737244 12680214
1659737245 12607644
1659737246 12318498
1659737247 9099876
1659737248 8728038
1659737249 9518502
1659737250 9212274
1659737251 7535694
1659737252 6399186
1659737253 7246878
1659737254 6480822
1659737255 5620584
1659737256 5695896
1659737257 7323024
1659737258 5948856
1659737259 5655072
1659737260 6024288
1659737261 6780252
1659737262 4711026
1659737263 6300696
1659737264 4109904
1659737265 7210716
1659737266 4771374
1659737267 6181764
1659737268 6120900
1659737269 6157134
1659737270 6264984
1659737271 4460232
1659737272 6089910
1659737273 6101874
1659737274 5996862
1659737275 5481690
1659737276 6881208
1659737277 6143772
1659737278 5578158
1659737279 5458686
1659737280 6564108
1659737281 6281964
1659737282 6111162
1659737283 6390096
1659737284 6575880
1659737285 6156798
1659737286 6250896
1659737287 4675572
1659737288 6950184
1659737289 5857140
1659737290 6715398
1659737291 5503686
1659737292 6438150
1659737293 5352672
1659737294 5703780
1659737295 6531300
1659737296 6362400
1659737297 5900334
1659737298 5425164
1659737299 5569926
1659737300 5498040
1659737301 6251802
1659737302 5886096
1659737303 6257046
1659737304 5223138
1659737305 5586648
1659737306 5487840
1659737307 5476788
1659737308 6242130
1659737309 5106720
1659737310 5998818
1659737311 5217780
1659737312 6077580
1659737313 3255210
1659737314 2933808
1659737315 3719082
1659737316 3771366
1659737317 2934786
1659737318 4295874
1659737319 4033158
1659737320 3153954
1659737321 2978658
1659737322 1909722
1659737323 2702484
1659737324 2614518
1659737325 1783638
1659737326 2911182
1659737327 3188448
1659737328 2623944
1659737329 2500950
1659737330 3385146
1659737331 3953874
1659737332 2766864
1659737333 3838896
1659737334 4185066
1659737335 4054566
1659737336 2903004
1659737337 2579190
1659737338 3436446
1659737339 2237346
1659737340 3942732
1659737341 3797706
1659737342 3940086
1659737343 3368202
1659737344 3932040
1659737345 3005898
1659737346 2117664
1659737347 3112818
1659737348 2729358
1659737349 3955638
1659737350 1877046
1659737351 3190272
1659737352 3536268
1659737353 3171990
1659737354 2768088
1659737355 3113982
1659737356 3499770
1659737357 3361326
1659737358 2823456
1659737359 3993018
1659737360 3188196
1659737361 3461826
1659737362 3849876
1659737363 2547060
1659737364 1941636
1659737365 3621762
1659737366 2518200
1659737367 3148932
1659737368 2850600
1659737369 3211344
1659737370 3583260
1659737371 2962344
1659737372 3466668
1659737373 2436984
1659737374 2293548
1659737375 2817606
1659737376 3330690
1659737377 4016868
1659737378 2461536
1659737379 2381406
1659737380 3097980
1659737381 3095694
1659737382 2224614
1659737383 2792502
1659737384 3153684
1659737385 4149390
1659737386 2765766
1659737387 3773952
1659737388 3649140
1659737389 3188310
1659737390 1850112
1659737391 4021962
1659737392 3716022
1659737393 2423082
1659737394 4247310
1659737395 3566490
1659737396 3483456
1659737397 3029802
1659737398 2881200
1659737399 3754326
1659737400 1680144
1659737401 3388416
1659737402 2354916
1659737403 2632350
1659737404 2957886
1659737405 3671550
1659737406 4016148
1659737407 3900222
1659737408 3054276
1659737409 3409506
1659737410 3017562
1659737411 3112344
1659737412 3888042
1659737413 3416298
1659737414 3056340
1659737415 1796928
1659737416 3841788
1659737417 3881220
1659737418 3200826
1659737419 3500820
1659737420 3770802
1659737421 4150542
1659737422 2443974
1659737423 4114812
1659737424 2835144
1659737425 2288316
1659737426 3170760
1659737427 3775980
1659737428 1963704
1659737429 2441616
1659737430 2154720
1659737431 1936074
1659737432 3698754
1659737433 2583558
1659737434 2515164
1659737435 3673512
1659737436 4196088
1659737437 1100274
1659737438 4102038
1659737439 3266178
1659737440 3544326
1659737441 3899970
1659737442 2486628
1659737443 3638850
1659737444 3832866
1659737445 2559348
1659737446 4057380
1659737447 3546240
1659737448 2412618
1659737449 3090060
1659737450 2655324
1659737451 3022938
1659737452 2592894
1659737453 3017934
1659737454 3867462
1659737455 3517542
1659737456 4194786
1659737457 2321790
1659737458 2577864
1659737459 3279390
1659737460 3823254
1659737461 4094694
1659737462 3611574
1659737463 2364468
1659737464 3859374
1659737465 4171632
1659737466 2388234
1659737467 3992076
1659737468 3713748
1659737469 3476400
1659737470 1883778
1659737471 2628846
1659737472 3118002
1659737473 2963004
1659737474 3182142
1659737475 3169416
1659737476 3030144
1659737477 3579492
1659737478 4165728
1659737479 2321160
1659737480 3097704
1659737481 3721656
1659737482 2921448
1659737483 2599044
1659737484 3806040
1659737485 3690642
1659737486 3738870
1659737487 2812488
1659737488 2861010
1659737489 2972220
1659737490 3169038
1659737491 3786084
1659737492 3116694
1659737493 2399658
1659737494 4066008
1659737495 3858174
1659737496 3561954
1659737497 2662890
1659737498 2126538
1659737499 3196230
1659737500 2482908
1659737501 3125412
1659737502 2620590
1659737503 2192592
1659737504 3841332
1659737505 3555972
1659737506 2938248
1659737507 4335384
1659737508 3512532
1659737509 2613162
1659737510 3211344
1659737511 2930400
1659737512 2987754
1659737513 4137660
1659737514 3328722
1659737515 3546498
1659737516 2446812
1659737517 3545358
1659737518 3599502
1659737519 2782470
1659737520 3792612
1659737521 3360990
1659737522 2754810
1659737523 2589708
1659737524 3377982
1659737525 3283452
1659737526 2695488
1659737527 3391722
1659737528 2824740
1659737529 2812200
1659737530 2661156
1659737531 2859822
1659737532 2072004
1659737533 3152742
1659737534 3849258
1659737535 4171722
1659737536 2179626
1659737537 2024136
1659737538 2043450
1659737539 2513814
1659737540 2059500
1659737541 2881284
1659737542 3182574
1659737543 3946878
1659737544 4647768
1659737545 2258580
1659737546 1430640
1659737547 3291912
1659737548 3553824
1659737549 2334312
1659737550 3183270
1659737551 3113220
1659737552 2820852
1659737553 1569978
1659737554 3562428
1659737555 3757422
1659737556 3654486
1659737557 3289908
1659737558 3981246
1659737559 3597240
1659737560 2743416
1659737561 3303870
1659737562 3915978
1659737563 3538128
1659737564 4332810
1659737565 2796060
1659737566 2166354
1659737567 3502848
1659737568 2185902
1659737569 3512406
1659737570 3147426
1659737571 2809686
1659737572 3162474
1659737573 3794484
1659737574 2063670
1659737575 3329802
1659737576 2542662
1659737577 6293172
1659737578 6184554
1659737579 5087994
1659737580 6070428
1659737581 6938994
1659737582 6402882
1659737583 5778702
1659737584 6190572
1659737585 6720906
1659737586 5568792
1659737587 6923910
1659737588 6923328
1659737589 6550806
1659737590 4510116
1659737591 6346212
1659737592 6282810
1659737593 6669150
1659737594 7067202
1659737595 5001024
1659737596 6653754
1659737597 7014642
1659737598 6813282
1659737599 5613276
1659737600 7189704
1659737601 7002276
1659737602 7055322
1659737603 5724282
1659737604 6276306
1659737605 4353414
1659737606 5888556
1659737607 6383376
1659737608 6943230
1659737609 7301490
1659737610 7773228
1659737611 6128868
1659737612 7753344
1659737613 5729598
1659737614 6590916
1659737615 5192604
1659737616 6099144
1659737617 7977792
1659737618 5958540
1659737619 6009282
1659737620 5687808
1659737621 6300582
1659737622 5312808
1659737623 6559008
1659737624 7183746
1659737625 5973354
1659737626 7370202
1659737627 5457216
1659737628 6664380
1659737629 6020730
1659737630 7337082
1659737631 6395670
1659737632 6760554
1659737633 6069264
1659737634 6515232
1659737635 6194358
1659737636 6010620
1659737637 5776026
1659737638 6402720
1659737639 6310476
1659737640 6730500
1659737641 6259980
1659737642 7392006
1659737643 5529810
1659737644 6597624
1659737645 6094980
1659737646 6542466
1659737647 5866296
1659737648 4655850
1659737649 4213902
1659737650 3924702
1659737651 2484852
1659737652 3861768
1659737653 1517448
1659737654 3360738
1659737655 954744
1659737656 3195636
1659737657 2673426
1659737658 3477660
1659737659 4163616
1659737660 3217368
1659737661 3325146
1659737662 3317094
1659737663 2337984
1659737664 2413272
1659737665 3908166
1659737666 3505362
1659737667 2973276
1659737668 2055606
1659737669 2006916
1659737670 3090504
1659737671 3774288
1659737672 2570940
1659737673 2222148
1659737674 3661056
1659737675 2177568
1659737676 3057450
1659737677 2972076
1659737678 4155330
1659737679 4127700
1659737680 3251592
1659737681 3648498
1659737682 3496950
1659737683 3207258
1659737684 2090712
1659737685 3063510
1659737686 2636358
1659737687 3331776
1659737688 3024108
1659737689 2160288
1659737690 3861828
1659737691 3341508
1659737692 3325380
1659737693 1944876
1659737694 2707182
1659737695 2868036
1659737696 2503314
1659737697 2839668
1659737698 2261934
1659737699 3244560
1659737700 2265522
1659737701 3229632
1659737702 3921522
1659737703 3373356
1659737704 3193620
1659737705 3005964
1659737706 3559482
1659737707 3281706
1659737708 3712554
1659737709 3138006
1659737710 4142484
1659737711 3742002
1659737712 4180380
1659737713 1262526
1659737714 3074400
1659737715 3517368
1659737716 2568420
1659737717 3007134
1659737718 3422862
1659737719 3753288
1659737720 2979186
1659737721 3066828
1659737722 2784492
1659737723 3351006
1659737724 3238710
1659737725 2614230
1659737726 4159248
1659737727 2665968
1659737728 3473142
1659737729 3430848
1659737730 2732928
1659737731 1618494
1659737732 3248226
1659737733 3109980
1659737734 2164464
1659737735 2571114
1659737736 1805802
1659737737 3034656
1659737738 3326628
1659737739 3786636
1659737740 3484014
1659737741 3910830
1659737742 3024804
1659737743 3115002
1659737744 2320056
1659737745 3234546
1659737746 2455362
1659737747 3696414
1659737748 2510028
1659737749 3562380
1659737750 3369876
1659737751 1798704
1659737752 3613452
1659737753 2830962
1659737754 3328134
1659737755 2960808
1659737756 2805102
1659737757 3453744
1659737758 3394128
1659737759 2544054
1659737760 2745768
1659737761 2738424
1659737762 3546942
1659737763 2818014
1659737764 2610858
1659737765 3648684
1659737766 3336732
1659737767 1953582
1659737768 1620780
1659737769 2544798
1659737770 3023448
1659737771 3849036
1659737772 2578194
1659737773 3119760
1659737774 4020978
1659737775 4663608
1659737776 3367194
1659737777 1625202
1659737778 2802276
1659737779 3656724
1659737780 2235102
1659737781 3320652
1659737782 3532242
1659737783 2408664
1659737784 2782206
1659737785 3577086
1659737786 2593470
1659737787 4012200
1659737788 2676702
1659737789 1795098
1659737790 2304840
1659737791 2022198
1659737792 3878244
1659737793 3351444
1659737794 3395424
1659737795 2672100
1659737796 2867604
1659737797 2435208
1659737798 2424042
1659737799 2799750
1659737800 4008714
1659737801 3722568
1659737802 3794256
1659737803 3225708
1659737804 2168952
1659737805 3377796
1659737806 4044552
1659737807 3571842
1659737808 3445128
1659737809 4075914
1659737810 3074826
1659737811 3484464
1659737812 3745182
1659737813 1840950
1659737814 2480736
1659737815 3577608
1659737816 3296706
1659737817 3122832
1659737818 1418520
1659737819 3027024
1659737820 4155426
1659737821 4511004
1659737822 3962064
1659737823 3151116
1659737824 2537964
1659737825 3156438
1659737826 4160898
1659737827 3853278
1659737828 2517804
1659737829 3479772
1659737830 3901248
1659737831 2629122
1659737832 1060086
1659737833 3790446
1659737834 3113136
1659737835 2946456
1659737836 2758968
1659737837 3400410
1659737838 2859960
1659737839 3110316
1659737840 4143636
1659737841 3795294
1659737842 2847504
1659737843 1853160
1659737844 3882732
1659737845 2656056
1659737846 3093990
1659737847 2951814
1659737848 4073850
1659737849 2476998
1659737850 2884620
1659737851 1073634
1659737852 3183126
1659737853 2666106
1659737854 1809786
1659737855 3405828
1659737856 2875788
1659737857 3959628
1659737858 2580258
1659737859 2881638
1659737860 3430848
1659737861 4208916
1659737862 3330726
1659737863 2773056
1659737864 2000706
1659737865 2518464
1659737866 2074194
1659737867 2363652
1659737868 3753456
1659737869 4348740
1659737870 3029514
1659737871 3232242
1659737872 1910244
1659737873 1976256
1659737874 3372612
1659737875 2515074
1659737876 3100050
1659737877 3321774
1659737878 2893980
1659737879 3272976
1659737880 3849228
1659737881 3031728
1659737882 2332152
1659737883 4051788
1659737884 2662134
1659737885 1475790
1659737886 2367966
1659737887 2237784
1659737888 3293142
1659737889 2632932
1659737890 3483612
1659737891 4151130
1659737892 3942300
1659737893 3256362
1659737894 3461556
1659737895 3382650
1659737896 2117886
1659737897 3316452
1659737898 2469144
1659737899 2359092
1659737900 3262032
1659737901 2360448
1659737902 2983662
1659737903 3351042
1659737904 2587740
1659737905 1959342
1659737906 3284682
1659737907 3115392
1659737908 3405408
1659737909 2284812
1659737910 2962746
1659737911 3698556
1659737912 1754808
1659737913 3877788
1659737914 3112326
1659737915 3349386
1659737916 2463690
1659737917 3308490
1659737918 2389908
1659737919 4221006
1659737920 3087726
1659737921 3646254
1659737922 3767340
1659737923 4039308
1659737924 2205048
1659737925 3138414
1659737926 3580116
1659737927 3731934
1659737928 3682464
1659737929 2901300
1659737930 668754
1659737931 3365166
1659737932 3088302
1659737933 4058334
1659737934 1412232
1659737935 2401404
1659737936 2172246
1659737937 1981734
1659737938 2982972
1659737939 3769896
1659737940 3961026
1659737941 4235688
1659737942 3975546
1659737943 4129596
1659737944 2413704
1659737945 1334700
1659737946 3869316
1659737947 4627104
1659737948 3671256
1659737949 2348064
1659737950 3313536
1659737951 3345864
1659737952 3121134
1659737953 3295704
1659737954 4033962
1659737955 2190546
1659737956 1245732
1659737957 2311440
1659737958 2510532
1659737959 5686026
1659737960 6148752
1659737961 5164860
1659737962 5383776
1659737963 6781830
1659737964 6171660
1659737965 5308176
1659737966 5975286
1659737967 6753444
1659737968 5930670
1659737969 7013982
1659737970 6567864
1659737971 6401250
1659737972 6934194
1659737973 5919870
1659737974 6717702
1659737975 5507772
1659737976 6541278
1659737977 5675646
1659737978 5264346
1659737979 5789094
1659737980 6443700
1659737981 4602270
1659737982 5835516
1659737983 7350678
1659737984 7107324
1659737985 6182328
1659737986 6409608
1659737987 6620736
1659737988 4870650
1659737989 6568134
1659737990 5019414
1659737991 5878434
1659737992 6719844
1659737993 5697042
1659737994 6780084
1659737995 8033028
1659737996 6626778
1659737997 6112290
1659737998 6349992
1659737999 4995342
1659738000 5087190
1659738001 5884032
1659738002 6334404
1659738003 5422098
1659738004 6296064
1659738005 7034880
1659738006 7356300
1659738007 5422974
1659738008 5766498
1659738009 6352452
1659738010 4663176
1659738011 5926194
1659738012 6894738
1659738013 7197510
1659738014 7115310
1659738015 5819628
1659738016 6923346
1659738017 5594718
1659738018 6454374
1659738019 6687654
1659738020 6598284
1659738021 5594166
1659738022 4541616
1659738023 5023536
1659738024 6827238
1659738025 5609742
1659738026 6803274
1659738027 6536790
1659738028 6313248
1659738029 6567450
1659738030 6922068
1659738031 6022626
1659738032 5757894
1659738033 4882788
1659738034 5101170
1659738035 3236292
1659738036 3171222
1659738037 1584594
1659738038 3153042
1659738039 2709924
1659738040 3396966
1659738041 2836398
1659738042 2421294
1659738043 4070148
1659738044 3897420
1659738045 4085988
1659738046 4348404
1659738047 3571290
1659738048 2869470
1659738049 3658260
1659738050 3500520
1659738051 3029478
1659738052 2739972
1659738053 2853426
1659738054 2509950
1659738055 2920218
1659738056 3078732
1659738057 3881844
1659738058 4421292
1659738059 2694096
1659738060 3415680
1659738061 3225726
1659738062 3403416
1659738063 4286784
1659738064 1796502
1659738065 3118998
1659738066 4065300
1659738067 2606850
1659738068 3137040
1659738069 3166212
1659738070 3200184
1659738071 4740372
1659738072 4361316
1659738073 3927324
1659738074 3091494
1659738075 2959944
1659738076 2785470
1659738077 1259844
1659738078 2399688
1659738079 3980232
1659738080 3307446
1659738081 3834318
1659738082 2676648
1659738083 2246958
1659738084 2578362
1659738085 2992242
1659738086 3388362
1659738087 3186930
1659738088 1267818
1659738089 3915726
1659738090 3321846
1659738091 2795580
1659738092 3755814
1659738093 4153116
1659738094 3650784
1659738095 3686676
1659738096 4080546
1659738097 3327156
1659738098 3553668
1659738099 4420710
1659738100 2430582
1659738101 3774930
1659738102 3049290
1659738103 4031922
1659738104 3607584
1659738105 2434506
1659738106 3403992
1659738107 2939778
1659738108 2904666
1659738109 3275664
1659738110 3841794
1659738111 2675094
1659738112 1016160
1659738113 2966640
1659738114 1705956
1659738115 2577810
1659738116 2239962
1659738117 3772032
1659738118 1921782
1659738119 1620246
1659738120 2885136
1659738121 3370518
1659738122 4008060
1659738123 3216012
1659738124 3600192
1659738125 3500670
1659738126 4079784
1659738127 2484462
1659738128 3744204
1659738129 3055746
1659738130 3288696
1659738131 2308326
1659738132 2865888
1659738133 820236
1659738134 3097728
1659738135 2925438
1659738136 3520842
1659738137 3071550
1659738138 3116856
1659738139 4148232
1659738140 2337480
1659738141 2545272
1659738142 4348500
1659738143 3303270
1659738144 3366768
1659738145 4279902
1659738146 2618838
1659738147 2178612
1659738148 2387112
1659738149 4054050
1659738150 2820300
1659738151 3772872
1659738152 3121236
1659738153 2775414
1659738154 2587998
1659738155 2713392
1659738156 2025816
1659738157 4484820
1659738158 4312236
1659738159 2434764
1659738160 3276552
1659738161 3549120
1659738162 3796134
1659738163 3789198
1659738164 3408468
1659738165 2473212
1659738166 2859498
1659738167 2398740
1659738168 3785202
1659738169 3091746
1659738170 2355240
1659738171 3788220
1659738172 4647342
1659738173 3592824
1659738174 3468342
1659738175 2957460
1659738176 3402930
1659738177 2658804
1659738178 3038766
1659738179 3076212
1659738180 2988726
1659738181 2942190
1659738182 3499674
1659738183 4527000
1659738184 3327972
1659738185 2699580
1659738186 2763594
1659738187 1908912
1659738188 2959830
1659738189 3346422
1659738190 3774270
1659738191 2613510
1659738192 2705478
1659738193 4100088
1659738194 3558186
1659738195 2002230
1659738196 2532786
1659738197 3406182
1659738198 2832126
1659738199 2351406
1659738200 3019530
1659738201 2536434
1659738202 3455052
1659738203 3377922
1659738204 2252088
1659738205 3728424
1659738206 2982558
1659738207 3566796
1659738208 1518306
1659738209 2742954
1659738210 2530428
1659738211 2354124
1659738212 2903454
1659738213 3387678
1659738214 2916996
1659738215 3850968
1659738216 3923934
1659738217 3449028
1659738218 3540666
1659738219 3265998
1659738220 2618322
1659738221 2955498
1659738222 4033920
1659738223 2094084
1659738224 3417768
1659738225 2589618
1659738226 3246114
1659738227 2937132
1659738228 4108992
1659738229 3853560
1659738230 3497550
1659738231 3748848
1659738232 3928404
1659738233 2469798
1659738234 2573640
1659738235 2274030
1659738236 2776524
1659738237 3348636
1659738238 3357390
1659738239 4034526
1659738240 2331768
1659738241 2180892
1659738242 1844862
1659738243 4143174
1659738244 2992788
1659738245 3968550
1659738246 3822414
1659738247 3832674
1659738248 2517072
1659738249 2775756
1659738250 3827982
1659738251 4010964
1659738252 4139064
1659738253 3193968
1659738254 4134678
1659738255 3028794
1659738256 2694036
1659738257 3066870
1659738258 3617988
1659738259 3722364
1659738260 3390864
1659738261 3404226
1659738262 2913648
1659738263 3358224
1659738264 1941924
1659738265 3075270
1659738266 3055020
1659738267 2673978
1659738268 3658296
1659738269 2022852
1659738270 2479206
1659738271 4261020
1659738272 3091872
1659738273 2999658
1659738274 3303234
1659738275 2824398
1659738276 3912876
1659738277 3241680
1659738278 2109222
1659738279 4047084
1659738280 2424528
1659738281 3188766
1659738282 4016490
1659738283 2977482
1659738284 3797436
1659738285 2646798
1659738286 4603554
1659738287 3922146
1659738288 3726954
1659738289 2802600
1659738290 2787654
1659738291 3542724
1659738292 3274542
1659738293 3458310
1659738294 4421598
1659738295 3220932
1659738296 2317110
1659738297 4427928
1659738298 2390142
1659738299 2071674
1659738300 3853182
1659738301 3699816
1659738302 3056220
1659738303 3208656
1659738304 3481032
1659738305 2187288
1659738306 2929956
1659738307 2866380
1659738308 3996162
1659738309 3935298
1659738310 2786982
1659738311 3014124
1659738312 3109836
1659738313 3899766
1659738314 4619598
1659738315 3447234
1659738316 3383844
1659738317 3121392
1659738318 4025940
1659738319 2556318
1659738320 2747244
1659738321 3465768
1659738322 2492340
1659738323 4231866
1659738324 3297774
1659738325 3376830
1659738326 2195214
1659738327 3214704
1659738328 3800394
1659738329 3348480
1659738330 3445608
1659738331 1979022
1659738332 3718722
1659738333 3010602
1659738334 3423456
1659738335 3442368
1659738336 3959772
1659738337 2994888
1659738338 3585090
1659738339 2945700
1659738340 3603600
1659738341 4190358
1659738342 3983268
1659738343 3644280
1659738344 3413778
1659738345 3731886
1659738346 3546210
1659738347 3655026
1659738348 2816772
1659738349 3624648
1659738350 2427936
1659738351 2950668
1659738352 3034506
1659738353 3713328
1659738354 3530700
1659738355 3641898
1659738356 1821486
1659738357 2438400
1659738358 3513960
1659738359 3105102
1659738360 2172456
1659738361 2597694
1659738362 2683308
1659738363 2407464
1659738364 3087408
1659738365 3447564
1659738366 2780868
1659738367 3821712
1659738368 4112982
1659738369 2494710
1659738370 3197802
1659738371 4005714
1659738372 2238738
1659738373 1869444
1659738374 796


# events lost
1659737247 3000126
1659737248 4217934
1659737249 3033324
1659737250 3402246
1659737251 5315982
1659737252 5817048
1659737253 5291514
1659737254 6236424
1659737255 7326402
1659737256 7359024
1659737257 5123244
1659737258 6950538
1659737259 7327242
1659737260 6326220
1659737261 5907744
1659737262 7917696
1659737263 6838044
1659737264 9148494
1659737265 5929842
1659737266 7734126
1659737267 6337818
1659737268 6627672
1659737269 6622686
1659737270 6637710
1659737271 8290044
1659737272 6099948
1659737273 6924720
1659737274 7079610
1659737275 7473918
1659737276 5562792
1659737277 6326358
1659737278 7438098
1659737279 7402458
1659737280 6240228
1659737281 6462114
1659737282 6111990
1659737283 6725934
1659737284 6405606
1659737285 6927582
1659737286 6376572
1659737287 7722384
1659737288 5980212
1659737289 6973476
1659737290 6336162
1659737291 7030620
1659737292 5868486
1659737293 7553160
1659737294 6997068
1659737295 6264342
1659737296 6551838
1659737297 6011760
1659737298 7227090
1659737299 7253136
1659737300 6923028
1659737301 6829182
1659737302 6158136
1659737303 6727734
1659737304 7737684
1659737305 7338984
1659737306 7083132
1659737307 6933522
1659737308 6199998
1659737309 7496880
1659737310 6554334
1659737311 7907508
1659737312 6135054
1659737313 9420726
1659737314 10031514
1659737315 9131838
1659737316 9130608
1659737317 8978388
1659737318 8796144
1659737319 9046428
1659737320 9865416
1659737321 9931662
1659737322 10585398
1659737323 9847686
1659737324 10330710
1659737325 10872876
1659737326 10121106
1659737327 9081162
1659737328 10449456
1659737329 10434336
1659737330 9066684
1659737331 9389136
1659737332 9259518
1659737333 9001608
1659737334 8357814
1659737335 9008814
1659737336 9772302
1659737337 9436662
1659737338 9252804
1659737339 10645044
1659737340 8739108
1659737341 8978772
1659737342 8291484
1659737343 9795450
1659737344 8858184
1659737345 9930558
1659737346 10363182
1659737347 9647568
1659737348 10563060
1659737349 9069012
1659737350 11113128
1659737351 9693798
1659737352 8794230
1659737353 8995626
1659737354 10027182
1659737355 9604320
1659737356 9354852
1659737357 9414858
1659737358 9651042
1659737359 9251412
1659737360 10077156
1659737361 9463158
1659737362 8740716
1659737363 9941790
1659737364 10579026
1659737365 9245550
1659737366 10144404
1659737367 9738924
1659737368 9127818
1659737369 10100112
1659737370 8246628
1659737371 9967866
1659737372 9505980
1659737373 9970092
1659737374 10665828
1659737375 10305978
1659737376 9575610
1659737377 9344400
1659737378 9653676
1659737379 10764696
1659737380 9492924
1659737381 9507270
1659737382 11111538
1659737383 9256566
1659737384 9337188
1659737385 8876748
1659737386 10102590
1659737387 9196200
1659737388 8780604
1659737389 9369036
1659737390 10968732
1659737391 8378922
1659737392 9169602
1659737393 10276932
1659737394 8651196
1659737395 9558840
1659737396 9396726
1659737397 9898788
1659737398 8553300
1659737399 9223794
1659737400 11121378
1659737401 9633306
1659737402 10623150
1659737403 9513246
1659737404 9608508
1659737405 9143706
1659737406 8714250
1659737407 8968890
1659737408 9057840
1659737409 9163638
1659737410 9845394
1659737411 10203762
1659737412 8922162
1659737413 8550018
1659737414 9603204
1659737415 11013228
1659737416 9371730
1659737417 8673966
1659737418 8733492
1659737419 8943390
1659737420 9051522
1659737421 8649630
1659737422 10653186
1659737423 8339184
1659737424 10150524
1659737425 10547514
1659737426 9508740
1659737427 8971974
1659737428 9827778
1659737429 10189374
1659737430 10734588
1659737431 10899732
1659737432 9191136
1659737433 9591498
1659737434 9749856
1659737435 9077874
1659737436 8879340
1659737437 12188814
1659737438 8205624
1659737439 9624276
1659737440 9517650
1659737441 8943222
1659737442 10249698
1659737443 8478294
1659737444 8504886
1659737445 10720662
1659737446 8902914
1659737447 9209088
1659737448 10021686
1659737449 9726726
1659737450 9817146
1659737451 9997806
1659737452 10397598
1659737453 9181656
1659737454 8976828
1659737455 9134322
1659737456 8960802
1659737457 10474950
1659737458 9058674
1659737459 9507120
1659737460 9187812
1659737461 8698866
1659737462 9624846
1659737463 10240746
1659737464 8868240
1659737465 8783652
1659737466 10641492
1659737467 8890902
1659737468 8852520
1659737469 9413718
1659737470 11121174
1659737471 9934422
1659737472 9599208
1659737473 9175074
1659737474 8617254
1659737475 10307484
1659737476 10132878
1659737477 9396768
1659737478 8391084
1659737479 10577976
1659737480 9744090
1659737481 9136848
1659737482 9887070
1659737483 10173960
1659737484 9005238
1659737485 9207990
1659737486 9047316
1659737487 10327896
1659737488 8552832
1659737489 9886086
1659737490 9502254
1659737491 9273780
1659737492 9696132
1659737493 9819642
1659737494 8654316
1659737495 8698524
1659737496 9197790
1659737497 10314822
1659737498 10544532
1659737499 9216402
1659737500 10730748
1659737501 9584946
1659737502 10013688
1659737503 9501504
1659737504 9086946
1659737505 9649560
1659737506 9969462
1659737507 8754132
1659737508 9142320
1659737509 10012344
1659737510 9736326
1659737511 9952920
1659737512 10023246
1659737513 8257356
1659737514 9619668
1659737515 9335490
1659737516 10541994
1659737517 9300558
1659737518 9052476
1659737519 10485558
1659737520 9158226
1659737521 9403836
1659737522 10071048
1659737523 9949326
1659737524 9283494
1659737525 9993486
1659737526 10092234
1659737527 9435486
1659737528 8976162
1659737529 9812184
1659737530 10043778
1659737531 10249944
1659737532 10500426
1659737533 8869008
1659737534 9004986
1659737535 8794854
1659737536 10927632
1659737537 11031840
1659737538 10775766
1659737539 10549620
1659737540 11301294
1659737541 9740442
1659737542 9354810
1659737543 8172984
1659737544 8305086
1659737545 10808370
1659737546 11885076
1659737547 9973758
1659737548 9111534
1659737549 10459554
1659737550 9765972
1659737551 9847482
1659737552 10140156
1659737553 10894902
1659737554 9222804
1659737555 9488886
1659737556 9088170
1659737557 9585582
1659737558 7946322
1659737559 9044076
1659737560 10377522
1659737561 9834978
1659737562 9134172
1659737563 8786946
1659737564 8037996
1659737565 10195962
1659737566 11074830
1659737567 9450462
1659737568 9841158
1659737569 9413688
1659737570 9737472
1659737571 9849960
1659737572 9389946
1659737573 8273340
1659737574 10867212
1659737575 9674790
1659737576 10194192
1659737577 6858642
1659737578 6218904
1659737579 7687230
1659737580 6527592
1659737581 5819676
1659737582 6187338
1659737583 6338004
1659737584 6400716
1659737585 6420726
1659737586 7392402
1659737587 5955012
1659737588 5301048
1659737589 5880600
1659737590 8244330
1659737591 6407856
1659737592 6487680
1659737593 5313540
1659737594 5534736
1659737595 8022708
1659737596 6051408
1659737597 5781276
1659737598 5647950
1659737599 6958656
1659737600 5937798
1659737601 5945304
1659737602 6134064
1659737603 6066780
1659737604 6796932
1659737605 9051072
1659737606 6743490
1659737607 5746704
1659737608 4846944
1659737609 5394462
1659737610 5167692
1659737611 6744666
1659737612 5347194
1659737613 6413076
1659737614 6225600
1659737615 7306188
1659737616 6628776
1659737617 4801482
1659737618 5945766
1659737619 6681060
1659737620 7070652
1659737621 6782436
1659737622 7589946
1659737623 5216724
1659737624 5782530
1659737625 6851886
1659737626 5421048
1659737627 7334130
1659737628 5424138
1659737629 6767646
1659737630 5813058
1659737631 6388824
1659737632 6312720
1659737633 5938290
1659737634 6070152
1659737635 6563574
1659737636 6451212
1659737637 7336758
1659737638 5526030
1659737639 6671574
1659737640 6326502
1659737641 6563844
1659737642 5243052
1659737643 6119100
1659737644 6652884
1659737645 6603318
1659737646 6461904
1659737647 6939126
1659737648 7198380
1659737649 8793870
1659737650 9056832
1659737651 10502058
1659737652 8969664
1659737653 10614942
1659737654 9938106
1659737655 12100698
1659737656 9996312
1659737657 10357056
1659737658 8386530
1659737659 8840412
1659737660 9834324
1659737661 9635664
1659737662 9435420
1659737663 9982818
1659737664 10218336
1659737665 9089130
1659737666 9486138
1659737667 10160706
1659737668 10368354
1659737669 11377578
1659737670 9574020
1659737671 9288942
1659737672 10426110
1659737673 9955590
1659737674 8741580
1659737675 10834278
1659737676 10094238
1659737677 9931938
1659737678 8430966
1659737679 8662776
1659737680 9594072
1659737681 9162726
1659737682 9405750
1659737683 8644962
1659737684 10864992
1659737685 9830244
1659737686 10208226
1659737687 9574170
1659737688 9129000
1659737689 10633350
1659737690 9238686
1659737691 9591576
1659737692 9759114
1659737693 10373844
1659737694 10158048
1659737695 10313280
1659737696 10293750
1659737697 10186998
1659737698 10297254
1659737699 9727302
1659737700 10914852
1659737701 9653214
1659737702 8998236
1659737703 8887728
1659737704 9234756
1659737705 9742128
1659737706 8965944
1659737707 8736564
1659737708 8495142
1659737709 9524184
1659737710 9257250
1659737711 9676338
1659737712 9128688
1659737713 11231136
1659737714 9713310
1659737715 9401676
1659737716 10497504
1659737717 9575070
1659737718 8638734
1659737719 8575962
1659737720 9678990
1659737721 10018122
1659737722 10081380
1659737723 8755212
1659737724 9600066
1659737725 10509390
1659737726 8766444
1659737727 10197732
1659737728 8375400
1659737729 9444780
1659737730 10269066
1659737731 11889588
1659737732 9594192
1659737733 9118614
1659737734 10096770
1659737735 10776030
1659737736 11231562
1659737737 10120866
1659737738 9114954
1659737739 8958996
1659737740 9119658
1659737741 9470832
1659737742 10302954
1659737743 9308574
1659737744 11364168
1659737745 9760938
1659737746 10452558
1659737747 9059706
1659737748 9829026
1659737749 9371088
1659737750 9582054
1659737751 11426826
1659737752 9441252
1659737753 9403218
1659737754 9360018
1659737755 9805578
1659737756 10478472
1659737757 9581196
1659737758 9242952
1659737759 10368552
1659737760 10323786
1659737761 10221912
1659737762 9740988
1659737763 9503754
1659737764 10064154
1659737765 8895972
1659737766 9333162
1659737767 10938966
1659737768 10445094
1659737769 10301346
1659737770 9147132
1659737771 9060510
1659737772 10419342
1659737773 8637600
1659737774 8785344
1659737775 8812560
1659737776 9702774
1659737777 11344380
1659737778 9654534
1659737779 8899806
1659737780 11103726
1659737781 9474126
1659737782 9531756
1659737783 9743994
1659737784 10397466
1659737785 9342534
1659737786 10461996
1659737787 8947770
1659737788 9597456
1659737789 11231688
1659737790 10619418
1659737791 10770576
1659737792 9196290
1659737793 9150738
1659737794 9703452
1659737795 9989238
1659737796 10013154
1659737797 10518720
1659737798 9740646
1659737799 9696738
1659737800 8864712
1659737801 9393930
1659737802 9300258
1659737803 9027708
1659737804 10747434
1659737805 9638544
1659737806 9271350
1659737807 9600162
1659737808 9234672
1659737809 8531934
1659737810 9693468
1659737811 9677412
1659737812 9298548
1659737813 10460160
1659737814 9506226
1659737815 9188154
1659737816 9660564
1659737817 9884388
1659737818 11404800
1659737819 9714342
1659737820 8286120
1659737821 8768268
1659737822 9117720
1659737823 10073610
1659737824 10311672
1659737825 9151020
1659737826 8809290
1659737827 8683260
1659737828 10500234
1659737829 9357330
1659737830 8737824
1659737831 10689540
1659737832 11782500
1659737833 9486324
1659737834 9759564
1659737835 9492360
1659737836 10086006
1659737837 9595146
1659737838 10111266
1659737839 9224136
1659737840 8387430
1659737841 9095634
1659737842 10165116
1659737843 10943610
1659737844 8766762
1659737845 9525282
1659737846 9449688
1659737847 9917412
1659737848 8684430
1659737849 10159914
1659737850 9613056
1659737851 12114624
1659737852 9780426
1659737853 10343598
1659737854 11094954
1659737855 8778804
1659737856 9758898
1659737857 9035664
1659737858 10321434
1659737859 9987828
1659737860 8811540
1659737861 8704842
1659737862 9810540
1659737863 10261188
1659737864 11081238
1659737865 9263976
1659737866 11109024
1659737867 10713636
1659737868 9202386
1659737869 8813478
1659737870 8733168
1659737871 9610008
1659737872 11261262
1659737873 11380482
1659737874 9548808
1659737875 9114822
1659737876 9173388
1659737877 9505146
1659737878 9795060
1659737879 9865584
1659737880 8238204
1659737881 9511026
1659737882 10869558
1659737883 9290682
1659737884 10213188
1659737885 11178960
1659737886 10517652
1659737887 11054634
1659737888 9682056
1659737889 10290798
1659737890 8733600
1659737891 8782110
1659737892 9090036
1659737893 9427722
1659737894 9262434
1659737895 8791158
1659737896 10720788
1659737897 9374592
1659737898 10526490
1659737899 10515642
1659737900 8943474
1659737901 10328928
1659737902 9659592
1659737903 9740814
1659737904 10647330
1659737905 10344594
1659737906 9479712
1659737907 9956256
1659737908 9319194
1659737909 11078178
1659737910 9611670
1659737911 9291228
1659737912 11214024
1659737913 9175506
1659737914 9945186
1659737915 9214650
1659737916 10156812
1659737917 9607746
1659737918 10458312
1659737919 8751138
1659737920 9077946
1659737921 9168858
1659737922 9194760
1659737923 9368280
1659737924 11019552
1659737925 9382488
1659737926 9445638
1659737927 9229170
1659737928 9010362
1659737929 9798450
1659737930 11709558
1659737931 9353982
1659737932 9706362
1659737933 9155808
1659737934 11669856
1659737935 10127826
1659737936 10174068
1659737937 11020602
1659737938 10011648
1659737939 9115842
1659737940 8457576
1659737941 8666484
1659737942 8611734
1659737943 9120162
1659737944 10839276
1659737945 10913550
1659737946 8302446
1659737947 8602218
1659737948 9204024
1659737949 10807182
1659737950 8928642
1659737951 9620244
1659737952 9765324
1659737953 9603474
1659737954 9000408
1659737955 10575534
1659737956 11714160
1659737957 10765056
1659737958 10260660
1659737959 7262202
1659737960 6354978
1659737961 7820754
1659737962 7149774
1659737963 6134010
1659737964 6770376
1659737965 7046058
1659737966 6729618
1659737967 5954034
1659737968 7315776
1659737969 5799726
1659737970 6041634
1659737971 6379398
1659737972 5997792
1659737973 6779958
1659737974 5595120
1659737975 7015398
1659737976 6325584
1659737977 6637080
1659737978 7385682
1659737979 6995532
1659737980 5921016
1659737981 8238570
1659737982 6786084
1659737983 5706474
1659737984 5693010
1659737985 6318168
1659737986 6388656
1659737987 6640536
1659737988 7939314
1659737989 6169536
1659737990 6938568
1659737991 6732378
1659737992 6046890
1659737993 7124556
1659737994 6056544
1659737995 4438950
1659737996 6029904
1659737997 6619122
1659737998 6345282
1659737999 8058294
1659738000 7662540
1659738001 7015134
1659738002 5882358
1659738003 7537356
1659738004 6652224
1659738005 5393472
1659738006 5548254
1659738007 7587090
1659738008 6897936
1659738009 6247206
1659738010 7668750
1659738011 6804318
1659738012 5998830
1659738013 5347542
1659738014 5555442
1659738015 6250698
1659738016 5414682
1659738017 7156998
1659738018 6077796
1659738019 5938776
1659738020 5566050
1659738021 6818496
1659738022 8042340
1659738023 7984218
1659738024 6092460
1659738025 6859926
1659738026 5652654
1659738027 5677224
1659738028 6281160
1659738029 5944044
1659738030 5202642
1659738031 6952146
1659738032 7562238
1659738033 8142312
1659738034 7845624
1659738035 8578236
1659738036 10047576
1659738037 11289390
1659738038 10137078
1659738039 10115508
1659738040 8915172
1659738041 9794892
1659738042 10033794
1659738043 9013890
1659738044 8900718
1659738045 7883976
1659738046 8554836
1659738047 9107958
1659738048 10421580
1659738049 9091242
1659738050 8756076
1659738051 9775686
1659738052 10387356
1659738053 10308018
1659738054 10629090
1659738055 9407832
1659738056 9846666
1659738057 9142566
1659738058 8335326
1659738059 10135116
1659738060 8692602
1659738061 9280716
1659738062 9249678
1659738063 8705466
1659738064 11298708
1659738065 9436326
1659738066 8981274
1659738067 10369074
1659738068 9914964
1659738069 9618426
1659738070 8418582
1659738071 8515908
1659738072 8709996
1659738073 8863986
1659738074 9819540
1659738075 9040926
1659738076 10025076
1659738077 11849976
1659738078 10516128
1659738079 9173136
1659738080 9146712
1659738081 8965092
1659738082 9885258
1659738083 10269546
1659738084 10109634
1659738085 9604530
1659738086 9494556
1659738087 9255624
1659738088 11544300
1659738089 8651094
1659738090 8780904
1659738091 10216056
1659738092 9132720
1659738093 8995380
1659738094 9825924
1659738095 8593302
1659738096 8882940
1659738097 9624156
1659738098 9311454
1659738099 8554824
1659738100 9818172
1659738101 9186594
1659738102 9874176
1659738103 8898930
1659738104 9435930
1659738105 9285066
1659738106 9342894
1659738107 9944616
1659738108 9637662
1659738109 9647928
1659738110 8569518
1659738111 9800622
1659738112 12188070
1659738113 9990102
1659738114 11381820
1659738115 9336450
1659738116 10595094
1659738117 9634830
1659738118 10930086
1659738119 11134926
1659738120 9061236
1659738121 9466302
1659738122 8814276
1659738123 9560208
1659738124 9450882
1659738125 8675244
1659738126 8910828
1659738127 10499178
1659738128 9264174
1659738129 9723708
1659738130 8680236
1659738131 10296840
1659738132 9986766
1659738133 12197166
1659738134 9887016
1659738135 9032430
1659738136 9255318
1659738137 9685806
1659738138 9479760
1659738139 8763324
1659738140 9267492
1659738141 10206126
1659738142 9019146
1659738143 9366474
1659738144 9636768
1659738145 7922688
1659738146 9918498
1659738147 10438020
1659738148 10181220
1659738149 8931270
1659738150 9291582
1659738151 8947614
1659738152 9512256
1659738153 10220094
1659738154 10445292
1659738155 9696756
1659738156 10574178
1659738157 8615184
1659738158 8734422
1659738159 10547400
1659738160 8969730
1659738161 9270306
1659738162 9177048
1659738163 9379200
1659738164 9383658
1659738165 9922656
1659738166 9592746
1659738167 10288500
1659738168 9164580
1659738169 9581136
1659738170 9953628
1659738171 8798946
1659738172 7769154
1659738173 9115212
1659738174 9359286
1659738175 8420730
1659738176 9441498
1659738177 10009110
1659738178 10019250
1659738179 9510060
1659738180 9152760
1659738181 9676638
1659738182 9163638
1659738183 8448660
1659738184 9421974
1659738185 9536352
1659738186 9636186
1659738187 10935144
1659738188 9630756
1659738189 9489006
1659738190 8367426
1659738191 10033974
1659738192 9820272
1659738193 9197652
1659738194 9423108
1659738195 10156560
1659738196 10352436
1659738197 9769152
1659738198 9938538
1659738199 10582170
1659738200 8429940
1659738201 10402020
1659738202 9673866
1659738203 9382632
1659738204 10441830
1659738205 8345598
1659738206 9306000
1659738207 9235038
1659738208 11301426
1659738209 9965094
1659738210 9576888
1659738211 10322364
1659738212 9904560
1659738213 9772458
1659738214 9823344
1659738215 8185158
1659738216 8629212
1659738217 9267906
1659738218 9535848
1659738219 9497892
1659738220 9455682
1659738221 9954744
1659738222 8681766
1659738223 10718160
1659738224 9438186
1659738225 9843540
1659738226 9584652
1659738227 9936138
1659738228 8802852
1659738229 8784360
1659738230 8552124
1659738231 9172554
1659738232 8812170
1659738233 10784094
1659738234 10489998
1659738235 9512808
1659738236 10063638
1659738237 9834174
1659738238 9422928
1659738239 8979438
1659738240 9357768
1659738241 10571706
1659738242 10910202
1659738243 8799924
1659738244 9814152
1659738245 7948500
1659738246 9493638
1659738247 9123876
1659738248 10535130
1659738249 9725946
1659738250 8177610
1659738251 8996016
1659738252 8705772
1659738253 9532920
1659738254 9041970
1659738255 9006318
1659738256 10686444
1659738257 9603066
1659738258 9443472
1659738259 9270636
1659738260 8733966
1659738261 9447852
1659738262 9753504
1659738263 9695778
1659738264 10960062
1659738265 9189528
1659738266 9467514
1659738267 10212654
1659738268 9292278
1659738269 10507638
1659738270 9628140
1659738271 8623968
1659738272 9894960
1659738273 9939750
1659738274 9676812
1659738275 9139866
1659738276 8538540
1659738277 9514968
1659738278 11025108
1659738279 9173640
1659738280 10033368
1659738281 9557706
1659738282 8993250
1659738283 9859566
1659738284 9046470
1659738285 9741600
1659738286 8213526
1659738287 8852112
1659738288 9288792
1659738289 10026102
1659738290 9497868
1659738291 9321144
1659738292 9196968
1659738293 9614250
1659738294 8657034
1659738295 8414958
1659738296 10455294
1659738297 8580504
1659738298 10617576
1659738299 10931016
1659738300 8377164
1659738301 8882946
1659738302 9540684
1659738303 9676782
1659738304 9318168
1659738305 9847746
1659738306 10021446
1659738307 9296958
1659738308 9052764
1659738309 8759484
1659738310 9021864
1659738311 10003128
1659738312 10072476
1659738313 8898294
1659738314 8281164
1659738315 8053068
1659738316 9811926
1659738317 9790572
1659738318 9105414
1659738319 10701138
1659738320 9132648
1659738321 9215190
1659738322 10807302
1659738323 8938284
1659738324 9521436
1659738325 8847792
1659738326 10591386
1659738327 9678228
1659738328 9373404
1659738329 9850164
1659738330 9092622
1659738331 10938408
1659738332 9509244
1659738333 9862860
1659738334 9818586
1659738335 8914506
1659738336 8934762
1659738337 10005432
1659738338 8885994
1659738339 9943098
1659738340 8722626
1659738341 8675646
1659738342 9051498
1659738343 9422712
1659738344 9273504
1659738345 8497998
1659738346 9055440
1659738347 8893872
1659738348 10093890
1659738349 9558228
1659738350 9680820
1659738351 10069734
1659738352 9584418
1659738353 9003342
1659738354 9314868
1659738355 8436588
1659738356 10756638
1659738357 9991962
1659738358 9499992
1659738359 9835116
1659738360 10293576
1659738361 10346676
1659738362 10238490
1659738363 10735008
1659738364 9934284
1659738365 9150108
1659738366 10333692
1659738367 8382876
1659738368 8627826
1659738369 10473822
1659738370 9342270
1659738371 9208242
1659738372 10674006
1659738373 6148236
1659738374 450
