# events called
1659731810 170702
1659731811 2951448
1659731812 7324
1659731813 9924432
1659731814 16084498
1659731815 15794342
1659731816 14828992
1659731817 15421882
1659731818 15246150
1659731819 16449074
1659731820 15747156
1659731821 15383268
1659731822 15789502
1659731823 15443292
1659731824 16005694
1659731825 14763534
1659731826 16128780
1659731827 14246300
1659731828 14649290
1659731829 16347180
1659731830 15112904
1659731831 15820712
1659731832 15365588
1659731833 15386226
1659731834 15063992
1659731835 15480026
1659731836 16302568
1659731837 14147138
1659731838 15100642
1659731839 16137278
1659731840 16131778
1659731841 14533618
1659731842 15195092
1659731843 17249294
1659731844 15031418
1659731845 14427490
1659731846 16833652
1659731847 13782356
1659731848 14951070
1659731849 15282856
1659731850 16271582
1659731851 15067358
1659731852 15325746
1659731853 15696860
1659731854 14106266
1659731855 15937078
1659731856 16322376
1659731857 13807498
1659731858 14671830
1659731859 16203156
1659731860 15327474
1659731861 15904326
1659731862 14622382
1659731863 15487404
1659731864 16183398
1659731865 14807750
1659731866 15919964
1659731867 15100830
1659731868 15574208
1659731869 15771854
1659731870 15133648
1659731871 17111040
1659731872 15670872
1659731873 15563818
1659731874 16228422
1659731875 18136084
1659731876 16685034
1659731877 14387450
1659731878 16586850
1659731879 17249014
1659731880 14687306
1659731881 18004602
1659731882 15902908
1659731883 14441022
1659731884 15953034
1659731885 16884142
1659731886 15669776
1659731887 15053132
1659731888 16515050
1659731889 15935174
1659731890 16415884
1659731891 14956422
1659731892 16108044
1659731893 16746752
1659731894 14653384
1659731895 16555190
1659731896 16658380
1659731897 15635254
1659731898 16009312
1659731899 15645454
1659731900 16831760
1659731901 16451892
1659731902 16619088
1659731903 14731658
1659731904 18011196
1659731905 16293986
1659731906 15009962
1659731907 16770748
1659731908 16588020
1659731909 17901522
1659731910 15105488
1659731911 14976940
1659731912 15948714
1659731913 16645694
1659731914 15605216
1659731915 16272116
1659731916 16800364
1659731917 13096188
1659731918 16924382
1659731919 15406260
1659731920 16145966
1659731921 16688818
1659731922 13950512
1659731923 16620878
1659731924 16276286
1659731925 15781674
1659731926 16154784
1659731927 15021000
1659731928 16185512
1659731929 18002344
1659731930 15720228
1659731931 16592614
1659731932 15802620
1659731933 17922764
1659731934 15496064
1659731935 16147584
1659731936 16929600
1659731937 15179984
1659731938 15411300
1659731939 15155772
1659731940 15843918
1659731941 18036744
1659731942 16425756
1659731943 14393596
1659731944 14559982
1659731945 16740870
1659731946 14955554
1659731947 16542280
1659731948 16839914
1659731949 15194478
1659731950 16717762
1659731951 15253650
1659731952 16667486
1659731953 15690108
1659731954 14097138
1659731955 16711872
1659731956 16410124
1659731957 15764678
1659731958 15987870
1659731959 15007692
1659731960 16662408
1659731961 15625716
1659731962 15622154
1659731963 18029788
1659731964 16378750
1659731965 14841934
1659731966 18071074
1659731967 16118760
1659731968 14197192
1659731969 17368332
1659731970 15196886
1659731971 16388246
1659731972 17141180
1659731973 15822320
1659731974 14246304
1659731975 16229050
1659731976 15817444
1659731977 15521694
1659731978 16806498
1659731979 15497712
1659731980 16973102
1659731981 15440816
1659731982 15941354
1659731983 16876968
1659731984 14724978
1659731985 17673376
1659731986 16845116
1659731987 16570386
1659731988 15938722
1659731989 13736736
1659731990 16984986
1659731991 17349948
1659731992 15604954
1659731993 16553562
1659731994 15303438
1659731995 16843648
1659731996 14827686
1659731997 16766474
1659731998 18111804
1659731999 14490696
1659732000 14619938
1659732001 16122068
1659732002 16961504
1659732003 15347378
1659732004 15332258
1659732005 16043258
1659732006 16124078
1659732007 16515506
1659732008 14959642
1659732009 14981278
1659732010 15406748
1659732011 16934282
1659732012 16384468
1659732013 15074546
1659732014 16026780
1659732015 15462610
1659732016 16053664
1659732017 16511798
1659732018 15663278
1659732019 14416798
1659732020 16909144
1659732021 16048258
1659732022 16541096
1659732023 17379508
1659732024 14250612
1659732025 17382658
1659732026 16741874
1659732027 14819834
1659732028 16833192
1659732029 15092874
1659732030 15900586
1659732031 16967922
1659732032 14586192
1659732033 15775682
1659732034 15890884
1659732035 15670918
1659732036 15329170
1659732037 16099948
1659732038 16477444
1659732039 15620098
1659732040 15424834
1659732041 16145858
1659732042 15554636
1659732043 16333760
1659732044 15996854
1659732045 14741998
1659732046 16867842
1659732047 15964160
1659732048 15527746
1659732049 16120654
1659732050 15620494
1659732051 16891068
1659732052 16698210
1659732053 14656692
1659732054 15353058
1659732055 16310928
1659732056 14969666
1659732057 16819938
1659732058 14787820
1659732059 16649490
1659732060 15671112
1659732061 14431832
1659732062 16347938
1659732063 16553070
1659732064 14536642
1659732065 15679714
1659732066 15688020
1659732067 16778720
1659732068 16050090
1659732069 14750892
1659732070 16489052
1659732071 14629764
1659732072 16833378
1659732073 18369130
1659732074 14381518
1659732075 16551548
1659732076 15766066
1659732077 15578910
1659732078 16566526
1659732079 14658756
1659732080 16514738
1659732081 16775770
1659732082 15069014
1659732083 15649544
1659732084 14358022
1659732085 17921304
1659732086 14397860
1659732087 16012184
1659732088 15628532
1659732089 16552982
1659732090 14560518
1659732091 15605440
1659732092 16507958
1659732093 16547592
1659732094 16414328
1659732095 15431564
1659732096 14836838
1659732097 16625710
1659732098 14927000
1659732099 15888196
1659732100 16473532
1659732101 14984774
1659732102 16541744
1659732103 15939802
1659732104 15545390
1659732105 15794880
1659732106 16865178
1659732107 15536174
1659732108 15960454
1659732109 15441660
1659732110 15239582
1659732111 18149114
1659732112 14981878
1659732113 16439354
1659732114 15964210
1659732115 14351322
1659732116 16775992
1659732117 14907976
1659732118 16603350
1659732119 15094848
1659732120 15549202
1659732121 16755614
1659732122 14777306
1659732123 16484782
1659732124 15118526
1659732125 15310048
1659732126 16890788
1659732127 14727126
1659732128 16263672
1659732129 15587230
1659732130 16721420
1659732131 15224952
1659732132 16853596
1659732133 15904912
1659732134 15001990
1659732135 17273118
1659732136 15508994
1659732137 16510230
1659732138 14988930
1659732139 16069208
1659732140 16249822
1659732141 15389080
1659732142 16823680
1659732143 16724006
1659732144 13600118
1659732145 17794980
1659732146 15903448
1659732147 16669076
1659732148 16887404
1659732149 12377728
1659732150 15895256
1659732151 17969714
1659732152 15547794
1659732153 14870244
1659732154 14791922
1659732155 15878396
1659732156 15523436
1659732157 16100238
1659732158 15364446
1659732159 15248622
1659732160 15738760
1659732161 15611618
1659732162 15927300
1659732163 15153202
1659732164 15213616
1659732165 14648082
1659732166 16506976
1659732167 15946016
1659732168 15618990
1659732169 14470922
1659732170 15702918
1659732171 15383060
1659732172 18082842
1659732173 15034472
1659732174 14427708
1659732175 15704440
1659732176 17607486
1659732177 15619442
1659732178 14671392
1659732179 14955042
1659732180 16668198
1659732181 16392670
1659732182 15361852
1659732183 15738514
1659732184 17062372
1659732185 15330156
1659732186 14679538
1659732187 16029132
1659732188 16142048
1659732189 15129932
1659732190 15746004
1659732191 15510492
1659732192 16698612
1659732193 16157214
1659732194 14178316
1659732195 16386716
1659732196 14593250
1659732197 16912646
1659732198 14752426
1659732199 15453636
1659732200 18189672
1659732201 15667306
1659732202 16002068
1659732203 15423392
1659732204 16128102
1659732205 15881870
1659732206 16247820
1659732207 15098108
1659732208 15500216
1659732209 16418070
1659732210 15891516
1659732211 14256714
1659732212 15781356
1659732213 16407194
1659732214 14989888
1659732215 16061742
1659732216 15745384
1659732217 15458620
1659732218 16037576
1659732219 15411450
1659732220 15472284
1659732221 15901050
1659732222 15582366
1659732223 16580368
1659732224 13714472
1659732225 16505776
1659732226 15738796
1659732227 15167618
1659732228 16190702
1659732229 13273116
1659732230 16365516
1659732231 15614980
1659732232 17570732
1659732233 17528384
1659732234 13729994
1659732235 16416030
1659732236 15786130
1659732237 14654592
1659732238 15295614
1659732239 16401078
1659732240 15788710
1659732241 15546572
1659732242 15694736
1659732243 14548064
1659732244 16000692
1659732245 15376762
1659732246 15924028
1659732247 16769324
1659732248 14638816
1659732249 15961970
1659732250 15313840
1659732251 16505606
1659732252 16462594
1659732253 16865018
1659732254 16646264
1659732255 15523034
1659732256 16741134
1659732257 14908882
1659732258 16333694
1659732259 15398942
1659732260 15374166
1659732261 17746166
1659732262 14920356
1659732263 15736992
1659732264 14277128
1659732265 16698456
1659732266 16435676
1659732267 15872798
1659732268 14908876
1659732269 15443838
1659732270 15420130
1659732271 14698730
1659732272 16841170
1659732273 15258934
1659732274 15592592
1659732275 15233946
1659732276 15866226
1659732277 16621062
1659732278 15484882
1659732279 14342658
1659732280 15490926
1659732281 15789160
1659732282 15630276
1659732283 16865110
1659732284 14239108
1659732285 16850126
1659732286 15088894
1659732287 16404368
1659732288 16263956
1659732289 13542972
1659732290 16664874
1659732291 14774308
1659732292 17779798
1659732293 14974886
1659732294 14982644
1659732295 15269440
1659732296 17605552
1659732297 15004378
1659732298 16384132
1659732299 12971024
1659732300 16603842
1659732301 15260014
1659732302 16062092
1659732303 16777148
1659732304 14747054
1659732305 16062132
1659732306 16404980
1659732307 18321918
1659732308 16049858
1659732309 15207708
1659732310 16375732
1659732311 16090394
1659732312 15997070
1659732313 15536958
1659732314 15506730
1659732315 16019942
1659732316 15742550
1659732317 15572474
1659732318 15977138
1659732319 16445100
1659732320 15900900
1659732321 16731442
1659732322 16465202
1659732323 14279860
1659732324 15268784
1659732325 17488562
1659732326 15579418
1659732327 15933978
1659732328 16723262
1659732329 13330958
1659732330 15559382
1659732331 16778798
1659732332 14841412
1659732333 16508274
1659732334 15298808
1659732335 15324990
1659732336 16604456
1659732337 14584068
1659732338 16377738
1659732339 15344384
1659732340 15942482
1659732341 16208648
1659732342 15861348
1659732343 15988988
1659732344 14533506
1659732345 16785900
1659732346 15054716
1659732347 15999308
1659732348 15169186
1659732349 14670358
1659732350 16392462
1659732351 16894064
1659732352 16725448
1659732353 14719146
1659732354 15818622
1659732355 14651706
1659732356 16620096
1659732357 15294106
1659732358 16267934
1659732359 16394226
1659732360 15178484
1659732361 14914136
1659732362 16082602
1659732363 15966798
1659732364 14372454
1659732365 15256190
1659732366 15792942
1659732367 15882638
1659732368 15273264
1659732369 15935892
1659732370 15194104
1659732371 16225066
1659732372 15972322
1659732373 15923036
1659732374 15420932
1659732375 15612280
1659732376 15836732
1659732377 15937564
1659732378 16159110
1659732379 14500816
1659732380 15629074
1659732381 16759360
1659732382 16697214
1659732383 14346404
1659732384 13867954
1659732385 18047620
1659732386 14493516
1659732387 16419392
1659732388 14445460
1659732389 15119430
1659732390 15340120
1659732391 16188856
1659732392 15173740
1659732393 16100490
1659732394 15142604
1659732395 15913268
1659732396 15111126
1659732397 16177996
1659732398 15920932
1659732399 15311090
1659732400 15374446
1659732401 15790522
1659732402 16167056
1659732403 16406220
1659732404 14410500
1659732405 15911772
1659732406 16718034
1659732407 15501904
1659732408 15973742
1659732409 15115834
1659732410 16741330
1659732411 16032844
1659732412 16402310
1659732413 16733542
1659732414 13956794
1659732415 16795006
1659732416 16412472
1659732417 13987574
1659732418 14953478
1659732419 15579296
1659732420 15335768
1659732421 16347818
1659732422 15775660
1659732423 15697014
1659732424 14088708
1659732425 15914894
1659732426 15273526
1659732427 16765454
1659732428 16511254
1659732429 14571176
1659732430 16848312
1659732431 15188842
1659732432 16267254
1659732433 16268510
1659732434 15367762
1659732435 16173338
1659732436 16624152
1659732437 14622672
1659732438 16633112
1659732439 15026780
1659732440 15607454
1659732441 16899184
1659732442 15555388
1659732443 16854566
1659732444 14731112
1659732445 14640016
1659732446 15553302
1659732447 15402218
1659732448 16854088
1659732449 15387486
1659732450 14879966
1659732451 15212232
1659732452 15116264
1659732453 16234062
1659732454 15306144
1659732455 15616028
1659732456 16163500
1659732457 15039250
1659732458 16765506
1659732459 14817570
1659732460 15759550
1659732461 17124150
1659732462 15666582
1659732463 16724178
1659732464 13960366
1659732465 16011602
1659732466 15732388
1659732467 15466652
1659732468 16541260
1659732469 13431874
1659732470 16579584
1659732471 15830574
1659732472 15551156
1659732473 17733858
1659732474 15696174
1659732475 14210924
1659732476 17587956
1659732477 15722066
1659732478 14467000
1659732479 15913276
1659732480 14122816
1659732481 16579238
1659732482 16715114
1659732483 15956114
1659732484 14636182
1659732485 16746990
1659732486 14890966
1659732487 16324716
1659732488 15909756
1659732489 14855800
1659732490 16797572
1659732491 14621416
1659732492 16415244
1659732493 18469784
1659732494 15009524
1659732495 16939298
1659732496 15943202
1659732497 15613282
1659732498 16384210
1659732499 15598394
1659732500 16181734
1659732501 16088030
1659732502 15290556
1659732503 17732216
1659732504 13757244
1659732505 15298390
1659732506 17256544
1659732507 14358996
1659732508 17062374
1659732509 16051186
1659732510 16212996
1659732511 15040938
1659732512 14643744
1659732513 16718244
1659732514 15870208
1659732515 16741486
1659732516 15963850
1659732517 16042742
1659732518 15670406
1659732519 14549698
1659732520 16113870
1659732521 15490914
1659732522 16528280
1659732523 14840698
1659732524 15217668
1659732525 15018440
1659732526 17823720
1659732527 18375650
1659732528 16014260
1659732529 14630720
1659732530 16396118
1659732531 16781400
1659732532 14833740
1659732533 16517788
1659732534 13769684
1659732535 16186858
1659732536 15821648
1659732537 14911872
1659732538 17095488
1659732539 14179456
1659732540 15271286
1659732541 15039022
1659732542 15777834
1659732543 15867958
1659732544 15441818
1659732545 15472290
1659732546 16084404
1659732547 15915502
1659732548 15818584
1659732549 15271828
1659732550 17209006
1659732551 16342462
1659732552 15371414
1659732553 17347448
1659732554 16456600
1659732555 16880756
1659732556 16155250
1659732557 16798202
1659732558 16395298
1659732559 14813310
1659732560 16797144
1659732561 16403666
1659732562 14640122
1659732563 16587402
1659732564 15558654
1659732565 16919706
1659732566 15551930
1659732567 17263604
1659732568 15250998
1659732569 14333078
1659732570 16762888
1659732571 15456948
1659732572 15661816
1659732573 15852096
1659732574 13686880
1659732575 16664516
1659732576 15338930
1659732577 16071548
1659732578 15758714
1659732579 14428716
1659732580 15190244
1659732581 16362200
1659732582 15055202
1659732583 16634690
1659732584 14753680
1659732585 16078664
1659732586 16529156
1659732587 14962200
1659732588 16809762
1659732589 15036588
1659732590 15627954
1659732591 16907308
1659732592 16140436
1659732593 17010874
1659732594 13661214
1659732595 15665336
1659732596 16976590
1659732597 14568606
1659732598 17526532
1659732599 15145842
1659732600 14842410
1659732601 16174820
1659732602 16203292
1659732603 15853274
1659732604 16489160
1659732605 16073212
1659732606 15475786
1659732607 16270942
1659732608 15261322
1659732609 14964866
1659732610 15967774
1659732611 16011454
1659732612 15874422
1659732613 15894812
1659732614 15108958
1659732615 15934534
1659732616 15918102
1659732617 15168116
1659732618 16745732
1659732619 14469906
1659732620 15976206
1659732621 16424180
1659732622 16486700
1659732623 15507404
1659732624 15229074
1659732625 15371136
1659732626 17145872
1659732627 15020900
1659732628 15441186
1659732629 15382142
1659732630 14868526
1659732631 16657430
1659732632 15582578
1659732633 15935018
1659732634 16034108
1659732635 16280502
1659732636 14996006
1659732637 16719374
1659732638 15946772
1659732639 13774328
1659732640 16597144
1659732641 14407258
1659732642 16575290
1659732643 15711958
1659732644 14170258
1659732645 16511228
1659732646 15523106
1659732647 15640290
1659732648 16043632
1659732649 15959392
1659732650 15444406
1659732651 17697002
1659732652 14482192
1659732653 16861344
1659732654 14184284
1659732655 15721696
1659732656 17225196
1659732657 15281658
1659732658 16902670
1659732659 14414614
1659732660 15645450
1659732661 15657492
1659732662 16167458
1659732663 15878410
1659732664 15173254
1659732665 15769220
1659732666 15650408
1659732667 16225816
1659732668 15945284
1659732669 15634902
1659732670 14968008
1659732671 15680834
1659732672 15561040
1659732673 16398168
1659732674 15166882
1659732675 15759182
1659732676 16009598
1659732677 15551562
1659732678 16349298
1659732679 14901920
1659732680 16090908
1659732681 17958846
1659732682 14463168
1659732683 16641948
1659732684 15814696
1659732685 14433382
1659732686 16866448
1659732687 14782052
1659732688 16507592
1659732689 16196552
1659732690 14680462
1659732691 15977728
1659732692 15258690
1659732693 16525396
1659732694 16273388
1659732695 14511860
1659732696 16694340
1659732697 14951210
1659732698 16133310
1659732699 14692642
1659732700 15983886
1659732701 16541498
1659732702 14581186
1659732703 16719904
1659732704 14703828
1659732705 16010768
1659732706 16124562
1659732707 14952802
1659732708 16860556
1659732709 15559266
1659732710 15500328
1659732711 16842380
1659732712 16628058
1659732713 14527668
1659732714 15422212
1659732715 14633986
1659732716 16634534
1659732717 14742250
1659732718 17963832
1659732719 15101448
1659732720 14420176
1659732721 16639540
1659732722 16989394
1659732723 14861984
1659732724 16487868
1659732725 15317182
1659732726 16130034
1659732727 16517242
1659732728 14914938
1659732729 14989406
1659732730 14519834
1659732731 16773668
1659732732 16492872
1659732733 15035034
1659732734 14752768
1659732735 15937076
1659732736 15295820
1659732737 16780352
1659732738 14926328
1659732739 14645270
1659732740 16743234
1659732741 15658342
1659732742 17395602
1659732743 15065832
1659732744 16676740
1659732745 15313596
1659732746 14835142
1659732747 17443422
1659732748 15987228
1659732749 14065002
1659732750 16427530
1659732751 14707308
1659732752 16785346
1659732753 14829008
1659732754 14980898
1659732755 14944710
1659732756 15998926
1659732757 16745138
1659732758 15815292
1659732759 15875616
1659732760 15186338
1659732761 16749338
1659732762 14344706
1659732763 16629724
1659732764 14514640
1659732765 16047358
1659732766 15922478
1659732767 15138832
1659732768 16385098
1659732769 14909670
1659732770 16003386
1659732771 16832230
1659732772 15554044
1659732773 16902812
1659732774 16026474
1659732775 13683686
1659732776 16383134
1659732777 18069770
1659732778 15006176
1659732779 13365880
1659732780 16448754
1659732781 17339714
1659732782 15432226
1659732783 15338862
1659732784 13180142
1659732785 16610124
1659732786 15211204
1659732787 15729998
1659732788 16145038
1659732789 13005722
1659732790 16861658
1659732791 16707592
1659732792 15772964
1659732793 15624810
1659732794 15770410
1659732795 14570792
1659732796 16862446
1659732797 15185662
1659732798 16078364
1659732799 15834368
1659732800 15478236
1659732801 16232500
1659732802 14935590
1659732803 16470020
1659732804 14892264
1659732805 14672424
1659732806 16612608
1659732807 16647896
1659732808 14517220
1659732809 16002306
1659732810 16019140
1659732811 17534218
1659732812 15436750
1659732813 14819882
1659732814 16199946
1659732815 15807222
1659732816 15212770
1659732817 16304762
1659732818 14849370
1659732819 15248146
1659732820 14806860
1659732821 15790168
1659732822 15256046
1659732823 16346552
1659732824 14692370
1659732825 16620088
1659732826 14850202
1659732827 17054828
1659732828 14633096
1659732829 16357618
1659732830 16151324
1659732831 14736342
1659732832 16461036
1659732833 15883096
1659732834 13451670
1659732835 16580240
1659732836 16037468
1659732837 15786540
1659732838 14497818
1659732839 15604246
1659732840 17490742
1659732841 16159742
1659732842 14430018
1659732843 15884326
1659732844 14455946
1659732845 16784012
1659732846 16715142
1659732847 15833864
1659732848 15842672
1659732849 13754476
1659732850 16633584
1659732851 16226160
1659732852 14561348
1659732853 16502936
1659732854 13915832
1659732855 16690862
1659732856 15011364
1659732857 15843532
1659732858 15245836
1659732859 14601444
1659732860 16312410
1659732861 16963370
1659732862 16004018
1659732863 15441534
1659732864 16059122
1659732865 16710708
1659732866 16370370
1659732867 15779412
1659732868 17643244
1659732869 14916542
1659732870 16432012
1659732871 14312404
1659732872 15871760
1659732873 16350812
1659732874 13742494
1659732875 16832248
1659732876 14777124
1659732877 16671840
1659732878 15717446
1659732879 14933978
1659732880 16439668
1659732881 14716364
1659732882 16387772
1659732883 15064896
1659732884 14377914
1659732885 15651314
1659732886 15846054
1659732887 15974304
1659732888 15625432
1659732889 14421756
1659732890 16247076
1659732891 14879684
1659732892 16785148
1659732893 17037928
1659732894 14068272
1659732895 15898278
1659732896 14571524
1659732897 17812626
1659732898 16664656
1659732899 15022492
1659732900 15344160
1659732901 14646722
1659732902 16342470
1659732903 15920026
1659732904 13377958
1659732905 16463786
1659732906 14983480
1659732907 16437094
1659732908 14990546
1659732909 14652296
1659732910 16057818
1659732911 15101590
1659732912 16023390
1659732913 15617988
1659732914 13758860
1659732915 16691034
1659732916 14562430
1659732917 16601676
1659732918 16614564
1659732919 15126968
1659732920 15724978
1659732921 16679444
1659732922 15249212
1659732923 17168830
1659732924 16044720
1659732925 13853892
1659732926 16106224
1659732927 17973346
1659732928 14549640
1659732929 15230544
1659732930 15007604
1659732931 16514006
1659732932 15069274
1659732933 16809034
1659732934 13873926
1659732935 16120022
1659732936 16115516
1659732937 15087626
1659732938 16349428
1659732939 13265336
1659732940 15981992
1659732941 15550592
1659732942 15753342
1659732943 15786908
1659732944 14117468
1659732945 15769796
1659732946 16701524
1659732947 15266614
1659732948 16173070
1659732949 15263152
1659732950 14500718
1659732951 17894600
1659732952 15691000
1659732953 15258376
1659732954 15165978
1659732955 15952330
1659732956 16358284
1659732957 15737816
1659732958 17347482
1659732959 13488694
1659732960 15721468
1659732961 16282050
1659732962 15690766
1659732963 15796314
1659732964 14239092
1659732965 16076290
1659732966 15915270
1659732967 16404956
1659732968 17563748
1659732969 14812970
1659732970 15740698
1659732971 15148786
1659732972 16156472
1659732973 16732848
1659732974 15547180
1659732975 15004486
1659732976 15986872
1659732977 15755630
1659732978 16105372
1659732979 14049306
1659732980 15658378
1659732981 16056570
1659732982 16886130
1659732983 15320214
1659732984 15283534
1659732985 16164084
1659732986 15780694
1659732987 15921670
1659732988 15480572
1659732989 15755610
1659732990 16638754
1659732991 14088218
1659732992 16037410
1659732993 16881214
1659732994 14446158
1659732995 16804800
1659732996 15039928
1659732997 16147598
1659732998 15131730
1659732999 14995346
1659733000 18348400
1659733001 17130856
1659733002 16704536
1659733003 17209876
1659733004 15895868
1659733005 15536362
1659733006 15746496
1659733007 15632982
1659733008 15747532
1659733009 15185070
1659733010 15337338
1659733011 15944530
1659733012 16415208
1659733013 3486294
1659733014 1226


# events submitted
1659731810 170702
1659731811 2951448
1659731812 7324
1659731813 9882842
1659731814 16015200
1659731815 15733290
1659731816 14795520
1659731817 15360842
1659731818 15200760
1659731819 16375866
1659731820 15686658
1659731821 15351652
1659731822 15748176
1659731823 15423490
1659731824 15962614
1659731825 14700812
1659731826 16087828
1659731827 14228542
1659731828 14618496
1659731829 16297932
1659731830 15060998
1659731831 15784490
1659731832 15319482
1659731833 15345444
1659731834 15030798
1659731835 15427776
1659731836 16241646
1659731837 14101492
1659731838 15062326
1659731839 16080644
1659731840 16084322
1659731841 14504042
1659731842 15146020
1659731843 17240518
1659731844 15007612
1659731845 14389314
1659731846 16740150
1659731847 13756186
1659731848 14915430
1659731849 15246304
1659731850 16246776
1659731851 15012420
1659731852 15275780
1659731853 15649664
1659731854 14048894
1659731855 15896630
1659731856 16269258
1659731857 13757810
1659731858 14658614
1659731859 16147540
1659731860 15275350
1659731861 15842780
1659731862 14571646
1659731863 15441320
1659731864 16126774
1659731865 14765842
1659731866 15865986
1659731867 15074880
1659731868 15537546
1659731869 15711426
1659731870 15088496
1659731871 9407102
1659731872 4209982
1659731873 4551194
1659731874 4127356
1659731875 4597780
1659731876 3393708
1659731877 4329636
1659731878 4126122
1659731879 4490802
1659731880 3088020
1659731881 4133868
1659731882 3728164
1659731883 3308136
1659731884 4346162
1659731885 4088516
1659731886 4309542
1659731887 4160854
1659731888 4592724
1659731889 3736398
1659731890 3592736
1659731891 3055270
1659731892 4314558
1659731893 4005418
1659731894 2921592
1659731895 4477414
1659731896 3810286
1659731897 4113350
1659731898 3898476
1659731899 4604062
1659731900 4550526
1659731901 1121768
1659731902 991680
1659731903 2092396
1659731904 650
1659731905 1122192
1659731906 1838734
1659731907 1220136
1659731908 1047648
1659731910 2094346
1659731911 1509302
1659731912 1630994
1659731913 1047732
1659731914 1358244
1659731915 1783648
1659731916 1045478
1659731917 1046430
1659731918 1046226
1659731919 2092050
1659731920 1047596
1659731921 1045442
1659731922 1492272
1659731923 1125030
1659731924 1618206
1659731925 1274946
1659731926 1816684
1659731927 1047004
1659731928 1047020
1659731929 1710
1659731930 1875510
1659731931 1082718
1659731932 1226752
1659731933 410
1659731934 1815936
1659731935 1325158
1659731936 1047086
1659731937 1319966
1659731938 1821310
1659731939 1205908
1659731940 1933058
1659731941 696
1659731942 1179132
1659731943 2289032
1659731944 1765486
1659731945 1046544
1659731946 1749990
1659731947 1392116
1659731948 1047232
1659731949 1167936
1659731950 1163322
1659731951 1856074
1659731952 1047106
1659731953 1548104
1659731954 1592016
1659731955 1046390
1659731956 1046994
1659731957 1169692
1659731958 1419330
1659731959 1597604
1659731960 1046968
1659731961 1046680
1659731962 1668376
1659731963 498264
1659731964 1046880
1659731965 1856466
1659731966 237926
1659731967 1203880
1659731968 1466978
1659731969 1518130
1659731970 2236616
1659731971 904776
1659731972 546218
1659731973 1604754
1659731974 2433272
1659731975 1697430
1659731976 1047028
1659731977 2093918
1659731978 799510
1659731979 1294662
1659731980 1047046
1659731981 1525648
1659731982 1614180
1659731983 1047144
1659731984 1049762
1659731985 1044450
1659731986 1046408
1659731987 1047128
1659731988 1046164
1659731989 1527052
1659731990 1614186
1659731991 6756
1659731992 1363208
1659731993 1779110
1659731994 1287750
1659731995 1047078
1659731996 1559946
1659731997 1580840
1659731998 58966
1659731999 1270010
1659732000 2042682
1659732001 1922568
1659732002 1047022
1659732003 1352228
1659732004 1787906
1659732005 1046366
1659732006 1047096
1659732007 1264222
1659732008 1877354
1659732009 1468808
1659732010 1178908
1659732011 1540288
1659732012 1117230
1659732013 1722482
1659732014 1347866
1659732015 1194388
1659732016 1946808
1659732017 1046684
1659732018 1322652
1659732019 1818264
1659732020 1046932
1659732021 704960
1659732022 1417866
1659732023 387982
1659732024 1938140
1659732025 825680
1659732026 1046662
1659732027 1947086
1659732028 1193580
1659732029 2094062
1659732030 1047314
1659732031 1047120
1659732032 1795210
1659732033 2392856
1659732034 1046976
1659732035 1051516
1659732036 1355482
1659732037 1781878
1659732038 1069916
1659732039 1418700
1659732040 1699874
1659732041 1156156
1659732042 1708278
1659732043 1323972
1659732044 1046980
1659732045 2094002
1659732046 942252
1659732047 1496112
1659732048 1697236
1659732049 1099184
1659732050 1206470
1659732051 887644
1659732052 1047092
1659732053 2094278
1659732054 582838
1659732055 1511574
1659732056 2094130
1659732057 822772
1659732058 1941594
1659732059 378210
1659732060 1558422
1659732061 1538854
1659732062 2214612
1659732063 1047908
1659732064 2016116
1659732065 1151146
1659732066 1990374
1659732067 1047296
1659732068 1345568
1659732069 1795232
1659732070 1047620
1659732071 1697340
1659732072 1443898
1659732074 1816370
1659732075 1325266
1659732076 1580586
1659732077 899638
1659732078 1752936
1659732079 1534534
1659732080 1024124
1659732081 1047490
1659732082 1561018
1659732083 1740226
1659732084 1625990
1659732085 309240
1659732086 1565556
1659732087 716268
1659732088 2593074
1659732089 362598
1659732090 2095326
1659732091 2094942
1659732092 1048094
1659732093 577850
1659732094 469458
1659732095 1768906
1659732096 2070006
1659732097 1397698
1659732098 1732540
1659732099 1409362
1659732100 1074682
1659732101 1896926
1659732102 1217400
1659732103 1338552
1659732104 880712
1659732105 1757342
1659732106 1261324
1659732107 1121252
1659732108 1911870
1659732109 1157432
1659732110 1501292
1659732111 594464
1659732112 1313148
1659732113 1829424
1659732114 1047540
1659732115 1760598
1659732116 1451398
1659732117 1416664
1659732118 1653660
1659732119 1348558
1659732120 1792700
1659732121 1047026
1659732122 1692286
1659732123 1450686
1659732124 1231612
1659732125 1909872
1659732126 1047378
1659732127 1744736
1659732128 1396972
1659732129 1048692
1659732130 1046248
1659732131 1696754
1659732132 1444168
1659732133 1047088
1659732134 1855182
1659732135 348606
1659732136 1984680
1659732137 1213938
1659732138 1236838
1659732139 1738576
1659732140 1213050
1659732141 1929790
1659732142 1047420
1659732143 1047974
1659732144 1290502
1659732145 804276
1659732146 1428930
1659732147 666026
1659732148 1048632
1659732149 2268038
1659732150 1921218
1659732151 842
1659732152 1103052
1659732153 2426912
1659732154 1707018
1659732155 1047296
1659732156 2093394
1659732157 1047478
1659732158 1594830
1659732159 1547450
1659732160 1047296
1659732161 2039694
1659732162 859760
1659732163 1770824
1659732164 1614090
1659732165 1307944
1659732166 1719434
1659732167 1162278
1659732168 1520482
1659732169 1621110
1659732170 1047480
1659732171 1841978
1659732172 254040
1659732173 1412598
1659732174 2639092
1659732175 1185658
1659732176 107636
1659732177 2020344
1659732178 2061884
1659732179 1048866
1659732180 887294
1659732181 1206884
1659732182 1640440
1659732183 1501850
1659732185 2094556
1659732186 2094244
1659732187 1099908
1659732188 1516832
1659732189 1572238
1659732190 1473200
1659732191 1386122
1659732192 1329420
1659732193 1047510
1659732194 2095508
1659732195 1047374
1659732196 1733138
1659732197 1408156
1659732198 1197548
1659732199 991630
1659732200 953064
1659732201 1383314
1659732202 1218228
1659732203 1740542
1659732204 937332
1659732205 1047160
1659732206 1634214
1659732207 1490710
1659732208 1687636
1659732209 1010088
1659732210 1046964
1659732211 2869580
1659732212 1320014
1659732213 1046988
1659732214 2095000
1659732215 538866
1659732216 1721450
1659732217 1928492
1659732218 1256472
1659732219 876434
1659732220 2057534
1659732221 1418522
1659732222 1492896
1659732223 1276908
1659732224 2094394
1659732225 1046754
1659732226 1426498
1659732227 1251952
1659732228 1553526
1659732229 2051484
1659732230 1047360
1659732231 1348188
1659732232 746148
1659732233 14616
1659732234 1096130
1659732235 2046830
1659732236 1047842
1659732237 2033638
1659732238 2155386
1659732239 654
1659732240 1438532
1659732241 1703826
1659732242 1268788
1659732243 1942320
1659732244 2025554
1659732245 821376
1659732246 2321110
1659732247 1046776
1659732248 2013320
1659732249 1129102
1659732250 1061320
1659732251 1371540
1659732252 1738902
1659732253 1064878
1659732254 30
1659732255 2094106
1659732256 1047232
1659732257 1231554
1659732258 1909698
1659732259 1047888
1659732260 1327338
1659732261 768546
1659732262 1361790
1659732263 2150642
1659732264 1803180
1659732265 1338916
1659732266 1048260
1659732267 1047470
1659732268 2095232
1659732269 1047276
1659732270 1511244
1659732271 2677494
1659732272 1047274
1659732273 1050740
1659732274 2090410
1659732275 1768246
1659732276 1373232
1659732277 1046608
1659732278 2019092
1659732279 596690
1659732280 1598448
1659732281 1515892
1659732282 2156806
1659732283 936936
1659732284 1648038
1659732285 1047338
1659732286 1576520
1659732287 1565720
1659732288 1047504
1659732289 2093902
1659732290 1048118
1659732291 1775244
1659732292 319262
1659732293 1850342
1659732294 1331082
1659732295 2095038
1659732296 172438
1659732297 1936162
1659732298 610656
1659732299 2531524
1659732300 1047110
1659732301 2094300
1659732302 880830
1659732303 1213394
1659732304 1512454
1659732305 1220708
1659732306 1016798
1659732307 438924
1659732308 1047030
1659732309 1487456
1659732310 1655382
1659732311 1047546
1659732312 1313332
1659732313 969596
1659732314 2193260
1659732315 846038
1659732316 2009130
1659732317 1638632
1659732318 1456442
1659732319 1094230
1659732320 1047314
1659732321 1051148
1659732322 1047008
1659732323 2227710
1659732324 1961088
1659732325 18360
1659732326 1646070
1659732327 1496752
1659732328 1047460
1659732329 1986136
1659732330 2202790
1659732331 1047018
1659732332 1532280
1659732333 1607750
1659732334 1047160
1659732335 2093890
1659732336 1047610
1659732337 1629068
1659732338 1315986
1659732339 1243158
1659732340 1071292
1659732341 1718770
1659732342 1397454
1659732343 1227102
1659732344 1913612
1659732345 1047786
1659732346 1989168
1659732347 1152776
1659732348 1379232
1659732349 1359674
1659732350 1511588
1659732351 741512
1659732352 1354066
1659732353 2094588
1659732354 699470
1659732355 2400480
1659732356 1047636
1659732357 1437354
1659732358 1703464
1659732359 474
1659732360 1084410
1659732361 3105128
1659732362 1047396
1659732363 1310444
1659732364 1831716
1659732365 1198694
1659732366 1942314
1659732367 1047348
1659732368 1700510
1659732369 1441322
1659732370 1386210
1659732371 1756040
1659732372 1047036
1659732373 1397274
1659732374 1743782
1659732375 1046664
1659732376 1827406
1659732377 1314530
1659732378 1180374
1659732379 1960364
1659732380 1059440
1659732381 1035110
1659732382 1047392
1659732383 1239730
1659732384 2892170
1659732385 59100
1659732386 2059644
1659732387 1083426
1659732388 2094730
1659732389 1372382
1659732390 1770314
1659732391 1365880
1659732392 1774556
1659732393 1173240
1659732394 1968002
1659732395 1046900
1659732396 1971856
1659732397 1170402
1659732398 1295498
1659732399 1844784
1659732400 1177230
1659732401 1962952
1659732402 1046936
1659732403 1077574
1659732404 1786324
1659732405 1325318
1659732406 1046832
1659732407 1398988
1659732408 1742472
1659732409 1028424
1659732410 1065036
1659732411 1047328
1659732412 1047030
1659732413 1047260
1659732414 2104330
1659732415 1038546
1659732416 972686
1659732417 2526414
1659732418 1736608
1659732419 1047670
1659732420 2094650
1659732421 578960
1659732422 1621366
1659732423 1058282
1659732424 1977342
1659732425 1399138
1659732426 1338036
1659732427 1454032
1659732428 1047304
1659732429 2094094
1659732430 1047588
1659732431 1055194
1659732432 2086970
1659732433 1076260
1659732434 1368348
1659732435 1744508
1659732436 1047374
1659732437 1377422
1659732438 1764370
1659732439 1047212
1659732440 2094612
1659732441 1047578
1659732442 1047280
1659732443 1048654
1659732444 1047096
1659732445 1584670
1659732446 2192680
1659732447 1732124
1659732448 1046978
1659732449 449912
1659732450 1658466
1659732451 2213354
1659732452 1660232
1659732453 1424754
1659732454 1056500
1659732455 2085986
1659732456 1184874
1659732457 1648968
1659732458 1353666
1659732459 1126124
1659732460 2015306
1659732461 629856
1659732462 1464914
1659732463 1047086
1659732464 1582502
1659732465 1560890
1659732466 1558644
1659732467 1364886
1659732468 1266262
1659732469 1910364
1659732470 1231508
1659732471 1307490
1659732472 1398618
1659732473 480038
1659732474 1047114
1659732475 2029174
1659732476 1114486
1659732477 1868316
1659732478 2095454
1659732479 1047500
1659732480 1691886
1659732481 1348868
1659732482 1147312
1659732483 1046998
1659732484 2094404
1659732485 1047784
1659732486 1405932
1659732487 1735630
1659732488 1047002
1659732489 1768072
1659732490 1374700
1659732491 1723814
1659732492 1201518
1659732493 216310
1659732494 364258
1659732495 816090
1659732496 1961890
1659732497 1151778
1659732498 1451950
1659732499 1433100
1659732500 1200416
1659732501 1163512
1659732502 1978806
1659732503 174
1659732504 1577020
1659732505 2493044
1659732506 577750
1659732507 2565338
1659732508 1164598
1659732509 1048460
1659732510 1047648
1659732511 2094558
1659732512 1773038
1659732513 1368974
1659732514 1049570
1659732515 1045614
1659732516 1068978
1659732517 2074424
1659732518 1047054
1659732519 2094346
1659732520 509870
1659732521 1682070
1659732522 1996954
1659732523 1528942
1659732524 1613484
1659732525 1579110
1659732526 514644
1659732528 1399262
1659732529 1741790
1659732530 1048144
1659732531 1047616
1659732532 1233378
1659732533 1955188
1659732534 82528
1659732535 2887256
1659732536 1607456
1659732537 1707412
1659732538 875646
1659732539 1047666
1659732540 2118482
1659732541 2072280
1659732542 1047560
1659732543 2094480
1659732544 1046874
1659732545 2094638
1659732546 1047084
1659732547 1124826
1659732548 1960224
1659732549 1103646
1659732550 533510
1659732551 1561518
1659732552 1146626
1659732553 947582
1659732554 1047308
1659732555 1047348
1659732556 825590
1659732557 1268882
1659732558 1048646
1659732559 1516486
1659732560 1365080
1659732561 1046854
1659732562 2095926
1659732563 1047492
1659732564 1048604
1659732565 1047366
1659732566 1243104
1659732567 878208
1659732568 2095832
1659732569 2094730
1659732570 503638
1659732571 2281430
1659732572 1405166
1659732573 1304488
1659732574 1837654
1659732575 1047048
1659732576 1837086
1659732577 1303518
1659732578 1195194
1659732579 999630
1659732580 1995170
1659732581 1262754
1659732582 1879084
1659732583 1047378
1659732584 1427290
1659732585 1714586
1659732586 1047498
1659732587 2095156
1659732588 1047152
1659732589 1118070
1659732590 1737788
1659732591 1333674
1659732592 1046886
1659732593 341422
1659732594 2452474
1659732595 1454244
1659732596 740772
1659732597 2194800
1659732598 339082
1659732599 1392024
1659732600 891316
1659732601 2958788
1659732602 1356028
1659732603 1719756
1659732604 1047760
1659732605 1047374
1659732606 1289218
1659732607 1164368
1659732608 1736922
1659732609 1964994
1659732610 1064512
1659732611 1215050
1659732612 2036878
1659732613 1050106
1659732614 1726670
1659732615 1414718
1659732616 1125988
1659732617 2016152
1659732618 1046708
1659732619 2095668
1659732620 1047762
1659732621 1047608
1659732622 1047030
1659732623 1072436
1659732624 2119440
1659732625 1312446
1659732626 783066
1659732627 2313140
1659732628 1875678
1659732629 1047702
1659732630 1734504
1659732631 1406778
1659732632 1501040
1659732633 966662
1659732634 1719860
1659732635 1050248
1659732636 1738468
1659732637 1398794
1659732638 1047580
1659732639 1763628
1659732640 1376740
1659732641 1330392
1659732642 1539590
1659732643 1337486
1659732644 1724904
1659732645 1397914
1659732646 1083820
1659732647 2057514
1659732648 1047604
1659732649 1047462
1659732650 2094502
1659732651 332
1659732652 2125966
1659732653 1313902
1659732654 2061680
1659732655 1516196
1659732656 579056
1659732657 1845442
1659732658 1296320
1659732659 1047296
1659732660 1578914
1659732661 1562914
1659732662 1239660
1659732663 1894962
1659732664 1091358
1659732665 1819364
1659732666 1285698
1659732667 1125926
1659732668 2016196
1659732669 1047482
1659732670 1052334
1659732671 2089342
1659732672 1360862
1659732673 1781298
1659732674 1096226
1659732675 1957246
1659732676 1134504
1659732677 1532178
1659732678 1610060
1659732679 1280798
1659732680 1627300
1659732681 232798
1659732682 2094302
1659732683 1058512
1659732684 866862
1659732685 2277614
1659732686 1047106
1659732687 2093920
1659732688 1048944
1659732689 290942
1659732690 2268416
1659732691 1804900
1659732692 1440912
1659732693 1526028
1659732694 1047172
1659732695 1461102
1659732696 1680726
1659732697 1521150
1659732698 1620562
1659732699 1299158
1659732700 1842626
1659732701 1047260
1659732702 1874816
1659732703 1267218
1659732704 1321926
1659732705 1820040
1659732706 1138432
1659732707 1491458
1659732708 1558566
1659732709 1047178
1659732710 1210140
1659732711 1047750
1659732712 1046876
1659732713 2093330
1659732714 487604
1659732715 2377688
1659732716 1126078
1659732717 2095202
1659732718 660
1659732719 1561192
1659732720 1767426
1659732721 1907156
1659732722 1047334
1659732723 1737668
1659732724 1405140
1659732725 1422578
1659732726 1718894
1659732727 1047034
1659732728 2094394
1659732729 1047586
1659732730 1891826
1659732731 1249616
1659732732 1048232
1659732733 1390250
1659732734 1751018
1659732735 1181324
1659732736 1959594
1659732737 1046998
1659732738 1642272
1659732739 1501486
1659732740 1046982
1659732741 1074830
1659732742 545286
1659732743 2129550
1659732744 475434
1659732745 2025748
1659732746 2163590
1659732747 41658
1659732748 2053556
1659732749 2094100
1659732750 1047386
1659732751 2071386
1659732752 1069938
1659732753 1493544
1659732754 1649456
1659732755 1715212
1659732756 1110998
1659732757 1364186
1659732758 1291922
1659732759 803028
1659732760 2095090
1659732761 1047074
1659732762 2093704
1659732763 1047760
1659732764 1373830
1659732765 1766996
1659732766 1103070
1659732767 1790150
1659732768 1294338
1659732769 1360062
1659732770 1781462
1659732771 1047008
1659732772 1094964
1659732773 999030
1659732774 1046964
1659732775 878024
1659732776 3311562
1659732777 204
1659732778 1348890
1659732779 2815386
1659732780 1098782
1659732781 313510
1659732782 1780706
1659732783 2094734
1659732784 1562040
1659732785 1579484
1659732786 1656682
1659732787 1297950
1659732788 1349796
1659732789 1030488
1659732790 1997380
1659732791 1047520
1659732792 1047942
1659732793 1770768
1659732794 1371872
1659732795 2095278
1659732796 1046814
1659732797 1374482
1659732798 1767814
1659732799 1048412
1659732800 1558744
1659732801 1058726
1659732802 1066556
1659732803 2065130
1659732804 958770
1659732805 1379526
1659732806 1851800
1659732807 1046888
1659732808 2008798
1659732809 1133708
1659732810 1046848
1659732811 169022
1659732812 1816156
1659732813 1979796
1659732814 1271510
1659732815 1372426
1659732816 1770092
1659732817 1092962
1659732818 2049410
1659732819 1047344
1659732820 1890160
1659732821 690666
1659732822 1948222
1659732823 707994
1659732824 2347018
1659732825 1175032
1659732826 930450
1659732827 1832520
1659732828 1746366
1659732829 1394732
1659732830 1058438
1659732831 2082928
1659732832 1046714
1659732833 1051508
1659732834 1242512
1659732835 1899680
1659732836 146150
1659732837 2293522
1659732838 1874546
1659732839 1553656
1659732840 762622
1659732841 1046688
1659732842 2473450
1659732843 1140648
1659732844 1621510
1659732845 696158
1659732846 1398160
1659732847 1046692
1659732848 1600002
1659732849 1541952
1659732850 1047924
1659732851 1047150
1659732852 1921372
1659732853 1220366
1659732854 2093832
1659732855 1047574
1659732856 2094190
1659732857 1047962
1659732858 1640414
1659732859 1500850
1659732860 1152634
1659732861 941584
1659732862 1047520
1659732863 2094340
1659732864 696
1659732865 1047276
1659732866 1046948
1659732867 1488020
1659732868 607326
1659732869 1131254
1659732870 1282160
1659732871 1989052
1659732872 2078954
1659732873 1260672
1659732874 1748422
1659732875 1047444
1659732876 1570684
1659732877 1572692
1659732878 1273470
1659732879 1869280
1659732880 1046708
1659732881 1717580
1659732882 1424406
1659732883 1436100
1659732884 1705388
1659732885 1576474
1659732886 1502272
1659732887 1110020
1659732888 1531468
1659732889 1609954
1659732890 1136336
1659732891 1544486
1659732892 1508224
1659732893 437274
1659732894 1658146
1659732895 1406354
1659732896 2277194
1659732897 505448
1659732898 1046702
1659732899 1466488
1659732900 1815822
1659732901 1843812
1659732902 1575296
1659732903 1146796
1659732904 1994606
1659732905 1048028
1659732906 1636146
1659732907 1504646
1659732908 2032310
1659732909 1109024
1659732910 1114114
1659732911 1304602
1659732912 1770002
1659732913 1636928
1659732914 1504944
1659732915 1046966
1659732916 1642430
1659732917 1499134
1659732918 1045210
1659732919 1049560
1659732920 2049268
1659732921 1092732
1659732922 1287378
1659732923 807218
1659732924 1047546
1659732925 2186572
1659732926 2003634
1659732927 696
1659732928 2093758
1659732929 1822990
1659732930 1612788
1659732931 1204478
1659732932 1752548
1659732933 953444
1659732934 2081068
1659732935 1047334
1659732936 1219324
1659732937 1922016
1659732938 1047526
1659732939 2094078
1659732940 1046934
1659732941 1631034
1659732942 1056034
1659732943 1681048
1659732944 1734160
1659732945 1228548
1659732946 1047332
1659732947 1608904
1659732948 1532238
1659732949 1047456
1659732950 1469434
1659732951 625988
1659732952 1342544
1659732953 1800366
1659732954 1992912
1659732955 1047418
1659732956 1163160
1659732957 1977644
1659732958 13318
1659732959 1340840
1659732960 2849610
1659732961 1047122
1659732962 2095058
1659732963 1047636
1659732964 1994848
1659732965 932544
1659732966 1383520
1659732967 1031302
1659732968 942378
1659732969 1326802
1659732970 1563846
1659732971 990754
1659732972 2130430
1659732973 1319196
1659732974 1047142
1659732975 1986560
1659732976 1155914
1659732977 1467748
1659732978 1673794
1659732979 1052802
1659732980 2088966
1659732981 1047156
1659732982 435210
1659732983 2094520
1659732984 612318
1659732985 1212588
1659732986 1928962
1659732987 1046788
1659732988 2094246
1659732989 1047302
1659732990 1047236
1659732991 2344976
1659732992 1844222
1659732993 1047942
1659732994 2094298
1659732995 1047286
1659732996 1437020
1659732997 1704370
1659732998 1470466
1659732999 1671068
1659733001 313674
1659733002 1213030
1659733003 567784
1659733004 1048564
1659733005 2093602
1659733006 1047192
1659733007 1739222
1659733008 1404712
1659733009 1047906
1659733010 2095046
1659733011 1047086
1659733012 1072606
1659733014 854


# events lost
1659731871 7723274
1659731872 11474564
1659731873 11059784
1659731874 12124134
1659731875 13557812
1659731876 13295086
1659731877 10090808
1659731878 12494350
1659731879 12795102
1659731880 11607804
1659731881 13873200
1659731882 12184316
1659731883 11127792
1659731884 11621316
1659731885 12799162
1659731886 11374904
1659731887 10915366
1659731888 11954294
1659731889 12214306
1659731890 12855308
1659731891 11904176
1659731892 11817574
1659731893 12757704
1659731894 11740752
1659731895 12103358
1659731896 12849380
1659731897 11543470
1659731898 12125714
1659731899 11069044
1659731900 12286020
1659731901 15275732
1659731902 15613834
1659731903 12623924
1659731904 17908746
1659731905 15125636
1659731906 13131002
1659731907 15517664
1659731908 15446762
1659731909 17806232
1659731910 12998610
1659731911 13447624
1659731912 14276602
1659731913 15534746
1659731914 14226226
1659731915 14447796
1659731916 15701794
1659731917 12015474
1659731918 15822736
1659731919 13290464
1659731920 15039478
1659731921 15597916
1659731922 12428922
1659731923 15432198
1659731924 14642198
1659731925 14475414
1659731926 14305534
1659731927 13896430
1659731928 15064064
1659731929 17893246
1659731930 13809148
1659731931 15450588
1659731932 14528964
1659731933 17840758
1659731934 13641622
1659731935 14765106
1659731936 15821164
1659731937 13807072
1659731938 13552180
1659731939 13901372
1659731940 13855664
1659731941 17952072
1659731942 15174792
1659731943 12076634
1659731944 12784678
1659731945 15628380
1659731946 13199862
1659731947 15090880
1659731948 15745270
1659731949 14005294
1659731950 15496020
1659731951 13368886
1659731952 15566534
1659731953 14089414
1659731954 12462096
1659731955 15626582
1659731956 15314226
1659731957 14542274
1659731958 14522874
1659731959 13401486
1659731960 15570824
1659731961 14554650
1659731962 13926100
1659731963 17448642
1659731964 15279204
1659731965 12955466
1659731966 17738926
1659731967 14842856
1659731968 12705192
1659731969 15800578
1659731970 12938044
1659731971 15415856
1659731972 16517706
1659731973 14172996
1659731974 11803246
1659731975 14490500
1659731976 14715304
1659731977 13385848
1659731978 15925766
1659731979 14173826
1659731980 15868362
1659731981 13881714
1659731982 14287990
1659731983 15756474
1659731984 13635144
1659731985 16548132
1659731986 15740684
1659731987 15460420
1659731988 14827304
1659731989 12200694
1659731990 15316820
1659731991 17229088
1659731992 14201232
1659731993 14717656
1659731994 13980816
1659731995 15740792
1659731996 13246180
1659731997 15142614
1659731998 17964068
1659731999 13186300
1659732000 12552832
1659732001 14150228
1659732002 15844436
1659732003 13961082
1659732004 13507124
1659732005 14940266
1659732006 15029384
1659732007 15202486
1659732008 13047920
1659732009 13466740
1659732010 14173974
1659732011 15350622
1659732012 15228584
1659732013 13308964
1659732014 14616274
1659732015 14233454
1659732016 14055206
1659732017 15391010
1659732018 14272488
1659732019 12569704
1659732020 15792854
1659732021 15278928
1659732022 15076910
1659732023 16909342
1659732024 12276250
1659732025 16470904
1659732026 15640140
1659732027 12854926
1659732028 15569200
1659732029 12971576
1659732030 14809266
1659732031 15863846
1659732032 12766182
1659732033 13355688
1659732034 14785864
1659732035 14589476
1659732036 13953860
1659732037 14274866
1659732038 15357410
1659732039 14163798
1659732040 13672450
1659732041 14943092
1659732042 13806662
1659732043 14958604
1659732044 14904950
1659732045 12632916
1659732046 15864396
1659732047 14434878
1659732048 13811374
1659732049 14955982
1659732050 14382302
1659732051 15946352
1659732052 15582252
1659732053 12529754
1659732054 14722856
1659732055 14753652
1659732056 12857544
1659732057 15945732
1659732058 12825580
1659732059 16163986
1659732060 14077966
1659732061 12865498
1659732062 14113474
1659732063 15451746
1659732064 12484362
1659732065 14489152
1659732066 13664626
1659732067 15673846
1659732068 14684242
1659732069 12913860
1659732070 15398048
1659732071 12917288
1659732072 15331604
1659732073 18273146
1659732074 12538430
1659732075 15184684
1659732076 14156796
1659732077 14610682
1659732078 14800858
1659732079 13101752
1659732080 15431852
1659732081 15678370
1659732082 13493062
1659732083 13881624
1659732084 12699494
1659732085 17507562
1659732086 12825452
1659732087 15230014
1659732088 13043724
1659732089 16107460
1659732090 12445756
1659732091 13477798
1659732092 15408524
1659732093 15879858
1659732094 15866094
1659732095 13628384
1659732096 12746370
1659732097 15193330
1659732098 13163270
1659732099 14430768
1659732100 15361282
1659732101 13066188
1659732102 15276254
1659732103 14548976
1659732104 14612632
1659732105 14008296
1659732106 15549852
1659732107 14353774
1659732108 14020834
1659732109 14223232
1659732110 13705478
1659732111 17472254
1659732112 13648362
1659732113 14550808
1659732114 14855592
1659732115 12570010
1659732116 15264628
1659732117 13454664
1659732118 14889164
1659732119 13707640
1659732120 13720540
1659732121 15656086
1659732122 13054134
1659732123 14979878
1659732124 13848842
1659732125 13376206
1659732126 15779594
1659732127 12950152
1659732128 14840064
1659732129 14504520
1659732130 15627476
1659732131 13492302
1659732132 15372846
1659732133 14812672
1659732134 13130074
1659732135 16839618
1659732136 13497520
1659732137 15261848
1659732138 13715806
1659732139 14278518
1659732140 14999600
1659732141 13431766
1659732142 15693044
1659732143 15620090
1659732144 12274572
1659732145 16919594
1659732146 14439444
1659732147 15938068
1659732148 15771664
1659732149 10109388
1659732150 13940930
1659732151 17886206
1659732152 14419112
1659732153 12437258
1659732154 13059252
1659732155 14794002
1659732156 13411678
1659732157 14968258
1659732158 13749642
1659732159 13677170
1659732160 14660352
1659732161 13551634
1659732162 15021618
1659732163 13368400
1659732164 13568542
1659732165 13320456
1659732166 14746778
1659732167 14733930
1659732168 14076964
1659732169 12825732
1659732170 14613262
1659732171 13489856
1659732172 17736604
1659732173 13585414
1659732174 11776586
1659732175 14485984
1659732176 17408476
1659732177 13579886
1659732178 12578750
1659732179 13865800
1659732180 15725152
1659732181 15150082
1659732182 13694690
1659732183 14211740
1659732184 16980392
1659732185 13210020
1659732186 12577588
1659732187 14890198
1659732188 14593814
1659732189 13518036
1659732190 14234756
1659732191 14080372
1659732192 15310998
1659732193 15069432
1659732194 12068232
1659732195 15304726
1659732196 12851318
1659732197 15456124
1659732198 13529786
1659732199 14420118
1659732200 17163560
1659732201 14236288
1659732202 14715368
1659732203 13657498
1659732204 15115126
1659732205 14778232
1659732206 14578958
1659732207 13581706
1659732208 13768530
1659732209 15360054
1659732210 14804464
1659732211 11387850
1659732212 14426348
1659732213 15306566
1659732214 12860304
1659732215 15471122
1659732216 13999200
1659732217 13501882
1659732218 14714196
1659732219 14474004
1659732220 13405060
1659732221 14431904
1659732222 14062750
1659732223 15260362
1659732224 11621140
1659732225 15419188
1659732226 14285570
1659732227 13883014
1659732228 14614700
1659732229 11195750
1659732230 15256896
1659732231 14230216
1659732232 16754092
1659732233 17442948
1659732234 12602182
1659732235 14331240
1659732236 14692088
1659732237 12606720
1659732238 13125398
1659732239 16301194
1659732240 14312880
1659732241 13800168
1659732242 14392134
1659732243 12594498
1659732244 13955162
1659732245 14518156
1659732246 13590818
1659732247 15665100
1659732248 12611754
1659732249 14781688
1659732250 14217458
1659732251 15089760
1659732252 14690770
1659732253 15716290
1659732254 16563946
1659732255 13396686
1659732256 15634508
1659732257 13647936
1659732258 14392446
1659732259 14298790
1659732260 14016836
1659732261 16912238
1659732262 13515862
1659732263 13573552
1659732264 12446324
1659732265 15309730
1659732266 15322782
1659732267 14784960
1659732268 12799792
1659732269 14347294
1659732270 13878236
1659732271 12023530
1659732272 15743174
1659732273 14161330
1659732274 13469812
1659732275 13432222
1659732276 14441544
1659732277 15529338
1659732278 13447426
1659732279 13701402
1659732280 13864134
1659732281 14249146
1659732282 13454690
1659732283 15869608
1659732284 12559224
1659732285 15735384
1659732286 13487310
1659732287 14798482
1659732288 15180034
1659732289 11433032
1659732290 15565418
1659732291 12969092
1659732292 17375574
1659732293 13107350
1659732294 13606720
1659732295 13157512
1659732296 17355080
1659732297 13046502
1659732298 15693276
1659732299 10435388
1659732300 15500888
1659732301 13145602
1659732302 15119094
1659732303 15508702
1659732304 13200310
1659732305 14807244
1659732306 15318104
1659732307 17779838
1659732308 14938134
1659732309 13692774
1659732310 14697520
1659732311 14999928
1659732312 14645884
1659732313 14519938
1659732314 13284126
1659732315 15116070
1659732316 13710360
1659732317 13885466
1659732318 14488198
1659732319 15304760
1659732320 14806620
1659732321 15619330
1659732322 15353704
1659732323 12006332
1659732324 13287512
1659732325 17405118
1659732326 13900066
1659732327 14388492
1659732328 15626624
1659732329 11327286
1659732330 13347184
1659732331 15646718
1659732332 13271892
1659732333 14840914
1659732334 14195302
1659732335 13190846
1659732336 15450778
1659732337 12922448
1659732338 15010496
1659732339 14066068
1659732340 14820064
1659732341 14439910
1659732342 14402456
1659732343 14723776
1659732344 12593248
1659732345 15680844
1659732346 13060118
1659732347 14780064
1659732348 13773608
1659732349 13287520
1659732350 14845270
1659732351 16102574
1659732352 15311596
1659732353 12595858
1659732354 15057980
1659732355 12233612
1659732356 15529654
1659732357 13812744
1659732358 14516934
1659732359 16304648
1659732360 14063758
1659732361 11817706
1659732362 14985306
1659732363 14627936
1659732364 12502312
1659732365 14024412
1659732366 13845250
1659732367 14776086
1659732368 13551570
1659732369 14440972
1659732370 13790000
1659732371 14442574
1659732372 14886736
1659732373 14488020
1659732374 13649060
1659732375 14527196
1659732376 13972404
1659732377 14580520
1659732378 14920978
1659732379 12510602
1659732380 14539136
1659732381 15648026
1659732382 15595148
1659732383 13086186
1659732384 10998914
1659732385 17913522
1659732386 12417388
1659732387 15263842
1659732388 12336094
1659732389 13700926
1659732390 13533836
1659732391 14776578
1659732392 13383668
1659732393 14872040
1659732394 13134032
1659732395 14838528
1659732396 13119002
1659732397 14959286
1659732398 14587172
1659732399 13424472
1659732400 14149974
1659732401 13802662
1659732402 15055200
1659732403 15283736
1659732404 12594710
1659732405 14533594
1659732406 15625454
1659732407 14067698
1659732408 14180434
1659732409 14029014
1659732410 15604246
1659732411 14938972
1659732412 15288322
1659732413 15611728
1659732414 11842376
1659732415 15688134
1659732416 15393028
1659732417 11462064
1659732418 13182600
1659732419 14474634
1659732420 13203464
1659732421 15693570
1659732422 14120358
1659732423 14603562
1659732424 12091104
1659732425 14460988
1659732426 13909134
1659732427 15261002
1659732428 15409478
1659732429 12460594
1659732430 15760776
1659732431 14104042
1659732432 14163130
1659732433 15139508
1659732434 13967420
1659732435 14396910
1659732436 15542356
1659732437 13216694
1659732438 14830618
1659732439 13922018
1659732440 13485008
1659732441 15817314
1659732442 14464264
1659732443 15746116
1659732444 13633406
1659732445 13048226
1659732446 13328352
1659732447 13645626
1659732448 15753896
1659732449 14863178
1659732450 13192190
1659732451 12970646
1659732452 13429864
1659732453 14778360
1659732454 14214178
1659732455 13511454
1659732456 14934412
1659732457 13379430
1659732458 15360078
1659732459 13659512
1659732460 13723806
1659732461 16414322
1659732462 14161678
1659732463 15625754
1659732464 12352008
1659732465 14413536
1659732466 14136434
1659732467 14051498
1659732468 15213068
1659732469 11507156
1659732470 15316686
1659732471 14482288
1659732472 14117188
1659732473 17165030
1659732474 14608346
1659732475 12161536
1659732476 16417150
1659732477 13835808
1659732478 12357336
1659732479 14814016
1659732480 12412812
1659732481 15180072
1659732482 15511684
1659732483 14859110
1659732484 12504198
1659732485 15620814
1659732486 13457884
1659732487 14532026
1659732488 14820342
1659732489 13059356
1659732490 15380696
1659732491 12865818
1659732492 15171620
1659732493 18168684
1659732494 14579092
1659732495 16058116
1659732496 13936200
1659732497 14419928
1659732498 14890672
1659732499 14118566
1659732500 14926338
1659732501 14882028
1659732502 13290758
1659732503 17631778
1659732504 12161908
1659732505 12796982
1659732506 16618506
1659732507 11786414
1659732508 15846740
1659732509 14951558
1659732510 15100730
1659732511 12935148
1659732512 12843350
1659732513 15314228
1659732514 14786370
1659732515 15639046
1659732516 14848584
1659732517 13942324
1659732518 14546696
1659732519 12435416
1659732520 15548704
1659732521 13788282
1659732522 14501272
1659732523 13280874
1659732524 13551520
1659732525 13399016
1659732526 17215006
1659732527 18278614
1659732528 14572914
1659732529 12847750
1659732530 15278512
1659732531 15673902
1659732532 13571386
1659732533 14538088
1659732534 13629718
1659732535 13288444
1659732536 14171398
1659732537 13184158
1659732538 16169536
1659732539 13103314
1659732540 13141502
1659732541 12944460
1659732542 14659492
1659732543 13756470
1659732544 14341882
1659732545 13330904
1659732546 14978746
1659732547 14753616
1659732548 13831716
1659732549 14096244
1659732550 16574530
1659732551 14741680
1659732552 14187928
1659732553 16337612
1659732554 15356686
1659732555 15787554
1659732556 15282592
1659732557 15484298
1659732558 15283926
1659732559 13269114
1659732560 15391672
1659732561 15306988
1659732562 12531510
1659732563 15480216
1659732564 14471506
1659732565 15788660
1659732566 14246550
1659732567 16328232
1659732568 13127934
1659732569 12225934
1659732570 16174616
1659732571 13153714
1659732572 14220274
1659732573 14525538
1659732574 11831646
1659732575 15561646
1659732576 13468954
1659732577 14708958
1659732578 14539174
1659732579 13398452
1659732580 13164400
1659732581 15040802
1659732582 13149716
1659732583 15508354
1659732584 13303816
1659732585 14341048
1659732586 15405178
1659732587 12848996
1659732588 15726230
1659732589 13887172
1659732590 13855806
1659732591 15523926
1659732592 15041024
1659732593 16589718
1659732594 11205210
1659732595 14143818
1659732596 16160794
1659732597 12356208
1659732598 17101502
1659732599 13713986
1659732600 13915292
1659732601 13211630
1659732602 14803192
1659732603 14111670
1659732604 15383298
1659732605 14960962
1659732606 14158546
1659732607 15072048
1659732608 13508996
1659732609 12973294
1659732610 14852902
1659732611 14761392
1659732612 13828580
1659732613 14790092
1659732614 13353264
1659732615 14486848
1659732616 14716240
1659732617 13147592
1659732618 15629288
1659732619 12379498
1659732620 14861758
1659732621 15348740
1659732622 15368980
1659732623 14391156
1659732624 13085396
1659732625 14005722
1659732626 16319742
1659732627 12704106
1659732628 13533036
1659732629 14283094
1659732630 13109534
1659732631 15196088
1659732632 14043026
1659732633 14918398
1659732634 14285038
1659732635 15210704
1659732636 13230094
1659732637 15266358
1659732638 14870784
1659732639 11988866
1659732640 15174452
1659732641 13052472
1659732642 14986182
1659732643 14356564
1659732644 12413844
1659732645 15069792
1659732646 14393612
1659732647 13552606
1659732648 14950092
1659732649 14857872
1659732650 13323532
1659732651 17612556
1659732652 12344550
1659732653 15482006
1659732654 12110480
1659732655 14183056
1659732656 16593194
1659732657 13408128
1659732658 15553626
1659732659 13334146
1659732660 14040526
1659732661 14051132
1659732662 14880124
1659732663 13954604
1659732664 14040556
1659732665 13918816
1659732666 14319136
1659732667 15045988
1659732668 13919454
1659732669 14548618
1659732670 13889918
1659732671 13576676
1659732672 14149010
1659732673 14591836
1659732674 14022886
1659732675 13763342
1659732676 14844462
1659732677 14000524
1659732678 14708862
1659732679 13584738
1659732680 14431510
1659732681 17625770
1659732682 12347934
1659732683 15532288
1659732684 14882634
1659732685 12137534
1659732686 15751490
1659732687 12664858
1659732688 15412240
1659732689 15838952
1659732690 12412016
1659732691 14133564
1659732692 13775814
1659732693 14969968
1659732694 15141652
1659732695 13020674
1659732696 14982094
1659732697 13394096
1659732698 14450716
1659732699 13352248
1659732700 14105634
1659732701 15423936
1659732702 12685514
1659732703 15396392
1659732704 13359304
1659732705 14164354
1659732706 14942152
1659732707 13441938
1659732708 15259316
1659732709 14470864
1659732710 14247000
1659732711 15754326
1659732712 15528446
1659732713 12413016
1659732714 14865814
1659732715 12243580
1659732716 15442890
1659732717 12632150
1659732718 17887360
1659732719 13521876
1659732720 12638192
1659732721 14700292
1659732722 15895572
1659732723 13108284
1659732724 15014374
1659732725 13867228
1659732726 14373218
1659732727 15368488
1659732728 12815800
1659732729 13909714
1659732730 12597534
1659732731 15466160
1659732732 15390134
1659732733 13630260
1659732734 12964292
1659732735 14696226
1659732736 13308386
1659732737 15683604
1659732738 13272182
1659732739 13112576
1659732740 15648064
1659732741 14543764
1659732742 16776888
1659732743 12917986
1659732744 16093154
1659732745 13276156
1659732746 12624456
1659732747 17328346
1659732748 13905184
1659732749 11947104
1659732750 15337668
1659732751 12626990
1659732752 15665926
1659732753 13315542
1659732754 13308704
1659732755 13211580
1659732756 14842394
1659732757 15327366
1659732758 14476672
1659732759 15028448
1659732760 13082744
1659732761 15641096
1659732762 12234328
1659732763 15529962
1659732764 13117428
1659732765 14250256
1659732766 14788118
1659732767 13308374
1659732768 15037034
1659732769 13508846
1659732770 14162604
1659732771 15719582
1659732772 14428958
1659732773 15836126
1659732774 14928246
1659732775 12777408
1659732776 13073778
1659732777 17982696
1659732778 13630596
1659732779 10555644
1659732780 15304344
1659732781 16948576
1659732782 13618162
1659732783 13223848
1659732784 11608616
1659732785 14996268
1659732786 13515972
1659732787 14386180
1659732788 14753428
1659732789 11950004
1659732790 14849910
1659732791 15599296
1659732792 14695402
1659732793 13821912
1659732794 14370270
1659732795 12454388
1659732796 15740298
1659732797 13780132
1659732798 14254662
1659732799 14740318
1659732800 13880630
1659732801 15126714
1659732802 13850590
1659732803 14393032
1659732804 13883340
1659732805 13251196
1659732806 14740590
1659732807 15554090
1659732808 12501138
1659732809 14820462
1659732810 14905238
1659732811 17297564
1659732812 13596334
1659732813 12813806
1659732814 14878032
1659732815 14392196
1659732816 13411076
1659732817 15163788
1659732818 12773034
1659732819 14160714
1659732820 12889334
1659732821 15046556
1659732822 13292094
1659732823 15555918
1659732824 12339256
1659732825 15381616
1659732826 13902972
1659732827 15181898
1659732828 12852732
1659732829 14929702
1659732830 15037562
1659732831 12646296
1659732832 15355244
1659732833 14784458
1659732834 12186722
1659732835 14656036
1659732836 15824130
1659732837 13470820
1659732838 12609418
1659732839 14022250
1659732840 16663434
1659732841 15053736
1659732842 11949602
1659732843 14711236
1659732844 12793346
1659732845 16046360
1659732846 15270980
1659732847 14746556
1659732848 14221122
1659732849 12171852
1659732850 15534392
1659732851 15112792
1659732852 12631132
1659732853 15228726
1659732854 11809530
1659732855 15589508
1659732856 12891278
1659732857 14728862
1659732858 13571288
1659732859 13069268
1659732860 15128986
1659732861 15969542
1659732862 14873516
1659732863 13324908
1659732864 15981744
1659732865 15588258
1659732866 15244632
1659732867 14240710
1659732868 16950942
1659732869 13744896
1659732870 15092586
1659732871 12322966
1659732872 13781184
1659732873 15042466
1659732874 11974868
1659732875 15735610
1659732876 13192770
1659732877 15090656
1659732878 14402350
1659732879 13031852
1659732880 15327970
1659732881 12979852
1659732882 14913864
1659732883 13593128
1659732884 12644614
1659732885 14050282
1659732886 14316104
1659732887 14831042
1659732888 14052556
1659732889 12791086
1659732890 15079964
1659732891 13313214
1659732892 15239540
1659732893 16525362
1659732894 12378090
1659732895 14435748
1659732896 12279004
1659732897 17229794
1659732898 15573286
1659732899 13487218
1659732900 13489584
1659732901 12782368
1659732902 14720260
1659732903 14731748
1659732904 11375910
1659732905 15358148
1659732906 13327604
1659732907 14889812
1659732908 12932190
1659732909 13490932
1659732910 14908164
1659732911 13743442
1659732912 14218942
1659732913 13943646
1659732914 12223266
1659732915 15580650
1659732916 12888186
1659732917 15064404
1659732918 15502488
1659732919 14041536
1659732920 13655220
1659732921 15507510
1659732922 13932956
1659732923 16274792
1659732924 14941430
1659732925 11646800
1659732926 14064548
1659732927 17893504
1659732928 12439580
1659732929 13380810
1659732930 13373420
1659732931 15251326
1659732932 13292558
1659732933 15803194
1659732934 11778014
1659732935 15026174
1659732936 14851494
1659732937 13143826
1659732938 15233978
1659732939 11170180
1659732940 14888742
1659732941 13880182
1659732942 14640006
1659732943 14073126
1659732944 12350730
1659732945 14499976
1659732946 15597496
1659732947 13631760
1659732948 14605206
1659732949 14179390
1659732950 13021574
1659732951 17220142
1659732952 14320894
1659732953 13438360
1659732954 13145748
1659732955 14833274
1659732956 15160648
1659732957 13735642
1659732958 17277350
1659732959 12132098
1659732960 12849842
1659732961 15195240
1659732962 13568570
1659732963 14703146
1659732964 12234212
1659732965 15080894
1659732966 14504336
1659732967 15338712
1659732968 16568762
1659732969 13458722
1659732970 14124410
1659732971 14121328
1659732972 14009942
1659732973 15360616
1659732974 14462688
1659732975 13017018
1659732976 14795406
1659732977 14253408
1659732978 14384806
1659732979 12959670
1659732980 13520502
1659732981 14945774
1659732982 16374118
1659732983 13194904
1659732984 14631870
1659732985 14926504
1659732986 13808392
1659732987 14812568
1659732988 13356506
1659732989 14662702
1659732990 15558964
1659732991 11743002
1659732992 14158096
1659732993 15786968
1659732994 12352000
1659732995 15714324
1659732996 13576848
1659732997 14397978
1659732998 13615784
1659732999 13285444
1659733000 18258250
1659733001 16749108
1659733002 15442352
1659733003 16565498
1659733004 14804536
1659733005 13431012
1659733006 14657036
1659733007 13863294
1659733008 14319048
1659733009 14091410
1659733010 13235552
1659733011 14850382
1659733012 15299168
1659733013 3463766
1659733014 372
