# events called
1659627448 2231066
1659627449 898408
1659627450 5565434
1659627451 13011060
1659627452 18335976
1659627453 18218678
1659627454 14383834
1659627455 14081106
1659627456 16150232
1659627457 16409936
1659627458 15302998
1659627459 14534514
1659627460 16543836
1659627461 15482768
1659627462 15800260
1659627463 14898658
1659627464 15881540
1659627465 15394726
1659627466 15176744
1659627467 16358844
1659627468 15645182
1659627469 14274594
1659627470 15574278
1659627471 15651566
1659627472 15792876
1659627473 14593960
1659627474 14442196
1659627475 15904980
1659627476 16195714
1659627477 14769632
1659627478 16013406
1659627479 15887722
1659627480 14639540
1659627481 15866746
1659627482 16223068
1659627483 15724986
1659627484 14710224
1659627485 16055586
1659627486 15588164
1659627487 15703160
1659627488 16016342
1659627489 13247672
1659627490 16208762
1659627491 14726956
1659627492 15167734
1659627493 15767312
1659627494 14298514
1659627495 16084100
1659627496 15468526
1659627497 16397046
1659627498 15928046
1659627499 13447028
1659627500 16348600
1659627501 15270096
1659627502 15292980
1659627503 15991370
1659627504 15349810
1659627505 15152992
1659627506 16012714
1659627507 14989706
1659627508 17404650
1659627509 14862168
1659627510 17617638
1659627511 14532482
1659627512 17503274
1659627513 18425984
1659627514 15101848
1659627515 17523874
1659627516 16407334
1659627517 17313902
1659627518 17645802
1659627519 14758798
1659627520 16787906
1659627521 16505508
1659627522 15091720
1659627523 16346506
1659627524 15388674
1659627525 15645510
1659627526 16840028
1659627527 15757270
1659627528 15729576
1659627529 15458020
1659627530 16724220
1659627531 15702206
1659627532 15882012
1659627533 16561092
1659627534 14239950
1659627535 16940278
1659627536 15676278
1659627537 15794992
1659627538 17631374
1659627539 14965994
1659627540 14982254
1659627541 15887534
1659627542 16369278
1659627543 16071674
1659627544 15402494
1659627545 17241584
1659627546 16320992
1659627547 17801324
1659627548 15976286
1659627549 13276354
1659627550 16980228
1659627551 16612428
1659627552 15734772
1659627553 16204664
1659627554 15057496
1659627555 16949260
1659627556 15343132
1659627557 16305110
1659627558 16618146
1659627559 15271230
1659627560 15247974
1659627561 16907484
1659627562 15888004
1659627563 15665128
1659627564 16095174
1659627565 16296176
1659627566 17021448
1659627567 16283378
1659627568 17115068
1659627569 16419004
1659627570 16445048
1659627571 16020690
1659627572 17969204
1659627573 15642882
1659627574 13588684
1659627575 15448164
1659627576 18158882
1659627577 16930600
1659627578 14838960
1659627579 13883224
1659627580 16384176
1659627581 15462784
1659627582 16857862
1659627583 16880830
1659627584 15681480
1659627585 16818214
1659627586 15419350
1659627587 16081354
1659627588 16950856
1659627589 13800816
1659627590 15787206
1659627591 17081384
1659627592 16067404
1659627593 15456848
1659627594 16358514
1659627595 15665310
1659627596 15892358
1659627597 16222400
1659627598 16725406
1659627599 15638218
1659627600 14649804
1659627601 17701068
1659627602 16767348
1659627603 13913394
1659627604 16648574
1659627605 16510468
1659627606 15740968
1659627607 15365454
1659627608 15225134
1659627609 15837340
1659627610 16388956
1659627611 15257542
1659627612 16902622
1659627613 16513712
1659627614 13626194
1659627615 16389456
1659627616 16335804
1659627617 16385420
1659627618 15796080
1659627619 15721610
1659627620 16258068
1659627621 16527352
1659627622 15833296
1659627623 16147388
1659627624 14617772
1659627625 17303606
1659627626 17106676
1659627627 16170104
1659627628 16856920
1659627629 15088470
1659627630 16655862
1659627631 14887320
1659627632 18107574
1659627633 16715570
1659627634 14694318
1659627635 17310116
1659627636 14201824
1659627637 15050418
1659627638 18141430
1659627639 15961716
1659627640 15297922
1659627641 15200174
1659627642 16208582
1659627643 16162978
1659627644 16267616
1659627645 15912712
1659627646 15130958
1659627647 16202638
1659627648 16520552
1659627649 15584478
1659627650 15699914
1659627651 15135246
1659627652 16131694
1659627653 16503554
1659627654 15727150
1659627655 16112932
1659627656 14953896
1659627657 16110510
1659627658 15797422
1659627659 17518348
1659627660 16828766
1659627661 12698044
1659627662 14883012
1659627663 16012700
1659627664 16446114
1659627665 15186730
1659627666 16980994
1659627667 16250120
1659627668 15433410
1659627669 16886984
1659627670 15206936
1659627671 15631632
1659627672 16232988
1659627673 17181920
1659627674 14748010
1659627675 16974080
1659627676 14029982
1659627677 16858184
1659627678 15079150
1659627679 16415318
1659627680 16894584
1659627681 14213152
1659627682 16162200
1659627683 14860066
1659627684 16540738
1659627685 15868684
1659627686 14625998
1659627687 15480408
1659627688 15810418
1659627689 16911740
1659627690 16251832
1659627691 15554866
1659627692 16600346
1659627693 14880660
1659627694 16943204
1659627695 17138070
1659627696 13968496
1659627697 16909290
1659627698 16462258
1659627699 14671030
1659627700 16878402
1659627701 14654584
1659627702 16557064
1659627703 15297436
1659627704 16019776
1659627705 16824322
1659627706 15561168
1659627707 15177678
1659627708 16307420
1659627709 15013798
1659627710 16463908
1659627711 15149470
1659627712 14789932
1659627713 16744504
1659627714 14409846
1659627715 16660542
1659627716 13975614
1659627717 16739582
1659627718 16258188
1659627719 16138438
1659627720 15280548
1659627721 14298534
1659627722 17980720
1659627723 15371928
1659627724 14797588
1659627725 16924596
1659627726 16920268
1659627727 15350732
1659627728 14878646
1659627729 15677892
1659627730 16553420
1659627731 16253716
1659627732 16193876
1659627733 16842700
1659627734 16861476
1659627735 15092146
1659627736 15968668
1659627737 16593900
1659627738 16139108
1659627739 15358786
1659627740 16881548
1659627741 14199344
1659627742 16563402
1659627743 15398642
1659627744 16193276
1659627745 16933176
1659627746 14380440
1659627747 16825750
1659627748 15514428
1659627749 16134550
1659627750 17227336
1659627751 14640336
1659627752 14045488
1659627753 17859956
1659627754 14462090
1659627755 16350816
1659627756 13251898
1659627757 16839256
1659627758 17579538
1659627759 15181222
1659627760 15663782
1659627761 14177708
1659627762 16888942
1659627763 14571112
1659627764 16909092
1659627765 14757236
1659627766 15057402
1659627767 15349606
1659627768 16812378
1659627769 16068238
1659627770 16745240
1659627771 15338912
1659627772 15191004
1659627773 16089474
1659627774 15282628
1659627775 16671656
1659627776 14029792
1659627777 16762982
1659627778 17581756
1659627779 16039678
1659627780 14924662
1659627781 14779518
1659627782 16587228
1659627783 16710602
1659627784 16091572
1659627785 16705124
1659627786 15289704
1659627787 14618184
1659627788 15730548
1659627789 15897030
1659627790 16420294
1659627791 14758164
1659627792 16853204
1659627793 15508184
1659627794 16200860
1659627795 16913064
1659627796 14314934
1659627797 16843172
1659627798 15154956
1659627799 15936402
1659627800 15307454
1659627801 15010310
1659627802 15745560
1659627803 16367388
1659627804 14848998
1659627805 16508724
1659627806 14533596
1659627807 16334276
1659627808 16685008
1659627809 16062786
1659627810 16770770
1659627811 13503956
1659627812 15901704
1659627813 15489812
1659627814 17005610
1659627815 16556102
1659627816 14016702
1659627817 15252844
1659627818 15962656
1659627819 15992860
1659627820 16473484
1659627821 15567150
1659627822 16104542
1659627823 15291764
1659627824 16188330
1659627825 15834928
1659627826 14383406
1659627827 16649512
1659627828 15445580
1659627829 16262012
1659627830 17403566
1659627831 14384096
1659627832 16881580
1659627833 16688584
1659627834 16177066
1659627835 16874290
1659627836 16585234
1659627837 16583838
1659627838 16884534
1659627839 17956690
1659627840 14866936
1659627841 15368816
1659627842 18229242
1659627843 15772218
1659627844 14114970
1659627845 18213962
1659627846 15126516
1659627847 14757116
1659627848 16971910
1659627849 15216082
1659627850 16415466
1659627851 15089368
1659627852 16349698
1659627853 16010476
1659627854 15795032
1659627855 16839198
1659627856 14389834
1659627857 16818018
1659627858 16109650
1659627859 15485866
1659627860 16105682
1659627861 15016022
1659627862 16822376
1659627863 15413742
1659627864 15972342
1659627865 15624066
1659627866 15483094
1659627867 16191104
1659627868 17072164
1659627869 15868576
1659627870 14607234
1659627871 16034362
1659627872 15740042
1659627873 15532922
1659627874 15820516
1659627875 16257930
1659627876 15032900
1659627877 14796594
1659627878 16414966
1659627879 15779638
1659627880 15439910
1659627881 15952754
1659627882 14495042
1659627883 17034666
1659627884 14524976
1659627885 16869682
1659627886 14926892
1659627887 16050444
1659627888 17188912
1659627889 16485790
1659627890 16112500
1659627891 15003724
1659627892 15928800
1659627893 16745910
1659627894 16310950
1659627895 15989264
1659627896 15660622
1659627897 16619340
1659627898 14857148
1659627899 16772194
1659627900 16505588
1659627901 14218640
1659627902 17004552
1659627903 15889228
1659627904 16158110
1659627905 17045160
1659627906 15317632
1659627907 14573502
1659627908 16919124
1659627909 14729434
1659627910 15290254
1659627911 15558062
1659627912 15419832
1659627913 15858258
1659627914 16930436
1659627915 16763476
1659627916 14518156
1659627917 16471600
1659627918 16145734
1659627919 15551662
1659627920 16441974
1659627921 14638940
1659627922 16868832
1659627923 15543622
1659627924 16074216
1659627925 16516248
1659627926 15185766
1659627927 16326354
1659627928 17183206
1659627929 16329738
1659627930 14658624
1659627931 15776606
1659627932 15484434
1659627933 14509270
1659627934 18109268
1659627935 14863736
1659627936 14352596
1659627937 15959390
1659627938 16614728
1659627939 14915114
1659627940 16937194
1659627941 14890434
1659627942 17015526
1659627943 14961300
1659627944 16692302
1659627945 15773254
1659627946 15080976
1659627947 16883208
1659627948 14994378
1659627949 16217288
1659627950 16223162
1659627951 15150858
1659627952 15698510
1659627953 15898212
1659627954 15844288
1659627955 15229324
1659627956 15182188
1659627957 15174724
1659627958 16882744
1659627959 16977888
1659627960 17022008
1659627961 15812840
1659627962 15070504
1659627963 14913582
1659627964 17070102
1659627965 15326034
1659627966 13833208
1659627967 16309534
1659627968 14894732
1659627969 16553600
1659627970 15725240
1659627971 15368020
1659627972 16650794
1659627973 14675288
1659627974 16698660
1659627975 15273158
1659627976 15695646
1659627977 17016924
1659627978 16796806
1659627979 15322706
1659627980 15910208
1659627981 14533756
1659627982 16311214
1659627983 16905666
1659627984 15592986
1659627985 15736420
1659627986 15737466
1659627987 16331114
1659627988 17296612
1659627989 15779846
1659627990 14451820
1659627991 17174720
1659627992 14949690
1659627993 16059846
1659627994 16238492
1659627995 16028086
1659627996 15679816
1659627997 15565658
1659627998 15879892
1659627999 16901734
1659628000 15314172
1659628001 15739762
1659628002 14917116
1659628003 16426376
1659628004 16081122
1659628005 16027556
1659628006 14560218
1659628007 16060702
1659628008 15769362
1659628009 16357796
1659628010 16104558
1659628011 14966834
1659628012 16012480
1659628013 15573758
1659628014 16532460
1659628015 15697108
1659628016 15343792
1659628017 15857766
1659628018 15772852
1659628019 16626096
1659628020 16385240
1659628021 15689728
1659628022 14843200
1659628023 16456184
1659628024 17173346
1659628025 14874508
1659628026 14291752
1659628027 14950966
1659628028 16542750
1659628029 16630194
1659628030 15235328
1659628031 14646642
1659628032 15910474
1659628033 15353642
1659628034 16886000
1659628035 15215508
1659628036 14977048
1659628037 15952266
1659628038 15519530
1659628039 16558506
1659628040 14655682
1659628041 17500996
1659628042 15190500
1659628043 16034928
1659628044 16753090
1659628045 14847234
1659628046 16370348
1659628047 17047158
1659628048 15881150
1659628049 16882766
1659628050 17208208
1659628051 14312784
1659628052 17522894
1659628053 15565770
1659628054 14534062
1659628055 16896924
1659628056 14259502
1659628057 17723516
1659628058 16763992
1659628059 14860566
1659628060 15260672
1659628061 14441036
1659628062 15344336
1659628063 16193192
1659628064 16370114
1659628065 15799034
1659628066 14231744
1659628067 15659456
1659628068 15533788
1659628069 15602100
1659628070 16764786
1659628071 13973986
1659628072 16766352
1659628073 14911372
1659628074 16391970
1659628075 16764010
1659628076 13887210
1659628077 15594264
1659628078 15685468
1659628079 15664496
1659628080 17731336
1659628081 14280014
1659628082 16325346
1659628083 17295966
1659628084 14756088
1659628085 17319958
1659628086 14141924
1659628087 15734574
1659628088 16112940
1659628089 15078078
1659628090 16397606
1659628091 14476574
1659628092 16628746
1659628093 15569864
1659628094 17432140
1659628095 16342996
1659628096 14950766
1659628097 16043254
1659628098 16806006
1659628099 17009820
1659628100 15996128
1659628101 14875064
1659628102 16945398
1659628103 14623754
1659628104 16898738
1659628105 14857830
1659628106 15853506
1659628107 14687120
1659628108 16432234
1659628109 16283680
1659628110 16386942
1659628111 14638294
1659628112 15244110
1659628113 15498446
1659628114 16002874
1659628115 15115726
1659628116 14916544
1659628117 16953874
1659628118 15532614
1659628119 14347874
1659628120 16566198
1659628121 15400826
1659628122 15764148
1659628123 15437302
1659628124 15756420
1659628125 15233102
1659628126 14933172
1659628127 14346936
1659628128 16889222
1659628129 16144588
1659628130 16406450
1659628131 15800402
1659628132 15476900
1659628133 16570498
1659628134 14740814
1659628135 16730538
1659628136 15010788
1659628137 15251760
1659628138 15996954
1659628139 17163678
1659628140 17524498
1659628141 14171322
1659628142 16670798
1659628143 14544172
1659628144 15692746
1659628145 17006916
1659628146 16050144
1659628147 15427012
1659628148 16219476
1659628149 16334786
1659628150 15580554
1659628151 15469904
1659628152 16756380
1659628153 16916758
1659628154 15950190
1659628155 16607846
1659628156 14914068
1659628157 15911394
1659628158 15369302
1659628159 16037996
1659628160 15412460
1659628161 15276146
1659628162 15732988
1659628163 15587310
1659628164 15887924
1659628165 15848004
1659628166 16268390
1659628167 16049684
1659628168 16446138
1659628169 15045688
1659628170 17808646
1659628171 13739842
1659628172 15756504
1659628173 15465092
1659628174 16496114
1659628175 14867536
1659628176 14693394
1659628177 15943924
1659628178 16512414
1659628179 14558196
1659628180 16753182
1659628181 15206266
1659628182 15710138
1659628183 15757834
1659628184 15886730
1659628185 15044014
1659628186 16185674
1659628187 15902794
1659628188 16615540
1659628189 15028458
1659628190 16262700
1659628191 14560026
1659628192 16854676
1659628193 15974148
1659628194 15282868
1659628195 15955298
1659628196 13985468
1659628197 16570516
1659628198 15441232
1659628199 18013862
1659628200 16071022
1659628201 13734026
1659628202 15968134
1659628203 18045338
1659628204 15209946
1659628205 15058698
1659628206 15016590
1659628207 15809266
1659628208 15447716
1659628209 16449970
1659628210 15161170
1659628211 16173864
1659628212 16264922
1659628213 15339428
1659628214 16323266
1659628215 16057496
1659628216 13660300
1659628217 16351738
1659628218 14962112
1659628219 17017374
1659628220 14645814
1659628221 15970656
1659628222 14945598
1659628223 16379668
1659628224 16633066
1659628225 15026952
1659628226 14691368
1659628227 15755916
1659628228 15750276
1659628229 16533042
1659628230 16653672
1659628231 13719174
1659628232 16648048
1659628233 16071152
1659628234 15340914
1659628235 16816478
1659628236 14220406
1659628237 15978448
1659628238 15064888
1659628239 15796684
1659628240 16101352
1659628241 13401808
1659628242 16011174
1659628243 15532206
1659628244 16877246
1659628245 16863646
1659628246 14382844
1659628247 17048984
1659628248 15083480
1659628249 16934102
1659628250 16175238
1659628251 15269912
1659628252 16912232
1659628253 16731752
1659628254 16521814
1659628255 18043282
1659628256 15162076
1659628257 15461986
1659628258 15886618
1659628259 15385436
1659628260 18107554
1659628261 14078254
1659628262 16589450
1659628263 15658554
1659628264 14956848
1659628265 15693320
1659628266 16302702
1659628267 15305650
1659628268 14733028
1659628269 15498214
1659628270 16027482
1659628271 15188464
1659628272 16950188
1659628273 16270678
1659628274 14846558
1659628275 16654716
1659628276 13946172
1659628277 16686978
1659628278 15352114
1659628279 16042972
1659628280 15741260
1659628281 15283328
1659628282 16869540
1659628283 16474684
1659628284 15001688
1659628285 16882554
1659628286 14014798
1659628287 15679974
1659628288 17098942
1659628289 15850756
1659628290 16709102
1659628291 16306706
1659628292 14731936
1659628293 16753986
1659628294 16753160
1659628295 14510016
1659628296 16252640
1659628297 15160758
1659628298 16790880
1659628299 15841218
1659628300 15750190
1659628301 15749470
1659628302 14799980
1659628303 16887992
1659628304 16777466
1659628305 16165528
1659628306 15106388
1659628307 16451890
1659628308 15292748
1659628309 16001858
1659628310 16146388
1659628311 14918374
1659628312 16782190
1659628313 14839672
1659628314 16444082
1659628315 14904502
1659628316 15800364
1659628317 16091850
1659628318 16562862
1659628319 16337904
1659628320 14711278
1659628321 15344122
1659628322 16185006
1659628323 14396064
1659628324 17391628
1659628325 16419610
1659628326 13286802
1659628327 16024062
1659628328 14370750
1659628329 16111178
1659628330 15681396
1659628331 15187884
1659628332 16711558
1659628333 14697828
1659628334 16625262
1659628335 15824296
1659628336 14856354
1659628337 15515810
1659628338 16177486
1659628339 15486352
1659628340 16126206
1659628341 15356204
1659628342 16867122
1659628343 16765836
1659628344 14842648
1659628345 16522986
1659628346 14432750
1659628347 16137148
1659628348 16650030
1659628349 16955748
1659628350 15863596
1659628351 15429768
1659628352 16820506
1659628353 16255646
1659628354 14492760
1659628355 16115222
1659628356 15736028
1659628357 16066906
1659628358 15947638
1659628359 17477806
1659628360 14724724
1659628361 15318386
1659628362 15056820
1659628363 16400200
1659628364 16044282
1659628365 15124432
1659628366 14431352
1659628367 15079312
1659628368 16578602
1659628369 15252718
1659628370 16039932
1659628371 14742340
1659628372 16123166
1659628373 15309202
1659628374 16712858
1659628375 14973306
1659628376 15746890
1659628377 14732412
1659628378 17908994
1659628379 15422292
1659628380 15460216
1659628381 14731006
1659628382 15455026
1659628383 17593642
1659628384 17621752
1659628385 14765336
1659628386 15834774
1659628387 14243644
1659628388 16214032
1659628389 16895476
1659628390 15263668
1659628391 15765140
1659628392 15798898
1659628393 15641808
1659628394 16382006
1659628395 16250298
1659628396 15292320
1659628397 16394320
1659628398 16146496
1659628399 15325334
1659628400 18227022
1659628401 14468128
1659628402 16320184
1659628403 16759388
1659628404 15198104
1659628405 16323322
1659628406 15322788
1659628407 16762054
1659628408 15669048
1659628409 17884484
1659628410 16106994
1659628411 13867426
1659628412 14595158
1659628413 16435904
1659628414 17292208
1659628415 15967438
1659628416 14925716
1659628417 15447134
1659628418 15036218
1659628419 16183122
1659628420 15566360
1659628421 14981158
1659628422 16245842
1659628423 14993594
1659628424 16542732
1659628425 14739924
1659628426 16085692
1659628427 15166062
1659628428 15998096
1659628429 15797488
1659628430 15568082
1659628431 15263980
1659628432 15633638
1659628433 15602506
1659628434 16075352
1659628435 16004262
1659628436 15065962
1659628437 16092066
1659628438 15726864
1659628439 17350616
1659628440 16055156
1659628441 14137648
1659628442 15993084
1659628443 15354682
1659628444 15902406
1659628445 15735464
1659628446 15858724
1659628447 16905398
1659628448 15556290
1659628449 14931960
1659628450 16088442
1659628451 14636514
1659628452 16281790
1659628453 16370328
1659628454 16340836
1659628455 15339156
1659628456 15441608
1659628457 15476056
1659628458 16406708
1659628459 15791712
1659628460 15958288
1659628461 15250544
1659628462 16879950
1659628463 16752834
1659628464 16792744
1659628465 15740770
1659628466 16273894
1659628467 16305156
1659628468 15106898
1659628469 16275640
1659628470 17275268
1659628471 13904434
1659628472 15947198
1659628473 14554332
1659628474 16561712
1659628475 16235980
1659628476 14612128
1659628477 15116432
1659628478 16254432
1659628479 17100840
1659628480 15641260
1659628481 15392774
1659628482 15071764
1659628483 15893626
1659628484 15312980
1659628485 16239470
1659628486 14428720
1659628487 16859226
1659628488 14920724
1659628489 16079292
1659628490 16533266
1659628491 14031940
1659628492 16605168
1659628493 14763854
1659628494 16823950
1659628495 16166192
1659628496 14800300
1659628497 16340368
1659628498 15396396
1659628499 15574430
1659628500 17076194
1659628501 15755766
1659628502 15607904
1659628503 15827026
1659628504 16454798
1659628505 15354614
1659628506 15234246
1659628507 16729978
1659628508 14793982
1659628509 15923478
1659628510 16311788
1659628511 14461942
1659628512 16960916
1659628513 15762646
1659628514 15643294
1659628515 16791120
1659628516 14350036
1659628517 17152754
1659628518 16659404
1659628519 15950246
1659628520 16001496
1659628521 14040144
1659628522 15898042
1659628523 15216996
1659628524 16170944
1659628525 15924988
1659628526 16216158
1659628527 15528774
1659628528 16879178
1659628529 15990518
1659628530 14922238
1659628531 16780198
1659628532 16896528
1659628533 14741260
1659628534 16748842
1659628535 16794474
1659628536 12850462
1659628537 15893280
1659628538 15763968
1659628539 15597986
1659628540 16108276
1659628541 14685276
1659628542 16149058
1659628543 15049244
1659628544 16837676
1659628545 14617444
1659628546 16107382
1659628547 15722508
1659628548 16224728
1659628549 15927712
1659628550 15530896
1659628551 14326006
1659628552 16215892
1659628553 16126896
1659628554 15921902
1659628555 15218568
1659628556 13908512
1659628557 15408528
1659628558 15790298
1659628559 18062330
1659628560 14219514
1659628561 14498536
1659628562 17915672
1659628563 14830962
1659628564 16456806
1659628565 18022430
1659628566 15973186
1659628567 16730850
1659628568 15461864
1659628569 16644404
1659628570 15204502
1659628571 15020292
1659628572 16939310
1659628573 15226478
1659628574 15990192
1659628575 15212994
1659628576 15595268
1659628577 15744434
1659628578 16380620
1659628579 15602818
1659628580 16805934
1659628581 14763778
1659628582 16644668
1659628583 15423972
1659628584 15370830
1659628585 15763274
1659628586 15065168
1659628587 16003790
1659628588 17019252
1659628589 16854188
1659628590 14307488
1659628591 15168126
1659628592 14779268
1659628593 16567590
1659628594 16832856
1659628595 15256656
1659628596 14428096
1659628597 18055662
1659628598 16319210
1659628599 17213350
1659628600 15401418
1659628601 15898942
1659628602 16181910
1659628603 15870914
1659628604 15506784
1659628605 16380778
1659628606 14292810
1659628607 16705388
1659628608 15172768
1659628609 16270044
1659628610 15735138
1659628611 14317100
1659628612 15338588
1659628613 15604928
1659628614 16342422
1659628615 15893426
1659628616 15748034
1659628617 16733286
1659628618 15988032
1659628619 15786476
1659628620 16682814
1659628621 15755314
1659628622 15603280
1659628623 16681636
1659628624 15501734
1659628625 15932182
1659628626 16695998
1659628627 14021830
1659628628 16637600
1659628629 16181288
1659628630 15622938
1659628631 14879276
1659628632 15858756
1659628633 15592610
1659628634 15855042
1659628635 15435274
1659628636 15475956
1659628637 15033536
1659628638 16430314
1659628639 15949898
1659628640 16673212
1659628641 15722818
1659628642 15422108
1659628643 15782394
1659628644 15240320
1659628645 16857484
1659628646 15176544
1659628647 16168574
1659628648 15585558
1659628649 17719310
1659628650 9539748
1659628651 1164


# events submitted
1659627448 2231066
1659627449 898408
1659627450 5539824
1659627451 12966276
1659627452 18239612
1659627453 18149564
1659627454 14337098
1659627455 14061708
1659627456 16083046
1659627457 16332366
1659627458 15197458
1659627459 14454704
1659627460 16470302
1659627461 15422318
1659627462 15757268
1659627463 14869158
1659627464 15807580
1659627465 15327670
1659627466 15139664
1659627467 16272852
1659627468 15588984
1659627469 14249396
1659627470 15535114
1659627471 15580380
1659627472 15741200
1659627473 14560264
1659627474 14375270
1659627475 15850304
1659627476 16122804
1659627477 14739600
1659627478 15970704
1659627479 15808274
1659627480 14587802
1659627481 15815786
1659627482 16172190
1659627483 15671532
1659627484 14661888
1659627485 16004664
1659627486 15538340
1659627487 15649762
1659627488 15952738
1659627489 13188972
1659627490 16165770
1659627491 14684038
1659627492 15111090
1659627493 15719276
1659627494 14268124
1659627495 15999118
1659627496 15382598
1659627497 16351484
1659627498 15835924
1659627499 13441588
1659627500 16300666
1659627501 15221714
1659627502 15256088
1659627503 15951792
1659627504 15288778
1659627505 15148834
1659627506 15360198
1659627507 10993378
1659627508 12775542
1659627509 8898858
1659627510 3956080
1659627511 2130264
1659627512 3966616
1659627513 4473110
1659627514 3923940
1659627515 4364778
1659627516 3990088
1659627517 4483168
1659627518 4550396
1659627519 3963738
1659627520 4584388
1659627521 4143194
1659627522 4215054
1659627523 4074054
1659627524 4321358
1659627525 4542146
1659627526 4487126
1659627527 3588666
1659627528 4168258
1659627529 3965798
1659627530 3311014
1659627531 4014166
1659627532 4444702
1659627533 4471224
1659627534 2066102
1659627535 1697194
1659627536 1597062
1659627537 1020812
1659627538 589464
1659627539 1060152
1659627540 1494914
1659627541 2149638
1659627542 1362914
1659627543 1466976
1659627544 1046502
1659627545 1045000
1659627546 1112892
1659627547 22766
1659627548 2068936
1659627549 2091622
1659627550 1046580
1659627551 1045696
1659627552 1266240
1659627553 1875128
1659627554 1046646
1659627555 1048496
1659627556 1871600
1659627557 798502
1659627558 1516288
1659627559 1047932
1659627560 2093378
1659627561 1047066
1659627562 1132374
1659627563 2007802
1659627564 1046432
1659627565 892034
1659627566 1199436
1659627567 1139490
1659627568 958852
1659627570 1047308
1659627571 1696554
1659627572 506986
1659627573 1164148
1659627574 1618028
1659627575 2385078
1659627576 164296
1659627577 1047256
1659627578 2091836
1659627579 1127088
1659627580 966402
1659627581 2093408
1659627582 1046596
1659627583 1046256
1659627584 1047598
1659627585 1048140
1659627586 1777130
1659627587 1362482
1659627588 1046670
1659627589 1152328
1659627590 1988862
1659627591 1046630
1659627592 1047454
1659627593 1986462
1659627594 1153892
1659627595 1198932
1659627596 1898166
1659627597 1089686
1659627598 1047600
1659627599 524706
1659627600 2238744
1659627601 377612
1659627602 1185194
1659627603 3003004
1659627604 792
1659627605 1046936
1659627606 1522488
1659627607 2093780
1659627608 1475972
1659627609 1665078
1659627610 1253142
1659627611 1565850
1659627612 1368680
1659627613 1112236
1659627614 1247888
1659627615 1826442
1659627616 1046896
1659627617 1046950
1659627618 2093724
1659627619 1047338
1659627620 1229542
1659627621 865588
1659627622 2093184
1659627623 1204520
1659627624 891892
1659627625 1225868
1659627626 900638
1659627627 1291504
1659627628 767678
1659627629 1047114
1659627630 965018
1659627631 2175614
1659627632 71084
1659627633 1046800
1659627634 2094278
1659627635 513288
1659627636 1583926
1659627637 2090638
1659627638 63124
1659627639 1316948
1659627640 1891014
1659627641 2026588
1659627642 934312
1659627643 1465200
1659627644 1585454
1659627645 1250018
1659627646 1873368
1659627647 1163088
1659627648 1172056
1659627649 2072846
1659627650 1079116
1659627651 1292482
1659627652 1816966
1659627653 1047096
1659627654 2093744
1659627655 1047230
1659627656 2094044
1659627657 1047046
1659627658 1280370
1659627659 813968
1659627660 1047176
1659627661 2094172
1659627662 1573824
1659627663 1816646
1659627664 1699404
1659627665 1502312
1659627666 590442
1659627667 1229932
1659627668 1910904
1659627669 1046146
1659627670 1247718
1659627671 1346458
1659627672 1660030
1659627673 980678
1659627674 2093872
1659627675 1047078
1659627676 2077404
1659627677 1063340
1659627678 1508100
1659627679 1631594
1659627680 1046700
1659627681 1047130
1659627682 1490854
1659627683 1808956
1659627684 1194712
1659627685 1786766
1659627686 1047362
1659627687 1595186
1659627688 1545850
1659627689 1047024
1659627690 1359302
1659627691 1449572
1659627692 1123940
1659627693 2077670
1659627694 1047076
1659627695 342490
1659627696 2291498
1659627697 951944
1659627698 1652200
1659627699 1997428
1659627700 1143832
1659627701 1354594
1659627702 1209894
1659627703 2079080
1659627704 1476338
1659627705 1209832
1659627706 1046840
1659627707 1513358
1659627708 1628488
1659627709 1619586
1659627710 1521844
1659627711 1047570
1659627712 1637112
1659627713 1505888
1659627714 2094850
1659627715 1047974
1659627716 1769974
1659627717 1370404
1659627718 1113214
1659627719 865272
1659627720 1304486
1659627721 3068174
1659627722 744
1659627723 2093990
1659627724 2093548
1659627725 1047222
1659627726 62
1659627727 1317282
1659627728 2861578
1659627729 1123350
1659627730 980972
1659627731 1047520
1659627732 1046504
1659627733 1047444
1659627734 1046718
1659627735 1256776
1659627736 1505904
1659627737 1426738
1659627738 1046934
1659627739 1842046
1659627740 1299456
1659627741 1081520
1659627742 2060246
1659627743 1242060
1659627744 1898206
1659627745 1046692
1659627746 1298288
1659627747 1302456
1659627748 1588546
1659627749 1279036
1659627750 816298
1659627751 1047816
1659627752 2753720
1659627753 389526
1659627754 798520
1659627755 2776172
1659627756 2094460
1659627757 1047544
1659627758 86498
1659627759 2007846
1659627760 2093844
1659627761 2062616
1659627762 1078806
1659627763 1827000
1659627764 1314332
1659627765 1778682
1659627766 1362690
1659627767 2055250
1659627768 305946
1659627769 1826952
1659627770 1047276
1659627771 1047008
1659627772 2094702
1659627773 1047700
1659627774 2095078
1659627775 1047176
1659627776 1881144
1659627777 1261696
1659627778 423824
1659627779 1046654
1659627780 1994190
1659627781 1737664
1659627782 1484750
1659627783 1047290
1659627784 1048054
1659627785 616988
1659627786 1500972
1659627787 2071894
1659627788 1753830
1659627789 1387924
1659627790 1171278
1659627791 1970032
1659627792 1047302
1659627793 1842276
1659627794 1298796
1659627795 1046984
1659627796 1401204
1659627797 1741982
1659627798 2064438
1659627799 1012622
1659627800 1810204
1659627801 1367154
1659627802 1651668
1659627803 1520080
1659627804 1459976
1659627805 1553616
1659627806 1580454
1659627807 1326878
1659627808 1411494
1659627809 1047078
1659627810 1012206
1659627811 1968658
1659627812 2255260
1659627813 1128614
1659627814 1034780
1659627815 1047014
1659627816 2077332
1659627817 2551918
1659627818 1047000
1659627819 1629034
1659627820 1203770
1659627821 1356522
1659627822 1277614
1659627823 1864588
1659627824 1047342
1659627825 2094476
1659627826 1086774
1659627827 1242874
1659627828 1291826
1659627829 1702346
1659627830 962084
1659627831 2095730
1659627832 1047808
1659627833 1046830
1659627834 1047060
1659627835 1047780
1659627836 637836
1659627837 938880
1659627838 518104
1659627839 88886
1659627840 2264046
1659627841 1602726
1659627842 234192
1659627843 1468406
1659627844 1779578
1659627845 942864
1659627846 1077774
1659627847 3111446
1659627848 1047600
1659627849 1094146
1659627850 2048464
1659627851 1047216
1659627852 1157074
1659627853 1409102
1659627854 1623676
1659627855 1047612
1659627856 2094428
1659627857 1047328
1659627858 1287662
1659627859 1770376
1659627860 1344280
1659627861 1784066
1659627862 1143404
1659627863 1666906
1659627864 1474298
1659627865 1635162
1659627866 1505856
1659627867 1049844
1659627868 1046502
1659627869 1047106
1659627870 2220850
1659627871 923100
1659627872 1047196
1659627873 2095952
1659627874 1046550
1659627875 1110044
1659627876 2031426
1659627877 1965980
1659627878 1176528
1659627879 1211434
1659627880 1938286
1659627881 1038462
1659627882 1348812
1659627883 1794630
1659627884 1168350
1659627885 1973296
1659627886 1499834
1659627887 1459448
1659627888 658092
1659627889 1620316
1659627890 1047572
1659627891 1789820
1659627892 1353284
1659627893 1047640
1659627894 1137646
1659627895 1105350
1659627896 1942478
1659627897 1051494
1659627898 1899692
1659627899 1237814
1659627900 1046616
1659627901 2001048
1659627902 1142472
1659627903 852188
1659627904 1417294
1659627905 927522
1659627906 1046526
1659627907 2215912
1659627908 1142430
1659627909 2094222
1659627910 2094420
1659627911 904380
1659627912 1382292
1659627913 1903242
1659627914 1047786
1659627915 1047412
1659627916 1467294
1659627917 1674788
1659627918 1596844
1659627919 1545090
1659627920 1057452
1659627921 2085170
1659627922 1047204
1659627923 1132478
1659627924 1321650
1659627925 1836454
1659627926 1320136
1659627927 1720782
1659627928 516582
1659627929 1103026
1659627930 2622886
1659627931 520682
1659627932 1170600
1659627933 3019708
1659627934 650
1659627935 1369740
1659627936 2641804
1659627937 1225530
1659627938 1047208
1659627939 2094582
1659627940 1047132
1659627941 1047794
1659627942 1047638
1659627943 1295330
1659627944 1847134
1659627945 1066714
1659627946 1808414
1659627947 1314434
1659627948 1477116
1659627949 1138482
1659627950 1574982
1659627951 1047276
1659627952 1325642
1659627953 1815212
1659627954 1438622
1659627955 1702708
1659627956 1147172
1659627957 1686028
1659627958 1356186
1659627959 1047342
1659627960 1047962
1659627961 13298
1659627962 1789232
1659627963 2399692
1659627964 267326
1659627965 854090
1659627966 3070002
1659627967 935894
1659627968 2278002
1659627969 632180
1659627970 2292428
1659627971 1266300
1659627972 1047538
1659627973 1710136
1659627974 1432706
1659627975 2043796
1659627976 604992
1659627977 1539998
1659627978 1047510
1659627979 1306304
1659627980 1834920
1659627981 1115718
1659627982 2026274
1659627983 1047380
1659627984 1049496
1659627985 1984126
1659627986 1154824
1659627987 1167548
1659627988 927464
1659627989 1145978
1659627990 3043424
1659627991 26112
1659627992 1461024
1659627993 1681402
1659627994 1047000
1659627995 1015240
1659627996 2126334
1659627997 1158198
1659627998 1676654
1659627999 1353796
1659628000 1380782
1659628001 775316
1659628002 2033406
1659628003 1289636
1659628004 1851532
1659628005 1046826
1659628006 1762278
1659628007 1380036
1659628008 1654878
1659628009 1487060
1659628010 1047498
1659628011 1791758
1659628012 1349894
1659628013 1467242
1659628014 1674726
1659628015 1111308
1659628016 1807776
1659628017 1270530
1659628018 1821750
1659628019 1321502
1659628020 387764
1659628021 1709290
1659628022 2094614
1659628023 1115340
1659628024 334504
1659628025 1917146
1659628026 1939038
1659628027 1508810
1659628028 1634524
1659628029 1046876
1659628030 1160096
1659628031 2572900
1659628032 1505656
1659628033 1851078
1659628034 1290720
1659628035 1337308
1659628036 1804498
1659628037 1047532
1659628038 2094028
1659628039 1047250
1659628040 2094304
1659628042 1315184
1659628043 1824930
1659628044 1047558
1659628045 1218868
1659628046 1463562
1659628047 692734
1659628048 1862082
1659628049 1047660
1659628050 268218
1659628051 1758134
1659628052 1124724
1659628053 1623918
1659628054 2450736
1659628055 525218
1659628056 2146446
1659628057 638634
1659628058 1047404
1659628059 1702700
1659628060 2485430
1659628061 1047616
1659628062 2095570
1659628063 1046884
1659628064 1141262
1659628065 2000542
1659628066 1054074
1659628067 2087194
1659628068 1095448
1659628069 1611910
1659628070 1482094
1659628071 1940942
1659628072 1200504
1659628073 1423078
1659628074 1717852
1659628075 1047442
1659628076 1048744
1659628077 2077214
1659628078 1062368
1659628079 1947504
1659628080 201906
1659628081 2052402
1659628082 1307870
1659628083 829396
1659628084 2093640
1659628085 288630
1659628086 1883458
1659628087 2081810
1659628088 1164944
1659628089 1977330
1659628090 1047412
1659628091 1634174
1659628092 1507498
1659628093 1461566
1659628094 633122
1659628095 1047600
1659628096 2095026
1659628097 847332
1659628098 1246230
1659628099 1046998
1659628100 1047016
1659628101 2094082
1659628102 1047168
1659628103 1908014
1659628104 1061526
1659628105 1682028
1659628106 1632340
1659628107 1444998
1659628108 1046686
1659628109 1697702
1659628110 1048014
1659628111 1047790
1659628112 1868096
1659628113 2135432
1659628114 1221496
1659628115 1918702
1659628116 1657646
1659628117 468582
1659628118 1616684
1659628119 2572118
1659628120 1047860
1659628121 1834592
1659628122 1306094
1659628123 1656068
1659628124 1484750
1659628125 2036136
1659628126 1105426
1659628127 1887398
1659628128 696524
1659628129 1604760
1659628130 1101056
1659628131 1396740
1659628132 1528102
1659628133 1210104
1659628134 1875514
1659628135 1265758
1659628136 1199304
1659628137 1652266
1659628138 1634642
1659628139 801492
1659628140 192392
1659628141 2114180
1659628142 1504956
1659628143 2094646
1659628144 1054722
1659628145 1051930
1659628146 1047038
1659628147 2094908
1659628148 196904
1659628149 1411438
1659628150 1550986
1659628151 1914818
1659628152 1211716
1659628153 1047596
1659628154 1047182
1659628155 1047712
1659628156 2094904
1659628157 1047962
1659628158 2094328
1659628159 1046288
1659628160 1819478
1659628161 1321776
1659628162 707140
1659628163 2434650
1659628164 1045610
1659628165 1648986
1659628166 1442090
1659628167 1098324
1659628168 1107274
1659628169 2033506
1659628170 4900
1659628171 2092252
1659628172 1147706
1659628173 2095846
1659628174 1047368
1659628175 1471554
1659628176 2406654
1659628177 1357794
1659628178 1047358
1659628179 2094358
1659628180 1046728
1659628181 1648388
1659628182 1385752
1659628183 1799248
1659628184 945378
1659628185 2309422
1659628186 944260
1659628187 1438432
1659628188 1050258
1659628189 2090776
1659628190 1047184
1659628191 2094398
1659628192 1047268
1659628193 1289094
1659628194 1852534
1659628195 1077936
1659628196 2064268
1659628197 1047690
1659628198 1890970
1659628199 204300
1659628200 1047500
1659628201 1840734
1659628202 1301650
1659628203 782
1659628204 1956408
1659628205 1892212
1659628206 1387754
1659628207 1397270
1659628208 1744086
1659628209 1120554
1659628210 1646984
1659628211 1421022
1659628212 1186288
1659628213 1502720
1659628214 1499652
1659628215 1204936
1659628216 1937614
1659628217 1062892
1659628218 1499464
1659628219 1626854
1659628220 1373090
1659628221 1770308
1659628222 1861570
1659628223 1280744
1659628224 1047626
1659628225 1493356
1659628226 1648834
1659628227 1143240
1659628228 1312018
1659628229 1735376
1659628230 687418
1659628231 2114590
1659628232 1387788
1659628233 1047588
1659628234 2096068
1659628235 1047120
1659628236 699602
1659628237 2443164
1659628238 1304204
1659628239 2054780
1659628240 1056988
1659628241 1868658
1659628242 1138824
1659628243 2003206
1659628244 1047790
1659628245 995916
1659628246 1531608
1659628247 704386
1659628248 2005368
1659628249 1065400
1659628250 1643608
1659628251 1430074
1659628252 1045780
1659628253 1099310
1659628254 643368
1659628255 403242
1659628256 1047348
1659628257 2094366
1659628258 1047282
1659628259 1426036
1659628260 669278
1659628261 1595610
1659628262 1548304
1659628263 1071030
1659628264 1718886
1659628265 2447072
1659628266 186
1659628267 2034994
1659628268 2154692
1659628269 1999162
1659628270 1142038
1659628271 1047314
1659628272 1047426
1659628273 1047788
1659628274 2094958
1659628275 1047138
1659628276 2095056
1659628277 1047488
1659628278 1335536
1659628279 1806720
1659628280 1642806
1659628281 1320100
1659628282 1226128
1659628283 1050226
1659628284 1062862
1659628285 2077594
1659628286 1046776
1659628287 2094008
1659628288 593832
1659628289 1502308
1659628290 1047946
1659628291 729116
1659628292 1709278
1659628293 1096452
1659628294 1263764
1659628295 2444098
1659628296 180564
1659628297 2211224
1659628298 1534766
1659628299 1423092
1659628300 1719568
1659628301 1047280
1659628302 2094856
1659628303 1047836
1659628304 1047502
1659628305 1048046
1659628306 1163962
1659628307 1978356
1659628308 1369670
1659628309 1771834
1659628310 1046830
1659628311 1944078
1659628312 1198150
1659628313 1051218
1659628314 1714418
1659628315 1423592
1659628316 2043140
1659628317 1096966
1659628318 1049120
1659628319 1046202
1659628320 2094502
1659628321 1046936
1659628322 1113108
1659628323 2068876
1659628324 1016708
1659628325 1047686
1659628326 2094742
1659628327 1178976
1659628328 2556832
1659628329 1503378
1659628330 1056942
1659628331 2084260
1659628332 904352
1659628333 2240200
1659628334 1046996
1659628335 1046574
1659628336 1046984
1659628337 2095158
1659628338 1048132
1659628339 1501028
1659628340 1640998
1659628341 1047848
1659628342 1047252
1659628343 1047394
1659628344 1598318
1659628345 1544234
1659628346 1394748
1659628347 1746970
1659628348 1047266
1659628349 77872
1659628350 1353040
1659628351 2231222
1659628352 530884
1659628353 1139630
1659628354 2124666
1659628355 1972378
1659628356 1047498
1659628357 1047778
1659628358 1361796
1659628359 734514
1659628360 2092920
1659628361 1047318
1659628362 1726642
1659628363 1414760
1659628364 1311262
1659628365 1830892
1659628366 1058810
1659628367 2083396
1659628368 1047748
1659628369 1886750
1659628370 1254926
1659628371 1738074
1659628372 862560
1659628373 1878272
1659628374 1804790
1659628375 1102432
1659628376 1653836
1659628377 2166646
1659628378 314782
1659628379 1589164
1659628380 1903050
1659628381 2094436
1659628382 1268064
1659628383 826430
1659628384 87404
1659628385 2207062
1659628386 848752
1659628387 2445402
1659628388 1744300
1659628389 1047242
1659628390 1351662
1659628391 1392126
1659628392 1445264
1659628393 1500530
1659628394 1642096
1659628395 1047106
1659628396 1092880
1659628397 2048412
1659628398 937252
1659628399 1201850
1659628400 1003116
1659628401 1334168
1659628402 1808296
1659628403 1047036
1659628404 1390662
1659628405 1750568
1659628406 1046678
1659628407 1046890
1659628408 1805966
1659628409 289160
1659628410 542410
1659628411 1314852
1659628412 2332466
1659628413 1047488
1659628414 652028
1659628415 1442164
1659628416 1047834
1659628417 2094380
1659628418 1006044
1659628419 2144104
1659628420 1039210
1659628421 2095258
1659628422 1101168
1659628423 2041414
1659628424 1050668
1659628425 1615250
1659628426 1523148
1659628427 2094778
1659628428 1047618
1659628429 1451210
1659628430 1690536
1659628431 1121192
1659628432 2019356
1659628433 1046842
1659628434 1463536
1659628435 1463316
1659628436 1617722
1659628437 1515850
1659628438 1270538
1659628439 460852
1659628440 1826352
1659628441 1047218
1659628442 1814786
1659628443 1220842
1659628444 1922082
1659628445 1065130
1659628446 1030048
1659628447 1047506
1659628448 2094654
1659628449 1414220
1659628450 1726792
1659628451 1433314
1659628452 1329952
1659628453 1434700
1659628454 1038172
1659628455 2094268
1659628456 1046748
1659628457 1476440
1659628458 1665032
1659628459 1050058
1659628460 1598528
1659628461 753228
1659628462 1833702
1659628463 1047124
1659628464 1047020
1659628465 1047038
1659628466 1047088
1659628467 1085456
1659628468 2056676
1659628469 1262006
1659628470 837670
1659628471 1047536
1659628472 1588726
1659628473 2294428
1659628474 1526622
1659628475 1047606
1659628476 1057610
1659628477 2095608
1659628478 297224
1659628479 1799040
1659628480 1236104
1659628481 859266
1659628482 2095760
1659628483 1171440
1659628484 1970362
1659628485 1090280
1659628486 1716202
1659628487 1382800
1659628488 1197390
1659628489 1944020
1659628490 1046798
1659628491 2094216
1659628492 1046950
1659628493 1927826
1659628494 1213740
1659628495 1183394
1659628496 1801570
1659628497 1281498
1659628498 1237222
1659628499 1881472
1659628500 996306
1659628501 1047610
1659628502 2095252
1659628503 1056634
1659628504 1046790
1659628505 2095724
1659628506 1364786
1659628507 1047944
1659628508 2094592
1659628509 1047276
1659628510 1415070
1659628511 1727042
1659628512 1047778
1659628513 1098018
1659628514 2043738
1659628515 1047328
1659628516 1689416
1659628517 1034062
1659628518 1044510
1659628519 1469758
1659628520 1047164
1659628521 1626142
1659628522 1516006
1659628523 2094256
1659628524 1047968
1659628525 1338162
1659628526 890170
1659628527 1961404
1659628528 644776
1659628529 1380254
1659628530 1825766
1659628531 859042
1659628532 1047074
1659628533 2095160
1659628534 1047500
1659628535 1047118
1659628536 2098520
1659628537 2091012
1659628538 934358
1659628539 2208022
1659628540 976896
1659628541 1759118
1659628542 1026340
1659628543 2082920
1659628544 900442
1659628545 2324508
1659628546 918508
1659628547 1532234
1659628548 1347088
1659628549 1794406
1659628550 1096714
1659628551 2044632
1659628552 1047332
1659628553 1321320
1659628554 1820534
1659628555 1242414
1659628556 1897918
1659628557 1137838
1659628558 1971562
1659628559 32904
1659628560 2202248
1659628561 1970404
1659628562 20854
1659628563 1614872
1659628564 1525818
1659628565 696
1659628566 1047332
1659628567 1046964
1659628568 2095246
1659628569 235248
1659628570 2546174
1659628571 1486304
1659628572 1047356
1659628573 1929206
1659628574 1212474
1659628575 2095092
1659628576 1046942
1659628577 1286862
1659628578 1126480
1659628579 1863252
1659628580 1015940
1659628581 2037614
1659628582 1047376
1659628583 2094228
1659628584 1184472
1659628585 1828650
1659628586 1175522
1659628587 1156792
1659628588 938460
1659628589 1047378
1659628590 1873784
1659628591 1268588
1659628592 1734446
1659628593 1446342
1659628594 1047434
1659628595 1332334
1659628596 1808912
1659628597 708
1659628598 750496
1659628599 1344212
1659628600 1824896
1659628601 921426
1659628602 1443788
1659628603 1299876
1659628604 1840796
1659628605 1075236
1659628606 2067154
1659628607 1046716
1659628608 1458126
1659628609 1683922
1659628610 1585518
1659628611 1557252
1659628612 1223358
1659628613 1919366
1659628614 1095386
1659628615 1254312
1659628616 1840448
1659628617 1047474
1659628618 1210264
1659628619 1931146
1659628620 1047226
1659628621 52140
1659628622 2411046
1659628623 1726642
1659628624 1171200
1659628625 1970608
1659628626 822
1659628627 1949170
1659628628 1397138
1659628629 1403674
1659628630 1656752
1659628631 1654174
1659628632 1047244
1659628633 2094142
1659628634 1047210
1659628635 1758192
1659628636 1384044
1659628637 1305356
1659628638 1769640
1659628639 1114118
1659628640 1131432
1659628641 1130750
1659628642 1926660
1659628643 1046898
1659628644 1696080
1659628645 1446196
1659628646 1047588
1659628647 1110306
1659628648 2031350
1659628649 13308
1659628650 1047550
1659628651 310


# events lost
1659627506 601698
1659627507 4034032
1659627508 4662284
1659627509 6007734
1659627510 13662480
1659627511 12400198
1659627512 13554636
1659627513 14005072
1659627514 11199698
1659627515 13184772
1659627516 12436754
1659627517 12856274
1659627518 13136960
1659627519 10818156
1659627520 12219824
1659627521 12366226
1659627522 10896968
1659627523 12292200
1659627524 11106746
1659627525 11133924
1659627526 12356816
1659627527 12177820
1659627528 11597440
1659627529 11500942
1659627530 13400342
1659627531 11693138
1659627532 11437330
1659627533 12097126
1659627534 12159438
1659627535 15203492
1659627536 14046004
1659627537 14733044
1659627538 16960832
1659627539 13865940
1659627540 13433910
1659627541 13721648
1659627542 14959866
1659627543 14570288
1659627544 14320896
1659627545 16129166
1659627546 15140834
1659627547 17671088
1659627548 13884826
1659627549 11150808
1659627550 15881754
1659627551 15521052
1659627552 14441764
1659627553 14278932
1659627554 13970154
1659627555 15859222
1659627556 13439890
1659627557 15428106
1659627558 15053394
1659627559 14173060
1659627560 13124706
1659627561 15809714
1659627562 14719512
1659627563 13631708
1659627564 14986864
1659627565 15351452
1659627566 15768394
1659627567 15092712
1659627568 16085778
1659627569 16327004
1659627570 15334614
1659627571 14282200
1659627572 17354420
1659627573 14420084
1659627574 11944704
1659627575 13037610
1659627576 17901760
1659627577 15832318
1659627578 12731140
1659627579 12726892
1659627580 15377444
1659627581 13346078
1659627582 15747932
1659627583 15772108
1659627584 14557990
1659627585 15698480
1659627586 13582958
1659627587 14691308
1659627588 15878636
1659627589 12608606
1659627590 13765474
1659627591 16000258
1659627592 14981668
1659627593 13446074
1659627594 15140906
1659627595 14415324
1659627596 13962084
1659627597 15078982
1659627598 15624616
1659627599 15021994
1659627600 12401160
1659627601 17244950
1659627602 15539480
1659627603 10921084
1659627604 16554596
1659627605 15423272
1659627606 14177600
1659627607 13252402
1659627608 13691248
1659627609 14135340
1659627610 15093550
1659627611 13671738
1659627612 15488166
1659627613 15357332
1659627614 12330092
1659627615 14521338
1659627616 15226398
1659627617 15273776
1659627618 13680914
1659627619 14615912
1659627620 15000136
1659627621 15607898
1659627622 13715850
1659627623 14896714
1659627624 13689984
1659627625 16014662
1659627626 16129334
1659627627 14803258
1659627628 16009314
1659627629 13973924
1659627630 15633588
1659627631 12676592
1659627632 17942614
1659627633 15604120
1659627634 12569790
1659627635 16709854
1659627636 12589260
1659627637 12935082
1659627638 17978730
1659627639 14592300
1659627640 13396362
1659627641 13167510
1659627642 15219430
1659627643 14671570
1659627644 14647512
1659627645 14612464
1659627646 13215996
1659627647 14984362
1659627648 15308800
1659627649 13481556
1659627650 14570886
1659627651 13812108
1659627652 14263272
1659627653 15400406
1659627654 13604054
1659627655 14992524
1659627656 12857470
1659627657 14997996
1659627658 14482352
1659627659 16650334
1659627660 15725020
1659627661 10591988
1659627662 13265336
1659627663 14158612
1659627664 14712582
1659627665 13650522
1659627666 16307714
1659627667 14975926
1659627668 13481312
1659627669 15779458
1659627670 13932258
1659627671 14228818
1659627672 14547214
1659627673 16148634
1659627674 12627318
1659627675 15878592
1659627676 11925912
1659627677 15716262
1659627678 13538508
1659627679 14725494
1659627680 15794940
1659627681 13133658
1659627682 14628400
1659627683 13031148
1659627684 15298808
1659627685 14049430
1659627686 13522730
1659627687 13858030
1659627688 14211360
1659627689 15795234
1659627690 14856444
1659627691 14075258
1659627692 15416530
1659627693 12781536
1659627694 15824606
1659627695 16709456
1659627696 11660170
1659627697 15891728
1659627698 14787708
1659627699 12658390
1659627700 15662026
1659627701 13247028
1659627702 15299412
1659627703 13202444
1659627704 14474324
1659627705 15558648
1659627706 14465868
1659627707 13630826
1659627708 14625120
1659627709 13375734
1659627710 14898294
1659627711 14048142
1659627712 13131070
1659627713 15198164
1659627714 12296994
1659627715 15548792
1659627716 12185110
1659627717 15307010
1659627718 15104986
1659627719 15211128
1659627720 13944378
1659627721 11226510
1659627722 17883380
1659627723 13233296
1659627724 12680730
1659627725 15802758
1659627726 16830816
1659627727 14004702
1659627728 12009290
1659627729 14509302
1659627730 15514128
1659627731 15144740
1659627732 15100802
1659627733 15721418
1659627734 15740006
1659627735 13775296
1659627736 14413734
1659627737 15115880
1659627738 15070348
1659627739 13503564
1659627740 15520912
1659627741 13090686
1659627742 14472628
1659627743 14126754
1659627744 14260492
1659627745 15811016
1659627746 13044644
1659627747 15471448
1659627748 13887552
1659627749 14808978
1659627750 16344116
1659627751 13551644
1659627752 11273426
1659627753 17368412
1659627754 13633924
1659627755 13559528
1659627756 11153904
1659627757 15736034
1659627758 17406082
1659627759 13159264
1659627760 13554380
1659627761 12107000
1659627762 15740888
1659627763 12750492
1659627764 15540088
1659627765 12941952
1659627766 13628690
1659627767 13230660
1659627768 16434808
1659627769 14207986
1659627770 15640474
1659627771 14217518
1659627772 13069450
1659627773 14995182
1659627774 13161868
1659627775 15556386
1659627776 12136206
1659627777 15433940
1659627778 17067944
1659627779 14939554
1659627780 12932872
1659627781 13008422
1659627782 15061542
1659627783 15585826
1659627784 14998846
1659627785 16027508
1659627786 13756828
1659627787 12514582
1659627788 13943814
1659627789 14429324
1659627790 15204230
1659627791 12758852
1659627792 15760062
1659627793 13631136
1659627794 14884792
1659627795 15805456
1659627796 12884110
1659627797 15040132
1659627798 13052406
1659627799 14851356
1659627800 13464928
1659627801 13600322
1659627802 14046094
1659627803 14805616
1659627804 13357296
1659627805 14928836
1659627806 12932816
1659627807 14947092
1659627808 15242120
1659627809 14962492
1659627810 15706100
1659627811 11526540
1659627812 13628368
1659627813 14336850
1659627814 15923460
1659627815 15464162
1659627816 11929938
1659627817 12695754
1659627818 14881456
1659627819 14324034
1659627820 15195810
1659627821 14161622
1659627822 14772474
1659627823 13375970
1659627824 15095266
1659627825 13690306
1659627826 13236024
1659627827 15344466
1659627828 14109410
1659627829 14509736
1659627830 16357856
1659627831 12276960
1659627832 15771318
1659627833 15578366
1659627834 15063432
1659627835 15740842
1659627836 15876098
1659627837 15580574
1659627838 16306676
1659627839 17775136
1659627840 12592166
1659627841 13713392
1659627842 17901522
1659627843 14246202
1659627844 12329064
1659627845 17190874
1659627846 13997394
1659627847 11636302
1659627848 15877376
1659627849 14088446
1659627850 14346174
1659627851 13999726
1659627852 15149964
1659627853 14562388
1659627854 14124832
1659627855 15712510
1659627856 12278734
1659627857 15689776
1659627858 14738046
1659627859 13690828
1659627860 14720910
1659627861 13208980
1659627862 15612686
1659627863 13704240
1659627864 14453866
1659627865 13952470
1659627866 13926938
1659627867 15111508
1659627868 15978280
1659627869 14773480
1659627870 12383414
1659627871 15063872
1659627872 14658510
1659627873 13411982
1659627874 14718992
1659627875 15096722
1659627876 12981210
1659627877 12791006
1659627878 15173674
1659627879 14532498
1659627880 13477884
1659627881 14825556
1659627882 13116392
1659627883 15200666
1659627884 13330082
1659627885 14841888
1659627886 13391730
1659627887 14546148
1659627888 16449560
1659627889 14806530
1659627890 14996954
1659627891 13176978
1659627892 14528312
1659627893 15632664
1659627894 15132788
1659627895 14834108
1659627896 13676426
1659627897 15521482
1659627898 12931444
1659627899 15465590
1659627900 15406842
1659627901 12212448
1659627902 15796576
1659627903 14974044
1659627904 14667732
1659627905 16051174
1659627906 14223060
1659627907 12347370
1659627908 15692140
1659627909 12608340
1659627910 13171012
1659627911 14586390
1659627912 14004924
1659627913 13889800
1659627914 15819830
1659627915 15655288
1659627916 12997684
1659627917 14738392
1659627918 14504300
1659627919 13959868
1659627920 15323084
1659627921 12539220
1659627922 15751078
1659627923 14380968
1659627924 14714686
1659627925 14642564
1659627926 13817042
1659627927 14548444
1659627928 16577778
1659627929 15173478
1659627930 12046098
1659627931 15188750
1659627932 14247888
1659627933 11493596
1659627934 17979570
1659627935 13464482
1659627936 11706468
1659627937 14666820
1659627938 15508064
1659627939 12806462
1659627940 15818900
1659627941 13794488
1659627942 15905112
1659627943 13642664
1659627944 14822804
1659627945 14686502
1659627946 13252218
1659627947 15520710
1659627948 13501286
1659627949 15033930
1659627950 14618248
1659627951 14049584
1659627952 14333274
1659627953 14063292
1659627954 14381872
1659627955 13465092
1659627956 13974042
1659627957 13468130
1659627958 15481972
1659627959 15866806
1659627960 15913052
1659627961 15731542
1659627962 13268902
1659627963 12495294
1659627964 16706498
1659627965 14428610
1659627966 10761398
1659627967 15290202
1659627968 12615398
1659627969 15845474
1659627970 13409292
1659627971 14062858
1659627972 15560824
1659627973 12940520
1659627974 15208272
1659627975 13204244
1659627976 15046316
1659627977 15425854
1659627978 15686938
1659627979 13982842
1659627980 14050286
1659627981 13378406
1659627982 14247466
1659627983 15793684
1659627984 14492272
1659627985 13709126
1659627986 14525802
1659627987 15117568
1659627988 16278450
1659627989 14618258
1659627990 11405444
1659627991 17057466
1659627992 13458176
1659627993 14314758
1659627994 15133728
1659627995 14971856
1659627996 13517384
1659627997 14349762
1659627998 14180068
1659627999 15507344
1659628000 13894802
1659628001 14902094
1659628002 12857460
1659628003 15094904
1659628004 14201712
1659628005 14941318
1659628006 12794874
1659628007 14629750
1659628008 14081952
1659628009 14838590
1659628010 15010012
1659628011 13160872
1659628012 14610086
1659628013 14061928
1659628014 14816210
1659628015 14543064
1659628016 13482592
1659628017 14544718
1659628018 13929762
1659628019 15254378
1659628020 15917744
1659628021 13941636
1659628022 12736344
1659628023 15275996
1659628024 16760708
1659628025 12931440
1659628026 12328210
1659628027 13419134
1659628028 14865924
1659628029 15540476
1659628030 14035598
1659628031 12067158
1659628032 14363152
1659628033 13476326
1659628034 15538408
1659628035 13845238
1659628036 13130138
1659628037 14840374
1659628038 13399826
1659628039 15443402
1659628040 12549246
1659628041 17394896
1659628042 13838470
1659628043 14155762
1659628044 15647556
1659628045 13595470
1659628046 14856710
1659628047 16295588
1659628048 13978640
1659628049 15756836
1659628050 16856686
1659628051 12522322
1659628052 16329328
1659628053 13897794
1659628054 12067128
1659628055 16310300
1659628056 12102986
1659628057 17011328
1659628058 15656218
1659628059 13142842
1659628060 12751452
1659628061 13352264
1659628062 13227204
1659628063 15084806
1659628064 15161780
1659628065 13771880
1659628066 13142810
1659628067 13541356
1659628068 14395120
1659628069 13943826
1659628070 15217958
1659628071 12020648
1659628072 15494240
1659628073 13464276
1659628074 14632558
1659628075 15656158
1659628076 12811106
1659628077 13505028
1659628078 14568976
1659628079 13713020
1659628080 17422360
1659628081 12212204
1659628082 14967562
1659628083 16364736
1659628084 12628560
1659628085 16949084
1659628086 12240944
1659628087 13652810
1659628088 14899278
1659628089 13073926
1659628090 15306286
1659628091 12804950
1659628092 15048146
1659628093 14073970
1659628094 16714586
1659628095 15234714
1659628096 12836526
1659628097 15158974
1659628098 15505392
1659628099 15898284
1659628100 14890556
1659628101 12749080
1659628102 15817808
1659628103 12699274
1659628104 15775812
1659628105 13157554
1659628106 14174488
1659628107 13200404
1659628108 15324650
1659628109 14563794
1659628110 15295162
1659628111 13576628
1659628112 13327772
1659628113 13323160
1659628114 14744922
1659628115 13184910
1659628116 13234454
1659628117 16402112
1659628118 13870772
1659628119 11783982
1659628120 15465670
1659628121 13521820
1659628122 14419232
1659628123 13739998
1659628124 14216164
1659628125 13183472
1659628126 13766542
1659628127 12462358
1659628128 16136396
1659628129 14511866
1659628130 15235988
1659628131 14369456
1659628132 13908216
1659628133 15311850
1659628134 12835340
1659628135 15400766
1659628136 13749188
1659628137 13575518
1659628138 14327448
1659628139 16281424
1659628140 17243696
1659628141 12044730
1659628142 15116406
1659628143 12438924
1659628144 14603940
1659628145 15903184
1659628146 14952332
1659628147 13301122
1659628148 15951290
1659628149 14890472
1659628150 13986770
1659628151 13526812
1659628152 15489000
1659628153 15819356
1659628154 14853384
1659628155 15527578
1659628156 12802900
1659628157 14803214
1659628158 13225598
1659628159 14916986
1659628160 13567336
1659628161 13918204
1659628162 14965074
1659628163 13134136
1659628164 14788144
1659628165 14178110
1659628166 14773670
1659628167 14927454
1659628168 15283476
1659628169 12989122
1659628170 17729824
1659628171 11635192
1659628172 14573282
1659628173 13352396
1659628174 15396222
1659628175 13362706
1659628176 12265350
1659628177 14546150
1659628178 15429290
1659628179 12448630
1659628180 15622832
1659628181 13525256
1659628182 14289390
1659628183 13911064
1659628184 14894976
1659628185 12725272
1659628186 15193442
1659628187 14432918
1659628188 15522030
1659628189 12916852
1659628190 15157866
1659628191 12456664
1659628192 15741092
1659628193 14644464
1659628194 13396150
1659628195 14823646
1659628196 11890696
1659628197 15461292
1659628198 13523012
1659628199 17704442
1659628200 14987950
1659628201 11888764
1659628202 14600988
1659628203 17954638
1659628204 13236966
1659628205 13152856
1659628206 13594854
1659628207 14379578
1659628208 13683758
1659628209 15285238
1659628210 13474910
1659628211 14699966
1659628212 15020318
1659628213 13804076
1659628214 14781008
1659628215 14806062
1659628216 11701004
1659628217 15221204
1659628218 13436964
1659628219 15353426
1659628220 13245102
1659628221 14161014
1659628222 13062308
1659628223 15044280
1659628224 15516472
1659628225 13525968
1659628226 13007410
1659628227 14568896
1659628228 14413112
1659628229 14749698
1659628230 15914924
1659628231 11592696
1659628232 15198192
1659628233 14953842
1659628234 13215504
1659628235 15710734
1659628236 13478716
1659628237 13491286
1659628238 13706310
1659628239 13725064
1659628240 14994698
1659628241 11527316
1659628242 14838258
1659628243 13497590
1659628244 15776746
1659628245 15828640
1659628246 12834386
1659628247 16262074
1659628248 13057650
1659628249 15813440
1659628250 14508252
1659628251 13808380
1659628252 15843154
1659628253 15576528
1659628254 15802494
1659628255 17528688
1659628256 14065396
1659628257 13331804
1659628258 14781704
1659628259 13915590
1659628260 17365802
1659628261 12473978
1659628262 14976028
1659628263 14547842
1659628264 13216830
1659628265 13255908
1659628266 16231256
1659628267 13257100
1659628268 12552376
1659628269 13487532
1659628270 14821714
1659628271 14099516
1659628272 15844780
1659628273 15169816
1659628274 12730608
1659628275 15544372
1659628276 11841840
1659628277 15577846
1659628278 13985572
1659628279 14187258
1659628280 14070126
1659628281 13927078
1659628282 15591922
1659628283 15355956
1659628284 13909464
1659628285 14780280
1659628286 12940998
1659628287 13566752
1659628288 16447552
1659628289 14316860
1659628290 15606682
1659628291 15511398
1659628292 13002230
1659628293 15589996
1659628294 15423342
1659628295 12061832
1659628296 15990568
1659628297 12932328
1659628298 15205114
1659628299 14366390
1659628300 13984146
1659628301 14669374
1659628302 12694540
1659628303 15750258
1659628304 15682672
1659628305 15069480
1659628306 13896690
1659628307 14445246
1659628308 13879962
1659628309 14177618
1659628310 15044556
1659628311 12943018
1659628312 15534210
1659628313 13722700
1659628314 14688412
1659628315 13459424
1659628316 13699326
1659628317 14943926
1659628318 15490056
1659628319 15245644
1659628320 12578920
1659628321 14244098
1659628322 15021094
1659628323 12324788
1659628324 16299570
1659628325 15314556
1659628326 11191450
1659628327 14814434
1659628328 11810190
1659628329 14573390
1659628330 14575076
1659628331 13063258
1659628332 15750332
1659628333 12430754
1659628334 15515904
1659628335 14723374
1659628336 13770604
1659628337 13402068
1659628338 15111396
1659628339 13961494
1659628340 14454434
1659628341 14256356
1659628342 15738942
1659628343 15638424
1659628344 13222384
1659628345 14925464
1659628346 12995874
1659628347 14344096
1659628348 15535560
1659628349 16784562
1659628350 14489528
1659628351 13173232
1659628352 16193434
1659628353 15026318
1659628354 12357210
1659628355 14118386
1659628356 14659062
1659628357 14931944
1659628358 14520008
1659628359 16673746
1659628360 12614378
1659628361 14191046
1659628362 13298108
1659628363 14944464
1659628364 14687284
1659628365 13249710
1659628366 13325944
1659628367 12975176
1659628368 15499134
1659628369 13336524
1659628370 14744836
1659628371 12984086
1659628372 15211542
1659628373 13378376
1659628374 14867764
1659628375 13816298
1659628376 14048240
1659628377 12554430
1659628378 17522852
1659628379 13789880
1659628380 13531796
1659628381 12611152
1659628382 14154310
1659628383 16714134
1659628384 17430782
1659628385 12528218
1659628386 14935472
1659628387 11802864
1659628388 14425204
1659628389 15792794
1659628390 13887106
1659628391 14323372
1659628392 14326256
1659628393 14108888
1659628394 14703614
1659628395 15163048
1659628396 14138438
1659628397 14319174
1659628398 15164350
1659628399 14090150
1659628400 17178248
1659628401 13108564
1659628402 14483950
1659628403 15668794
1659628404 13765394
1659628405 14517946
1659628406 14229688
1659628407 15647324
1659628408 13794814
1659628409 17519044
1659628410 15498772
1659628411 12536378
1659628412 12256324
1659628413 15313990
1659628414 16574306
1659628415 14485554
1659628416 13829266
1659628417 13336208
1659628418 13989138
1659628419 14012820
1659628420 14494034
1659628421 12852020
1659628422 15077630
1659628423 12928110
1659628424 15434464
1659628425 13090326
1659628426 14509556
1659628427 13062436
1659628428 14908214
1659628429 14286392
1659628430 13806650
1659628431 14099756
1659628432 13578882
1659628433 14529274
1659628434 14571010
1659628435 14487544
1659628436 13425738
1659628437 14548750
1659628438 14425466
1659628439 16835272
1659628440 14190054
1659628441 13037872
1659628442 14138600
1659628443 14092864
1659628444 13966576
1659628445 14605652
1659628446 14766728
1659628447 15787826
1659628448 13416590
1659628449 13483216
1659628450 14345256
1659628451 13158796
1659628452 14873822
1659628453 14883940
1659628454 15240704
1659628455 13217830
1659628456 14350176
1659628457 13958924
1659628458 14685252
1659628459 14685238
1659628460 14305340
1659628461 14427746
1659628462 14998374
1659628463 15638156
1659628464 15689200
1659628465 14637158
1659628466 15153662
1659628467 15168098
1659628468 13026334
1659628469 14951456
1659628470 16379568
1659628471 12825450
1659628472 14313486
1659628473 12246828
1659628474 15003658
1659628475 15141428
1659628476 13512022
1659628477 12999032
1659628478 15897014
1659628479 15242624
1659628480 14357368
1659628481 14485678
1659628482 12959490
1659628483 14677562
1659628484 13291212
1659628485 15095096
1659628486 12691120
1659628487 15431936
1659628488 13704006
1659628489 14114062
1659628490 15421800
1659628491 11918960
1659628492 15502220
1659628493 12814940
1659628494 15563638
1659628495 14941138
1659628496 12971378
1659628497 15015298
1659628498 14108948
1659628499 13646372
1659628500 16010220
1659628501 14661774
1659628502 13487752
1659628503 14718872
1659628504 15370142
1659628505 13214882
1659628506 13805844
1659628507 15618854
1659628508 12673334
1659628509 14827490
1659628510 14863972
1659628511 12720248
1659628512 15851900
1659628513 14636776
1659628514 13587738
1659628515 15701446
1659628516 12631600
1659628517 16057080
1659628518 15554128
1659628519 14437204
1659628520 14907372
1659628521 12415398
1659628522 14340110
1659628523 13095958
1659628524 15076934
1659628525 14551496
1659628526 15270116
1659628527 13544150
1659628528 16182440
1659628529 14549510
1659628530 13061796
1659628531 15847610
1659628532 15794368
1659628533 12636982
1659628534 15643450
1659628535 15693562
1659628536 10755412
1659628537 13778354
1659628538 14800528
1659628539 13358110
1659628540 15070252
1659628541 12900844
1659628542 15084272
1659628543 12960516
1659628544 15888242
1659628545 12302392
1659628546 15117950
1659628547 14170382
1659628548 14785962
1659628549 14092614
1659628550 14400278
1659628551 12257540
1659628552 15108996
1659628553 14755492
1659628554 14064058
1659628555 13935920
1659628556 11997144
1659628557 14231066
1659628558 13812468
1659628559 17882770
1659628560 12001124
1659628561 12503556
1659628562 17793122
1659628563 13187344
1659628564 14884610
1659628565 17886590
1659628566 14836072
1659628567 15621950
1659628568 13342960
1659628569 16331610
1659628570 12640522
1659628571 13494908
1659628572 15837286
1659628573 13280456
1659628574 14710694
1659628575 13102612
1659628576 14465692
1659628577 14414428
1659628578 15194506
1659628579 13724052
1659628580 15727870
1659628581 12696778
1659628582 15539632
1659628583 13307436
1659628584 14135180
1659628585 13904738
1659628586 13865776
1659628587 14817502
1659628588 16022618
1659628589 15762638
1659628590 12421108
1659628591 13860482
1659628592 13020226
1659628593 15066770
1659628594 15719870
1659628595 13894730
1659628596 12599890
1659628597 17971526
1659628598 15500596
1659628599 15789764
1659628600 13567344
1659628601 14917050
1659628602 14704812
1659628603 14528194
1659628604 13625084
1659628605 15249084
1659628606 12222478
1659628607 15620520
1659628608 13683096
1659628609 14543334
1659628610 14111924
1659628611 12745024
1659628612 14101180
1659628613 13668766
1659628614 15186118
1659628615 14610390
1659628616 13887718
1659628617 15634098
1659628618 14712962
1659628619 13820044
1659628620 15572780
1659628621 15612424
1659628622 13181972
1659628623 14936194
1659628624 14296928
1659628625 13923012
1659628626 16600860
1659628627 12067202
1659628628 15202776
1659628629 14744778
1659628630 13945732
1659628631 13199200
1659628632 14761272
1659628633 13479000
1659628634 14754848
1659628635 13650440
1659628636 14036090
1659628637 13695972
1659628638 14610850
1659628639 14787492
1659628640 15479816
1659628641 14561762
1659628642 13482766
1659628643 14682800
1659628644 13531482
1659628645 15366794
1659628646 14097300
1659628647 15013280
1659628648 13528640
1659628649 17611272
1659628650 8478412
1659628651 854
