# events called
1659743754 2180542
1659743755 1515842
1659743756 3785280
1659743757 12066618
1659743758 14183898
1659743759 13348104
1659743760 13327650
1659743761 12992772
1659743762 14033772
1659743763 14086176
1659743764 14152242
1659743765 13609950
1659743766 13741854
1659743767 14008218
1659743768 13920024
1659743769 13386024
1659743770 13098474
1659743771 14218098
1659743772 13418280
1659743773 14046834
1659743774 13338306
1659743775 13593750
1659743776 13843986
1659743777 13340454
1659743778 13674924
1659743779 13800414
1659743780 13150998
1659743781 13923894
1659743782 13818672
1659743783 14069898
1659743784 14037630
1659743785 12882444
1659743786 13963842
1659743787 14529432
1659743788 13132416
1659743789 13559376
1659743790 12591462
1659743791 14106312
1659743792 13865040
1659743793 13210776
1659743794 14117982
1659743795 12795702
1659743796 13727028
1659743797 13839372
1659743798 13775994
1659743799 14162742
1659743800 12305802
1659743801 13944348
1659743802 14585652
1659743803 13722414
1659743804 13946082
1659743805 13072590
1659743806 13182048
1659743807 13650366
1659743808 13767612
1659743809 13725954
1659743810 13780758
1659743811 13195056
1659743812 13674204
1659743813 13880208
1659743814 13411608
1659743815 13326408
1659743816 13962276
1659743817 13686918
1659743818 13742046
1659743819 13390644
1659743820 13213326
1659743821 13856454
1659743822 13722348
1659743823 13800018
1659743824 14556870
1659743825 13900566
1659743826 14252628
1659743827 14276310
1659743828 13454454
1659743829 15075288
1659743830 13252902
1659743831 14443110
1659743832 13855776
1659743833 13543176
1659743834 13677816
1659743835 13538922
1659743836 14565534
1659743837 13717980
1659743838 13970550
1659743839 14190000
1659743840 14304942
1659743841 15033462
1659743842 14348310
1659743843 14246406
1659743844 14478804
1659743845 13901730
1659743846 14192568
1659743847 14787156
1659743848 14051430
1659743849 14405736
1659743850 12541278
1659743851 14418084
1659743852 14097198
1659743853 14678424
1659743854 13527474
1659743855 13511952
1659743856 14318532
1659743857 14708310
1659743858 14455662
1659743859 14098416
1659743860 13145508
1659743861 13825098
1659743862 14698320
1659743863 14039760
1659743864 13947438
1659743865 13111776
1659743866 14383110
1659743867 14671452
1659743868 14507154
1659743869 14435910
1659743870 13418706
1659743871 14374638
1659743872 13935648
1659743873 14291796
1659743874 13935114
1659743875 13161024
1659743876 14258658
1659743877 14476182
1659743878 14710332
1659743879 13494504
1659743880 13174716
1659743881 14246976
1659743882 14383278
1659743883 14544810
1659743884 14096568
1659743885 13572456
1659743886 13428906
1659743887 13974090
1659743888 15009570
1659743889 14554554
1659743890 13578282
1659743891 14205606
1659743892 14753532
1659743893 14234088
1659743894 13747620
1659743895 13197810
1659743896 14648898
1659743897 14271246
1659743898 14198034
1659743899 14730348
1659743900 13356048
1659743901 13830156
1659743902 14037504
1659743903 13532196
1659743904 13607532
1659743905 13253988
1659743906 14547810
1659743907 14740560
1659743908 14038128
1659743909 14322504
1659743910 13479066
1659743911 14560014
1659743912 14464458
1659743913 13776156
1659743914 14183436
1659743915 13147134
1659743916 14760534
1659743917 14213622
1659743918 14726874
1659743919 14939352
1659743920 12827712
1659743921 14276532
1659743922 14611032
1659743923 14288244
1659743924 14160942
1659743925 13614468
1659743926 14242914
1659743927 14603514
1659743928 14509728
1659743929 14485542
1659743930 13011894
1659743931 14390040
1659743932 14267568
1659743933 13960590
1659743934 14265624
1659743935 13311690
1659743936 14356950
1659743937 13585896
1659743938 14571198
1659743939 14407572
1659743940 13103232
1659743941 14073924
1659743942 14279040
1659743943 14498094
1659743944 14101746
1659743945 13170918
1659743946 14384772
1659743947 13346040
1659743948 14281110
1659743949 13667382
1659743950 13465926
1659743951 14609586
1659743952 13416798
1659743953 14412498
1659743954 14495622
1659743955 14005986
1659743956 14588418
1659743957 13709220
1659743958 14230818
1659743959 14593050
1659743960 13560090
1659743961 14243070
1659743962 13561752
1659743963 14353182
1659743964 14093868
1659743965 14533284
1659743966 14254104
1659743967 13298178
1659743968 14321808
1659743969 13853994
1659743970 13974174
1659743971 13386090
1659743972 13594704
1659743973 14214624
1659743974 13831362
1659743975 13786818
1659743976 13659624
1659743977 13641498
1659743978 14897472
1659743979 14497170
1659743980 13641564
1659743981 13664754
1659743982 12777438
1659743983 14762940
1659743984 14654304
1659743985 14240346
1659743986 14326206
1659743987 13800084
1659743988 14520816
1659743989 14355564
1659743990 14806530
1659743991 14357136
1659743992 11483232
1659743993 14570934
1659743994 14464530
1659743995 13974012
1659743996 14403672
1659743997 13417824
1659743998 13853862
1659743999 14639148
1659744000 13939722
1659744001 13966038
1659744002 12967278
1659744003 14584518
1659744004 13796676
1659744005 14328090
1659744006 14173494
1659744007 13718076
1659744008 14745642
1659744009 14451210
1659744010 14613876
1659744011 14034216
1659744012 13366590
1659744013 14620818
1659744014 14476218
1659744015 13901982
1659744016 13935402
1659744017 12406782
1659744018 14153190
1659744019 14501010
1659744020 14613972
1659744021 14163402
1659744022 13446210
1659744023 14308446
1659744024 13953684
1659744025 14864364
1659744026 13635096
1659744027 12927228
1659744028 13733652
1659744029 14609412
1659744030 14193756
1659744031 14601618
1659744032 13072632
1659744033 14154012
1659744034 13961676
1659744035 15056220
1659744036 14423856
1659744037 12781434
1659744038 13672368
1659744039 13847424
1659744040 13844586
1659744041 14334852
1659744042 13498086
1659744043 14483022
1659744044 13721766
1659744045 14918736
1659744046 14484804
1659744047 12718884
1659744048 14043402
1659744049 14606154
1659744050 14753376
1659744051 14706612
1659744052 13641282
1659744053 13944042
1659744054 14479098
1659744055 13924086
1659744056 13469226
1659744057 13193280
1659744058 14702142
1659744059 14163294
1659744060 14132028
1659744061 14281854
1659744062 13049124
1659744063 14155794
1659744064 14319948
1659744065 14619120
1659744066 14268498
1659744067 13068138
1659744068 14068662
1659744069 14449932
1659744070 14310522
1659744071 14492658
1659744072 13033104
1659744073 14064012
1659744074 14560128
1659744075 14610498
1659744076 13885422
1659744077 12630366
1659744078 13944840
1659744079 14222562
1659744080 14582742
1659744081 13917792
1659744082 12443730
1659744083 13925766
1659744084 14493738
1659744085 14835282
1659744086 13901964
1659744087 13106826
1659744088 13880448
1659744089 14678814
1659744090 14222328
1659744091 14207310
1659744092 12838020
1659744093 14524140
1659744094 14394936
1659744095 14324184
1659744096 13757868
1659744097 13204896
1659744098 14074020
1659744099 14472654
1659744100 14355780
1659744101 14226234
1659744102 13284162
1659744103 14182134
1659744104 14048100
1659744105 13863270
1659744106 13769946
1659744107 12819684
1659744108 14211792
1659744109 14504916
1659744110 14348622
1659744111 13607838
1659744112 12135600
1659744113 14676330
1659744114 14884260
1659744115 14007210
1659744116 13627344
1659744117 12310596
1659744118 14256762
1659744119 14678694
1659744120 14258214
1659744121 13781724
1659744122 13250958
1659744123 14052894
1659744124 13660578
1659744125 14367342
1659744126 13748646
1659744127 12669474
1659744128 13737342
1659744129 14020884
1659744130 14664708
1659744131 13985580
1659744132 13288254
1659744133 14045880
1659744134 14257182
1659744135 14443140
1659744136 14038836
1659744137 13472562
1659744138 14186484
1659744139 14219610
1659744140 14589492
1659744141 14443266
1659744142 13673766
1659744143 13994142
1659744144 14003250
1659744145 14253828
1659744146 14260956
1659744147 12888468
1659744148 14350698
1659744149 14313354
1659744150 13860996
1659744151 14725176
1659744152 13559874
1659744153 13990488
1659744154 13876896
1659744155 14084292
1659744156 13834962
1659744157 12603444
1659744158 14414622
1659744159 14168886
1659744160 14184000
1659744161 13904322
1659744162 13461324
1659744163 14085120
1659744164 14145096
1659744165 13861254
1659744166 13809198
1659744167 12807432
1659744168 14402394
1659744169 14624406
1659744170 14006232
1659744171 14460474
1659744172 13213818
1659744173 14657304
1659744174 14049486
1659744175 14421354
1659744176 13645506
1659744177 13193244
1659744178 14186760
1659744179 14591832
1659744180 14033562
1659744181 13949958
1659744182 13720350
1659744183 14055348
1659744184 13693998
1659744185 13519998
1659744186 13439928
1659744187 11604552
1659744188 13818168
1659744189 14531736
1659744190 14054004
1659744191 13980018
1659744192 13093926
1659744193 14439792
1659744194 14520216
1659744195 13339812
1659744196 14209386
1659744197 12655896
1659744198 14146776
1659744199 13946328
1659744200 13447656
1659744201 13747248
1659744202 12970404
1659744203 14449722
1659744204 14678130
1659744205 14466240
1659744206 14092218
1659744207 13598472
1659744208 13419336
1659744209 14633592
1659744210 13961340
1659744211 13723848
1659744212 13317636
1659744213 14199048
1659744214 14010834
1659744215 13618224
1659744216 13424466
1659744217 13475400
1659744218 14320794
1659744219 14262468
1659744220 13641300
1659744221 13643148
1659744222 12768522
1659744223 14670960
1659744224 14496126
1659744225 14534070
1659744226 13894626
1659744227 12414462
1659744228 14364258
1659744229 13775058
1659744230 14069574
1659744231 14401428
1659744232 13214436
1659744233 13957488
1659744234 14125398
1659744235 14124156
1659744236 14144256
1659744237 12543378
1659744238 13972872
1659744239 13885038
1659744240 14035164
1659744241 13887588
1659744242 13348230
1659744243 13728432
1659744244 14376744
1659744245 14317854
1659744246 14241462
1659744247 13172856
1659744248 13819848
1659744249 14256678
1659744250 14098488
1659744251 14216418
1659744252 13521060
1659744253 13576122
1659744254 14222778
1659744255 14372106
1659744256 13850562
1659744257 13372428
1659744258 14047584
1659744259 14497212
1659744260 13990320
1659744261 14095410
1659744262 12604200
1659744263 14314530
1659744264 14668488
1659744265 14344806
1659744266 13850694
1659744267 12704538
1659744268 14326536
1659744269 14567400
1659744270 14432682
1659744271 13960980
1659744272 13283256
1659744273 13875192
1659744274 13627272
1659744275 13912752
1659744276 13917222
1659744277 12852120
1659744278 13840656
1659744279 14290140
1659744280 14370486
1659744281 14076798
1659744282 13557744
1659744283 13719132
1659744284 14659224
1659744285 14552514
1659744286 13587348
1659744287 13202784
1659744288 13838850
1659744289 14512650
1659744290 14400414
1659744291 14323686
1659744292 12624930
1659744293 14094174
1659744294 13571262
1659744295 14062350
1659744296 14220804
1659744297 13406376
1659744298 14729844
1659744299 14695044
1659744300 14334996
1659744301 13669800
1659744302 13283952
1659744303 13990680
1659744304 14356812
1659744305 14579922
1659744306 14410458
1659744307 13562094
1659744308 14001894
1659744309 14174064
1659744310 13826100
1659744311 13890900
1659744312 12820122
1659744313 14508378
1659744314 14218392
1659744315 13903254
1659744316 14342010
1659744317 13084092
1659744318 14471322
1659744319 14131410
1659744320 14035296
1659744321 14097660
1659744322 12017868
1659744323 14574990
1659744324 14538546
1659744325 14753934
1659744326 13789548
1659744327 13341774
1659744328 14186814
1659744329 14262588
1659744330 14431332
1659744331 14388234
1659744332 12907422
1659744333 13953804
1659744334 14009076
1659744335 14311416
1659744336 14217192
1659744337 12354174
1659744338 14826852
1659744339 13870440
1659744340 14964924
1659744341 14002596
1659744342 13335438
1659744343 14179482
1659744344 14105562
1659744345 14407602
1659744346 13661010
1659744347 12788478
1659744348 13612260
1659744349 13519824
1659744350 13854336
1659744351 14614062
1659744352 13621542
1659744353 14210724
1659744354 14405934
1659744355 14334144
1659744356 13952988
1659744357 12933150
1659744358 13728318
1659744359 14415138
1659744360 13911486
1659744361 13979676
1659744362 13233582
1659744363 14650572
1659744364 14715552
1659744365 14843184
1659744366 14144310
1659744367 12852558
1659744368 13659642
1659744369 14950920
1659744370 15016536
1659744371 14016750
1659744372 13338000
1659744373 14048862
1659744374 14019150
1659744375 14421300
1659744376 14015862
1659744377 13567752
1659744378 14504412
1659744379 14974452
1659744380 14025426
1659744381 14018436
1659744382 13323426
1659744383 13964910
1659744384 14049786
1659744385 13675134
1659744386 13854624
1659744387 12641046
1659744388 14535426
1659744389 14408646
1659744390 14238906
1659744391 14098164
1659744392 12436440
1659744393 13480344
1659744394 13846170
1659744395 13650810
1659744396 14303640
1659744397 13865412
1659744398 14243952
1659744399 14240676
1659744400 14358072
1659744401 14561370
1659744402 12911130
1659744403 14654868
1659744404 13757280
1659744405 13660068
1659744406 14088192
1659744407 12659430
1659744408 14521356
1659744409 14779500
1659744410 13951404
1659744411 14187186
1659744412 13514172
1659744413 13843404
1659744414 14117154
1659744415 14093016
1659744416 14019024
1659744417 13462146
1659744418 14574072
1659744419 13889682
1659744420 14069484
1659744421 13445850
1659744422 13824474
1659744423 14652126
1659744424 14599584
1659744425 14475924
1659744426 13846800
1659744427 13916466
1659744428 14754318
1659744429 13927026
1659744430 14106522
1659744431 13690356
1659744432 13850424
1659744433 13447104
1659744434 14080290
1659744435 14635218
1659744436 14338806
1659744437 13014576
1659744438 13517730
1659744439 14296812
1659744440 14340606
1659744441 14557788
1659744442 12554496
1659744443 14164614
1659744444 13352934
1659744445 14049402
1659744446 14155716
1659744447 12387270
1659744448 13342134
1659744449 14517918
1659744450 14021988
1659744451 14262006
1659744452 12586452
1659744453 13944966
1659744454 14426730
1659744455 14697366
1659744456 14841852
1659744457 12416238
1659744458 13926210
1659744459 13999044
1659744460 14117406
1659744461 14375442
1659744462 12033192
1659744463 13879524
1659744464 13512582
1659744465 14125986
1659744466 14418330
1659744467 12789978
1659744468 13844916
1659744469 14551878
1659744470 13985160
1659744471 14419566
1659744472 13094988
1659744473 14206602
1659744474 13835388
1659744475 14219658
1659744476 14030412
1659744477 12603132
1659744478 14296806
1659744479 14556252
1659744480 14134524
1659744481 14062404
1659744482 13047876
1659744483 14080908
1659744484 14612760
1659744485 13905936
1659744486 14224080
1659744487 13058238
1659744488 14246232
1659744489 14059650
1659744490 14096946
1659744491 13736862
1659744492 12939840
1659744493 13692294
1659744494 14790012
1659744495 14384304
1659744496 14117130
1659744497 13434054
1659744498 13866912
1659744499 14032980
1659744500 13234446
1659744501 13625130
1659744502 12650718
1659744503 13717728
1659744504 14607240
1659744505 13794036
1659744506 13877346
1659744507 13438926
1659744508 14419584
1659744509 13729104
1659744510 13289100
1659744511 14427348
1659744512 13770762
1659744513 14125386
1659744514 14313888
1659744515 13909086
1659744516 14006346
1659744517 12841956
1659744518 14245908
1659744519 14189964
1659744520 13582590
1659744521 14293260
1659744522 12809436
1659744523 14305284
1659744524 14843538
1659744525 14627130
1659744526 13837662
1659744527 12664272
1659744528 14028510
1659744529 14033700
1659744530 14197698
1659744531 13362012
1659744532 12496890
1659744533 14276046
1659744534 14073126
1659744535 13929150
1659744536 14143032
1659744537 13519236
1659744538 14672808
1659744539 14127120
1659744540 13974684
1659744541 14547726
1659744542 13098030
1659744543 13904274
1659744544 13790292
1659744545 13994634
1659744546 14428536
1659744547 12972918
1659744548 13899624
1659744549 14195526
1659744550 13979586
1659744551 14310768
1659744552 13061646
1659744553 13988418
1659744554 14276484
1659744555 14151972
1659744556 14258934
1659744557 13156674
1659744558 14117628
1659744559 13820820
1659744560 14411538
1659744561 13992174
1659744562 13718544
1659744563 14403468
1659744564 14019708
1659744565 14710410
1659744566 14054820
1659744567 13044372
1659744568 13766592
1659744569 13682106
1659744570 14079612
1659744571 14295066
1659744572 13597230
1659744573 14162418
1659744574 13729668
1659744575 14105130
1659744576 14698170
1659744577 13349364
1659744578 14253726
1659744579 13839858
1659744580 13740360
1659744581 14180616
1659744582 13503258
1659744583 14532270
1659744584 14306292
1659744585 14514360
1659744586 14415810
1659744587 13397634
1659744588 14230242
1659744589 14356440
1659744590 14578350
1659744591 13821162
1659744592 13939956
1659744593 13953594
1659744594 13770762
1659744595 14185668
1659744596 14083896
1659744597 13085016
1659744598 13654074
1659744599 14925504
1659744600 14613276
1659744601 14637936
1659744602 13569966
1659744603 14502336
1659744604 13897236
1659744605 13915080
1659744606 13648464
1659744607 13033770
1659744608 14627988
1659744609 14003028
1659744610 13892634
1659744611 14202768
1659744612 12656850
1659744613 14347248
1659744614 14494680
1659744615 13995204
1659744616 13716456
1659744617 13741224
1659744618 14313300
1659744619 13849902
1659744620 14519862
1659744621 14109072
1659744622 13143180
1659744623 13966848
1659744624 13885668
1659744625 13924206
1659744626 14229336
1659744627 13322136
1659744628 14266608
1659744629 14576424
1659744630 14379534
1659744631 13913184
1659744632 13091220
1659744633 13915722
1659744634 15111054
1659744635 14246274
1659744636 13702728
1659744637 12176292
1659744638 14273514
1659744639 14422182
1659744640 13719786
1659744641 14276280
1659744642 13127130
1659744643 13866162
1659744644 13700976
1659744645 13971174
1659744646 13282200
1659744647 12849414
1659744648 14433216
1659744649 14613300
1659744650 14678298
1659744651 14083254
1659744652 13011468
1659744653 13782924
1659744654 14378424
1659744655 14475078
1659744656 13884108
1659744657 13219230
1659744658 14560170
1659744659 14819910
1659744660 14123100
1659744661 13855026
1659744662 13206888
1659744663 14319570
1659744664 14101494
1659744665 14176182
1659744666 14370612
1659744667 13102992
1659744668 14242344
1659744669 14174436
1659744670 14288106
1659744671 14132142
1659744672 12938166
1659744673 14055642
1659744674 14079066
1659744675 14615082
1659744676 13744296
1659744677 13409622
1659744678 14473164
1659744679 14007366
1659744680 13773828
1659744681 13794156
1659744682 13212570
1659744683 14630544
1659744684 14757000
1659744685 13944474
1659744686 14314614
1659744687 13377450
1659744688 14023416
1659744689 13969722
1659744690 14159982
1659744691 13950042
1659744692 13337334
1659744693 14267154
1659744694 14476374
1659744695 13963086
1659744696 13694874
1659744697 12909978
1659744698 14470350
1659744699 14168676
1659744700 14514342
1659744701 14095854
1659744702 12885096
1659744703 14075766
1659744704 14631552
1659744705 14330070
1659744706 13542882
1659744707 12786216
1659744708 14019816
1659744709 13982742
1659744710 14589450
1659744711 13549230
1659744712 13270884
1659744713 14151666
1659744714 14524278
1659744715 14474988
1659744716 14371440
1659744717 13285518
1659744718 14038764
1659744719 13828584
1659744720 14345040
1659744721 14168244
1659744722 13986222
1659744723 14646780
1659744724 13958580
1659744725 14648796
1659744726 14281746
1659744727 13331832
1659744728 14311728
1659744729 14745552
1659744730 14386308
1659744731 13842684
1659744732 12744186
1659744733 13732488
1659744734 14723832
1659744735 13931166
1659744736 14015730
1659744737 13369506
1659744738 14412654
1659744739 14244636
1659744740 14150484
1659744741 13746510
1659744742 13869324
1659744743 14909874
1659744744 14130714
1659744745 13755612
1659744746 13939974
1659744747 12968964
1659744748 14065026
1659744749 14422092
1659744750 14555952
1659744751 14305038
1659744752 13060056
1659744753 14332530
1659744754 13510740
1659744755 13710786
1659744756 13436322
1659744757 12936870
1659744758 14475342
1659744759 14277564
1659744760 14547174
1659744761 13695552
1659744762 13481628
1659744763 14187240
1659744764 13834854
1659744765 14085390
1659744766 13823826
1659744767 12774408
1659744768 13159026
1659744769 14188632
1659744770 14584260
1659744771 14608380
1659744772 13211286
1659744773 14473440
1659744774 14010480
1659744775 13835724
1659744776 13906770
1659744777 12745170
1659744778 14564724
1659744779 14440680
1659744780 14276676
1659744781 14414502
1659744782 12771168
1659744783 14144670
1659744784 14686338
1659744785 14034372
1659744786 13517592
1659744787 12648312
1659744788 15064230
1659744789 14357886
1659744790 14101968
1659744791 14189124
1659744792 12602166
1659744793 13717464
1659744794 13992114
1659744795 14571090
1659744796 13709406
1659744797 12823650
1659744798 14418606
1659744799 14320464
1659744800 13928808
1659744801 13665708
1659744802 13322472
1659744803 13873086
1659744804 14102712
1659744805 14344788
1659744806 14395662
1659744807 12913908
1659744808 13874382
1659744809 13976352
1659744810 13727988
1659744811 14514408
1659744812 12526518
1659744813 13653498
1659744814 14457864
1659744815 14065698
1659744816 13839372
1659744817 12801354
1659744818 14492832
1659744819 14378508
1659744820 14233962
1659744821 14398890
1659744822 13580250
1659744823 13362750
1659744824 14051328
1659744825 14078430
1659744826 14227002
1659744827 13276116
1659744828 13876542
1659744829 14653506
1659744830 14098242
1659744831 14002404
1659744832 12895608
1659744833 13888452
1659744834 14793672
1659744835 14299092
1659744836 14282184
1659744837 12776460
1659744838 13617714
1659744839 14040546
1659744840 14128038
1659744841 14346618
1659744842 12455880
1659744843 14105760
1659744844 14040888
1659744845 14170806
1659744846 14999970
1659744847 12710100
1659744848 14216262
1659744849 14091084
1659744850 13798182
1659744851 13692474
1659744852 12455946
1659744853 14500266
1659744854 14384220
1659744855 13899318
1659744856 13788006
1659744857 13673754
1659744858 13881600
1659744859 14185206
1659744860 13765416
1659744861 13702866
1659744862 12751878
1659744863 14104062
1659744864 14694048
1659744865 13889532
1659744866 14027718
1659744867 12981168
1659744868 13538094
1659744869 13894992
1659744870 13896252
1659744871 14043840
1659744872 13341318
1659744873 14334852
1659744874 14430876
1659744875 14491818
1659744876 14118618
1659744877 13711086
1659744878 14556474
1659744879 13660494
1659744880 14249772
1659744881 14155800
1659744882 13482972
1659744883 14557110
1659744884 13804716
1659744885 14257188
1659744886 13812690
1659744887 13464444
1659744888 14303352
1659744889 14496870
1659744890 14525922
1659744891 14314188
1659744892 13326564
1659744893 14123592
1659744894 14852832
1659744895 14306532
1659744896 13998006
1659744897 13120014
1659744898 14360424
1659744899 14332632
1659744900 13981038
1659744901 13570938
1659744902 13062804
1659744903 14267946
1659744904 14760240
1659744905 14284554
1659744906 14534022
1659744907 13039626
1659744908 14200680
1659744909 14126280
1659744910 13641864
1659744911 13932288
1659744912 13017936
1659744913 14115222
1659744914 14238846
1659744915 14643630
1659744916 14062920
1659744917 13711614
1659744918 14047278
1659744919 13535244
1659744920 14044722
1659744921 14105118
1659744922 12670854
1659744923 14620326
1659744924 14462058
1659744925 13959006
1659744926 14105016
1659744927 13411908
1659744928 13900584
1659744929 14107962
1659744930 14410008
1659744931 13160586
1659744932 13633218
1659744933 14161410
1659744934 14382852
1659744935 14082570
1659744936 14452920
1659744937 13125876
1659744938 14033820
1659744939 14416260
1659744940 14093904
1659744941 14397024
1659744942 12757092
1659744943 14513244
1659744944 14626230
1659744945 14684988
1659744946 13839540
1659744947 13533420
1659744948 14320680
1659744949 14421996
1659744950 14242686
1659744951 14523684
1659744952 13066560
1659744953 14104866
1659744954 14906742
1659744955 14847384
1659744956 12507786
1659744957 1238


# events submitted
1659743754 2180542
1659743755 1515842
1659743756 3767736
1659743757 12027180
1659743758 14144388
1659743759 13318266
1659743760 13281720
1659743761 12966936
1659743762 13993116
1659743763 14050758
1659743764 14094228
1659743765 13569762
1659743766 13710084
1659743767 13977768
1659743768 13889904
1659743769 13354092
1659743770 13069380
1659743771 14180844
1659743772 13387722
1659743773 14020614
1659743774 13311930
1659743775 13548306
1659743776 13817976
1659743777 13305672
1659743778 13645362
1659743779 13766514
1659743780 13121004
1659743781 13895748
1659743782 13780140
1659743783 14042256
1659743784 14005152
1659743785 12857766
1659743786 13927278
1659743787 14493822
1659743788 13093782
1659743789 13522728
1659743790 12562548
1659743791 14075202
1659743792 13832454
1659743793 13176552
1659743794 14079126
1659743795 12763716
1659743796 13697856
1659743797 13812660
1659743798 13753488
1659743799 14129400
1659743800 12276960
1659743801 13916022
1659743802 14547798
1659743803 13687074
1659743804 13900002
1659743805 13036470
1659743806 13148562
1659743807 13617138
1659743808 13739010
1659743809 13699002
1659743810 13755912
1659743811 13165362
1659743812 13642212
1659743813 13843086
1659743814 13383600
1659743815 13296774
1659743816 13920300
1659743817 13643022
1659743818 13705698
1659743819 13363386
1659743820 13185558
1659743821 13827216
1659743822 13699632
1659743823 13267458
1659743824 9193944
1659743825 4425270
1659743826 3624528
1659743827 4986888
1659743828 3236850
1659743829 4033146
1659743830 3830688
1659743831 2516916
1659743832 3442590
1659743833 3733524
1659743834 3847140
1659743835 3381354
1659743836 2856480
1659743837 2811990
1659743838 3569994
1659743839 2304162
1659743840 3057846
1659743841 1693704
1659743842 3248742
1659743843 3136554
1659743844 2685114
1659743845 3455250
1659743846 3874146
1659743847 4706748
1659743848 3031644
1659743849 2947992
1659743850 3874398
1659743851 4566408
1659743852 2621208
1659743853 3918804
1659743854 3533790
1659743855 2158470
1659743856 3169248
1659743857 4461576
1659743858 3035430
1659743859 1986282
1659743860 4417752
1659743861 3907944
1659743862 2607246
1659743863 3089160
1659743864 3055824
1659743865 3724584
1659743866 4062918
1659743867 3988596
1659743868 3121608
1659743869 2636010
1659743870 2934870
1659743871 2579172
1659743872 4744176
1659743873 3228570
1659743874 2802666
1659743875 2558610
1659743876 2217396
1659743877 2671740
1659743878 4399662
1659743879 3898758
1659743880 4011864
1659743881 3356784
1659743882 4235646
1659743883 1851306
1659743884 3602832
1659743885 4424394
1659743886 2011374
1659743887 3488472
1659743888 3750402
1659743889 2623320
1659743890 2277414
1659743891 2157972
1659743892 3902946
1659743893 3051624
1659743894 3476964
1659743895 2301786
1659743896 3307140
1659743897 2413860
1659743898 3251118
1659743899 3282276
1659743900 3551064
1659743901 3015768
1659743902 3183672
1659743903 4006104
1659743904 3284790
1659743905 1884720
1659743906 2889036
1659743907 3450282
1659743908 2533194
1659743909 3053604
1659743910 1425660
1659743911 3242046
1659743912 2649546
1659743913 3340152
1659743914 3886212
1659743915 4104366
1659743916 3840318
1659743917 2517342
1659743918 4347054
1659743919 1089990
1659743920 2661954
1659743921 4646256
1659743922 1870902
1659743923 2444502
1659743924 4522302
1659743925 2899902
1659743926 2747574
1659743927 2656158
1659743928 4275534
1659743929 3046812
1659743930 2875356
1659743931 2537304
1659743932 3678198
1659743933 2683944
1659743934 2687436
1659743935 2809692
1659743936 2966730
1659743937 2400420
1659743938 4161846
1659743939 994800
1659743940 1817070
1659743941 2749002
1659743942 3227436
1659743943 4493676
1659743944 3223338
1659743945 3983700
1659743946 3320292
1659743947 3345654
1659743948 2744922
1659743949 4081860
1659743950 3315354
1659743951 1272006
1659743952 2802564
1659743953 1941138
1659743954 2986932
1659743955 2128866
1659743956 3862410
1659743957 3322356
1659743958 5107530
1659743959 3957702
1659743960 4496058
1659743961 3440316
1659743962 2755746
1659743963 3220506
1659743964 2412276
1659743965 3752940
1659743966 2030778
1659743967 3112962
1659743968 2283840
1659743969 2903334
1659743970 2874510
1659743971 2607624
1659743972 2513796
1659743973 2154822
1659743974 4041372
1659743975 3564546
1659743976 4017150
1659743977 4283886
1659743978 3431196
1659743979 2778180
1659743980 3026760
1659743981 3750630
1659743982 1738614
1659743983 2823636
1659743984 4386774
1659743985 4082658
1659743986 3114144
1659743987 2066790
1659743988 4172214
1659743989 3023538
1659743990 4882638
1659743991 2749188
1659743992 1887708
1659743993 3698592
1659743994 2112504
1659743995 4308642
1659743996 4225968
1659743997 3662238
1659743998 2756958
1659743999 1936776
1659744000 4246524
1659744001 3578814
1659744002 3097758
1659744003 3340452
1659744004 2603994
1659744005 3375882
1659744006 4157502
1659744007 2000304
1659744008 4416438
1659744009 1526538
1659744010 1940634
1659744011 2882424
1659744012 3129504
1659744013 4880400
1659744014 3662232
1659744015 3783738
1659744016 2346294
1659744017 3755292
1659744018 4141176
1659744019 4960734
1659744020 3632994
1659744021 3041532
1659744022 2518026
1659744023 2245416
1659744024 3748470
1659744025 1230504
1659744026 2334204
1659744027 4219998
1659744028 2899560
1659744029 2946738
1659744030 3444294
1659744031 3805698
1659744032 2876760
1659744033 3313050
1659744034 4186008
1659744035 4490952
1659744036 2489670
1659744037 3396522
1659744038 3129906
1659744039 4262844
1659744040 3415338
1659744041 3499080
1659744042 2852958
1659744043 4155714
1659744044 4761054
1659744045 2453508
1659744046 3003630
1659744047 3528126
1659744048 4468224
1659744049 4235622
1659744050 4028904
1659744051 3092346
1659744052 2969688
1659744053 2884944
1659744054 2219436
1659744055 2191698
1659744056 3572646
1659744057 3117030
1659744058 4732986
1659744059 2722386
1659744060 3353202
1659744061 3473364
1659744062 2059806
1659744063 4695648
1659744064 3612210
1659744065 1911378
1659744066 2996496
1659744067 2363322
1659744068 2704056
1659744069 3660666
1659744070 1675398
1659744071 3316740
1659744072 2816358
1659744073 4031700
1659744074 4742094
1659744075 3956766
1659744076 2431194
1659744077 3528126
1659744078 4564968
1659744079 3213888
1659744080 3052356
1659744081 1707750
1659744082 3121782
1659744083 3255666
1659744084 2496018
1659744085 4581090
1659744086 1746810
1659744087 3728928
1659744088 2941890
1659744089 3452484
1659744090 3354354
1659744091 2462310
1659744092 2431398
1659744093 4147128
1659744094 3760326
1659744095 3176340
1659744096 3269364
1659744097 3230574
1659744098 2860776
1659744099 3590382
1659744100 4425156
1659744101 2928654
1659744102 1395756
1659744103 4077366
1659744104 4072854
1659744105 3532566
1659744106 3765582
1659744107 2909934
1659744108 3214704
1659744109 2110626
1659744110 3835416
1659744111 3983868
1659744112 2560440
1659744113 1475742
1659744114 2724774
1659744115 2157336
1659744116 3867360
1659744117 3167094
1659744118 4994376
1659744119 4651758
1659744120 3562242
1659744121 3406266
1659744122 2814798
1659744123 2964570
1659744124 3625416
1659744125 2640666
1659744126 3922212
1659744127 3264852
1659744128 4022538
1659744129 3204936
1659744130 3016752
1659744131 2345400
1659744132 3805884
1659744133 4313292
1659744134 2460048
1659744135 2468442
1659744136 3841416
1659744137 2286696
1659744138 3680124
1659744139 3081624
1659744140 4300008
1659744141 3730260
1659744142 3163590
1659744143 2974032
1659744144 3481536
1659744145 1769034
1659744146 3535698
1659744147 3007254
1659744148 1295268
1659744149 1693494
1659744150 2812074
1659744151 3736308
1659744152 3998382
1659744153 2913660
1659744154 3564378
1659744155 3034014
1659744156 3158766
1659744157 2904624
1659744158 3471324
1659744159 4519812
1659744160 2904594
1659744161 4245534
1659744162 3491256
1659744163 3110232
1659744164 3804438
1659744165 2514294
1659744166 3692622
1659744167 4035840
1659744168 1338660
1659744169 3093408
1659744170 2773224
1659744171 2836602
1659744172 2618088
1659744173 4392852
1659744174 4347072
1659744175 2271948
1659744176 3846360
1659744177 2764362
1659744178 1943076
1659744179 2843712
1659744180 3182910
1659744181 3827382
1659744182 1934070
1659744183 2905812
1659744184 3828534
1659744185 3681744
1659744186 4198542
1659744187 2899758
1659744188 1796148
1659744189 3495204
1659744190 3379806
1659744191 2461830
1659744192 3196266
1659744193 3859440
1659744194 3548784
1659744195 3190692
1659744196 2493342
1659744197 3347178
1659744198 2426112
1659744199 3824856
1659744200 4493424
1659744201 2482710
1659744202 2841456
1659744203 4607382
1659744204 3917250
1659744205 5132340
1659744206 4109046
1659744207 2665488
1659744208 2795442
1659744209 3144432
1659744210 2317026
1659744211 4426812
1659744212 3217110
1659744213 2182218
1659744214 3660534
1659744215 3292212
1659744216 3462984
1659744217 3008562
1659744218 2737398
1659744219 2126058
1659744220 2708496
1659744221 2961150
1659744222 3446760
1659744223 3746196
1659744224 4119450
1659744225 2594442
1659744226 3751860
1659744227 2820888
1659744228 5087604
1659744229 3289302
1659744230 2082450
1659744231 3574170
1659744232 3607236
1659744233 3942360
1659744234 4839894
1659744235 3336414
1659744236 4078392
1659744237 2820132
1659744238 2691972
1659744239 2953782
1659744240 2586522
1659744241 2406060
1659744242 2953506
1659744243 4260558
1659744244 1812792
1659744245 2681634
1659744246 3691464
1659744247 3045006
1659744248 3774030
1659744249 3897924
1659744250 3826020
1659744251 3371952
1659744252 3575190
1659744253 1672848
1659744254 3500022
1659744255 2502402
1659744256 1898142
1659744257 2873460
1659744258 2686446
1659744259 1952868
1659744260 4095582
1659744261 2759754
1659744262 3359394
1659744263 3912234
1659744264 3672606
1659744265 4218168
1659744266 3775212
1659744267 2880762
1659744268 2554866
1659744269 3730440
1659744270 2345184
1659744271 2472138
1659744272 3836760
1659744273 2964474
1659744274 2837244
1659744275 3865770
1659744276 2430924
1659744277 2966130
1659744278 3424290
1659744279 1603692
1659744280 3931830
1659744281 3247872
1659744282 3822768
1659744283 1583634
1659744284 3403212
1659744285 3077178
1659744286 4597926
1659744287 1997724
1659744288 2816226
1659744289 4256154
1659744290 3356712
1659744291 3933492
1659744292 3316482
1659744293 4607136
1659744294 4024704
1659744295 2164836
1659744296 4981308
1659744297 3020526
1659744298 4746690
1659744299 3005316
1659744300 4550598
1659744301 3101700
1659744302 958956
1659744303 3423954
1659744304 3630672
1659744305 4222338
1659744306 3440166
1659744307 894306
1659744308 3556980
1659744309 4217064
1659744310 4003716
1659744311 4038390
1659744312 2815062
1659744313 3495108
1659744314 3236736
1659744315 3498936
1659744316 3051882
1659744317 2925048
1659744318 5001276
1659744319 3791130
1659744320 3946332
1659744321 3084396
1659744322 2076684
1659744323 3727158
1659744324 1109052
1659744325 1510848
1659744326 3194808
1659744327 3751602
1659744328 4495788
1659744329 2995812
1659744330 1979754
1659744331 4223688
1659744332 2458602
1659744333 3629628
1659744334 2548782
1659744335 4954416
1659744336 2918310
1659744337 4140684
1659744338 3462438
1659744339 3324666
1659744340 4297182
1659744341 2440380
1659744342 4110240
1659744343 2919288
1659744344 2206590
1659744345 4563678
1659744346 2459058
1659744347 2686542
1659744348 4061760
1659744349 3914538
1659744350 3379092
1659744351 3033354
1659744352 3378948
1659744353 3699786
1659744354 3287886
1659744355 2917914
1659744356 2494914
1659744357 2540484
1659744358 2954556
1659744359 3841596
1659744360 3456138
1659744361 2627118
1659744362 2927982
1659744363 3850320
1659744364 2435766
1659744365 4800822
1659744366 2267010
1659744367 3032820
1659744368 3449484
1659744369 2419278
1659744370 2742756
1659744371 2910264
1659744372 2717046
1659744373 2857560
1659744374 2062890
1659744375 4187106
1659744376 3173652
1659744377 3296760
1659744378 2683446
1659744379 1842078
1659744380 4344372
1659744381 3382458
1659744382 3311460
1659744383 3504672
1659744384 2311872
1659744385 2194350
1659744386 3752292
1659744387 3088446
1659744388 2467362
1659744389 2386362
1659744390 1979382
1659744391 3713934
1659744392 2049828
1659744393 3351978
1659744394 2181888
1659744395 2853876
1659744396 2581032
1659744397 2654274
1659744398 3337008
1659744399 4208166
1659744400 4065264
1659744401 2767332
1659744402 2070708
1659744403 2342274
1659744404 2590230
1659744405 3474084
1659744406 3768222
1659744407 3687480
1659744408 4100292
1659744409 4656042
1659744410 3376272
1659744411 3223962
1659744412 2971086
1659744413 2357088
1659744414 2165778
1659744415 4298994
1659744416 3024558
1659744417 4003530
1659744418 4188036
1659744419 5046420
1659744420 3200742
1659744421 3223002
1659744422 2678082
1659744423 2345172
1659744424 1884714
1659744425 3591792
1659744426 3565038
1659744427 1998528
1659744428 3762804
1659744429 1941342
1659744430 3187290
1659744431 3230586
1659744432 1782636
1659744433 3304590
1659744434 2838678
1659744435 3473934
1659744436 4436226
1659744437 3372612
1659744438 2683908
1659744439 2599080
1659744440 3673002
1659744441 2514060
1659744442 2940144
1659744443 2719302
1659744444 3759306
1659744445 3135882
1659744446 3899544
1659744447 2998374
1659744448 3170952
1659744449 3927636
1659744450 3364074
1659744451 1799652
1659744452 3095880
1659744453 1981560
1659744454 1702308
1659744455 3123270
1659744456 1845972
1659744457 2460126
1659744458 3096474
1659744459 2262798
1659744460 3038904
1659744461 2956632
1659744462 3239094
1659744463 3946242
1659744464 3326844
1659744465 3170556
1659744466 2667462
1659744467 3033426
1659744468 4006578
1659744469 3662280
1659744470 2469240
1659744471 3191238
1659744472 3297552
1659744473 3542790
1659744474 3554682
1659744475 3383574
1659744476 3039162
1659744477 2556240
1659744478 3461334
1659744479 4325202
1659744480 4183530
1659744481 2271840
1659744482 4752306
1659744483 4679130
1659744484 2350050
1659744485 4649316
1659744486 4206822
1659744487 3054438
1659744488 3291162
1659744489 2827278
1659744490 2750628
1659744491 3655758
1659744492 3575700
1659744493 3499794
1659744494 3833760
1659744495 2950512
1659744496 3878826
1659744497 3821400
1659744498 3276354
1659744499 1966152
1659744500 2764998
1659744501 2712996
1659744502 3174228
1659744503 3438900
1659744504 4507434
1659744505 2647248
1659744506 4612860
1659744507 3408510
1659744508 3678180
1659744509 4960950
1659744510 3530928
1659744511 3108498
1659744512 2047026
1659744513 2029530
1659744514 3320472
1659744515 1544364
1659744516 2729874
1659744517 3334374
1659744518 3166170
1659744519 1681776
1659744520 2559930
1659744521 1997400
1659744522 3420048
1659744523 4433058
1659744524 4891566
1659744525 4868310
1659744526 2921076
1659744527 2661822
1659744528 3781260
1659744529 3002244
1659744530 2939124
1659744531 2264952
1659744532 1333950
1659744533 3991764
1659744534 3694950
1659744535 3642642
1659744536 4538004
1659744537 4387260
1659744538 2502522
1659744539 3200694
1659744540 1966944
1659744541 2149716
1659744542 3150738
1659744543 3211146
1659744544 3237078
1659744545 3175554
1659744546 3567864
1659744547 3411348
1659744548 4036026
1659744549 2603310
1659744550 3532440
1659744551 1483572
1659744552 3103506
1659744553 2660814
1659744554 4290918
1659744555 4621158
1659744556 4347900
1659744557 2688762
1659744558 4235634
1659744559 3731166
1659744560 3853620
1659744561 2467824
1659744562 2630718
1659744563 4857480
1659744564 2140224
1659744565 3245556
1659744566 3134268
1659744567 3264792
1659744568 2938572
1659744569 2670738
1659744570 2878212
1659744571 3315798
1659744572 2426724
1659744573 3314250
1659744574 3143670
1659744575 3031128
1659744576 3961482
1659744577 3441576
1659744578 3150954
1659744579 2780496
1659744580 2786988
1659744581 3380100
1659744582 4039674
1659744583 2970054
1659744584 2043696
1659744585 2792484
1659744586 1961622
1659744587 3783132
1659744588 3500082
1659744589 4090134
1659744590 3970428
1659744591 2413176
1659744592 2700594
1659744593 4099878
1659744594 4084302
1659744595 1713912
1659744596 3146328
1659744597 2890998
1659744598 2893356
1659744599 4078452
1659744600 3404892
1659744601 1496394
1659744602 4575354
1659744603 2633934
1659744604 3628044
1659744605 3508968
1659744606 2404824
1659744607 3572388
1659744608 3292392
1659744609 3478554
1659744610 4332198
1659744611 3820272
1659744612 3975024
1659744613 5027784
1659744614 3052212
1659744615 2560182
1659744616 2119062
1659744617 3656976
1659744618 5009508
1659744619 3333702
1659744620 1053858
1659744621 2386842
1659744622 2099448
1659744623 2879100
1659744624 3931806
1659744625 4263708
1659744626 3887292
1659744627 4265760
1659744628 3498048
1659744629 2759754
1659744630 3495372
1659744631 2423280
1659744632 3580284
1659744633 3128280
1659744634 3720072
1659744635 3521034
1659744636 3165864
1659744637 4293696
1659744638 3306300
1659744639 3118224
1659744640 4148742
1659744641 3406854
1659744642 2219952
1659744643 3165642
1659744644 2735406
1659744645 3354138
1659744646 2767038
1659744647 3048888
1659744648 2384022
1659744649 3396384
1659744650 3354174
1659744651 2031804
1659744652 3911616
1659744653 3282288
1659744654 3945354
1659744655 1891104
1659744656 2341074
1659744657 1970694
1659744658 4909422
1659744659 2629632
1659744660 3039282
1659744661 2858520
1659744662 4035186
1659744663 3027588
1659744664 4686738
1659744665 3811836
1659744666 3499542
1659744667 3200790
1659744668 3782700
1659744669 4227948
1659744670 3408966
1659744671 3149472
1659744672 1142010
1659744673 3753708
1659744674 4215984
1659744675 3107232
1659744676 3977592
1659744677 1912284
1659744678 2821284
1659744679 2391450
1659744680 4303206
1659744681 4173786
1659744682 3278184
1659744683 4405578
1659744684 4187040
1659744685 1661088
1659744686 4290792
1659744687 1861344
1659744688 3117522
1659744689 3315258
1659744690 2852424
1659744691 2544792
1659744692 3885168
1659744693 3344754
1659744694 2499036
1659744695 3669816
1659744696 3704970
1659744697 3721896
1659744698 4174116
1659744699 4333122
1659744700 3494298
1659744701 4449054
1659744702 3584580
1659744703 2606826
1659744704 3737268
1659744705 3473952
1659744706 4050696
1659744707 4016628
1659744708 2936160
1659744709 3365544
1659744710 3390546
1659744711 4006884
1659744712 3478164
1659744713 3160578
1659744714 5008830
1659744715 4136196
1659744716 5063262
1659744717 2862114
1659744718 2693166
1659744719 3621444
1659744720 3708990
1659744721 4813494
1659744722 2350506
1659744723 2979942
1659744724 2370240
1659744725 2347116
1659744726 2413428
1659744727 2408886
1659744728 3800808
1659744729 1474602
1659744730 2763348
1659744731 2167512
1659744732 3074790
1659744733 4712412
1659744734 2780556
1659744735 4084176
1659744736 3171744
1659744737 3308298
1659744738 2507412
1659744739 2451570
1659744740 3812208
1659744741 4162500
1659744742 3812076
1659744743 4425864
1659744744 2742492
1659744745 2763006
1659744746 3866070
1659744747 3225912
1659744748 4592340
1659744749 1848444
1659744750 3042072
1659744751 3593340
1659744752 3222174
1659744753 4037178
1659744754 3245034
1659744755 2167422
1659744756 3719220
1659744757 4506942
1659744758 4174446
1659744759 2209656
1659744760 3907290
1659744761 3245256
1659744762 3687060
1659744763 3958848
1659744764 2925504
1659744765 3077964
1659744766 4839018
1659744767 2737062
1659744768 1051194
1659744769 3318672
1659744770 3009780
1659744771 3227922
1659744772 2672862
1659744773 3819108
1659744774 4261182
1659744775 2475018
1659744776 2505984
1659744777 2274810
1659744778 3058164
1659744779 4697592
1659744780 3432036
1659744781 2711604
1659744782 3890070
1659744783 3889860
1659744784 930612
1659744785 3962904
1659744786 1607352
1659744787 2639676
1659744788 2817306
1659744789 3419496
1659744790 2775162
1659744791 2637822
1659744792 2307762
1659744793 2868744
1659744794 3053754
1659744795 1456332
1659744796 2470500
1659744797 3515004
1659744798 4227942
1659744799 4146516
1659744800 3432978
1659744801 3966906
1659744802 2235402
1659744803 2467932
1659744804 2873112
1659744805 1827150
1659744806 3570144
1659744807 3728760
1659744808 1958832
1659744809 2550150
1659744810 2607456
1659744811 4125756
1659744812 4018578
1659744813 3052098
1659744814 3352860
1659744815 4283046
1659744816 3243666
1659744817 3047142
1659744818 3737370
1659744819 1934808
1659744820 5048196
1659744821 4325526
1659744822 4186146
1659744823 3334392
1659744824 3869346
1659744825 3385374
1659744826 910644
1659744827 2221758
1659744828 3578790
1659744829 3118902
1659744830 2312214
1659744831 3647424
1659744832 3665058
1659744833 2904294
1659744834 3816042
1659744835 2514450
1659744836 3951408
1659744837 4231680
1659744838 3608964
1659744839 4295694
1659744840 2967720
1659744841 3388032
1659744842 2864502
1659744843 3662004
1659744844 1725096
1659744845 3418986
1659744846 3209748
1659744847 2427084
1659744848 2789166
1659744849 2327544
1659744850 3879210
1659744851 3520854
1659744852 2637264
1659744853 3635502
1659744854 3645078
1659744855 3351216
1659744856 2943306
1659744857 3230538
1659744858 4000692
1659744859 3257754
1659744860 2112558
1659744861 4113726
1659744862 3229608
1659744863 3949050
1659744864 4863300
1659744865 3381786
1659744866 4045032
1659744867 3320022
1659744868 3321456
1659744869 3127860
1659744870 2743326
1659744871 2810154
1659744872 4445862
1659744873 4455456
1659744874 2524320
1659744875 3501474
1659744876 4187220
1659744877 3772764
1659744878 2092074
1659744879 2496216
1659744880 3910776
1659744881 3922350
1659744882 2601132
1659744883 1362630
1659744884 2773314
1659744885 2040972
1659744886 3435318
1659744887 3784632
1659744888 4420518
1659744889 3613818
1659744890 4543980
1659744891 3619422
1659744892 2883828
1659744893 3070284
1659744894 5018964
1659744895 4008888
1659744896 4209144
1659744897 3909402
1659744898 2118324
1659744899 4240512
1659744900 3206880
1659744901 4451208
1659744902 3138270
1659744903 2141700
1659744904 2874288
1659744905 1808628
1659744906 4708080
1659744907 2137104
1659744908 3278454
1659744909 4655340
1659744910 3524118
1659744911 4089018
1659744912 3654942
1659744913 3540834
1659744914 4152498
1659744915 3735258
1659744916 3708264
1659744917 3926382
1659744918 3872322
1659744919 2905092
1659744920 3432774
1659744921 4046322
1659744922 2190006
1659744923 3517290
1659744924 3780054
1659744925 3617088
1659744926 4300068
1659744927 3649494
1659744928 3542556
1659744929 4198644
1659744930 2748648
1659744931 3640752
1659744932 2744136
1659744933 3242244
1659744934 3562158
1659744935 3689034
1659744936 4614462
1659744937 2729520
1659744938 3201978
1659744939 4187370
1659744940 2397240
1659744941 3161412
1659744942 2760252
1659744943 3186660
1659744944 3387372
1659744945 1825014
1659744946 2792328
1659744947 2613750
1659744948 4927026
1659744949 3649782
1659744950 3033426
1659744951 4097382
1659744952 1869660
1659744953 3762990
1659744954 2032962
1659744955 3381720
1659744956 2991540
1659744957 908


# events lost
1659743823 512040
1659743824 5375670
1659743825 9473532
1659743826 10637034
1659743827 9301296
1659743828 10221822
1659743829 11054250
1659743830 9426024
1659743831 11913864
1659743832 10414908
1659743833 9817548
1659743834 9842964
1659743835 10169598
1659743836 11696454
1659743837 10885836
1659743838 10392258
1659743839 11877492
1659743840 11238606
1659743841 13319076
1659743842 11107746
1659743843 11113782
1659743844 11794002
1659743845 10436016
1659743846 10329678
1659743847 10086090
1659743848 11010888
1659743849 11454576
1659743850 8667708
1659743851 9866010
1659743852 11475084
1659743853 10773330
1659743854 9981582
1659743855 11351526
1659743856 11135142
1659743857 10241544
1659743858 11411370
1659743859 12083160
1659743860 8740236
1659743861 9932220
1659743862 12090516
1659743863 10963938
1659743864 10881696
1659743865 9394086
1659743866 10313658
1659743867 10689870
1659743868 11394552
1659743869 11796528
1659743870 10459626
1659743871 11778996
1659743872 9204558
1659743873 11063172
1659743874 11126106
1659743875 10598226
1659743876 12028722
1659743877 11794320
1659743878 10324998
1659743879 9609120
1659743880 9180468
1659743881 10897644
1659743882 10165734
1659743883 12679362
1659743884 10494720
1659743885 9152406
1659743886 11410266
1659743887 10477986
1659743888 11277480
1659743889 11913906
1659743890 11295090
1659743891 12010968
1659743892 10862304
1659743893 11190036
1659743894 10276134
1659743895 10874712
1659743896 11337708
1659743897 11833290
1659743898 10921134
1659743899 11454666
1659743900 9806622
1659743901 10805706
1659743902 10865598
1659743903 9527832
1659743904 10323792
1659743905 11356482
1659743906 11638956
1659743907 11277552
1659743908 11492676
1659743909 11267712
1659743910 12033516
1659743911 11300862
1659743912 11803020
1659743913 10443084
1659743914 10303986
1659743915 9048306
1659743916 10923678
1659743917 11681118
1659743918 10389060
1659743919 13823484
1659743920 10156014
1659743921 9653868
1659743922 12718092
1659743923 11828742
1659743924 9657234
1659743925 10704282
1659743926 11490402
1659743927 11928690
1659743928 10245192
1659743929 11433906
1659743930 10135836
1659743931 11840796
1659743932 10597638
1659743933 11274336
1659743934 11567520
1659743935 10486002
1659743936 11381160
1659743937 11178840
1659743938 10422756
1659743939 13378380
1659743940 11275440
1659743941 11310780
1659743942 11051574
1659743943 10011780
1659743944 10878198
1659743945 9197382
1659743946 11056530
1659743947 9997422
1659743948 11522976
1659743949 9591030
1659743950 10156332
1659743951 13312194
1659743952 10609626
1659743953 12468168
1659743954 11518698
1659743955 11864256
1659743956 10738962
1659743957 10400238
1659743958 9137976
1659743959 10643286
1659743960 9071376
1659743961 10813866
1659743962 10800498
1659743963 11136918
1659743964 11669646
1659743965 10791636
1659743966 12207768
1659743967 10195614
1659743968 12017706
1659743969 10940652
1659743970 11087892
1659743971 10773102
1659743972 11077260
1659743973 12048102
1659743974 9795642
1659743975 10210944
1659743976 9654246
1659743977 9378810
1659743978 11464380
1659743979 11705460
1659743980 10612680
1659743981 9915696
1659743982 11025984
1659743983 11908818
1659743984 10277652
1659743985 10157964
1659743986 11208924
1659743987 11718810
1659743988 10368786
1659743989 11320002
1659743990 9952962
1659743991 11602038
1659743992 9599718
1659743993 10865928
1659743994 12330894
1659743995 9672162
1659743996 10189194
1659743997 9755802
1659743998 11072928
1659743999 12655344
1659744000 9699786
1659744001 10384440
1659744002 9868488
1659744003 11237538
1659744004 11168082
1659744005 10957878
1659744006 10026798
1659744007 11713146
1659744008 10350960
1659744009 12888648
1659744010 12657720
1659744011 11146140
1659744012 10228734
1659744013 9772266
1659744014 10815366
1659744015 10131384
1659744016 11572266
1659744017 8664246
1659744018 10013130
1659744019 9556974
1659744020 10985502
1659744021 11128758
1659744022 10917144
1659744023 12047118
1659744024 10204314
1659744025 13615092
1659744026 11293830
1659744027 8719230
1659744028 10832394
1659744029 11664522
1659744030 10750812
1659744031 10786602
1659744032 10200732
1659744033 10849074
1659744034 9792006
1659744035 10597728
1659744036 11928606
1659744037 9391056
1659744038 10539804
1659744039 9593718
1659744040 10441890
1659744041 10831224
1659744042 10642788
1659744043 10334676
1659744044 8982606
1659744045 12453810
1659744046 11467890
1659744047 9193194
1659744048 9602358
1659744049 10375674
1659744050 10752240
1659744051 11601012
1659744052 10669440
1659744053 11039862
1659744054 12233142
1659744055 11713938
1659744056 9902382
1659744057 10073742
1659744058 9989250
1659744059 11433408
1659744060 10779438
1659744061 10810224
1659744062 10960362
1659744063 9467298
1659744064 10699752
1659744065 12701682
1659744066 11259984
1659744067 10706550
1659744068 11362902
1659744069 10793262
1659744070 12613692
1659744071 11184384
1659744072 10197336
1659744073 10040178
1659744074 9832812
1659744075 10658244
1659744076 11431128
1659744077 9095760
1659744078 9384990
1659744079 11004600
1659744080 11517258
1659744081 12187014
1659744082 9326292
1659744083 10676832
1659744084 11986428
1659744085 10262520
1659744086 12143604
1659744087 9390666
1659744088 10933536
1659744089 11237364
1659744090 10878558
1659744091 11743554
1659744092 10395822
1659744093 10395978
1659744094 10653186
1659744095 11143146
1659744096 10478700
1659744097 9973362
1659744098 11206152
1659744099 10884102
1659744100 9926736
1659744101 11285442
1659744102 11862678
1659744103 10113666
1659744104 9974592
1659744105 10319514
1659744106 10005720
1659744107 9909228
1659744108 10996908
1659744109 12376962
1659744110 10506390
1659744111 9629898
1659744112 9567768
1659744113 13183590
1659744114 12148020
1659744115 11818212
1659744116 9776292
1659744117 9145146
1659744118 9290028
1659744119 10042104
1659744120 10701780
1659744121 10368756
1659744122 10431480
1659744123 11081778
1659744124 10043172
1659744125 11693274
1659744126 9838830
1659744127 9399990
1659744128 9738138
1659744129 10817532
1659744130 11649726
1659744131 11638290
1659744132 9499074
1659744133 9742326
1659744134 11786436
1659744135 11963550
1659744136 10214424
1659744137 11179350
1659744138 10505874
1659744139 11122116
1659744140 10296396
1659744141 10712316
1659744142 10521618
1659744143 11018958
1659744144 10521396
1659744145 12456174
1659744146 10722444
1659744147 9882762
1659744148 13029816
1659744149 12599904
1659744150 11030196
1659744151 11001408
1659744152 9571410
1659744153 11076576
1659744154 10323714
1659744155 11046816
1659744156 10661682
1659744157 9697800
1659744158 10953594
1659744159 9648156
1659744160 11268276
1659744161 9671712
1659744162 9974688
1659744163 10974108
1659744164 10358268
1659744165 11343612
1659744166 10125582
1659744167 8786706
1659744168 13032300
1659744169 11519382
1659744170 11191080
1659744171 11624244
1659744172 10584222
1659744173 10273806
1659744174 9714966
1659744175 12144984
1659744176 9807228
1659744177 10414446
1659744178 12227538
1659744179 11726262
1659744180 10849566
1659744181 10126446
1659744182 11776134
1659744183 11148750
1659744184 9856524
1659744185 9847302
1659744186 9252030
1659744187 8714262
1659744188 12002016
1659744189 11050644
1659744190 10660524
1659744191 11495754
1659744192 9896940
1659744193 10604094
1659744194 10973682
1659744195 10140108
1659744196 11699064
1659744197 9306018
1659744198 11702730
1659744199 10125402
1659744200 8967024
1659744201 11252724
1659744202 10122144
1659744203 9858594
1659744204 10746852
1659744205 9360138
1659744206 9993036
1659744207 10910826
1659744208 10622106
1659744209 11491590
1659744210 11633436
1659744211 9303000
1659744212 10103418
1659744213 11996418
1659744214 10351530
1659744215 10324542
1659744216 9956400
1659744217 10462560
1659744218 11566140
1659744219 12113424
1659744220 10917552
1659744221 10685004
1659744222 9324726
1659744223 10931970
1659744224 10372572
1659744225 11934882
1659744226 10141650
1659744227 9586098
1659744228 9296616
1659744229 10476864
1659744230 11957334
1659744231 10828776
1659744232 9617850
1659744233 10023018
1659744234 9300774
1659744235 10782024
1659744236 10061910
1659744237 9721734
1659744238 11268960
1659744239 10936482
1659744240 11446200
1659744241 11472918
1659744242 10388106
1659744243 9480636
1659744244 12552210
1659744245 11621010
1659744246 10551426
1659744247 10128402
1659744248 10055778
1659744249 10362534
1659744250 10268874
1659744251 10826952
1659744252 9940608
1659744253 11892384
1659744254 10714458
1659744255 11862018
1659744256 11941410
1659744257 10500732
1659744258 11347254
1659744259 12532380
1659744260 9900684
1659744261 11313234
1659744262 9257802
1659744263 10414392
1659744264 11005026
1659744265 10138236
1659744266 10075674
1659744267 9819840
1659744268 11761224
1659744269 10858032
1659744270 12070548
1659744271 11486010
1659744272 9450846
1659744273 10891104
1659744274 10776390
1659744275 10050384
1659744276 11477202
1659744277 9876522
1659744278 10400472
1659744279 12667158
1659744280 10442550
1659744281 10828236
1659744282 9736080
1659744283 12119208
1659744284 11267808
1659744285 11474508
1659744286 9006588
1659744287 11202372
1659744288 11010750
1659744289 10273998
1659744290 11044338
1659744291 10396602
1659744292 9317148
1659744293 9502458
1659744294 9553200
1659744295 11885970
1659744296 9257154
1659744297 10383714
1659744298 9992730
1659744299 11672490
1659744300 9795060
1659744301 10567482
1659744302 12302976
1659744303 10575090
1659744304 10731846
1659744305 10347630
1659744306 10972308
1659744307 12642072
1659744308 10458666
1659744309 9972588
1659744310 9837492
1659744311 9851844
1659744312 10005330
1659744313 11006736
1659744314 10979352
1659744315 10412922
1659744316 11282340
1659744317 10150410
1659744318 9486144
1659744319 10343556
1659744320 10084602
1659744321 11009514
1659744322 9924756
1659744323 10850382
1659744324 13391712
1659744325 13218114
1659744326 10580520
1659744327 9581250
1659744328 9706248
1659744329 11276868
1659744330 12434688
1659744331 10169382
1659744332 10433814
1659744333 10329516
1659744334 11444700
1659744335 9381078
1659744336 11290554
1659744337 8221374
1659744338 11353962
1659744339 10564356
1659744340 10674306
1659744341 11548182
1659744342 9237894
1659744343 11245980
1659744344 11886822
1659744345 9854268
1659744346 11187960
1659744347 10099638
1659744348 9563352
1659744349 9606642
1659744350 10482924
1659744351 11579754
1659744352 10242690
1659744353 10505802
1659744354 11124570
1659744355 11399094
1659744356 11443770
1659744357 10374162
1659744358 10758408
1659744359 10577874
1659744360 10454874
1659744361 11341518
1659744362 10300776
1659744363 10782054
1659744364 12274170
1659744365 10069098
1659744366 11858220
1659744367 9820140
1659744368 10201560
1659744369 12525132
1659744370 12250302
1659744371 11107446
1659744372 10607520
1659744373 11193144
1659744374 11936460
1659744375 10241448
1659744376 10844598
1659744377 10268346
1659744378 11810010
1659744379 13108122
1659744380 9691416
1659744381 10636164
1659744382 10007352
1659744383 10448544
1659744384 11736804
1659744385 11468514
1659744386 10101540
1659744387 9561174
1659744388 12049284
1659744389 12008886
1659744390 12240900
1659744391 10370496
1659744392 10374918
1659744393 10128492
1659744394 11648760
1659744395 10786182
1659744396 11717496
1659744397 11197638
1659744398 10918278
1659744399 10034010
1659744400 10298856
1659744401 11793180
1659744402 10837626
1659744403 12298884
1659744404 11153352
1659744405 10186314
1659744406 10310358
1659744407 8983482
1659744408 10438572
1659744409 10142892
1659744410 10582254
1659744411 10930842
1659744412 10535952
1659744413 11480178
1659744414 11938578
1659744415 9805686
1659744416 10998846
1659744417 9468012
1659744418 10374840
1659744419 8871768
1659744420 10857876
1659744421 10226856
1659744422 11144286
1659744423 12299040
1659744424 12699336
1659744425 10884078
1659744426 10291182
1659744427 11906418
1659744428 10996704
1659744429 11967918
1659744430 10908150
1659744431 10454484
1659744432 12053202
1659744433 10148334
1659744434 11234364
1659744435 11161890
1659744436 9907032
1659744437 9639474
1659744438 10809756
1659744439 11685180
1659744440 10679898
1659744441 12015354
1659744442 9603228
1659744443 11435256
1659744444 9594450
1659744445 10909878
1659744446 10261398
1659744447 9389112
1659744448 10165716
1659744449 10589904
1659744450 10649148
1659744451 12444186
1659744452 9490404
1659744453 11947128
1659744454 12698442
1659744455 11556834
1659744456 12964422
1659744457 9954834
1659744458 10826826
1659744459 11718918
1659744460 11078256
1659744461 11421786
1659744462 8801466
1659744463 9940566
1659744464 10188582
1659744465 10961142
1659744466 11734386
1659744467 9760836
1659744468 9848616
1659744469 10896558
1659744470 11499456
1659744471 11224158
1659744472 9784362
1659744473 10673868
1659744474 10296144
1659744475 10835964
1659744476 10996218
1659744477 10045740
1659744478 10838670
1659744479 10246110
1659744480 9976368
1659744481 11777880
1659744482 8312946
1659744483 9402618
1659744484 12256590
1659744485 9265602
1659744486 10039944
1659744487 10000788
1659744488 10947642
1659744489 11230674
1659744490 11336556
1659744491 10091208
1659744492 9352296
1659744493 10201998
1659744494 10976526
1659744495 11415498
1659744496 10244796
1659744497 9626292
1659744498 10572618
1659744499 12051390
1659744500 10463874
1659744501 10899702
1659744502 9462054
1659744503 10283226
1659744504 10120014
1659744505 11156922
1659744506 9283770
1659744507 10037340
1659744508 10744716
1659744509 8797152
1659744510 9769902
1659744511 11324004
1659744512 11710518
1659744513 12074016
1659744514 10970886
1659744515 12344580
1659744516 11262492
1659744517 9509502
1659744518 11076948
1659744519 12487038
1659744520 11014380
1659744521 12287826
1659744522 9398262
1659744523 9884196
1659744524 9974538
1659744525 9792858
1659744526 10914408
1659744527 9998232
1659744528 10251120
1659744529 11041566
1659744530 11236896
1659744531 11083476
1659744532 11136768
1659744533 10284138
1659744534 10384584
1659744535 10290516
1659744536 9625284
1659744537 9145050
1659744538 12169122
1659744539 10926030
1659744540 11979342
1659744541 12379326
1659744542 9948612
1659744543 10687992
1659744544 10546974
1659744545 10809510
1659744546 10865166
1659744547 9561600
1659744548 9874794
1659744549 11585436
1659744550 10453992
1659744551 12786792
1659744552 9946326
1659744553 11322648
1659744554 9995322
1659744555 9548256
1659744556 9934098
1659744557 10469202
1659744558 9875610
1659744559 10091718
1659744560 10569510
1659744561 11514720
1659744562 11078754
1659744563 9560514
1659744564 11870826
1659744565 11471382
1659744566 10923438
1659744567 9777180
1659744568 10833018
1659744569 11009472
1659744570 11205408
1659744571 10991826
1659744572 11161914
1659744573 10854252
1659744574 10584768
1659744575 11067150
1659744576 10751646
1659744577 9918228
1659744578 11106360
1659744579 11050614
1659744580 10948530
1659744581 10794258
1659744582 9480168
1659744583 11550402
1659744584 12232302
1659744585 11705544
1659744586 12434496
1659744587 9625674
1659744588 10717668
1659744589 10279428
1659744590 10622934
1659744591 11396364
1659744592 11223450
1659744593 9859398
1659744594 9689880
1659744595 12441084
1659744596 10932456
1659744597 10194138
1659744598 10760844
1659744599 10843470
1659744600 11220834
1659744601 13091508
1659744602 9020556
1659744603 11852370
1659744604 10276680
1659744605 10422978
1659744606 11231292
1659744607 9475206
1659744608 11339118
1659744609 10519482
1659744610 9567738
1659744611 10387344
1659744612 8689794
1659744613 9323346
1659744614 11433210
1659744615 11416896
1659744616 11581356
1659744617 10077420
1659744618 9331704
1659744619 10508802
1659744620 13440162
1659744621 11703282
1659744622 11027532
1659744623 11087412
1659744624 9945420
1659744625 9666576
1659744626 10351710
1659744627 9073404
1659744628 10766454
1659744629 11799396
1659744630 10864890
1659744631 11488890
1659744632 9506520
1659744633 10794912
1659744634 11404314
1659744635 10711470
1659744636 10532850
1659744637 7889724
1659744638 10972122
1659744639 11306196
1659744640 9586344
1659744641 10873416
1659744642 10881072
1659744643 10697538
1659744644 10952748
1659744645 10623078
1659744646 10515324
1659744647 9804444
1659744648 12029868
1659744649 11216472
1659744650 11319318
1659744651 12019260
1659744652 9109758
1659744653 10490838
1659744654 10435674
1659744655 12575028
1659744656 11536992
1659744657 11222778
1659744658 9669504
1659744659 12190446
1659744660 11083614
1659744661 10986798
1659744662 9192510
1659744663 11288862
1659744664 9436524
1659744665 10376970
1659744666 10863552
1659744667 9905502
1659744668 10473474
1659744669 9952968
1659744670 10896132
1659744671 10984986
1659744672 11778336
1659744673 10308006
1659744674 9882564
1659744675 11495424
1659744676 9757302
1659744677 11479476
1659744678 11651526
1659744679 11607768
1659744680 9479766
1659744681 9643878
1659744682 9927540
1659744683 10248564
1659744684 10582146
1659744685 12274470
1659744686 10033512
1659744687 11499504
1659744688 10899966
1659744689 10661214
1659744690 11297976
1659744691 11393622
1659744692 9465738
1659744693 10911426
1659744694 11963802
1659744695 10294704
1659744696 10004682
1659744697 9203802
1659744698 10311720
1659744699 9850104
1659744700 11021874
1659744701 9673488
1659744702 9312984
1659744703 11455074
1659744704 10895742
1659744705 10853436
1659744706 9495894
1659744707 8787840
1659744708 11078982
1659744709 10628670
1659744710 11204418
1659744711 9553320
1659744712 9793656
1659744713 10990230
1659744714 9542508
1659744715 10353690
1659744716 9323370
1659744717 10417182
1659744718 11342778
1659744719 10205730
1659744720 10645752
1659744721 9371382
1659744722 11631264
1659744723 11670594
1659744724 11582334
1659744725 12298128
1659744726 11848962
1659744727 10916916
1659744728 10510944
1659744729 13252272
1659744730 11617002
1659744731 11647236
1659744732 9662784
1659744733 9040290
1659744734 11951322
1659744735 9843930
1659744736 10844100
1659744737 10059498
1659744738 11886180
1659744739 11777190
1659744740 10344792
1659744741 9600270
1659744742 10052010
1659744743 10514868
1659744744 11381292
1659744745 10984416
1659744746 10080678
1659744747 9743568
1659744748 9483126
1659744749 12533946
1659744750 11513370
1659744751 10727592
1659744752 9838524
1659744753 10293912
1659744754 10268130
1659744755 11529840
1659744756 9730116
1659744757 8446374
1659744758 10289634
1659744759 12053700
1659744760 10652994
1659744761 10453968
1659744762 9793134
1659744763 10236060
1659744764 10909380
1659744765 11003142
1659744766 9010962
1659744767 10020192
1659744768 12090594
1659744769 10870926
1659744770 11564400
1659744771 11381550
1659744772 10531212
1659744773 10671048
1659744774 9760626
1659744775 11354022
1659744776 11380614
1659744777 10461048
1659744778 11505006
1659744779 9764070
1659744780 10835532
1659744781 11681430
1659744782 8896038
1659744783 10261554
1659744784 13738734
1659744785 10077474
1659744786 11904630
1659744787 9995658
1659744788 12238272
1659744789 10922418
1659744790 11315034
1659744791 11547594
1659744792 10284648
1659744793 10841514
1659744794 10937526
1659744795 13084710
1659744796 11220894
1659744797 9310926
1659744798 10195218
1659744799 10180284
1659744800 10508490
1659744801 9709032
1659744802 11079150
1659744803 11401530
1659744804 11215848
1659744805 12503034
1659744806 10838622
1659744807 9189462
1659744808 11881842
1659744809 11417610
1659744810 11104164
1659744811 10396032
1659744812 8527308
1659744813 10604646
1659744814 11109630
1659744815 9784800
1659744816 10583682
1659744817 9760320
1659744818 10753866
1659744819 12409428
1659744820 9195948
1659744821 10079034
1659744822 9402216
1659744823 10017924
1659744824 10194480
1659744825 10700916
1659744826 13287924
1659744827 11038914
1659744828 10313538
1659744829 11525412
1659744830 11778372
1659744831 10360302
1659744832 9238692
1659744833 10984200
1659744834 10996638
1659744835 11764080
1659744836 10331676
1659744837 8553342
1659744838 10006524
1659744839 9760326
1659744840 11155272
1659744841 10956462
1659744842 9598656
1659744843 10436598
1659744844 12308736
1659744845 10746582
1659744846 11805000
1659744847 10280340
1659744848 11427972
1659744849 11756880
1659744850 9928050
1659744851 10179762
1659744852 9805314
1659744853 10875198
1659744854 10745454
1659744855 10543236
1659744856 10847964
1659744857 10442988
1659744858 9883650
1659744859 10924254
1659744860 11638860
1659744861 9598794
1659744862 9533130
1659744863 10141098
1659744864 9841680
1659744865 10499646
1659744866 9989484
1659744867 9671508
1659744868 10218300
1659744869 10746780
1659744870 11139168
1659744871 11228778
1659744872 8908638
1659744873 9890112
1659744874 11898366
1659744875 11004096
1659744876 9933408
1659744877 9952038
1659744878 12457038
1659744879 11149452
1659744880 10346088
1659744881 10256982
1659744882 10871046
1659744883 13157388
1659744884 11026908
1659744885 12202218
1659744886 10381182
1659744887 9670500
1659744888 9896916
1659744889 10888326
1659744890 9982548
1659744891 10690800
1659744892 10436364
1659744893 11047752
1659744894 9854592
1659744895 10300998
1659744896 9802524
1659744897 9209382
1659744898 12220566
1659744899 10099494
1659744900 10773330
1659744901 9143100
1659744902 9922020
1659744903 12076830
1659744904 11850234
1659744905 12468096
1659744906 9834444
1659744907 10890636
1659744908 10932228
1659744909 9491826
1659744910 10132536
1659744911 9852888
1659744912 9374436
1659744913 10589574
1659744914 10104210
1659744915 10921386
1659744916 10352016
1659744917 9802632
1659744918 10174566
1659744919 10633812
1659744920 10623870
1659744921 10040382
1659744922 10470342
1659744923 11116716
1659744924 10695552
1659744925 10347642
1659744926 9808122
1659744927 9746256
1659744928 10359582
1659744929 9918330
1659744930 11655138
1659744931 9530922
1659744932 10875888
1659744933 10918800
1659744934 10824978
1659744935 10401282
1659744936 9861912
1659744937 10394664
1659744938 10816830
1659744939 10230660
1659744940 11693490
1659744941 11223276
1659744942 9986700
1659744943 11332938
1659744944 11230980
1659744945 12836670
1659744946 11024718
1659744947 10911702
1659744948 9407760
1659744949 10774140
1659744950 11213436
1659744951 10439256
1659744952 11188458
1659744953 10345218
1659744954 12855648
1659744955 11474538
1659744956 9525750
1659744957 392
