# events called
1659637175 8316
1659637176 3550210
1659637177 8578
1659637178 11185318
1659637179 15964406
1659637180 20300668
1659637181 16372210
1659637182 15913292
1659637183 18232154
1659637184 17516966
1659637185 18406778
1659637186 15604052
1659637187 16324228
1659637188 17324564
1659637189 17380248
1659637190 17862894
1659637191 16052126
1659637192 15413938
1659637193 16991204
1659637194 16026646
1659637195 17805828
1659637196 15738870
1659637197 16694742
1659637198 16781964
1659637199 17083488
1659637200 16992932
1659637201 17321656
1659637202 15994546
1659637203 16269502
1659637204 17791494
1659637205 15568272
1659637206 18406106
1659637207 18511228
1659637208 16410146
1659637209 16922468
1659637210 16117250
1659637211 16918444
1659637212 15613344
1659637213 19599490
1659637214 16912530
1659637215 15823746
1659637216 15502362
1659637217 16023818
1659637218 16651226
1659637219 16613486
1659637220 17009770
1659637221 17237534
1659637222 17202870
1659637223 15460914
1659637224 17451274
1659637225 16973140
1659637226 17015246
1659637227 16017328
1659637228 16680728
1659637229 17113202
1659637230 16561948
1659637231 16581016
1659637232 16692954
1659637233 16983812
1659637234 17486610
1659637235 18118214
1659637236 18096930
1659637237 17569654
1659637238 17277450
1659637239 19548602
1659637240 17211816
1659637241 15807500
1659637242 17304266
1659637243 18690358
1659637244 16643778
1659637245 15471616
1659637246 19714166
1659637247 17362044
1659637248 17157410
1659637249 15437860
1659637250 17206048
1659637251 18254560
1659637252 15469880
1659637253 17528072
1659637254 16140510
1659637255 18350438
1659637256 16501658
1659637257 16206014
1659637258 17065972
1659637259 16506130
1659637260 16344394
1659637261 17959682
1659637262 15376994
1659637263 16920730
1659637264 17136418
1659637265 17216512
1659637266 17330550
1659637267 18527990
1659637268 16168130
1659637269 20475510
1659637270 15893208
1659637271 15374168
1659637272 17513236
1659637273 16460404
1659637274 17544020
1659637275 20449630
1659637276 15879120
1659637277 14868216
1659637278 17887648
1659637279 15503664
1659637280 17947436
1659637281 16282222
1659637282 16940596
1659637283 16172468
1659637284 17939840
1659637285 16025628
1659637286 17646226
1659637287 14763950
1659637288 16209126
1659637289 17830252
1659637290 16818158
1659637291 17358870
1659637292 17667218
1659637293 18701962
1659637294 15633302
1659637295 18341140
1659637296 16724318
1659637297 18721578
1659637298 16770168
1659637299 17030756
1659637300 15623596
1659637301 20389558
1659637302 14582930
1659637303 15560078
1659637304 16798764
1659637305 18712836
1659637306 17462066
1659637307 14234952
1659637308 17310466
1659637309 16569356
1659637310 17182180
1659637311 17828792
1659637312 15947010
1659637313 18013924
1659637314 15165970
1659637315 18478440
1659637316 15412094
1659637317 17828818
1659637318 16076370
1659637319 17611448
1659637320 15309112
1659637321 17563456
1659637322 16004130
1659637323 17971902
1659637324 17015558
1659637325 15191762
1659637326 18852424
1659637327 17808408
1659637328 17046500
1659637329 17680404
1659637330 15039258
1659637331 17304554
1659637332 18082456
1659637333 15772726
1659637334 17671662
1659637335 15583276
1659637336 18364696
1659637337 16005324
1659637338 18576214
1659637339 16955838
1659637340 15835730
1659637341 18934312
1659637342 16292992
1659637343 18321172
1659637344 16307638
1659637345 15429298
1659637346 15314182
1659637347 16995800
1659637348 16634728
1659637349 16665474
1659637350 16933560
1659637351 16749926
1659637352 17177708
1659637353 16582418
1659637354 17136536
1659637355 17172474
1659637356 18140226
1659637357 15387294
1659637358 20370368
1659637359 16135184
1659637360 15881640
1659637361 17393530
1659637362 17793004
1659637363 17255366
1659637364 16379086
1659637365 17941436
1659637366 15896636
1659637367 15483908
1659637368 17049386
1659637369 18211892
1659637370 14817168
1659637371 18378450
1659637372 15378168
1659637373 18876996
1659637374 15927338
1659637375 16534118
1659637376 17628132
1659637377 16598142
1659637378 16987996
1659637379 18754128
1659637380 14967652
1659637381 17818872
1659637382 16021654
1659637383 18074024
1659637384 15822262
1659637385 16848622
1659637386 16621226
1659637387 20174228
1659637388 17240138
1659637389 16484176
1659637390 16283676
1659637391 17625052
1659637392 16428878
1659637393 19272386
1659637394 17853494
1659637395 17333288
1659637396 17361478
1659637397 15703738
1659637398 18140010
1659637399 15367434
1659637400 16932176
1659637401 15467010
1659637402 17602626
1659637403 15797232
1659637404 17145578
1659637405 16444208
1659637406 17006246
1659637407 16989256
1659637408 17113254
1659637409 16829362
1659637410 16753638
1659637411 16793614
1659637412 17146114
1659637413 17185196
1659637414 17151888
1659637415 15912194
1659637416 16434868
1659637417 18471736
1659637418 17587978
1659637419 16570934
1659637420 17045158
1659637421 19497978
1659637422 15948930
1659637423 17976688
1659637424 16577586
1659637425 17008006
1659637426 16631820
1659637427 17352890
1659637428 16361150
1659637429 17610726
1659637430 15401622
1659637431 17946812
1659637432 16822858
1659637433 16810444
1659637434 16874338
1659637435 16406044
1659637436 16303168
1659637437 17292090
1659637438 17359784
1659637439 16327168
1659637440 17177262
1659637441 18020326
1659637442 16814354
1659637443 18791750
1659637444 17391322
1659637445 16930616
1659637446 16617524
1659637447 18687616
1659637448 15768482
1659637449 16449250
1659637450 17706016
1659637451 15477114
1659637452 18781190
1659637453 16622954
1659637454 16545352
1659637455 17048598
1659637456 18328650
1659637457 18293160
1659637458 17809850
1659637459 15686506
1659637460 16034598
1659637461 16526074
1659637462 17071224
1659637463 16212464
1659637464 17441860
1659637465 15751618
1659637466 17024148
1659637467 16550632
1659637468 17555680
1659637469 17480336
1659637470 16453612
1659637471 17918346
1659637472 15542764
1659637473 17939306
1659637474 17016998
1659637475 16203376
1659637476 16831474
1659637477 17806904
1659637478 15943206
1659637479 18524134
1659637480 18070012
1659637481 15551674
1659637482 18223622
1659637483 16248328
1659637484 18070296
1659637485 16807422
1659637486 15589388
1659637487 18179094
1659637488 16044830
1659637489 17717586
1659637490 15044280
1659637491 18488192
1659637492 16637046
1659637493 17489032
1659637494 17813230
1659637495 15497270
1659637496 18515032
1659637497 15712266
1659637498 18492724
1659637499 15575562
1659637500 17585386
1659637501 15588370
1659637502 18239496
1659637503 16624686
1659637504 17532992
1659637505 15446330
1659637506 17710478
1659637507 17363970
1659637508 15143374
1659637509 20109080
1659637510 17091612
1659637511 15137866
1659637512 19377398
1659637513 15499694
1659637514 16897012
1659637515 16937080
1659637516 17790908
1659637517 16630478
1659637518 16857596
1659637519 16435642
1659637520 16163212
1659637521 16710526
1659637522 18436622
1659637523 17141954
1659637524 17140366
1659637525 15989172
1659637526 16526348
1659637527 16684954
1659637528 17211558
1659637529 16667766
1659637530 15568212
1659637531 17736718
1659637532 16785450
1659637533 17369374
1659637534 17418024
1659637535 16415108
1659637536 15551180
1659637537 19985386
1659637538 15893134
1659637539 17360114
1659637540 17168050
1659637541 16318984
1659637542 20292328
1659637543 19658062
1659637544 16084554
1659637545 15807562
1659637546 19738878
1659637547 16798334
1659637548 15948046
1659637549 17774508
1659637550 15761648
1659637551 17244600
1659637552 16575830
1659637553 17689570
1659637554 16245886
1659637555 16732698
1659637556 16369732
1659637557 17000606
1659637558 16597790
1659637559 17513132
1659637560 15927080
1659637561 16856014
1659637562 16527038
1659637563 17154582
1659637564 16424308
1659637565 16499950
1659637566 16526012
1659637567 20291768
1659637568 15177672
1659637569 15798690
1659637570 18373202
1659637571 14896368
1659637572 17596208
1659637573 19374214
1659637574 14745842
1659637575 16663498
1659637576 16568978
1659637577 15009064
1659637578 17067426
1659637579 20377408
1659637580 14387756
1659637581 17204536
1659637582 16565482
1659637583 16709150
1659637584 16856732
1659637585 16548650
1659637586 17097126
1659637587 16806772
1659637588 17560634
1659637589 15892464
1659637590 17697986
1659637591 16114164
1659637592 18493674
1659637593 19116482
1659637594 16639696
1659637595 18089326
1659637596 19453418
1659637597 16617280
1659637598 18585468
1659637599 17703232
1659637600 17240928
1659637601 15672118
1659637602 18256954
1659637603 17167986
1659637604 16461368
1659637605 17015094
1659637606 20275366
1659637607 16353530
1659637608 15228824
1659637609 15965618
1659637610 16850972
1659637611 16601892
1659637612 18277390
1659637613 15320680
1659637614 17870934
1659637615 15034324
1659637616 17730696
1659637617 16249412
1659637618 18607738
1659637619 15245732
1659637620 17434570
1659637621 15825558
1659637622 18400764
1659637623 16617322
1659637624 17908258
1659637625 15385286
1659637626 17887012
1659637627 17642674
1659637628 17147318
1659637629 15925300
1659637630 17480662
1659637631 15421992
1659637632 17913340
1659637633 14659520
1659637634 18356946
1659637635 14918022
1659637636 18370368
1659637637 15175924
1659637638 17650368
1659637639 16552058
1659637640 16957774
1659637641 17530982
1659637642 16217932
1659637643 17670468
1659637644 16650920
1659637645 16670808
1659637646 15893658
1659637647 17700362
1659637648 16164732
1659637649 17544302
1659637650 14483116
1659637651 18052526
1659637652 15696972
1659637653 17644672
1659637654 17341388
1659637655 15611334
1659637656 18216576
1659637657 18610482
1659637658 16083078
1659637659 16099646
1659637660 17321656
1659637661 17298442
1659637662 15554684
1659637663 16836082
1659637664 17201708
1659637665 17524498
1659637666 16129964
1659637667 17065188
1659637668 17991340
1659637669 16584468
1659637670 15066540
1659637671 16820012
1659637672 17890446
1659637673 16350418
1659637674 17124296
1659637675 15899174
1659637676 16375738
1659637677 16836946
1659637678 17609854
1659637679 18910272
1659637680 15401252
1659637681 17502092
1659637682 16471970
1659637683 17978568
1659637684 17149328
1659637685 16600988
1659637686 19214206
1659637687 14995282
1659637688 18289136
1659637689 16634400
1659637690 17134526
1659637691 16385834
1659637692 17413702
1659637693 16680118
1659637694 18296700
1659637695 15110114
1659637696 17972930
1659637697 17561488
1659637698 15965784
1659637699 17926818
1659637700 15314234
1659637701 18433926
1659637702 15056596
1659637703 17671710
1659637704 16104160
1659637705 17260750
1659637706 15607232
1659637707 17650776
1659637708 16047578
1659637709 17510858
1659637710 15031818
1659637711 17650032
1659637712 16089306
1659637713 17505150
1659637714 17651200
1659637715 15442954
1659637716 17419598
1659637717 17545886
1659637718 18495862
1659637719 16950316
1659637720 14997720
1659637721 18064606
1659637722 17325490
1659637723 15852298
1659637724 15999630
1659637725 17113846
1659637726 15983140
1659637727 17739078
1659637728 15720596
1659637729 19341094
1659637730 16712888
1659637731 17691902
1659637732 16748126
1659637733 16968146
1659637734 16627042
1659637735 16755174
1659637736 17034808
1659637737 16958340
1659637738 16401592
1659637739 17018788
1659637740 14314390
1659637741 17443756
1659637742 18648376
1659637743 16648688
1659637744 17251618
1659637745 16417742
1659637746 18569062
1659637747 18370648
1659637748 17436714
1659637749 16363912
1659637750 15431298
1659637751 16336522
1659637752 17196460
1659637753 17264454
1659637754 18383436
1659637755 15159950
1659637756 16707434
1659637757 16572326
1659637758 16649168
1659637759 16906988
1659637760 16040346
1659637761 17501232
1659637762 16554586
1659637763 16837376
1659637764 16524378
1659637765 16767270
1659637766 17237084
1659637767 16713046
1659637768 16446788
1659637769 17297536
1659637770 14508096
1659637771 17723678
1659637772 16180748
1659637773 17822136
1659637774 16714212
1659637775 16275592
1659637776 17088214
1659637777 18407526
1659637778 18409472
1659637779 19964262
1659637780 14120002
1659637781 16917632
1659637782 16604158
1659637783 17482006
1659637784 18227264
1659637785 15902190
1659637786 18283678
1659637787 16631720
1659637788 15833758
1659637789 16006586
1659637790 17790800
1659637791 17692362
1659637792 18833184
1659637793 18048928
1659637794 16852860
1659637795 18448244
1659637796 17559034
1659637797 16331776
1659637798 18914660
1659637799 17012682
1659637800 15286534
1659637801 16963590
1659637802 17009448
1659637803 16991108
1659637804 17414848
1659637805 15715266
1659637806 17611642
1659637807 15880184
1659637808 19962628
1659637809 15551976
1659637810 15946730
1659637811 16101992
1659637812 18492112
1659637813 16930662
1659637814 17544946
1659637815 14445724
1659637816 15344306
1659637817 18132634
1659637818 16267274
1659637819 18061058
1659637820 15849244
1659637821 17650670
1659637822 15641252
1659637823 17872100
1659637824 16069502
1659637825 17290896
1659637826 15192752
1659637827 18197140
1659637828 15313050
1659637829 18039846
1659637830 15185512
1659637831 17966344
1659637832 15686240
1659637833 18427626
1659637834 16091744
1659637835 17489776
1659637836 17119098
1659637837 18129206
1659637838 17987428
1659637839 16471554
1659637840 14703706
1659637841 20389652
1659637842 16837922
1659637843 17277190
1659637844 17316500
1659637845 15287928
1659637846 17620830
1659637847 19138266
1659637848 17480998
1659637849 16709072
1659637850 17190964
1659637851 16921180
1659637852 16651502
1659637853 16890546
1659637854 16541934
1659637855 16922802
1659637856 17590500
1659637857 16445316
1659637858 17581210
1659637859 15813654
1659637860 17062516
1659637861 16106772
1659637862 18213454
1659637863 15841598
1659637864 17721084
1659637865 15499842
1659637866 19507874
1659637867 15871038
1659637868 15305796
1659637869 18895782
1659637870 15658792
1659637871 17682908
1659637872 17333738
1659637873 15483120
1659637874 18783770
1659637875 17146074
1659637876 15420786
1659637877 16041562
1659637878 17257576
1659637879 16594438
1659637880 15657484
1659637881 16518346
1659637882 17320054
1659637883 16072024
1659637884 17535316
1659637885 15163480
1659637886 17653448
1659637887 18312082
1659637888 15796742
1659637889 17712888
1659637890 14243150
1659637891 17599282
1659637892 17068834
1659637893 19013350
1659637894 18665634
1659637895 15661820
1659637896 19474340
1659637897 18269916
1659637898 15402558
1659637899 19297174
1659637900 15909006
1659637901 15422414
1659637902 18396934
1659637903 17002894
1659637904 16672886
1659637905 17021922
1659637906 15759116
1659637907 16519334
1659637908 16099330
1659637909 17198140
1659637910 13860314
1659637911 17651338
1659637912 16651164
1659637913 16984410
1659637914 15606960
1659637915 17646790
1659637916 17420066
1659637917 16609412
1659637918 18948024
1659637919 16208908
1659637920 17642824
1659637921 17409644
1659637922 16604720
1659637923 17490120
1659637924 16000382
1659637925 17684048
1659637926 19761410
1659637927 17338234
1659637928 14561316
1659637929 18681032
1659637930 15429972
1659637931 16622670
1659637932 18448494
1659637933 17646718
1659637934 15511130
1659637935 16776718
1659637936 16538984
1659637937 17282552
1659637938 17523808
1659637939 16359336
1659637940 15841670
1659637941 17461774
1659637942 18227048
1659637943 18711244
1659637944 15914082
1659637945 16956672
1659637946 17535020
1659637947 17688904
1659637948 17069902
1659637949 17447540
1659637950 14511656
1659637951 17044102
1659637952 16461506
1659637953 17395890
1659637954 16494998
1659637955 17323582
1659637956 17261828
1659637957 15859550
1659637958 19751318
1659637959 16663182
1659637960 14941402
1659637961 20034548
1659637962 14872356
1659637963 16515730
1659637964 19289642
1659637965 15546036
1659637966 17657116
1659637967 17459324
1659637968 15475686
1659637969 16277782
1659637970 16936206
1659637971 16345536
1659637972 17433590
1659637973 15436206
1659637974 18394658
1659637975 14250364
1659637976 18334536
1659637977 16084826
1659637978 17639128
1659637979 17111694
1659637980 16190814
1659637981 16428824
1659637982 18533586
1659637983 17844362
1659637984 15941124
1659637985 17012300
1659637986 17953380
1659637987 15200044
1659637988 18518550
1659637989 20349646
1659637990 16799172
1659637991 16432256
1659637992 16030726
1659637993 18437106
1659637994 16317254
1659637995 18224422
1659637996 18736574
1659637997 16855730
1659637998 17107506
1659637999 17646900
1659638000 15708004
1659638001 17116652
1659638002 16722074
1659638003 17211412
1659638004 16222488
1659638005 17246658
1659638006 16194282
1659638007 17758122
1659638008 16492392
1659638009 17098206
1659638010 14753218
1659638011 18165582
1659638012 15091770
1659638013 18252384
1659638014 15951408
1659638015 17186624
1659638016 18394640
1659638017 17540012
1659638018 18286522
1659638019 17616424
1659638020 15143178
1659638021 18279606
1659638022 17371424
1659638023 15729682
1659638024 16084114
1659638025 15147760
1659638026 17589356
1659638027 17588106
1659638028 17789316
1659638029 15976878
1659638030 16659474
1659638031 16244186
1659638032 16865368
1659638033 16731482
1659638034 18052926
1659638035 15525906
1659638036 18134966
1659638037 15291564
1659638038 18344258
1659638039 17403586
1659638040 16068378
1659638041 15967314
1659638042 17151368
1659638043 16947136
1659638044 17921250
1659638045 17573916
1659638046 18047644
1659638047 19771660
1659638048 17669638
1659638049 17795298
1659638050 14643030
1659638051 19010600
1659638052 19127596
1659638053 17034640
1659638054 17382376
1659638055 15161348
1659638056 17125626
1659638057 18154132
1659638058 16772790
1659638059 15929978
1659638060 16293734
1659638061 17179512
1659638062 16503574
1659638063 17226396
1659638064 16643900
1659638065 16726874
1659638066 17776848
1659638067 16297958
1659638068 17030552
1659638069 16321718
1659638070 16172118
1659638071 17065152
1659638072 17130376
1659638073 16360374
1659638074 16618598
1659638075 16256656
1659638076 17952316
1659638077 17669660
1659638078 15753902
1659638079 17404844
1659638080 17407386
1659638081 15764176
1659638082 17445984
1659638083 17097182
1659638084 15602946
1659638085 16844502
1659638086 16407492
1659638087 17196828
1659638088 17230060
1659638089 16247638
1659638090 17263094
1659638091 16107650
1659638092 17400506
1659638093 16250678
1659638094 17876024
1659638095 15161796
1659638096 18362230
1659638097 16632034
1659638098 17640436
1659638099 17578682
1659638100 17018292
1659638101 16679910
1659638102 17479344
1659638103 18062524
1659638104 15719962
1659638105 15071766
1659638106 16404734
1659638107 17045436
1659638108 18238244
1659638109 18009600
1659638110 17140120
1659638111 16577432
1659638112 17804798
1659638113 17943428
1659638114 18118536
1659638115 15167634
1659638116 18760112
1659638117 16413288
1659638118 15482584
1659638119 16314934
1659638120 16557724
1659638121 17121870
1659638122 17408786
1659638123 16072414
1659638124 17439248
1659638125 15545552
1659638126 16023922
1659638127 16237872
1659638128 18752154
1659638129 16929362
1659638130 16627226
1659638131 16713316
1659638132 16963088
1659638133 16965842
1659638134 17701866
1659638135 17543914
1659638136 18371910
1659638137 16565024
1659638138 18996416
1659638139 17837918
1659638140 15311124
1659638141 18340662
1659638142 17503224
1659638143 16232524
1659638144 15546628
1659638145 16642770
1659638146 19866008
1659638147 16258938
1659638148 17391482
1659638149 16042016
1659638150 15928426
1659638151 15936258
1659638152 18605046
1659638153 17881916
1659638154 16097516
1659638155 17863634
1659638156 16075880
1659638157 17046928
1659638158 16277848
1659638159 16982008
1659638160 15951086
1659638161 18836372
1659638162 15401578
1659638163 17740896
1659638164 15666144
1659638165 16384654
1659638166 18125908
1659638167 15682528
1659638168 18226894
1659638169 18436538
1659638170 15847178
1659638171 17615712
1659638172 16587558
1659638173 18296864
1659638174 15420216
1659638175 16074822
1659638176 18167092
1659638177 15529244
1659638178 18354666
1659638179 15559242
1659638180 17471664
1659638181 17687732
1659638182 16617084
1659638183 16371534
1659638184 17554586
1659638185 15777156
1659638186 17146972
1659638187 18458350
1659638188 16814488
1659638189 16000346
1659638190 17354444
1659638191 15806298
1659638192 17772274
1659638193 17540236
1659638194 17828070
1659638195 15655804
1659638196 17273956
1659638197 18955104
1659638198 17338174
1659638199 16370856
1659638200 14539728
1659638201 17309230
1659638202 16433566
1659638203 20270182
1659638204 16868458
1659638205 16507302
1659638206 17411024
1659638207 16590994
1659638208 15512910
1659638209 18270926
1659638210 14718422
1659638211 17680276
1659638212 16131726
1659638213 17335010
1659638214 15682704
1659638215 15989366
1659638216 15953716
1659638217 16541520
1659638218 17936774
1659638219 18092950
1659638220 16856732
1659638221 16869350
1659638222 16425580
1659638223 16994340
1659638224 16806918
1659638225 15782912
1659638226 17126132
1659638227 16582750
1659638228 18930958
1659638229 15600432
1659638230 16958818
1659638231 17545838
1659638232 16522640
1659638233 17609358
1659638234 16527024
1659638235 17683208
1659638236 18567518
1659638237 16047548
1659638238 14876752
1659638239 17561884
1659638240 16694736
1659638241 16604494
1659638242 17368904
1659638243 16304590
1659638244 19249526
1659638245 16024366
1659638246 16518608
1659638247 17154816
1659638248 16985154
1659638249 16725524
1659638250 15150532
1659638251 17586680
1659638252 17182342
1659638253 17932776
1659638254 17092984
1659638255 14479186
1659638256 19138534
1659638257 17216422
1659638258 15761862
1659638259 18332996
1659638260 13026186
1659638261 17171184
1659638262 16544672
1659638263 18226572
1659638264 18234154
1659638265 14733774
1659638266 16602324
1659638267 17074772
1659638268 16684596
1659638269 17554960
1659638270 15549444
1659638271 17578028
1659638272 16597748
1659638273 16875490
1659638274 15890086
1659638275 17468264
1659638276 16185964
1659638277 17536142
1659638278 15764306
1659638279 17643176
1659638280 13913436
1659638281 17609300
1659638282 16319502
1659638283 17258648
1659638284 16317566
1659638285 16682060
1659638286 16313238
1659638287 17179992
1659638288 18941322
1659638289 16409734
1659638290 16648212
1659638291 16261970
1659638292 16688260
1659638293 20208502
1659638294 16186032
1659638295 15751318
1659638296 15691616
1659638297 17494460
1659638298 17341948
1659638299 18046134
1659638300 17292028
1659638301 17330758
1659638302 16714298
1659638303 16991650
1659638304 17929596
1659638305 16253136
1659638306 17109036
1659638307 16987420
1659638308 17071734
1659638309 16206426
1659638310 14924224
1659638311 16974732
1659638312 17620256
1659638313 16322076
1659638314 17269584
1659638315 16003536
1659638316 17477978
1659638317 18940438
1659638318 17335468
1659638319 19073992
1659638320 14895692
1659638321 19525546
1659638322 15011972
1659638323 18062098
1659638324 14978936
1659638325 16817324
1659638326 16988534
1659638327 16998650
1659638328 17025944
1659638329 15594614
1659638330 16862252
1659638331 16594376
1659638332 18581730
1659638333 17470802
1659638334 16195694
1659638335 17669614
1659638336 16786338
1659638337 16853312
1659638338 16934820
1659638339 15962760
1659638340 17676728
1659638341 16886598
1659638342 16742368
1659638343 15669916
1659638344 17521988
1659638345 14894062
1659638346 18092410
1659638347 15336520
1659638348 16066366
1659638349 20229286
1659638350 13855066
1659638351 18794828
1659638352 17087846
1659638353 16734494
1659638354 16919134
1659638355 16500656
1659638356 16590262
1659638357 17455678
1659638358 20423452
1659638359 15544424
1659638360 16414928
1659638361 16620390
1659638362 18406542
1659638363 17103258
1659638364 17299218
1659638365 16180194
1659638366 16874182
1659638367 16635942
1659638368 18045396
1659638369 15503850
1659638370 17069270
1659638371 15726992
1659638372 17484364
1659638373 15653606
1659638374 17331006
1659638375 14480264
1659638376 17581944
1659638377 16570320
1659638378 3999196
1659638379 1222


# events submitted
1659637175 8316
1659637176 3550210
1659637177 8578
1659637178 11133930
1659637179 15858960
1659637180 20191158
1659637181 16337238
1659637182 15836364
1659637183 18142848
1659637184 17459554
1659637185 18289216
1659637186 15564220
1659637187 16242922
1659637188 17256268
1659637189 17298158
1659637190 17767280
1659637191 15989576
1659637192 15333834
1659637193 16945590
1659637194 15976948
1659637195 17727998
1659637196 15676718
1659637197 16614886
1659637198 16703150
1659637199 16995218
1659637200 16897118
1659637201 17284680
1659637202 15940302
1659637203 16228256
1659637204 17745074
1659637205 15524464
1659637206 18349720
1659637207 18405340
1659637208 16334538
1659637209 16872234
1659637210 16060590
1659637211 16847172
1659637212 15535052
1659637213 19524898
1659637214 16820918
1659637215 15771032
1659637216 15464420
1659637217 15963286
1659637218 16587948
1659637219 16535510
1659637220 16956446
1659637221 17149606
1659637222 17112760
1659637223 15421120
1659637224 17383142
1659637225 16906778
1659637226 16965452
1659637227 15958794
1659637228 16619370
1659637229 17046988
1659637230 16518892
1659637231 13497140
1659637232 11577494
1659637233 11535110
1659637234 8259440
1659637235 7751340
1659637236 4880452
1659637237 4486550
1659637238 4272480
1659637239 4722772
1659637240 3910192
1659637241 1017212
1659637242 4718482
1659637243 4640774
1659637244 3810518
1659637245 4531818
1659637246 4773224
1659637247 3568610
1659637248 4282562
1659637249 3212634
1659637250 4925268
1659637251 5085920
1659637252 3972264
1659637253 5216270
1659637254 4137950
1659637255 5058478
1659637256 4533630
1659637257 4171452
1659637258 4363954
1659637259 3849772
1659637260 5144316
1659637261 5086806
1659637262 4415582
1659637263 4322992
1659637264 3275648
1659637265 2140958
1659637266 4239758
1659637267 4225482
1659637268 4866588
1659637269 5169102
1659637270 3927028
1659637271 3641128
1659637272 3884098
1659637273 3017942
1659637274 2502834
1659637275 1110
1659637276 2027926
1659637277 3762124
1659637278 1478800
1659637279 2866134
1659637280 1651688
1659637281 2363176
1659637282 1767822
1659637283 1594008
1659637284 2743388
1659637285 1864028
1659637286 2481176
1659637287 1448190
1659637288 2893330
1659637289 1432328
1659637290 1591940
1659637291 1948444
1659637292 2263320
1659637293 1447298
1659637294 1283906
1659637295 2832306
1659637296 1991458
1659637297 1157680
1659637298 1603954
1659637299 2318134
1659637300 3139048
1659637301 263414
1659637302 1819044
1659637303 3314372
1659637304 2099972
1659637305 1350742
1659637306 1708858
1659637307 3156180
1659637308 2467898
1659637309 2167570
1659637310 2173388
1659637311 1637040
1659637312 2287246
1659637313 1864154
1659637314 2513994
1659637315 1828622
1659637316 2321362
1659637317 1439048
1659637318 2601896
1659637319 1173008
1659637320 3207110
1659637321 2281402
1659637322 2334202
1659637323 1174520
1659637324 2392830
1659637325 2292398
1659637326 532982
1659637327 1775948
1659637328 1794026
1659637329 2374536
1659637330 2179602
1659637331 2284768
1659637332 1698790
1659637333 2697684
1659637334 1557944
1659637335 2612696
1659637336 1497278
1659637337 2633046
1659637338 1649648
1659637339 1447508
1659637340 2894946
1659637341 230644
1659637342 2447178
1659637343 1941524
1659637344 2617526
1659637345 1496808
1659637346 2475388
1659637347 1816648
1659637348 2894346
1659637349 2066252
1659637350 2275828
1659637351 1467770
1659637352 2873646
1659637353 1714180
1659637354 2626650
1659637355 1445984
1659637356 1446204
1659637357 2623450
1659637358 273130
1659637359 2207630
1659637360 2135642
1659637361 2381234
1659637362 1447102
1659637363 2112894
1659637364 2227468
1659637365 527994
1659637366 2344298
1659637367 2883622
1659637368 3019922
1659637369 1446892
1659637370 2894532
1659637371 1446750
1659637372 1505478
1659637373 1390414
1659637374 3101434
1659637375 2387860
1659637376 1753572
1659637377 1900702
1659637378 2558742
1659637379 1476920
1659637380 2573194
1659637381 1614522
1659637382 2394526
1659637383 1947534
1659637384 2174272
1659637385 2165454
1659637386 2524854
1659637387 371448
1659637388 1447494
1659637389 1943938
1659637390 2399846
1659637391 1726544
1659637392 2517856
1659637393 672176
1659637394 1549402
1659637395 1587962
1659637396 2036810
1659637397 2667818
1659637398 1621636
1659637399 2741450
1659637400 1607810
1659637401 2559036
1659637402 1777354
1659637403 2895662
1659637404 1665074
1659637405 2676540
1659637406 1516550
1659637407 1574998
1659637408 2788000
1659637409 2601590
1659637410 1649132
1659637411 2369512
1659637412 1984682
1659637413 2211142
1659637414 2119878
1659637415 2172816
1659637416 2170012
1659637417 1450344
1659637418 1447758
1659637419 2894910
1659637420 1448264
1659637421 219204
1659637422 2754644
1659637423 1797016
1659637424 2188962
1659637425 2894932
1659637426 2063858
1659637427 2278102
1659637428 1610338
1659637429 2733402
1659637430 2192858
1659637431 2148000
1659637432 1540864
1659637433 2801234
1659637434 1595838
1659637435 2746632
1659637436 1455224
1659637437 2885538
1659637438 1447910
1659637439 2762084
1659637440 1579834
1659637441 1574878
1659637442 1831042
1659637443 1246536
1659637444 2586398
1659637445 1446998
1659637446 2894910
1659637447 129244
1659637448 3050720
1659637449 2619680
1659637450 1361624
1659637451 2377544
1659637452 1092014
1659637453 2408398
1659637454 2913290
1659637455 1428570
1659637456 1446428
1659637457 1448260
1659637458 844122
1659637459 3293310
1659637460 1651622
1659637461 2892188
1659637462 1565532
1659637463 2776718
1659637464 1446970
1659637465 1547806
1659637466 2796340
1659637467 2631210
1659637468 1711766
1659637469 1591076
1659637470 2752068
1659637471 1446214
1659637472 2894538
1659637473 1445940
1659637474 1829338
1659637475 1882070
1659637476 1916124
1659637477 1476498
1659637478 2809430
1659637479 1510850
1659637481 3116932
1659637482 1588512
1659637483 2944512
1659637484 733904
1659637485 2789904
1659637486 2462860
1659637487 1763420
1659637488 726766
1659637489 3731736
1659637490 1457124
1659637491 1438224
1659637492 2490534
1659637493 1851774
1659637494 1532416
1659637495 2491346
1659637496 1768436
1659637497 2475642
1659637498 1863978
1659637499 2740972
1659637500 1600440
1659637501 2523920
1659637502 1814120
1659637503 1709122
1659637504 2067496
1659637505 2353982
1659637506 1920602
1659637507 1335008
1659637508 3413726
1659637509 276730
1659637510 1735510
1659637511 2998154
1659637512 1057924
1659637513 2906910
1659637514 2883278
1659637515 1419536
1659637516 1491198
1659637517 1936502
1659637518 2625054
1659637519 2647516
1659637520 1951542
1659637521 2088454
1659637522 1763482
1659637523 1546144
1659637524 2706648
1659637525 1633276
1659637526 2260648
1659637527 2231276
1659637528 2586474
1659637529 1718616
1659637530 2685592
1659637531 1656816
1659637532 2169696
1659637533 2073542
1659637534 1852408
1659637535 2381570
1659637536 2894762
1659637537 69176
1659637538 2642758
1659637539 2383716
1659637540 1447974
1659637541 1943654
1659637542 951872
1659637543 446916
1659637544 2381368
1659637545 2960696
1659637546 83492
1659637547 2559238
1659637548 3149002
1659637549 1446702
1659637550 2893956
1659637551 1447870
1659637552 2366838
1659637553 1977514
1659637554 2896348
1659637555 1451228
1659637556 2892262
1659637557 1468060
1659637558 2871616
1659637559 1446912
1659637560 2894684
1659637561 1454802
1659637562 2887642
1659637563 1448216
1659637564 2895064
1659637565 1449512
1659637566 2895586
1659637567 530
1659637568 2469376
1659637569 3318758
1659637570 398392
1659637571 1853794
1659637572 3539022
1659637573 410038
1659637574 2005550
1659637575 2461042
1659637576 2334204
1659637577 3011398
1659637578 2808748
1659637580 1468748
1659637581 2874052
1659637582 1995242
1659637583 2346830
1659637584 2092514
1659637585 2250924
1659637586 2178162
1659637587 1687202
1659637588 1950180
1659637589 2870868
1659637590 1447230
1659637591 2172322
1659637592 1597748
1659637593 782822
1659637594 2681602
1659637595 1447506
1659637596 10366
1659637597 2896438
1659637598 993466
1659637599 1900704
1659637600 623388
1659637601 2919814
1659637602 1494124
1659637603 1804716
1659637604 3291436
1659637605 1448730
1659637606 7508
1659637607 2668078
1659637608 1950304
1659637609 3153712
1659637610 2678048
1659637611 1433394
1659637612 2588724
1659637613 2601584
1659637614 1741086
1659637615 2894982
1659637616 1759964
1659637617 2344902
1659637618 1683516
1659637619 2893938
1659637620 1447444
1659637621 2321752
1659637622 2020454
1659637623 1844100
1659637624 1600296
1659637625 2467948
1659637626 1622424
1659637627 1325604
1659637628 1562474
1659637629 3028042
1659637630 1281138
1659637631 2913102
1659637632 1700988
1659637633 2974664
1659637634 2343462
1659637635 2896622
1659637636 1447502
1659637637 2283852
1659637638 2060568
1659637639 2599084
1659637640 1740822
1659637641 1647830
1659637642 2072356
1659637643 1410660
1659637644 2310590
1659637645 2108198
1659637646 1946198
1659637647 2246760
1659637648 1965706
1659637649 3110494
1659637650 1968112
1659637651 2374764
1659637652 1759154
1659637653 2282830
1659637654 2050794
1659637655 2593594
1659637656 1461212
1659637657 1221126
1659637658 1968346
1659637659 2941674
1659637660 1108014
1659637661 1991428
1659637662 2513788
1659637663 2935000
1659637664 1693922
1659637665 1012246
1659637666 2383276
1659637667 2617634
1659637668 932690
1659637669 2915144
1659637670 1703644
1659637671 2528470
1659637672 1394452
1659637673 2671570
1659637674 1673672
1659637675 2894674
1659637676 1622962
1659637677 2718190
1659637678 1446474
1659637679 618618
1659637680 2732674
1659637681 2293828
1659637682 2284422
1659637683 1724402
1659637684 1929694
1659637685 1446636
1659637686 421428
1659637687 1818162
1659637688 2713006
1659637689 2281780
1659637690 48454
1659637691 2942718
1659637692 24694
1659637693 4143342
1659637694 1622176
1659637695 2204956
1659637696 2137440
1659637697 1616392
1659637698 2727010
1659637699 1241700
1659637700 3100974
1659637701 1447360
1659637702 2894028
1659637703 1491792
1659637704 2849132
1659637705 1449404
1659637706 2897190
1659637707 1447134
1659637708 2839640
1659637709 1464766
1659637710 2376708
1659637711 1820522
1659637712 2497326
1659637713 1469736
1659637714 2004188
1659637715 2639692
1659637716 1928452
1659637717 1280246
1659637718 1391626
1659637719 1949972
1659637720 3040276
1659637721 1220240
1659637722 2474988
1659637723 2323956
1659637724 3196916
1659637725 1716806
1659637726 2819176
1659637727 1484418
1659637728 858066
1659637729 2075382
1659637730 2890134
1659637731 1453174
1659637732 2025798
1659637733 2317962
1659637734 2216762
1659637735 2126864
1659637736 2080226
1659637737 2264878
1659637738 1227080
1659637739 3117258
1659637740 1504544
1659637741 2836772
1659637742 1448214
1659637743 1755448
1659637744 2339236
1659637745 1718734
1659637746 1424386
1659637747 561652
1659637748 2559724
1659637749 2223644
1659637750 2259590
1659637751 1980864
1659637752 3009290
1659637753 1449544
1659637754 1446694
1659637755 2127834
1659637756 2962366
1659637757 2144152
1659637758 1501930
1659637759 2954158
1659637760 2779152
1659637761 1446958
1659637762 1701298
1659637763 2640604
1659637764 2473382
1659637765 1869320
1659637766 1918004
1659637767 1574726
1659637768 2601598
1659637769 2594844
1659637770 2261510
1659637771 2080966
1659637772 2052994
1659637773 2289996
1659637774 1511932
1659637775 2826106
1659637776 1448074
1659637777 1448982
1659637778 1447784
1659637779 11264
1659637780 3057820
1659637781 1869936
1659637782 2963346
1659637783 1859138
1659637784 1277442
1659637785 2141460
1659637786 1259002
1659637787 2316226
1659637788 3193864
1659637789 2840346
1659637790 1335502
1659637791 960404
1659637792 2047876
1659637793 1448012
1659637794 1674094
1659637795 1221140
1659637796 1448490
1659637797 2675288
1659637798 931168
1659637799 2183828
1659637800 1525310
1659637801 2819168
1659637802 1800044
1659637803 2543140
1659637804 1605460
1659637805 2369394
1659637806 1936476
1659637807 2773840
1659637808 4442
1659637809 2623226
1659637810 1714626
1659637811 1827460
1659637812 2040360
1659637813 1994926
1659637814 1756970
1659637815 2864126
1659637816 2966392
1659637817 1790280
1659637818 2202786
1659637819 1768144
1659637820 2575810
1659637821 1473882
1659637822 2857958
1659637823 1834294
1659637824 2249152
1659637825 1720626
1659637826 2894094
1659637827 1446714
1659637828 2561730
1659637829 1906982
1659637830 2766752
1659637831 1451708
1659637832 2811186
1659637833 1529992
1659637834 1381206
1659637835 2962516
1659637836 1448026
1659637837 1129460
1659637838 1767452
1659637839 2894922
1659637840 2896058
1659637841 1170
1659637842 1525664
1659637843 2461486
1659637844 1918866
1659637845 3151944
1659637846 1448106
1659637847 664486
1659637848 2326446
1659637849 2044106
1659637850 2295894
1659637851 1659800
1659637852 2680990
1659637853 1545258
1659637854 2795928
1659637855 1447088
1659637856 1758328
1659637857 2583814
1659637858 1519592
1659637859 2822356
1659637860 1712922
1659637861 2627176
1659637862 1447784
1659637863 2894836
1659637864 1618758
1659637865 2723376
1659637866 9780
1659637867 2397354
1659637868 2376754
1659637869 1773188
1659637870 2099542
1659637871 1926194
1659637872 2448466
1659637873 2895652
1659637874 1455504
1659637875 1446928
1659637876 1783196
1659637877 3869056
1659637878 1662750
1659637879 2817164
1659637880 1462704
1659637881 2879880
1659637882 1444876
1659637883 2651748
1659637884 1690338
1659637885 2126352
1659637886 2216632
1659637887 1447910
1659637888 2046780
1659637889 2265978
1659637890 2083794
1659637891 1854066
1659637892 1887220
1659637893 1447372
1659637894 1446676
1659637895 1803176
1659637896 1094362
1659637897 1377366
1659637898 2964842
1659637899 594240
1659637900 2154322
1659637901 1271978
1659637902 3219852
1659637903 1448612
1659637904 2896214
1659637905 1514882
1659637906 1682544
1659637907 4040278
1659637908 2116024
1659637909 2225018
1659637910 1868842
1659637911 2474146
1659637912 1447256
1659637913 2894136
1659637914 2489206
1659637915 736316
1659637916 1115304
1659637917 3069808
1659637918 1361670
1659637919 2193966
1659637920 2063378
1659637921 1447312
1659637922 2434198
1659637923 1906908
1659637924 2497176
1659637925 1174070
1659637926 673836
1659637927 1565960
1659637928 3546346
1659637929 932280
1659637930 1634292
1659637931 3906492
1659637932 848652
1659637933 2046208
1659637934 2830440
1659637935 1513444
1659637936 2516386
1659637937 1453464
1659637938 2122946
1659637939 2555580
1659637940 1920418
1659637941 1971532
1659637942 1933240
1659637943 1448022
1659637944 2052846
1659637945 2287894
1659637946 1447498
1659637947 1462062
1659637948 2062848
1659637949 2280130
1659637950 1905438
1659637951 2455144
1659637952 2035950
1659637953 2273488
1659637954 1702472
1659637955 2640282
1659637956 1447272
1659637957 2692464
1659637958 213372
1659637959 1951176
1659637960 1945014
1659637961 1901862
1659637962 2426482
1659637963 3364074
1659637964 384950
1659637965 2696490
1659637966 1678772
1659637967 2112572
1659637968 3262862
1659637969 2024892
1659637970 2311234
1659637971 1835898
1659637972 2508964
1659637973 2132044
1659637974 2212398
1659637975 1118472
1659637976 3222448
1659637977 1624488
1659637978 2469194
1659637979 1695232
1659637980 1794946
1659637981 2510384
1659637982 1482746
1659637983 1535838
1659637984 2804568
1659637985 1447028
1659637986 1447940
1659637987 2399118
1659637988 1944680
1659637989 1102
1659637990 1641696
1659637991 2701176
1659637992 2184102
1659637993 1643378
1659637994 1983552
1659637995 1466890
1659637996 1407006
1659637997 1925208
1659637998 2414770
1659637999 1447282
1659638000 2897430
1659638001 1246342
1659638002 2020648
1659638003 2336088
1659638004 3036818
1659638005 1386776
1659638006 2781240
1659638007 994470
1659638008 2897304
1659638009 2120922
1659638010 1715834
1659638011 2626568
1659638012 2524128
1659638013 1819326
1659638014 2226992
1659638015 1797064
1659638016 1770886
1659638017 1448240
1659638018 1135504
1659638019 1966596
1659638020 2235038
1659638021 2125832
1659638022 1447640
1659638023 1572918
1659638024 2431122
1659638025 3917962
1659638026 2210968
1659638027 1446248
1659638028 1549178
1659638029 2791552
1659638030 1784690
1659638031 2558756
1659638032 1706966
1659638033 2107110
1659638034 1977900
1659638035 2465428
1659638036 1876330
1659638037 2846382
1659638038 1496490
1659638039 1446968
1659638040 1513792
1659638041 2634310
1659638042 2211774
1659638043 1730434
1659638044 2039452
1659638045 1447118
1659638046 1448526
1659638047 398920
1659638048 1418028
1659638049 1271842
1659638050 2955970
1659638051 1188308
1659638052 256562
1659638053 2638306
1659638054 1589210
1659638055 2274908
1659638056 3376316
1659638057 875632
1659638058 2335090
1659638059 2725586
1659638060 2749670
1659638061 1447704
1659638062 2894874
1659638063 1447436
1659638064 1882008
1659638065 2077408
1659638066 1830732
1659638067 1823676
1659638068 2182094
1659638069 2225534
1659638070 2529490
1659638071 2780230
1659638072 1762926
1659638073 2543784
1659638074 1525998
1659638075 2665096
1659638076 1676744
1659638077 1021498
1659638078 2683966
1659638079 2081552
1659638080 1448094
1659638081 2897102
1659638082 1613032
1659638083 1752376
1659638084 2935100
1659638085 2387328
1659638086 1892314
1659638087 2451470
1659638088 1760392
1659638089 2582732
1659638090 1551204
1659638091 2789650
1659638092 1651390
1659638093 2691390
1659638094 1218936
1659638095 1900558
1659638096 1476706
1659638097 1994886
1659638098 2091058
1659638099 1447570
1659638100 1503406
1659638101 1949524
1659638102 2337860
1659638103 1490482
1659638104 2853506
1659638105 1501914
1659638106 2840160
1659638107 1452176
1659638108 1447018
1659638109 1730584
1659638110 1566988
1659638111 2368558
1659638112 1074360
1659638113 2350968
1659638114 1088818
1659638115 2517672
1659638116 1186490
1659638117 2451136
1659638118 2895924
1659638119 2891990
1659638120 1590394
1659638121 2751504
1659638122 1448368
1659638123 2896704
1659638124 1446864
1659638125 2040482
1659638126 2021860
1659638127 2731962
1659638128 626864
1659638129 1427506
1659638130 2728982
1659638131 2429064
1659638132 1912342
1659638133 2157606
1659638134 1614628
1659638135 2019906
1659638136 1446938
1659638137 1755666
1659638138 1220640
1659638139 1448926
1659638140 2683878
1659638141 1707726
1659638142 1613386
1659638143 2250338
1659638144 2469078
1659638145 2403838
1659638146 613804
1659638147 2007550
1659638148 2140320
1659638149 3089846
1659638150 1450492
1659638151 2700066
1659638152 1639344
1659638153 1448188
1659638154 2894398
1659638155 1448664
1659638156 1601392
1659638157 2442416
1659638158 2528452
1659638159 1858230
1659638160 2189192
1659638161 1222134
1659638162 2702742
1659638163 1591916
1659638164 2884070
1659638165 1260924
1659638166 1437552
1659638167 2893570
1659638168 1447918
1659638169 1443718
1659638170 1715078
1659638171 2630882
1659638172 1748000
1659638173 1454080
1659638174 2729682
1659638175 2674760
1659638176 1574356
1659638177 2660508
1659638178 1682296
1659638179 2418944
1659638180 1920758
1659638181 1447964
1659638182 2137240
1659638183 2207636
1659638184 1646176
1659638185 2693078
1659638186 2055550
1659638187 1141662
1659638188 2591576
1659638189 2310242
1659638190 2032816
1659638191 2118950
1659638192 1097090
1659638193 2574454
1659638194 1742162
1659638195 2033444
1659638196 2238046
1659638197 1287598
1659638198 1447976
1659638199 2489006
1659638200 2647680
1659638201 1628558
1659638202 2643836
1659638203 249894
1659638204 1629470
1659638205 2715776
1659638206 1446472
1659638207 2317652
1659638208 3471148
1659638209 1447266
1659638210 2895422
1659638211 1618416
1659638212 2563724
1659638213 1666296
1659638214 2841102
1659638215 1943358
1659638216 2712262
1659638217 2112662
1659638218 1919988
1659638219 1447816
1659638220 1526978
1659638221 2817546
1659638222 1768722
1659638223 2138492
1659638224 1896142
1659638225 2877702
1659638226 1448438
1659638227 2894226
1659638228 18952
1659638229 2837182
1659638230 1504972
1659638231 1447320
1659638232 2894912
1659638233 1648702
1659638234 2695082
1659638235 1448016
1659638236 1138772
1659638237 1947690
1659638238 3016798
1659638239 2582930
1659638240 1447852
1659638241 2100890
1659638242 2242448
1659638243 2478234
1659638244 494374
1659638245 2819508
1659638246 1893318
1659638247 2446920
1659638248 1676568
1659638249 1993490
1659638250 2119496
1659638251 1447800
1659638252 2074064
1659638253 1252058
1659638254 2401246
1659638255 2014504
1659638256 1039014
1659638257 1493888
1659638258 2846930
1659638259 1446994
1659638260 2887858
1659638261 1557984
1659638262 1448874
1659638263 2794718
1659638264 1036582
1659638265 2966768
1659638266 3239106
1659638267 1726732
1659638268 2615032
1659638269 1445922
1659638270 2894662
1659638271 1448016
1659638272 2264308
1659638273 2078748
1659638274 2313772
1659638275 2028644
1659638276 2178552
1659638277 2160492
1659638278 2232366
1659638279 2111560
1659638280 2430666
1659638281 1912194
1659638282 1799762
1659638283 2540702
1659638284 1587510
1659638285 2757858
1659638286 1933716
1659638287 2407794
1659638288 274430
1659638289 3013218
1659638290 1697716
1659638291 2643352
1659638292 2418632
1659638293 476722
1659638294 1928190
1659638295 2417266
1659638296 1353442
1659638297 3241464
1659638298 1232972
1659638299 1600990
1659638300 2702956
1659638301 1378654
1659638302 2215316
1659638303 1506390
1659638304 2137748
1659638305 1463472
1659638306 2566290
1659638307 1759690
1659638308 1943050
1659638309 2397320
1659638310 2086138
1659638311 2257840
1659638312 1704170
1659638313 2638342
1659638314 1860376
1659638315 2480928
1659638316 1480614
1659638317 1440722
1659638318 1448492
1659638319 275530
1659638320 3383872
1659638321 920000
1659638322 2838820
1659638323 1768532
1659638324 3717286
1659638325 1574422
1659638326 1448910
1659638327 2894608
1659638328 1461756
1659638329 2607238
1659638330 1922400
1659638331 2127058
1659638332 1428724
1659638333 2129582
1659638334 1673770
1659638335 2571652
1659638336 1567610
1659638337 2775022
1659638338 1448026
1659638339 1937460
1659638340 2404910
1659638341 1967452
1659638342 2374860
1659638343 1968668
1659638344 2373140
1659638345 1784760
1659638346 1447358
1659638347 2330414
1659638348 3462036
1659638349 716
1659638350 2737218
1659638351 874802
1659638352 2187260
1659638353 2459346
1659638354 1886144
1659638355 918208
1659638356 2191890
1659638357 2675908
1659638359 2895136
1659638360 1826020
1659638361 2198986
1659638362 1764664
1659638363 1447552
1659638364 1855772
1659638365 2486746
1659638366 2092786
1659638367 2127380
1659638368 1570066
1659638369 2432148
1659638370 1908730
1659638371 1551932
1659638372 2398018
1659638373 3093964
1659638374 1644610
1659638375 2707592
1659638376 1633604
1659638377 2357774
1659638378 534368
1659638379 124


# events lost
1659637231 3062996
1659637232 5143718
1659637233 5494706
1659637234 9279736
1659637235 10421250
1659637236 13237532
1659637237 13103540
1659637238 13011828
1659637239 14856174
1659637240 13313476
1659637241 14766394
1659637242 12591624
1659637243 14075170
1659637244 12845210
1659637245 10951644
1659637246 14953408
1659637247 13806196
1659637248 12899016
1659637249 12222214
1659637250 12309250
1659637251 13200076
1659637252 11510916
1659637253 12331930
1659637254 12011964
1659637255 13310128
1659637256 11987210
1659637257 12046426
1659637258 12734818
1659637259 12658820
1659637260 11235302
1659637261 12897618
1659637262 10965922
1659637263 12598782
1659637264 13856738
1659637265 15056880
1659637266 13085874
1659637267 14318860
1659637268 11310036
1659637269 15326542
1659637270 11983446
1659637271 11751708
1659637272 13635744
1659637273 13446190
1659637274 15005496
1659637275 20325552
1659637276 13828924
1659637277 11120420
1659637278 16330542
1659637279 12630754
1659637280 16185104
1659637281 13884760
1659637282 15119528
1659637283 14553256
1659637284 15162490
1659637285 14139824
1659637286 15122912
1659637287 13277848
1659637288 13300390
1659637289 16324992
1659637290 15210234
1659637291 15383544
1659637292 15348362
1659637293 17182276
1659637294 14322784
1659637295 15497632
1659637296 14711234
1659637297 17470486
1659637298 15108122
1659637299 14675636
1659637300 12486414
1659637301 20016960
1659637302 12746272
1659637303 12241404
1659637304 14651502
1659637305 17297714
1659637306 15715574
1659637307 11088184
1659637308 14822484
1659637309 14357716
1659637310 14962840
1659637311 16135384
1659637312 13627890
1659637313 16076630
1659637314 12635556
1659637315 16600892
1659637316 13067958
1659637317 16328654
1659637318 13458224
1659637319 16374186
1659637320 12098002
1659637321 15239808
1659637322 13649778
1659637323 16716746
1659637324 14604282
1659637325 12879838
1659637326 18212382
1659637327 15969366
1659637328 15193300
1659637329 15267186
1659637330 12843016
1659637331 14999328
1659637332 16341726
1659637333 13057342
1659637334 16034448
1659637335 12952888
1659637336 16788974
1659637337 13363206
1659637338 16865440
1659637339 15476654
1659637340 12920406
1659637341 18622002
1659637342 13819894
1659637343 16331500
1659637344 13659546
1659637345 13863938
1659637346 12834234
1659637347 15133434
1659637348 13740506
1659637349 14582206
1659637350 14620736
1659637351 15256314
1659637352 14249512
1659637353 14809640
1659637354 14486362
1659637355 15663770
1659637356 16621454
1659637357 12766562
1659637358 19967926
1659637359 13900320
1659637360 13668088
1659637361 14991682
1659637362 16269020
1659637363 15082650
1659637364 14112526
1659637365 17324650
1659637366 13525586
1659637367 12602580
1659637368 14016026
1659637369 16714104
1659637370 11928900
1659637371 16843516
1659637372 13837368
1659637373 17433178
1659637374 12811010
1659637375 14103680
1659637376 15815650
1659637377 14670202
1659637378 14400100
1659637379 17203378
1659637380 12373258
1659637381 16163222
1659637382 13617920
1659637383 16074568
1659637384 13634812
1659637385 14653412
1659637386 14093022
1659637387 19671580
1659637388 15738194
1659637389 14516880
1659637390 13853802
1659637391 15826184
1659637392 13868370
1659637393 18491592
1659637394 16246794
1659637395 15686706
1659637396 15282262
1659637397 13017430
1659637398 16462888
1659637399 12616858
1659637400 15281482
1659637401 12885786
1659637402 15767478
1659637403 12887556
1659637404 15446580
1659637405 13745002
1659637406 15431324
1659637407 15364454
1659637408 14293466
1659637409 14174932
1659637410 15061828
1659637411 14382308
1659637412 15116506
1659637413 14921008
1659637414 14975562
1659637415 13706302
1659637416 14228134
1659637417 16946566
1659637418 16099908
1659637419 13650716
1659637420 15552672
1659637421 19164320
1659637422 13180988
1659637423 16128832
1659637424 14358118
1659637425 14089392
1659637426 14533066
1659637427 15032112
1659637428 14726342
1659637429 14878798
1659637430 13175956
1659637431 15737592
1659637432 15243500
1659637433 13991694
1659637434 15211436
1659637435 13634952
1659637436 14791946
1659637437 14391986
1659637438 15859962
1659637439 13567022
1659637440 15539240
1659637441 16374926
1659637442 14946560
1659637443 17446812
1659637444 14783350
1659637445 15425382
1659637446 13706066
1659637447 18460534
1659637448 12714248
1659637449 13808590
1659637450 16250776
1659637451 13052428
1659637452 17602266
1659637453 14187560
1659637454 13606436
1659637455 15581078
1659637456 16821920
1659637457 16792062
1659637458 16879070
1659637459 12406356
1659637460 14347488
1659637461 13625766
1659637462 15459320
1659637463 13400842
1659637464 15922506
1659637465 14164480
1659637466 14211396
1659637467 13884584
1659637468 15780608
1659637469 15830592
1659637470 13677166
1659637471 16365482
1659637472 12635726
1659637473 16433806
1659637474 15139458
1659637475 14274768
1659637476 14876684
1659637477 16261742
1659637478 13125534
1659637479 16942760
1659637480 17935646
1659637481 12418834
1659637482 16577772
1659637483 13288874
1659637484 17235996
1659637485 14000604
1659637486 13122082
1659637487 16380008
1659637488 15280182
1659637489 13959886
1659637490 13541392
1659637491 16989456
1659637492 14124646
1659637493 15563282
1659637494 16220988
1659637495 12995320
1659637496 16670322
1659637497 13217130
1659637498 16569972
1659637499 12831668
1659637500 15916744
1659637501 13064940
1659637502 16350358
1659637503 14870986
1659637504 15399386
1659637505 13070394
1659637506 15759316
1659637507 16000356
1659637508 11699378
1659637509 19724720
1659637510 15329542
1659637511 12115364
1659637512 18219666
1659637513 12595698
1659637514 13979258
1659637515 15439312
1659637516 16246794
1659637517 14657390
1659637518 14216652
1659637519 13758590
1659637520 14188694
1659637521 14576600
1659637522 16609646
1659637523 15536720
1659637524 14403652
1659637525 14302702
1659637526 14251886
1659637527 14439514
1659637528 14603650
1659637529 14913374
1659637530 12845462
1659637531 16026060
1659637532 14585040
1659637533 15258034
1659637534 15516692
1659637535 13986412
1659637536 12635030
1659637537 19789392
1659637538 13232880
1659637539 14958182
1659637540 15681636
1659637541 14340718
1659637542 19210558
1659637543 19112992
1659637544 13683130
1659637545 12843162
1659637546 19513214
1659637547 14210308
1659637548 12789228
1659637549 16282688
1659637550 12870940
1659637551 15731324
1659637552 14189592
1659637553 15660682
1659637554 13315834
1659637555 15186194
1659637556 13448836
1659637557 15475926
1659637558 13706308
1659637559 15981950
1659637560 13026430
1659637561 15332516
1659637562 13609246
1659637563 15631540
1659637564 13511360
1659637565 14987086
1659637566 13617044
1659637567 20145064
1659637568 12694904
1659637569 12469298
1659637570 17873718
1659637571 13020416
1659637572 14028078
1659637573 18861438
1659637574 12725716
1659637575 14165580
1659637576 14210356
1659637577 11985502
1659637578 14247440
1659637579 20235276
1659637580 12896948
1659637581 14319048
1659637582 14529312
1659637583 14325528
1659637584 14725630
1659637585 14255350
1659637586 14885700
1659637587 15071088
1659637588 15573978
1659637589 13022538
1659637590 16174844
1659637591 13916440
1659637592 16808274
1659637593 18261876
1659637594 13947504
1659637595 16566046
1659637596 19362924
1659637597 13707982
1659637598 17538814
1659637599 15777550
1659637600 16539486
1659637601 12750302
1659637602 16681084
1659637603 15306842
1659637604 13175156
1659637605 15496078
1659637606 20168058
1659637607 13666292
1659637608 13267874
1659637609 12797038
1659637610 14134574
1659637611 15118436
1659637612 15663960
1659637613 12714242
1659637614 16084502
1659637615 12121056
1659637616 15899258
1659637617 13869858
1659637618 16848196
1659637619 12352988
1659637620 15926956
1659637621 13498542
1659637622 16321358
1659637623 14734300
1659637624 16238820
1659637625 12897874
1659637626 16181652
1659637627 16263978
1659637628 15530352
1659637629 12901780
1659637630 16131572
1659637631 12503778
1659637632 16138084
1659637633 11690706
1659637634 15959108
1659637635 12026198
1659637636 16830432
1659637637 12881502
1659637638 15553732
1659637639 13931782
1659637640 15159544
1659637641 15826778
1659637642 14112262
1659637643 16189724
1659637644 14317316
1659637645 14526054
1659637646 13928350
1659637647 15420954
1659637648 14176986
1659637649 14417960
1659637650 12499360
1659637651 15627730
1659637652 13891224
1659637653 15310580
1659637654 15249254
1659637655 12965234
1659637656 16696386
1659637657 17317494
1659637658 14083226
1659637659 13143992
1659637660 16131688
1659637661 15254384
1659637662 13031666
1659637663 13885100
1659637664 15454732
1659637665 16423772
1659637666 13707678
1659637667 14420624
1659637668 16977376
1659637669 13643110
1659637670 13314238
1659637671 14277690
1659637672 16423106
1659637673 13667418
1659637674 15405954
1659637675 12994944
1659637676 14717250
1659637677 14088716
1659637678 16118786
1659637679 18206776
1659637680 12655096
1659637681 15145882
1659637682 14168162
1659637683 16187470
1659637684 15160836
1659637685 15087486
1659637686 18664436
1659637687 13159540
1659637688 15555304
1659637689 14311432
1659637690 16954286
1659637691 13393042
1659637692 17286590
1659637693 12549634
1659637694 16594568
1659637695 12878062
1659637696 15800320
1659637697 15929090
1659637698 13221586
1659637699 16626380
1659637700 12204970
1659637701 16890436
1659637702 12157722
1659637703 16132094
1659637704 13239012
1659637705 15742310
1659637706 12708276
1659637707 16133740
1659637708 13196212
1659637709 15990248
1659637710 12630648
1659637711 15734118
1659637712 13571878
1659637713 15988792
1659637714 15622668
1659637715 12774732
1659637716 15454790
1659637717 16182192
1659637718 17054138
1659637719 14981642
1659637720 11960448
1659637721 16761964
1659637722 14824288
1659637723 13509464
1659637724 12780042
1659637725 15333684
1659637726 13148328
1659637727 16174532
1659637728 14832802
1659637729 17167314
1659637730 13808760
1659637731 16155322
1659637732 14688640
1659637733 14624388
1659637734 14395032
1659637735 14611226
1659637736 14919490
1659637737 14665690
1659637738 15118442
1659637739 13893496
1659637740 12771632
1659637741 14564516
1659637742 17122596
1659637743 14841906
1659637744 14869520
1659637745 14641938
1659637746 17077320
1659637747 17714150
1659637748 14842888
1659637749 14095992
1659637750 13168680
1659637751 14321192
1659637752 14193946
1659637753 15760758
1659637754 16847366
1659637755 13011858
1659637756 13730866
1659637757 14399120
1659637758 15114410
1659637759 13944410
1659637760 13238458
1659637761 15988712
1659637762 14805016
1659637763 14165670
1659637764 14025034
1659637765 14843782
1659637766 15284926
1659637767 15108440
1659637768 13793102
1659637769 14671722
1659637770 12226000
1659637771 15610544
1659637772 14088018
1659637773 15477310
1659637774 15165434
1659637775 13413226
1659637776 15577710
1659637777 16902256
1659637778 16909980
1659637779 19835176
1659637780 11054366
1659637781 14986826
1659637782 13625870
1659637783 15586340
1659637784 16878532
1659637785 13730536
1659637786 16979672
1659637787 14271654
1659637788 12644536
1659637789 13150582
1659637790 16362570
1659637791 16664790
1659637792 16744278
1659637793 16531670
1659637794 15149366
1659637795 17143730
1659637796 16059814
1659637797 13648924
1659637798 17892584
1659637799 14809772
1659637800 13727540
1659637801 14126116
1659637802 15160774
1659637803 14398738
1659637804 15762014
1659637805 13344220
1659637806 15638048
1659637807 13090172
1659637808 19837032
1659637809 12907302
1659637810 14215394
1659637811 14245564
1659637812 16380792
1659637813 14886142
1659637814 15742330
1659637815 11577552
1659637816 12379150
1659637817 16265882
1659637818 14017396
1659637819 16227476
1659637820 13255112
1659637821 16116262
1659637822 12768340
1659637823 15978720
1659637824 13792580
1659637825 15536624
1659637826 12284046
1659637827 16673928
1659637828 12738898
1659637829 16046916
1659637830 12392712
1659637831 16443432
1659637832 12864320
1659637833 16808160
1659637834 14662198
1659637835 14508728
1659637836 15609930
1659637837 16935270
1659637838 16140476
1659637839 13568864
1659637840 11810168
1659637841 20241438
1659637842 15267796
1659637843 14780884
1659637844 15346934
1659637845 12120530
1659637846 16107758
1659637847 18384070
1659637848 15126180
1659637849 14622944
1659637850 14865166
1659637851 15220866
1659637852 13946668
1659637853 15260798
1659637854 13722452
1659637855 15431400
1659637856 15793076
1659637857 13837754
1659637858 15994976
1659637859 12973854
1659637860 15272706
1659637861 13457114
1659637862 16681502
1659637863 12933040
1659637864 16037310
1659637865 12740752
1659637866 19395400
1659637867 13466788
1659637868 12911912
1659637869 17088748
1659637870 13540212
1659637871 15693728
1659637872 14825022
1659637873 12572398
1659637874 17265400
1659637875 15635056
1659637876 13612014
1659637877 12180444
1659637878 15542954
1659637879 13762412
1659637880 14146768
1659637881 13609806
1659637882 15797240
1659637883 13412462
1659637884 15760832
1659637885 13013696
1659637886 15384348
1659637887 16810374
1659637888 13735446
1659637889 15397492
1659637890 12150594
1659637891 15691100
1659637892 15151768
1659637893 17517208
1659637894 17160536
1659637895 13832184
1659637896 18270350
1659637897 16804828
1659637898 12426298
1659637899 18637168
1659637900 13719866
1659637901 14126642
1659637902 15164210
1659637903 15523668
1659637904 13749588
1659637905 15464498
1659637906 14066958
1659637907 12490798
1659637908 13965222
1659637909 14947250
1659637910 11959930
1659637911 15123388
1659637912 15153028
1659637913 14041570
1659637914 13092330
1659637915 16822238
1659637916 16249056
1659637917 13537100
1659637918 17519316
1659637919 13982500
1659637920 15526926
1659637921 15910574
1659637922 14145266
1659637923 15523760
1659637924 13496836
1659637925 16441664
1659637926 18984924
1659637927 15721568
1659637928 11020524
1659637929 17668008
1659637930 13750934
1659637931 12707906
1659637932 17536076
1659637933 15540932
1659637934 12670336
1659637935 15190356
1659637936 13997600
1659637937 15754824
1659637938 15360608
1659637939 13761830
1659637940 13861996
1659637941 15447860
1659637942 16246714
1659637943 17184490
1659637944 13835390
1659637945 14609440
1659637946 16005488
1659637947 16172864
1659637948 14957010
1659637949 15118038
1659637950 12581888
1659637951 14564106
1659637952 14370064
1659637953 15093778
1659637954 14728278
1659637955 14653494
1659637956 15771204
1659637957 13145688
1659637958 19421148
1659637959 14688390
1659637960 12985872
1659637961 18080344
1659637962 12442818
1659637963 13138638
1659637964 18793872
1659637965 12822510
1659637966 15937206
1659637967 15302110
1659637968 12216228
1659637969 14233316
1659637970 14580232
1659637971 14477410
1659637972 14903396
1659637973 13282520
1659637974 16137850
1659637975 13111356
1659637976 15084580
1659637977 14403990
1659637978 15124138
1659637979 15365606
1659637980 14334290
1659637981 13894598
1659637982 16970112
1659637983 16244812
1659637984 13121236
1659637985 15495628
1659637986 16457556
1659637987 12766988
1659637988 16521096
1659637989 20251292
1659637990 15091014
1659637991 13710618
1659637992 13805664
1659637993 16734318
1659637994 14328344
1659637995 16664448
1659637996 17249418
1659637997 14887518
1659637998 14662994
1659637999 16157280
1659638000 12780506
1659638001 15817290
1659638002 14666960
1659638003 14838958
1659638004 13173076
1659638005 15799092
1659638006 13379074
1659638007 16687730
1659638008 13593858
1659638009 14923834
1659638010 13015156
1659638011 15512864
1659638012 12550394
1659638013 16343948
1659638014 13688386
1659638015 15332848
1659638016 16568204
1659638017 16047762
1659638018 17063888
1659638019 15616054
1659638020 12881348
1659638021 16110160
1659638022 15858712
1659638023 14136076
1659638024 13610358
1659638025 11230136
1659638026 15316090
1659638027 16085768
1659638028 16179378
1659638029 13156634
1659638030 14812336
1659638031 13647564
1659638032 15111634
1659638033 14604694
1659638034 16020900
1659638035 13051486
1659638036 16193090
1659638037 12424582
1659638038 16776054
1659638039 15892706
1659638040 14521070
1659638041 13307564
1659638042 14912752
1659638043 15178710
1659638044 15836154
1659638045 16066000
1659638046 16562678
1659638047 19262220
1659638048 16193908
1659638049 16439206
1659638050 11678710
1659638051 17729266
1659638052 18755240
1659638053 14364084
1659638054 15746004
1659638055 12875424
1659638056 13733552
1659638057 17189380
1659638058 14414174
1659638059 13189308
1659638060 13549354
1659638061 15692468
1659638062 13593636
1659638063 15715176
1659638064 14721978
1659638065 14614222
1659638066 15898558
1659638067 14443892
1659638068 14819408
1659638069 14072758
1659638070 13615262
1659638071 14252852
1659638072 15307192
1659638073 13773366
1659638074 15031580
1659638075 13564158
1659638076 16204694
1659638077 16589574
1659638078 13058922
1659638079 15292988
1659638080 15885080
1659638081 12835498
1659638082 15763760
1659638083 15327386
1659638084 12664836
1659638085 14426864
1659638086 14475172
1659638087 14675994
1659638088 15431762
1659638089 13639234
1659638090 15659850
1659638091 13318752
1659638092 15668356
1659638093 13528512
1659638094 16601376
1659638095 13214450
1659638096 16808838
1659638097 14592990
1659638098 15505766
1659638099 16079344
1659638100 15479978
1659638101 14700310
1659638102 15112000
1659638103 16501420
1659638104 12856222
1659638105 13541128
1659638106 13527414
1659638107 15547030
1659638108 16735396
1659638109 16214736
1659638110 15531342
1659638111 14205864
1659638112 16635464
1659638113 15533614
1659638114 16942926
1659638115 12620562
1659638116 17506602
1659638117 13936688
1659638118 12576062
1659638119 13420970
1659638120 14909450
1659638121 14341942
1659638122 15892028
1659638123 13173650
1659638124 15909794
1659638125 13476140
1659638126 13955942
1659638127 13481832
1659638128 18027740
1659638129 15479388
1659638130 13862156
1659638131 14274472
1659638132 14985726
1659638133 14774260
1659638134 16028426
1659638135 15462782
1659638136 16873460
1659638137 14789320
1659638138 17671420
1659638139 16324384
1659638140 12615234
1659638141 16565136
1659638142 15840388
1659638143 13933878
1659638144 13071254
1659638145 14214762
1659638146 19136798
1659638147 14213540
1659638148 15223668
1659638149 12947696
1659638150 14429128
1659638151 13213400
1659638152 16890824
1659638153 16370526
1659638154 13191432
1659638155 16327092
1659638156 14443590
1659638157 14577974
1659638158 13730628
1659638159 15088450
1659638160 13737648
1659638161 17504970
1659638162 12688386
1659638163 16084500
1659638164 12761218
1659638165 15045482
1659638166 16648342
1659638167 12787148
1659638168 16698516
1659638169 16943760
1659638170 14084426
1659638171 14952190
1659638172 14754456
1659638173 16757616
1659638174 12658306
1659638175 13369262
1659638176 16554392
1659638177 12849570
1659638178 16579374
1659638179 13131400
1659638180 15479818
1659638181 16194644
1659638182 14464170
1659638183 14123992
1659638184 15860402
1659638185 13085290
1659638186 15032806
1659638187 17236072
1659638188 14200226
1659638189 13655238
1659638190 15269332
1659638191 13673472
1659638192 16625354
1659638193 14941346
1659638194 16035512
1659638195 13595362
1659638196 15010416
1659638197 17591848
1659638198 15845228
1659638199 13842710
1659638200 11879764
1659638201 15619956
1659638202 13775774
1659638203 19890868
1659638204 15214808
1659638205 13781986
1659638206 15922722
1659638207 14235806
1659638208 12039750
1659638209 16728784
1659638210 11803770
1659638211 16016634
1659638212 13551604
1659638213 15605166
1659638214 12833300
1659638215 14007740
1659638216 13232610
1659638217 14382254
1659638218 15939402
1659638219 16583094
1659638220 15282472
1659638221 14021254
1659638222 14610742
1659638223 14830088
1659638224 14857358
1659638225 12893868
1659638226 15579348
1659638227 13664174
1659638228 18801422
1659638229 12776630
1659638230 15393222
1659638231 16047738
1659638232 13610964
1659638233 15925708
1659638234 13803072
1659638235 16170320
1659638236 17325808
1659638237 14076092
1659638238 11857558
1659638239 14954692
1659638240 15193146
1659638241 14472598
1659638242 15097052
1659638243 13804632
1659638244 18659888
1659638245 13188436
1659638246 14591698
1659638247 14643870
1659638248 15270576
1659638249 14697732
1659638250 13010380
1659638251 16094184
1659638252 15078634
1659638253 16606786
1659638254 14662860
1659638255 12443158
1659638256 17976990
1659638257 15673326
1659638258 12899620
1659638259 16822724
1659638260 10139528
1659638261 15572122
1659638262 15063934
1659638263 15405070
1659638264 17121352
1659638265 11745318
1659638266 13348492
1659638267 15304906
1659638268 14029650
1659638269 16046254
1659638270 12634798
1659638271 16056686
1659638272 14300348
1659638273 14774330
1659638274 13573366
1659638275 15385990
1659638276 13979086
1659638277 15329716
1659638278 13506358
1659638279 15475126
1659638280 11476522
1659638281 15643158
1659638282 14490206
1659638283 14703204
1659638284 14702290
1659638285 13917526
1659638286 14337208
1659638287 14737240
1659638288 18580070
1659638289 13367736
1659638290 14900874
1659638291 13588240
1659638292 14255144
1659638293 19639462
1659638294 14218792
1659638295 13303590
1659638296 14294910
1659638297 14204848
1659638298 16060428
1659638299 16377258
1659638300 14565958
1659638301 15883336
1659638302 14482646
1659638303 15442760
1659638304 15749316
1659638305 14735122
1659638306 14523226
1659638307 15189478
1659638308 15085460
1659638309 13791896
1659638310 12814588
1659638311 14702506
1659638312 15854396
1659638313 13653040
1659638314 15375356
1659638315 13499060
1659638316 15908616
1659638317 17415560
1659638318 15834176
1659638319 18724804
1659638320 11509552
1659638321 18511624
1659638322 12156020
1659638323 16223462
1659638324 11252902
1659638325 15216348
1659638326 15494896
1659638327 14084768
1659638328 15503508
1659638329 12988220
1659638330 14876368
1659638331 14422038
1659638332 17063702
1659638333 15315734
1659638334 14477684
1659638335 15056018
1659638336 15157216
1659638337 14047256
1659638338 15439412
1659638339 13997118
1659638340 15235650
1659638341 14858584
1659638342 14346622
1659638343 13675430
1659638344 15097954
1659638345 13063618
1659638346 16580426
1659638347 12975726
1659638348 12613198
1659638349 20107832
1659638350 11114842
1659638351 17824554
1659638352 14878346
1659638353 14234468
1659638354 14989994
1659638355 15497304
1659638356 14359398
1659638357 14755138
1659638358 20298492
1659638359 12637436
1659638360 14538956
1659638361 14382518
1659638362 16575844
1659638363 15606482
1659638364 15383082
1659638365 13684546
1659638366 14741972
1659638367 14475148
1659638368 16406958
1659638369 13063652
1659638370 15095360
1659638371 14145434
1659638372 15079938
1659638373 12547926
1659638374 15614750
1659638375 11764224
1659638376 15883642
1659638377 14165150
1659638378 3456472
1659638379 1160
