# events called
1659635368 2683564
1659635369 980500
1659635370 3598372
1659635371 8946882
1659635372 12919968
1659635373 10499936
1659635374 10936668
1659635375 12148474
1659635376 11928716
1659635377 11904852
1659635378 12020392
1659635379 10882480
1659635380 12084826
1659635381 11120902
1659635382 12244564
1659635383 11745056
1659635384 10636716
1659635385 12252190
1659635386 11297310
1659635387 12211310
1659635388 10514658
1659635389 11987138
1659635390 12234324
1659635391 10699678
1659635392 11861400
1659635393 11569316
1659635394 11744386
1659635395 10697350
1659635396 11668410
1659635397 11713474
1659635398 13083886
1659635399 10082408
1659635400 10720852
1659635401 12214734
1659635402 11210198
1659635403 12407716
1659635404 11796280
1659635405 10589994
1659635406 13101342
1659635407 10379342
1659635408 11097522
1659635409 10743214
1659635410 11875114
1659635411 12161398
1659635412 10820948
1659635413 11463020
1659635414 11390584
1659635415 12088276
1659635416 11683564
1659635417 12221200
1659635418 11640396
1659635419 10769776
1659635420 11044436
1659635421 11418342
1659635422 11782962
1659635423 10743772
1659635424 11870866
1659635425 11583856
1659635426 11548586
1659635427 12054078
1659635428 11839590
1659635429 11686042
1659635430 13322604
1659635431 10959022
1659635432 11423380
1659635433 12122602
1659635434 10361368
1659635435 10940858
1659635436 13274974
1659635437 10111712
1659635438 12030146
1659635439 10314226
1659635440 11232268
1659635441 11225248
1659635442 12139642
1659635443 11790220
1659635444 10338124
1659635445 11617354
1659635446 11501774
1659635447 11831580
1659635448 10564074
1659635449 11689008
1659635450 11361914
1659635451 11819554
1659635452 10728362
1659635453 12154304
1659635454 12017546
1659635455 11187280
1659635456 11609436
1659635457 11751548
1659635458 12160706
1659635459 11208812
1659635460 11652750
1659635461 12154482
1659635462 12477356
1659635463 10948700
1659635464 11504668
1659635465 10833190
1659635466 11513510
1659635467 11373094
1659635468 12264084
1659635469 11259548
1659635470 10801348
1659635471 11913526
1659635472 11759662
1659635473 11546956
1659635474 11238050
1659635475 11006570
1659635476 12401594
1659635477 11046028
1659635478 10721358
1659635479 12059106
1659635480 11086308
1659635481 11627676
1659635482 12447404
1659635483 11349382
1659635484 10096434
1659635485 11682502
1659635486 12315618
1659635487 11137872
1659635488 12815432
1659635489 11925068
1659635490 13340700
1659635491 11006788
1659635492 13347562
1659635493 10476592
1659635494 11313646
1659635495 12737170
1659635496 11087776
1659635497 11793660
1659635498 11738158
1659635499 11093690
1659635500 10835768
1659635501 12410354
1659635502 12276920
1659635503 11603308
1659635504 10557802
1659635505 10851344
1659635506 12388358
1659635507 11113140
1659635508 11626130
1659635509 10929618
1659635510 11505998
1659635511 11069314
1659635512 12404950
1659635513 12086668
1659635514 10249680
1659635515 12442268
1659635516 10855274
1659635517 12600774
1659635518 11295298
1659635519 12155420
1659635520 12134436
1659635521 10491368
1659635522 11453242
1659635523 11600892
1659635524 11850808
1659635525 11528110
1659635526 13741918
1659635527 11080832
1659635528 10554074
1659635529 11571066
1659635530 11193032
1659635531 11631682
1659635532 11892734
1659635533 11024554
1659635534 11605060
1659635535 11373736
1659635536 11088746
1659635537 11682184
1659635538 10842162
1659635539 11988882
1659635540 11374854
1659635541 11588688
1659635542 10935540
1659635543 11924808
1659635544 10575448
1659635545 12446122
1659635546 13308674
1659635547 11067704
1659635548 13396844
1659635549 11271842
1659635550 10897590
1659635551 12328628
1659635552 10547586
1659635553 12059216
1659635554 11486288
1659635555 11756866
1659635556 10571920
1659635557 12036702
1659635558 12478738
1659635559 10864970
1659635560 10516884
1659635561 11197884
1659635562 12306912
1659635563 10911810
1659635564 11012380
1659635565 11210640
1659635566 12180830
1659635567 10849560
1659635568 12205616
1659635569 10711758
1659635570 11558872
1659635571 11378072
1659635572 11174268
1659635573 11770802
1659635574 11013480
1659635575 11284896
1659635576 11781000
1659635577 11570472
1659635578 12741926
1659635579 11758182
1659635580 11157794
1659635581 12895212
1659635582 11540392
1659635583 10827736
1659635584 11250524
1659635585 10521418
1659635586 12203884
1659635587 12598846
1659635588 10488626
1659635589 9781632
1659635590 11899208
1659635591 10425986
1659635592 12201190
1659635593 11731244
1659635594 10995628
1659635595 11320636
1659635596 11437202
1659635597 11197634
1659635598 12126478
1659635599 11063122
1659635600 12213756
1659635601 11512230
1659635602 11676230
1659635603 10917178
1659635604 10317398
1659635605 12313388
1659635606 10983724
1659635607 11845280
1659635608 11377902
1659635609 10765050
1659635610 13467364
1659635611 10980834
1659635612 11150992
1659635613 11488204
1659635614 10580918
1659635615 12641340
1659635616 12463694
1659635617 10372244
1659635618 10984158
1659635619 12702994
1659635620 11850490
1659635621 10372526
1659635622 11407584
1659635623 11509420
1659635624 10480496
1659635625 11822004
1659635626 10950966
1659635627 11590284
1659635628 11857744
1659635629 10067202
1659635630 12164418
1659635631 10565756
1659635632 11987766
1659635633 11308844
1659635634 10634560
1659635635 12892916
1659635636 10891892
1659635637 12117092
1659635638 12576234
1659635639 10989678
1659635640 11449986
1659635641 11033176
1659635642 11549600
1659635643 11438116
1659635644 11715294
1659635645 10312638
1659635646 11192676
1659635647 11457862
1659635648 11518222
1659635649 10125978
1659635650 12027894
1659635651 11279762
1659635652 11554120
1659635653 12979666
1659635654 10540232
1659635655 11628884
1659635656 11695462
1659635657 11074538
1659635658 11992752
1659635659 11318128
1659635660 10919218
1659635661 11978102
1659635662 11350246
1659635663 11092552
1659635664 11466914
1659635665 11580402
1659635666 11263046
1659635667 11990266
1659635668 12081326
1659635669 11167134
1659635670 10517848
1659635671 12118708
1659635672 12645528
1659635673 11429274
1659635674 10008454
1659635675 11309004
1659635676 13627448
1659635677 11066052
1659635678 10588396
1659635679 11147468
1659635680 12931148
1659635681 11024084
1659635682 10537974
1659635683 10939552
1659635684 11951822
1659635685 10502356
1659635686 12259030
1659635687 12297824
1659635688 11690936
1659635689 10546470
1659635690 11667722
1659635691 12036054
1659635692 10628780
1659635693 12398376
1659635694 9995464
1659635695 12236772
1659635696 11011944
1659635697 11754202
1659635698 13170984
1659635699 10253902
1659635700 12097436
1659635701 11438762
1659635702 11326784
1659635703 11549892
1659635704 11782036
1659635705 12766454
1659635706 11943300
1659635707 10456922
1659635708 11409406
1659635709 11363772
1659635710 10831530
1659635711 12369748
1659635712 11607920
1659635713 11505728
1659635714 10886546
1659635715 11567974
1659635716 11463328
1659635717 11673552
1659635718 11185898
1659635719 11463700
1659635720 10470032
1659635721 11742340
1659635722 11410682
1659635723 11241324
1659635724 11107588
1659635725 10789814
1659635726 11939622
1659635727 10840770
1659635728 11969058
1659635729 11287640
1659635730 11239012
1659635731 11764030
1659635732 11630372
1659635733 12350080
1659635734 11369466
1659635735 10254660
1659635736 11028716
1659635737 13429992
1659635738 10597970
1659635739 10769532
1659635740 11437386
1659635741 12288320
1659635742 10438502
1659635743 12328600
1659635744 11645978
1659635745 10671520
1659635746 12316474
1659635747 10310856
1659635748 12371604
1659635749 10081640
1659635750 12340758
1659635751 10657902
1659635752 11806160
1659635753 11284460
1659635754 11255228
1659635755 11042932
1659635756 12127692
1659635757 11728618
1659635758 12698030
1659635759 11980648
1659635760 10491350
1659635761 11294328
1659635762 13415022
1659635763 11041540
1659635764 9589990
1659635765 13557556
1659635766 10896732
1659635767 10300758
1659635768 11880484
1659635769 10329098
1659635770 11792896
1659635771 11181738
1659635772 11424080
1659635773 11145870
1659635774 11273866
1659635775 11676432
1659635776 10848290
1659635777 12442874
1659635778 10256894
1659635779 11310664
1659635780 10794406
1659635781 11605934
1659635782 11544644
1659635783 11197574
1659635784 11408654
1659635785 10933196
1659635786 11633110
1659635787 11349896
1659635788 12180450
1659635789 12099034
1659635790 10376168
1659635791 12344558
1659635792 10528520
1659635793 13322324
1659635794 10820552
1659635795 9714076
1659635796 12272028
1659635797 13368986
1659635798 10528278
1659635799 10482528
1659635800 10439390
1659635801 12298730
1659635802 12390468
1659635803 11739330
1659635804 11766996
1659635805 10596168
1659635806 12294864
1659635807 10436108
1659635808 12228736
1659635809 11297160
1659635810 12424084
1659635811 12984956
1659635812 11868088
1659635813 11506562
1659635814 11155890
1659635815 10971056
1659635816 11743274
1659635817 11668676
1659635818 11322532
1659635819 11609934
1659635820 12645860
1659635821 11294572
1659635822 11447222
1659635823 11612352
1659635824 11655412
1659635825 10301172
1659635826 11118084
1659635827 11592320
1659635828 12239198
1659635829 10346776
1659635830 11145026
1659635831 11404372
1659635832 11364402
1659635833 11750184
1659635834 11129978
1659635835 12282916
1659635836 10747736
1659635837 12206524
1659635838 10471884
1659635839 11801770
1659635840 10552336
1659635841 12231638
1659635842 11364724
1659635843 11203702
1659635844 10623074
1659635845 11124032
1659635846 11547154
1659635847 11776086
1659635848 12581722
1659635849 11057558
1659635850 10665762
1659635851 11933978
1659635852 11540506
1659635853 10103110
1659635854 12693218
1659635855 11550468
1659635856 10975740
1659635857 11699446
1659635858 10876302
1659635859 10268462
1659635860 12302356
1659635861 11538922
1659635862 12565404
1659635863 11980944
1659635864 10262680
1659635865 12027292
1659635866 11083274
1659635867 12392922
1659635868 11023526
1659635869 11875396
1659635870 10442334
1659635871 12211412
1659635872 10776974
1659635873 11637548
1659635874 10473104
1659635875 11303644
1659635876 11475056
1659635877 11708014
1659635878 11254664
1659635879 12194614
1659635880 12072284
1659635881 10084786
1659635882 11428456
1659635883 13447984
1659635884 10213210
1659635885 10580640
1659635886 11913380
1659635887 12983452
1659635888 11026944
1659635889 9921702
1659635890 11053942
1659635891 11597576
1659635892 11188374
1659635893 12392526
1659635894 10338574
1659635895 12445922
1659635896 10403844
1659635897 12245666
1659635898 11725494
1659635899 10766626
1659635900 11743274
1659635901 12100794
1659635902 11361738
1659635903 11571974
1659635904 11459748
1659635905 13927812
1659635906 13939364
1659635907 13768200
1659635908 13290674
1659635909 10620946
1659635910 11659868
1659635911 12941266
1659635912 10559320
1659635913 11552676
1659635914 11361248
1659635915 10256632
1659635916 11362192
1659635917 10898116
1659635918 13230734
1659635919 12396414
1659635920 11316678
1659635921 10039816
1659635922 12287302
1659635923 10146566
1659635924 11296076
1659635925 10772564
1659635926 12015238
1659635927 11470716
1659635928 11479330
1659635929 10735928
1659635930 11935650
1659635931 10955752
1659635932 11760810
1659635933 11353530
1659635934 10181158
1659635935 11643624
1659635936 11053050
1659635937 11762184
1659635938 11682600
1659635939 12083890
1659635940 11624590
1659635941 10304670
1659635942 12084786
1659635943 12435388
1659635944 10100136
1659635945 12328966
1659635946 10386398
1659635947 12434078
1659635948 10525568
1659635949 11825768
1659635950 11002010
1659635951 11587638
1659635952 13847454
1659635953 11796986
1659635954 11157292
1659635955 13693474
1659635956 11488582
1659635957 11225818
1659635958 11866270
1659635959 9733186
1659635960 12211024
1659635961 11810162
1659635962 13929278
1659635963 13946142
1659635964 13459748
1659635965 13442752
1659635966 11421088
1659635967 11086860
1659635968 11587932
1659635969 11025682
1659635970 12468404
1659635971 12101458
1659635972 10350396
1659635973 11128136
1659635974 11177034
1659635975 12176586
1659635976 12161086
1659635977 12054330
1659635978 11949950
1659635979 9929868
1659635980 11531080
1659635981 11019802
1659635982 12402936
1659635983 10364588
1659635984 11875714
1659635985 10315694
1659635986 12133448
1659635987 12847078
1659635988 12641096
1659635989 11942102
1659635990 11959090
1659635991 12113986
1659635992 10856278
1659635993 11911940
1659635994 10332036
1659635995 11807724
1659635996 11807452
1659635997 11301934
1659635998 12441280
1659635999 9687056
1659636000 11929670
1659636001 12565744
1659636002 10313040
1659636003 11979310
1659636004 10573354
1659636005 10637850
1659636006 12277610
1659636007 11903564
1659636008 13294640
1659636009 12112088
1659636010 12876484
1659636011 11410170
1659636012 12421746
1659636013 12325884
1659636014 10564848
1659636015 11852182
1659636016 11080346
1659636017 11818056
1659636018 11085672
1659636019 11428274
1659636020 10627136
1659636021 12195652
1659636022 10927706
1659636023 11931448
1659636024 10920530
1659636025 11317036
1659636026 11758834
1659636027 10921032
1659636028 11469064
1659636029 11396646
1659636030 10727014
1659636031 12872900
1659636032 11522688
1659636033 10312854
1659636034 12311858
1659636035 9761518
1659636036 12244536
1659636037 11124886
1659636038 11429138
1659636039 11086970
1659636040 11015970
1659636041 11729220
1659636042 12372972
1659636043 11899954
1659636044 10309444
1659636045 12395022
1659636046 10916180
1659636047 11681370
1659636048 11697844
1659636049 11043410
1659636050 11187836
1659636051 11850960
1659636052 12870104
1659636053 13918496
1659636054 13221384
1659636055 13972172
1659636056 12620508
1659636057 11528220
1659636058 12385654
1659636059 11207450
1659636060 11105956
1659636061 12096922
1659636062 11795296
1659636063 10738952
1659636064 11292088
1659636065 13411958
1659636066 10907040
1659636067 11596466
1659636068 10633838
1659636069 10471524
1659636070 11580618
1659636071 11257176
1659636072 11214432
1659636073 11499326
1659636074 10249898
1659636075 12206994
1659636076 10952044
1659636077 11795040
1659636078 11128376
1659636079 10719038
1659636080 11385188
1659636081 11697722
1659636082 10901346
1659636083 12239850
1659636084 10206594
1659636085 12014088
1659636086 10792454
1659636087 11705482
1659636088 11482922
1659636089 11750020
1659636090 12446616
1659636091 10297990
1659636092 12195172
1659636093 11624058
1659636094 10501158
1659636095 12194910
1659636096 10718830
1659636097 11195966
1659636098 13892314
1659636099 11587738
1659636100 10408112
1659636101 11303896
1659636102 11893336
1659636103 11324250
1659636104 11118164
1659636105 12452484
1659636106 13908814
1659636107 13924822
1659636108 13992736
1659636109 12168128
1659636110 11113678
1659636111 11872730
1659636112 11015214
1659636113 12188494
1659636114 11467552
1659636115 11400584
1659636116 11688704
1659636117 11489888
1659636118 12246202
1659636119 11431554
1659636120 12274946
1659636121 12427922
1659636122 11753366
1659636123 12366112
1659636124 9862160
1659636125 10940936
1659636126 12128976
1659636127 11752898
1659636128 12586004
1659636129 10336472
1659636130 10433786
1659636131 11140450
1659636132 11671606
1659636133 11792846
1659636134 10443100
1659636135 11254372
1659636136 12085352
1659636137 10840664
1659636138 11952512
1659636139 10450484
1659636140 12201092
1659636141 11242896
1659636142 10808960
1659636143 12279806
1659636144 10196432
1659636145 12147218
1659636146 12081292
1659636147 11182858
1659636148 11810932
1659636149 12188374
1659636150 11121410
1659636151 10552348
1659636152 12014298
1659636153 12615770
1659636154 10407926
1659636155 10438130
1659636156 13267080
1659636157 13559888
1659636158 12065072
1659636159 9677084
1659636160 11035118
1659636161 13227264
1659636162 12736036
1659636163 13967578
1659636164 12802116
1659636165 13942288
1659636166 12506214
1659636167 10668178
1659636168 10725438
1659636169 10888482
1659636170 11492008
1659636171 11781662
1659636172 11666076
1659636173 11547076
1659636174 10004440
1659636175 11773856
1659636176 11083184
1659636177 11506748
1659636178 12377902
1659636179 11049650
1659636180 12427374
1659636181 12283956
1659636182 12180896
1659636183 9950534
1659636184 10129138
1659636185 13059470
1659636186 11011340
1659636187 10544224
1659636188 12053746
1659636189 11174478
1659636190 11013372
1659636191 10392712
1659636192 11495858
1659636193 11638144
1659636194 10719272
1659636195 11511412
1659636196 12213220
1659636197 11269004
1659636198 11486964
1659636199 11073808
1659636200 11275288
1659636201 11698660
1659636202 11798340
1659636203 10827788
1659636204 11115056
1659636205 10222678
1659636206 12435884
1659636207 10590284
1659636208 12046374
1659636209 11047756
1659636210 12703766
1659636211 11847410
1659636212 10289234
1659636213 10783366
1659636214 10748862
1659636215 13022836
1659636216 10185800
1659636217 11573580
1659636218 12678054
1659636219 11998328
1659636220 13955298
1659636221 13920490
1659636222 13979782
1659636223 12114426
1659636224 9885130
1659636225 11648858
1659636226 11039620
1659636227 12391200
1659636228 10446606
1659636229 12031008
1659636230 10754352
1659636231 11052582
1659636232 12381470
1659636233 12346644
1659636234 11454236
1659636235 12273532
1659636236 10476022
1659636237 12334948
1659636238 11413536
1659636239 11251786
1659636240 11836062
1659636241 10809576
1659636242 11079300
1659636243 11004146
1659636244 12121672
1659636245 12988912
1659636246 10336022
1659636247 12572200
1659636248 10918906
1659636249 9848476
1659636250 11609326
1659636251 11504952
1659636252 11489392
1659636253 11709136
1659636254 10692970
1659636255 11410918
1659636256 11906182
1659636257 10617432
1659636258 12399160
1659636259 10716776
1659636260 11769396
1659636261 11133550
1659636262 12410568
1659636263 11404470
1659636264 11399690
1659636265 12554622
1659636266 11398752
1659636267 11732672
1659636268 11736952
1659636269 11394186
1659636270 10617450
1659636271 13580682
1659636272 11494046
1659636273 10212202
1659636274 11774408
1659636275 11199506
1659636276 13902068
1659636277 13887750
1659636278 13933808
1659636279 12100278
1659636280 11559840
1659636281 10588614
1659636282 12286528
1659636283 10764848
1659636284 10598368
1659636285 11583320
1659636286 11115574
1659636287 11845442
1659636288 11597700
1659636289 10703642
1659636290 12031168
1659636291 12389702
1659636292 11724886
1659636293 11727152
1659636294 10263266
1659636295 11701724
1659636296 11646528
1659636297 11105752
1659636298 13495260
1659636299 10826548
1659636300 11752640
1659636301 11565232
1659636302 11806378
1659636303 11229710
1659636304 10787328
1659636305 10628616
1659636306 11934998
1659636307 11249056
1659636308 11967896
1659636309 10570066
1659636310 12092824
1659636311 10594140
1659636312 12286266
1659636313 10621212
1659636314 11761660
1659636315 11551072
1659636316 11028344
1659636317 12068180
1659636318 10470822
1659636319 11257328
1659636320 10793842
1659636321 11942526
1659636322 13611450
1659636323 12531086
1659636324 10849960
1659636325 12256216
1659636326 10398970
1659636327 12340320
1659636328 10319444
1659636329 12395576
1659636330 12270612
1659636331 11327872
1659636332 11090556
1659636333 10855378
1659636334 12813464
1659636335 13888088
1659636336 13953478
1659636337 13945878
1659636338 13202578
1659636339 10102090
1659636340 11566466
1659636341 11371928
1659636342 11174352
1659636343 11594724
1659636344 12262384
1659636345 12443104
1659636346 11681712
1659636347 11287126
1659636348 11492500
1659636349 11818612
1659636350 12313744
1659636351 12239590
1659636352 11931758
1659636353 11609706
1659636354 10377576
1659636355 11950680
1659636356 11277598
1659636357 10825936
1659636358 12039900
1659636359 11806162
1659636360 11721338
1659636361 10880914
1659636362 11777028
1659636363 11039160
1659636364 11272028
1659636365 12286836
1659636366 10862792
1659636367 11702952
1659636368 11454084
1659636369 10881718
1659636370 11301922
1659636371 11468372
1659636372 11627176
1659636373 11137822
1659636374 11394300
1659636375 11466606
1659636376 11077004
1659636377 12048780
1659636378 10603212
1659636379 11829040
1659636380 11174856
1659636381 11730292
1659636382 11978284
1659636383 11707008
1659636384 10793050
1659636385 11353318
1659636386 11349348
1659636387 11106632
1659636388 12314798
1659636389 10353988
1659636390 13105750
1659636391 12461770
1659636392 13962078
1659636393 13926472
1659636394 12815028
1659636395 12650896
1659636396 10724400
1659636397 13223820
1659636398 11372818
1659636399 10143358
1659636400 11444634
1659636401 10240266
1659636402 12859018
1659636403 12077378
1659636404 10598372
1659636405 12287912
1659636406 12083840
1659636407 10312744
1659636408 11791266
1659636409 11148552
1659636410 11483820
1659636411 11920786
1659636412 10956584
1659636413 11633046
1659636414 11758302
1659636415 10763080
1659636416 11958624
1659636417 11287486
1659636418 11296714
1659636419 12205358
1659636420 10668924
1659636421 10804334
1659636422 12722776
1659636423 10920286
1659636424 10976248
1659636425 12042472
1659636426 10854482
1659636427 12189902
1659636428 11381106
1659636429 10199134
1659636430 10764710
1659636431 11677296
1659636432 10973162
1659636433 11777528
1659636434 11114908
1659636435 11320724
1659636436 11822266
1659636437 11222108
1659636438 12653820
1659636439 10190722
1659636440 12152718
1659636441 10212152
1659636442 12136562
1659636443 10810290
1659636444 10560608
1659636445 12506302
1659636446 13900648
1659636447 13901198
1659636448 13958202
1659636449 12408764
1659636450 10694704
1659636451 13029838
1659636452 10254396
1659636453 10818620
1659636454 11985712
1659636455 10623700
1659636456 11937876
1659636457 11687946
1659636458 10128788
1659636459 12105224
1659636460 12863118
1659636461 11392484
1659636462 10605678
1659636463 11538382
1659636464 11274112
1659636465 11419620
1659636466 11759760
1659636467 10953244
1659636468 11776100
1659636469 10733980
1659636470 11478900
1659636471 11711650
1659636472 10932452
1659636473 11866782
1659636474 10081634
1659636475 11986348
1659636476 10517124
1659636477 12336894
1659636478 10397810
1659636479 11886706
1659636480 11043018
1659636481 11330542
1659636482 10280546
1659636483 11293784
1659636484 10895084
1659636485 11626742
1659636486 11012288
1659636487 12220028
1659636488 10285616
1659636489 10658262
1659636490 11700136
1659636491 10822996
1659636492 11687866
1659636493 11857868
1659636494 9640874
1659636495 12355384
1659636496 12767796
1659636497 12430546
1659636498 12928122
1659636499 13135162
1659636500 11041986
1659636501 11597950
1659636502 13741024
1659636503 13938336
1659636504 13354806
1659636505 13943778
1659636506 11633012
1659636507 11383464
1659636508 12578164
1659636509 9380182
1659636510 13473636
1659636511 10268166
1659636512 11981830
1659636513 11935318
1659636514 9750488
1659636515 11413128
1659636516 12034724
1659636517 12646468
1659636518 11679964
1659636519 10906114
1659636520 11517194
1659636521 11010422
1659636522 11526722
1659636523 11999508
1659636524 10215684
1659636525 12021082
1659636526 10538510
1659636527 11778038
1659636528 10728492
1659636529 11755290
1659636530 11971648
1659636531 12334134
1659636532 10453632
1659636533 12190842
1659636534 10358668
1659636535 11744624
1659636536 12422766
1659636537 10511178
1659636538 13341812
1659636539 10625784
1659636540 11284780
1659636541 12368020
1659636542 11802746
1659636543 10928542
1659636544 10081964
1659636545 11388020
1659636546 10749224
1659636547 10499190
1659636548 12300284
1659636549 10424326
1659636550 11762268
1659636551 10861218
1659636552 11760982
1659636553 12295566
1659636554 11561394
1659636555 11473730
1659636556 11709668
1659636557 12129618
1659636558 11012926
1659636559 12624840
1659636560 13851302
1659636561 13922204
1659636562 13941754
1659636563 11717346
1659636564 11171030
1659636565 11872846
1659636566 13689458
1659636567 12458952
1659636568 11846034
1659636569 11375534
1659636570 8441800
1659636571 1296


# events submitted
1659635368 2683564
1659635369 980500
1659635370 3584608
1659635371 8921196
1659635372 12866546
1659635373 10488268
1659635374 10906952
1659635375 12129072
1659635376 11910486
1659635377 11890750
1659635378 11996694
1659635379 10866402
1659635380 12065096
1659635381 11104934
1659635382 12226062
1659635383 11730090
1659635384 10614132
1659635385 12233548
1659635386 11277220
1659635387 12187468
1659635388 10500256
1659635389 11958682
1659635390 12213320
1659635391 10690234
1659635392 11841942
1659635393 11551248
1659635394 11729766
1659635395 10683816
1659635396 11649706
1659635397 11696060
1659635398 13074688
1659635399 10072320
1659635400 10708176
1659635401 12191226
1659635402 11193632
1659635403 12391014
1659635404 11781448
1659635405 10570218
1659635406 13080746
1659635407 10365056
1659635408 11093814
1659635409 10727840
1659635410 11847572
1659635411 12141386
1659635412 10809598
1659635413 11449278
1659635414 11372442
1659635415 12062664
1659635416 11663414
1659635417 12209122
1659635418 11617838
1659635419 10750304
1659635420 11033930
1659635421 11400150
1659635422 11767410
1659635423 10717828
1659635424 11850116
1659635425 11565162
1659635426 11526070
1659635427 12035252
1659635428 11811406
1659635429 11668438
1659635430 13290626
1659635431 10943970
1659635432 11405176
1659635433 12102098
1659635434 10350110
1659635435 10926340
1659635436 13237430
1659635437 10097904
1659635438 12013458
1659635439 10296014
1659635440 11221420
1659635441 11208770
1659635442 12111574
1659635443 11774166
1659635444 10322376
1659635445 11596938
1659635446 11486294
1659635447 11817192
1659635448 10548282
1659635449 11669162
1659635450 11344904
1659635451 11795858
1659635452 7783860
1659635453 6197718
1659635454 3250866
1659635455 3145410
1659635456 3161396
1659635457 2675064
1659635458 3119738
1659635459 1847998
1659635460 2847310
1659635461 3286790
1659635462 3357736
1659635463 3026212
1659635464 2985348
1659635465 3270070
1659635466 3398782
1659635467 2655796
1659635468 3248210
1659635469 3092176
1659635470 2622062
1659635471 3134808
1659635472 2240724
1659635473 3204086
1659635474 2492408
1659635475 3057450
1659635476 3417498
1659635477 2686604
1659635478 2799106
1659635479 3030934
1659635480 1189398
1659635481 2398782
1659635482 2464450
1659635483 2474792
1659635484 2602714
1659635485 3176276
1659635486 3189000
1659635487 2878582
1659635488 2934076
1659635489 2653940
1659635490 3404736
1659635491 2687152
1659635492 3371352
1659635493 2036340
1659635494 3021856
1659635495 3058374
1659635496 2239972
1659635497 2272346
1659635498 2814838
1659635499 2436746
1659635500 2424368
1659635501 3189826
1659635502 2957134
1659635503 3279304
1659635504 3000766
1659635505 2863292
1659635506 3353342
1659635507 3223090
1659635508 2629404
1659635509 2952620
1659635510 2982618
1659635511 2256628
1659635512 2578628
1659635513 3025494
1659635514 1434622
1659635515 2995252
1659635516 2630280
1659635517 3236614
1659635518 3250730
1659635519 3098752
1659635520 3388302
1659635521 3044214
1659635522 3038670
1659635523 3053262
1659635524 2626086
1659635525 1652374
1659635526 3409864
1659635527 2615136
1659635528 2646836
1659635529 2101238
1659635530 3132872
1659635531 3331306
1659635532 3195126
1659635533 3402402
1659635534 2789978
1659635535 3265902
1659635536 3246078
1659635537 2645410
1659635538 3361640
1659635539 2246438
1659635540 2010388
1659635541 2899354
1659635542 2727930
1659635543 1748964
1659635544 2320320
1659635545 2102422
1659635546 3184194
1659635547 1357992
1659635548 2989278
1659635549 2714930
1659635550 2688238
1659635551 2664456
1659635552 1821574
1659635553 2671296
1659635554 3185362
1659635555 3366008
1659635556 3265368
1659635557 3398594
1659635558 3173106
1659635559 2661492
1659635560 2895790
1659635561 2879262
1659635562 2574058
1659635563 1335642
1659635564 2591478
1659635565 2486728
1659635566 3277556
1659635567 1795498
1659635568 3077362
1659635569 2607052
1659635570 3065776
1659635571 3393578
1659635572 3400974
1659635573 3353492
1659635574 3134758
1659635575 2433114
1659635576 3234662
1659635577 3188658
1659635578 3352076
1659635579 2935802
1659635580 2981324
1659635581 3342770
1659635582 3297100
1659635583 2604944
1659635584 2871480
1659635585 2105484
1659635586 2181534
1659635587 2538646
1659635588 2393704
1659635589 2327480
1659635590 3260242
1659635591 2168658
1659635592 2221520
1659635593 1463602
1659635594 1938258
1659635595 2114898
1659635596 2155696
1659635597 1791620
1659635598 1823200
1659635599 2008620
1659635600 1529344
1659635601 1667532
1659635602 2533186
1659635603 2149560
1659635604 2065354
1659635605 1638642
1659635606 1797772
1659635607 2447198
1659635608 1643284
1659635609 2656160
1659635610 237420
1659635611 1865850
1659635612 2526238
1659635613 1007604
1659635614 2731616
1659635615 2116200
1659635616 1297996
1659635617 2582484
1659635618 2653020
1659635619 785970
1659635620 1524454
1659635621 2670626
1659635622 3054902
1659635623 1530454
1659635624 2356338
1659635625 2035310
1659635626 2100380
1659635627 2290292
1659635628 1609752
1659635629 2675768
1659635630 1567208
1659635631 2144558
1659635632 1697518
1659635633 2397218
1659635634 1643254
1659635635 1209528
1659635636 1967800
1659635637 2110656
1659635638 477828
1659635639 2572516
1659635640 1382646
1659635641 1741888
1659635642 2291216
1659635643 3120886
1659635644 1317380
1659635645 2341062
1659635646 2991910
1659635647 2075554
1659635648 1714942
1659635649 2087350
1659635650 2155706
1659635651 1475002
1659635652 2311892
1659635653 872544
1659635654 1410210
1659635655 1884010
1659635656 2214980
1659635657 2194220
1659635658 948688
1659635659 2259226
1659635660 2463660
1659635661 2026668
1659635662 1944656
1659635663 1992416
1659635664 2348556
1659635665 1735524
1659635666 2654762
1659635667 1515206
1659635668 1729422
1659635669 1661632
1659635670 2927412
1659635671 1588030
1659635672 1385822
1659635673 1485396
1659635674 1690010
1659635675 2791810
1659635676 1352270
1659635677 1941028
1659635678 2041032
1659635679 2987178
1659635680 558878
1659635681 2759756
1659635682 2542462
1659635683 2552386
1659635684 1960012
1659635685 2503404
1659635686 1964410
1659635687 1477264
1659635688 1593266
1659635689 2070384
1659635690 1863088
1659635691 1788080
1659635692 2309966
1659635693 2213438
1659635694 2135296
1659635695 1803516
1659635696 2184850
1659635697 1862274
1659635698 861028
1659635699 2221026
1659635700 1920048
1659635701 2405990
1659635702 2612996
1659635703 1778522
1659635704 504134
1659635705 959490
1659635706 1700648
1659635707 2058808
1659635708 1700326
1659635709 1687968
1659635710 1836380
1659635711 3370434
1659635712 2544424
1659635713 1792546
1659635714 2373100
1659635715 1781426
1659635716 2573344
1659635717 1463204
1659635718 2388794
1659635719 2002550
1659635720 2119186
1659635721 2272206
1659635722 1838024
1659635723 1550944
1659635724 2134658
1659635725 2321180
1659635726 1838184
1659635727 2421522
1659635728 1303050
1659635729 2493416
1659635730 1921836
1659635731 2290036
1659635732 1481594
1659635733 1410822
1659635734 1695288
1659635735 2792620
1659635736 3062268
1659635737 66462
1659635738 2188306
1659635739 1892140
1659635740 2636356
1659635741 2067326
1659635742 1477038
1659635743 2659100
1659635744 1732016
1659635745 1950654
1659635746 2426746
1659635747 2687102
1659635748 1705294
1659635749 1894622
1659635750 1765552
1659635751 1740026
1659635752 2681684
1659635753 1952082
1659635754 1962308
1659635755 1651160
1659635756 2455634
1659635757 1568552
1659635758 693818
1659635759 1337816
1659635760 2471292
1659635761 1166004
1659635762 2145342
1659635763 1793684
1659635764 2267944
1659635765 1794746
1659635766 2014546
1659635767 3001934
1659635768 2301044
1659635769 2304544
1659635770 2085692
1659635771 1828524
1659635772 2169264
1659635773 2541294
1659635774 2243272
1659635775 1623898
1659635776 2261288
1659635777 1970112
1659635778 2211086
1659635779 2165624
1659635780 2007330
1659635781 1599700
1659635782 1858412
1659635783 1730872
1659635784 2586032
1659635785 1972116
1659635786 2632008
1659635787 1747420
1659635788 1451646
1659635789 1464370
1659635790 785982
1659635791 3333552
1659635792 2446980
1659635793 752878
1659635794 1594888
1659635795 1339578
1659635796 2873568
1659635797 1510730
1659635798 1582458
1659635799 2766226
1659635800 3132210
1659635801 2569566
1659635802 292584
1659635803 2398990
1659635804 1896548
1659635805 1719486
1659635806 2671556
1659635807 1822168
1659635808 1930938
1659635809 1909530
1659635810 1654786
1659635811 489848
1659635812 1347524
1659635813 2553934
1659635814 1463642
1659635815 2273846
1659635816 847286
1659635817 2402126
1659635818 2676370
1659635819 2048830
1659635820 866910
1659635821 2108918
1659635822 2513148
1659635823 1636250
1659635824 1556480
1659635825 2545174
1659635826 3366806
1659635827 1508508
1659635828 1465864
1659635829 1865550
1659635830 3287404
1659635831 859458
1659635832 3291970
1659635833 1705004
1659635834 2322496
1659635835 1498324
1659635836 2188312
1659635837 2008400
1659635838 1707446
1659635839 2682578
1659635840 2272090
1659635841 2041936
1659635842 1554362
1659635843 2866724
1659635844 1502568
1659635845 1807240
1659635846 1361840
1659635847 1879124
1659635848 2277102
1659635849 554620
1659635850 2653208
1659635851 1769594
1659635852 1204752
1659635853 2277214
1659635854 3242322
1659635855 1473238
1659635856 2475492
1659635857 708140
1659635858 2484776
1659635859 2495568
1659635860 3318712
1659635861 1690868
1659635862 1464112
1659635863 1607240
1659635864 1959430
1659635865 1838176
1659635866 2136948
1659635867 1430612
1659635868 2318802
1659635869 1881464
1659635870 2245586
1659635871 2146766
1659635872 968816
1659635873 2332908
1659635874 2537692
1659635875 1867376
1659635876 1878604
1659635877 2228548
1659635878 1376352
1659635879 1446374
1659635880 1585436
1659635881 1966486
1659635882 3364816
1659635883 404922
1659635884 2510194
1659635885 2866830
1659635886 1942480
1659635887 126682
1659635888 1679224
1659635889 1876050
1659635890 2799152
1659635891 3007112
1659635892 2655606
1659635893 1246162
1659635894 2183776
1659635895 1991194
1659635896 1724792
1659635897 2667584
1659635898 636410
1659635899 1785364
1659635900 3012944
1659635901 1883508
1659635902 1602898
1659635903 2430956
1659635904 1820080
1659635908 197310
1659635909 1680468
1659635910 2513670
1659635911 306176
1659635912 2662416
1659635913 2382192
1659635914 1018926
1659635915 2656884
1659635916 2289950
1659635917 2860968
1659635918 1174800
1659635919 81514
1659635920 1933814
1659635921 2133282
1659635922 3249352
1659635923 2532114
1659635924 1859682
1659635925 1548392
1659635926 1943016
1659635927 1817104
1659635928 2474322
1659635929 1930584
1659635930 2004994
1659635931 1743712
1659635932 2635368
1659635933 1690224
1659635934 1872888
1659635935 2291264
1659635936 1417112
1659635937 2687460
1659635938 1966168
1659635939 1249124
1659635940 1224356
1659635941 1289236
1659635942 2899152
1659635943 1918988
1659635944 1950406
1659635945 1758640
1659635946 3006950
1659635947 2068542
1659635948 2013782
1659635949 2378156
1659635950 1561138
1659635951 1978396
1659635952 850486
1659635953 1463318
1659635954 467072
1659635955 996366
1659635956 1607934
1659635957 2782884
1659635958 1536198
1659635959 2046056
1659635960 2273042
1659635961 1463374
1659635965 70698
1659635966 2857482
1659635967 1520454
1659635968 2233852
1659635969 2137846
1659635970 1132776
1659635971 1807590
1659635972 2795240
1659635973 1528878
1659635974 2039276
1659635975 2501464
1659635976 1381666
1659635977 1487774
1659635978 1641520
1659635979 2242068
1659635980 2054738
1659635981 2623196
1659635982 1659794
1659635983 2068184
1659635984 2322994
1659635985 1749224
1659635986 2642332
1659635987 7788
1659635988 1455638
1659635989 1463860
1659635990 458496
1659635991 1710924
1659635992 2216010
1659635993 2297838
1659635994 2712510
1659635995 1770962
1659635996 2182206
1659635997 1767280
1659635998 1127928
1659635999 2302482
1659636000 2639142
1659636001 772098
1659636002 3020680
1659636003 1373152
1659636004 2968246
1659636005 1825164
1659636006 2123102
1659636007 1864444
1659636008 309394
1659636009 1154416
1659636010 499702
1659636011 2108970
1659636012 1598716
1659636013 1172230
1659636014 2403116
1659636015 1945640
1659636016 2231362
1659636017 1441492
1659636018 1864342
1659636019 2172366
1659636020 2039862
1659636021 2152082
1659636022 1204890
1659636023 3129428
1659636024 1858916
1659636025 2421696
1659636026 1524164
1659636027 2083754
1659636028 2122284
1659636029 1151666
1659636030 1113912
1659636031 2745304
1659636032 1742974
1659636033 2751276
1659636034 1495150
1659636035 2654094
1659636036 3066674
1659636037 645504
1659636038 2850032
1659636039 2141702
1659636040 2687080
1659636041 1582920
1659636042 1802484
1659636043 1578096
1659636044 2443982
1659636045 1833120
1659636046 1747678
1659636047 2643616
1659636048 1463444
1659636049 1519958
1659636050 2205030
1659636051 2269926
1659636052 1323264
1659636056 632308
1659636057 2294950
1659636058 1465218
1659636059 694154
1659636060 1824470
1659636061 2205622
1659636062 1548844
1659636063 2621802
1659636064 2815896
1659636065 1142
1659636066 1829490
1659636067 2603262
1659636068 1714422
1659636069 1914116
1659636070 3198860
1659636071 1735970
1659636072 3145108
1659636073 1582194
1659636074 2353976
1659636075 1919860
1659636076 1470106
1659636077 1846304
1659636078 2694132
1659636079 2096532
1659636080 2136598
1659636081 1881578
1659636082 1892528
1659636083 2081092
1659636084 1716792
1659636085 2378984
1659636086 1835230
1659636087 2027024
1659636088 2287920
1659636089 897302
1659636090 1724854
1659636091 2028558
1659636092 2717868
1659636093 1355062
1659636094 2504490
1659636095 1159740
1659636096 2405722
1659636097 2820970
1659636099 1528488
1659636100 2645942
1659636101 3144892
1659636102 1463178
1659636103 2088532
1659636104 2301804
1659636105 1462820
1659636109 270818
1659636110 1595348
1659636111 2138148
1659636112 2477638
1659636113 1795784
1659636114 1970802
1659636115 1965666
1659636116 2424248
1659636117 1524850
1659636118 1178480
1659636119 2266000
1659636120 1463328
1659636121 1462780
1659636122 1464166
1659636123 279996
1659636124 2690424
1659636125 3074690
1659636126 1803682
1659636127 2400902
1659636128 583564
1659636129 2380210
1659636130 2862392
1659636131 1912094
1659636132 1351098
1659636133 2591288
1659636134 1518888
1659636135 2916948
1659636136 1493030
1659636137 1832122
1659636138 2457344
1659636139 1521736
1659636140 2926724
1659636141 1597878
1659636142 1861936
1659636143 2237226
1659636144 2036100
1659636145 2368758
1659636146 1668582
1659636147 1867958
1659636148 2460202
1659636149 276020
1659636150 2423952
1659636151 1658032
1659636152 2963618
1659636153 15840
1659636154 2719568
1659636155 2688390
1659636156 1895226
1659636157 1128
1659636158 1493828
1659636159 2634894
1659636160 3190318
1659636161 52954
1659636162 1412358
1659636166 802940
1659636167 2465766
1659636168 2958014
1659636169 2001332
1659636170 2149068
1659636171 1593614
1659636172 2634366
1659636173 1562288
1659636174 2863178
1659636175 1463758
1659636176 2231252
1659636177 2159176
1659636178 1303430
1659636179 1948818
1659636180 1139578
1659636181 901690
1659636182 2073904
1659636183 1606606
1659636184 1439076
1659636185 2811962
1659636186 1865480
1659636187 1222816
1659636188 2192588
1659636189 2045954
1659636190 1378520
1659636191 2553376
1659636192 3187142
1659636193 2961234
1659636194 1928186
1659636195 1898902
1659636196 1924914
1659636197 1907204
1659636198 2301398
1659636199 1914030
1659636200 2352592
1659636201 1878086
1659636202 1844392
1659636203 2303464
1659636204 1869684
1659636205 2585162
1659636206 1752672
1659636207 2103530
1659636208 1504606
1659636209 1990640
1659636210 652110
1659636211 2230936
1659636212 2023574
1659636213 2842926
1659636214 2246896
1659636215 761422
1659636216 2905570
1659636217 2746326
1659636218 434
1659636219 1463868
1659636223 631132
1659636224 1352870
1659636225 2998550
1659636226 2489590
1659636227 2775050
1659636228 2288528
1659636229 2103404
1659636230 1831104
1659636231 2426744
1659636232 1442820
1659636233 1619164
1659636234 1463784
1659636235 1462618
1659636236 2571598
1659636237 1640248
1659636238 1942440
1659636239 1165736
1659636240 1191752
1659636241 2572998
1659636242 2804116
1659636243 2155644
1659636244 2224952
1659636245 163476
1659636246 2573658
1659636247 1655390
1659636248 2015144
1659636249 2365952
1659636250 2942846
1659636251 1571258
1659636252 1837340
1659636253 2440236
1659636254 1320140
1659636255 3072124
1659636256 1583790
1659636257 2504070
1659636258 1749832
1659636259 1692962
1659636260 1468186
1659636261 2591790
1659636262 1667144
1659636263 2840650
1659636264 1463298
1659636265 1463896
1659636266 1505506
1659636267 1768016
1659636268 2400314
1659636269 1543560
1659636270 1689620
1659636271 1238256
1659636272 1913262
1659636273 2541388
1659636274 1400636
1659636275 2212522
1659636279 266296
1659636280 2661414
1659636281 1437628
1659636282 2954412
1659636283 1711654
1659636284 2575264
1659636285 1451996
1659636286 2689468
1659636287 1626250
1659636288 1840020
1659636289 1292154
1659636290 2913772
1659636291 970080
1659636292 1622096
1659636293 1826452
1659636294 1976506
1659636295 2388148
1659636296 1463630
1659636297 2151430
1659636298 776816
1659636299 947010
1659636300 2410340
1659636301 2286842
1659636302 2047206
1659636303 2558842
1659636304 2271004
1659636305 2731130
1659636306 1853416
1659636307 2014316
1659636308 1876802
1659636309 1935304
1659636310 1978416
1659636311 2223994
1659636312 2144060
1659636313 2010964
1659636314 2380334
1659636315 1607328
1659636316 2782858
1659636317 1419282
1659636318 2491682
1659636319 602354
1659636320 1738616
1659636321 2561056
1659636322 1433526
1659636323 346276
1659636324 2580810
1659636325 1465732
1659636326 2139794
1659636327 2249958
1659636328 1809728
1659636329 1119162
1659636330 1233790
1659636331 1746442
1659636332 2567878
1659636333 3164072
1659636334 69836
1659636338 67572
1659636339 2555342
1659636340 2353296
1659636341 2351804
1659636342 2255770
1659636343 2128352
1659636344 1462906
1659636345 1463338
1659636346 1463344
1659636347 1712734
1659636348 2462276
1659636349 1680294
1659636350 913086
1659636351 829940
1659636352 2467854
1659636353 1697458
1659636354 2044564
1659636355 2289562
1659636356 1609216
1659636357 2045350
1659636358 1982026
1659636359 1683078
1659636360 1463594
1659636361 2126366
1659636362 2265488
1659636363 1810122
1659636364 2511604
1659636365 794892
1659636366 2478954
1659636367 2651422
1659636368 1274456
1659636369 2848768
1659636370 1995244
1659636371 2039522
1659636372 2087892
1659636373 2076308
1659636374 2315326
1659636375 1751658
1659636376 2559718
1659636377 1544282
1659636378 1824058
1659636379 1699416
1659636380 2112648
1659636381 1875616
1659636382 2374588
1659636383 1821906
1659636384 2275126
1659636385 2115642
1659636386 734312
1659636387 2528240
1659636388 2527714
1659636389 2143356
1659636390 944072
1659636391 1463692
1659636395 614176
1659636396 2190096
1659636397 1586576
1659636398 1554494
1659636399 2173618
1659636400 2271476
1659636401 2816032
1659636402 1431104
1659636403 1492640
1659636404 2860180
1659636405 1501898
1659636406 1464300
1659636407 2387332
1659636408 2004804
1659636409 1814506
1659636410 2018638
1659636411 2021314
1659636412 2003976
1659636413 1673934
1659636414 2178778
1659636415 1872228
1659636416 2518096
1659636417 1542384
1659636418 2617204
1659636419 231954
1659636420 2245054
1659636421 2135450
1659636422 2076766
1659636423 1940606
1659636424 3207530
1659636425 856440
1659636426 2484982
1659636427 1499546
1659636428 2387818
1659636429 3008510
1659636430 1606716
1659636431 2162376
1659636432 2882594
1659636433 874430
1659636434 2644548
1659636435 2153284
1659636436 2283674
1659636437 1809878
1659636438 1262738
1659636439 2612592
1659636440 1671514
1659636441 2658654
1659636442 1239846
1659636443 2377138
1659636444 1614984
1659636445 2463078
1659636450 1863016
1659636451 1074044
1659636452 2349920
1659636453 3358674
1659636454 289086
1659636455 2714238
1659636456 1527236
1659636457 1970050
1659636458 2844632
1659636459 2503088
1659636460 1044
1659636461 1787342
1659636462 1718948
1659636463 2833884
1659636464 2520832
1659636465 2219986
1659636466 2093372
1659636467 1908646
1659636468 2483504
1659636469 1563392
1659636470 2649214
1659636471 1763666
1659636472 2371262
1659636473 1817540
1659636474 2644846
1659636475 896380
1659636476 2387918
1659636477 2572192
1659636478 2447864
1659636479 839792
1659636480 1844816
1659636481 1847886
1659636482 2942644
1659636483 2838316
1659636484 1201644
1659636485 1854500
1659636486 1535300
1659636487 2463612
1659636488 1858482
1659636489 3282652
1659636490 2176324
1659636491 2185102
1659636492 1930290
1659636493 1808564
1659636494 2846814
1659636495 1299082
1659636496 663866
1659636497 994338
1659636498 1444346
1659636500 2085896
1659636501 2304326
1659636506 1387232
1659636507 1688788
1659636508 1599362
1659636509 2469910
1659636510 1740652
1659636511 2199836
1659636512 1852090
1659636513 1803518
1659636514 1643332
1659636515 2235408
1659636516 2576846
1659636517 2327452
1659636518 1463792
1659636519 1889902
1659636520 1960786
1659636521 2604538
1659636522 1805624
1659636523 2044166
1659636524 2478338
1659636525 1858222
1659636526 2290884
1659636527 2127904
1659636528 2703412
1659636529 1653830
1659636530 1463212
1659636531 1464104
1659636532 1509898
1659636533 2743756
1659636534 1916124
1659636535 2614472
1659636536 999944
1659636537 2626292
1659636538 765468
1659636539 1863762
1659636540 2528136
1659636541 1462288
1659636542 474254
1659636543 2810490
1659636544 2137464
1659636545 2877170
1659636546 2454828
1659636547 2414828
1659636548 1963130
1659636549 1959552
1659636550 1758266
1659636551 2464906
1659636552 1887360
1659636553 1385794
1659636554 1157088
1659636555 1729378
1659636556 2319334
1659636557 1435928
1659636558 2323106
1659636559 604142
1659636563 1464096
1659636564 1463904
1659636565 402924
1659636566 1060406
1659636567 1464044
1659636568 1514718
1659636569 1413360
1659636570 517802
1659636571 144


# events lost
1659635452 2948288
1659635453 5957626
1659635454 8773202
1659635455 8046476
1659635456 8454512
1659635457 9079608
1659635458 9043470
1659635459 9362272
1659635460 8808842
1659635461 8875518
1659635462 9122192
1659635463 7930222
1659635464 8525188
1659635465 7573908
1659635466 8119562
1659635467 8718142
1659635468 9023410
1659635469 8169984
1659635470 8186004
1659635471 8783256
1659635472 9512732
1659635473 8346478
1659635474 8750128
1659635475 7951140
1659635476 8984770
1659635477 8362838
1659635478 7931720
1659635479 9026256
1659635480 9896102
1659635481 9231200
1659635482 9983586
1659635483 8872710
1659635484 7499406
1659635485 8507430
1659635486 9133012
1659635487 8262260
1659635488 9886066
1659635489 9276400
1659635490 9948708
1659635491 8326008
1659635492 9982126
1659635493 8441842
1659635494 8293512
1659635495 9688112
1659635496 8849590
1659635497 9522304
1659635498 8927308
1659635499 8660270
1659635500 8415834
1659635501 9227240
1659635502 9329514
1659635503 8333276
1659635504 7563866
1659635505 7994084
1659635506 9043258
1659635507 7899264
1659635508 8998828
1659635509 7980798
1659635510 8530592
1659635511 8809140
1659635512 9826198
1659635513 9062566
1659635514 8809662
1659635515 9451558
1659635516 8229362
1659635517 9373080
1659635518 8052110
1659635519 9063954
1659635520 8753398
1659635521 7455808
1659635522 8421892
1659635523 8553370
1659635524 9225100
1659635525 9873036
1659635526 10335470
1659635527 8470524
1659635528 7912414
1659635529 9467392
1659635530 8068642
1659635531 8304390
1659635532 8703524
1659635533 7635072
1659635534 8816946
1659635535 8112084
1659635536 7846486
1659635537 9040878
1659635538 7488830
1659635539 9739946
1659635540 9363486
1659635541 8687466
1659635542 8216752
1659635543 10175800
1659635544 8258770
1659635545 10343700
1659635546 10132194
1659635547 9706696
1659635548 10410454
1659635549 8564028
1659635550 8212724
1659635551 9668948
1659635552 8722960
1659635553 9394464
1659635554 8307568
1659635555 8395594
1659635556 7315650
1659635557 8646354
1659635558 9312258
1659635559 8210154
1659635560 7626284
1659635561 8321566
1659635562 9736776
1659635563 9573654
1659635564 8416370
1659635565 8723182
1659635566 8903032
1659635567 9053214
1659635568 9130224
1659635569 8111626
1659635570 8501226
1659635571 7994896
1659635572 7778722
1659635573 8424294
1659635574 7881696
1659635575 8855132
1659635576 8554698
1659635577 8390658
1659635578 9392014
1659635579 8826218
1659635580 8181018
1659635581 9553264
1659635582 8254204
1659635583 8225124
1659635584 8382702
1659635585 8421810
1659635586 10023574
1659635587 10061558
1659635588 8095468
1659635589 7457872
1659635590 8644006
1659635591 8257412
1659635592 9970624
1659635593 10257846
1659635594 9054332
1659635595 9204280
1659635596 9280214
1659635597 9401452
1659635598 10300914
1659635599 9051760
1659635600 10676976
1659635601 9841782
1659635602 9145932
1659635603 8767028
1659635604 8249544
1659635605 10674790
1659635606 9185072
1659635607 9396210
1659635608 9726332
1659635609 8113768
1659635610 13202134
1659635611 9110074
1659635612 8623852
1659635613 10471798
1659635614 7852474
1659635615 10519142
1659635616 11157182
1659635617 7790830
1659635618 8334372
1659635619 11901828
1659635620 10317670
1659635621 7705996
1659635622 8360532
1659635623 9972992
1659635624 8122552
1659635625 9788056
1659635626 8851142
1659635627 9298106
1659635628 10241640
1659635629 7397164
1659635630 10587136
1659635631 8417636
1659635632 10285862
1659635633 8914080
1659635634 8986300
1659635635 11665790
1659635636 8921768
1659635637 10002926
1659635638 12082380
1659635639 8421982
1659635640 10059964
1659635641 9291044
1659635642 9256526
1659635643 8323262
1659635644 10388622
1659635645 7970760
1659635646 8203574
1659635647 9380306
1659635648 9797020
1659635649 8038568
1659635650 9867934
1659635651 9800668
1659635652 9242654
1659635653 12090928
1659635654 9124448
1659635655 9744310
1659635656 9485008
1659635657 8882396
1659635658 11038960
1659635659 9059402
1659635660 8456940
1659635661 9954172
1659635662 9402032
1659635663 9101652
1659635664 9116336
1659635665 9845550
1659635666 8605646
1659635667 10469784
1659635668 10342764
1659635669 9499110
1659635670 7592494
1659635671 10523008
1659635672 11252374
1659635673 9935708
1659635674 8316216
1659635675 8527702
1659635676 12265270
1659635677 9118470
1659635678 8548998
1659635679 8163310
1659635680 12342998
1659635681 8265898
1659635682 7995786
1659635683 8388018
1659635684 9989930
1659635685 8001328
1659635686 10282128
1659635687 10815260
1659635688 10085516
1659635689 8476724
1659635690 9805148
1659635691 10244428
1659635692 8311918
1659635693 10180330
1659635694 7861686
1659635695 10424114
1659635696 8824400
1659635697 9882882
1659635698 12293466
1659635699 8030708
1659635700 10170326
1659635701 9030070
1659635702 8716714
1659635703 9763692
1659635704 11264526
1659635705 11796628
1659635706 10240674
1659635707 8399038
1659635708 9710998
1659635709 9672360
1659635710 8994792
1659635711 9008606
1659635712 9064920
1659635713 9704494
1659635714 8521124
1659635715 9781384
1659635716 8890818
1659635717 10199574
1659635718 8796224
1659635719 9460374
1659635720 8347528
1659635721 9470024
1659635722 9570700
1659635723 9683716
1659635724 8970900
1659635725 8466196
1659635726 10096564
1659635727 8414572
1659635728 10657188
1659635729 8795116
1659635730 9305692
1659635731 9469224
1659635732 10141892
1659635733 10923566
1659635734 9672130
1659635735 7466630
1659635736 7974072
1659635737 13337514
1659635738 8410252
1659635739 8875936
1659635740 8802116
1659635741 10207960
1659635742 8957988
1659635743 9672802
1659635744 9908818
1659635745 8720786
1659635746 9891400
1659635747 7627430
1659635748 10659358
1659635749 8183574
1659635750 10570254
1659635751 8916030
1659635752 9126358
1659635753 9327874
1659635754 9292294
1659635755 9391370
1659635756 9670866
1659635757 10153650
1659635758 11991968
1659635759 10632950
1659635760 8016450
1659635761 10122584
1659635762 11269482
1659635763 9249964
1659635764 7321944
1659635765 11754574
1659635766 8878812
1659635767 7302526
1659635768 9581210
1659635769 8028874
1659635770 9709366
1659635771 9348482
1659635772 9258072
1659635773 8607890
1659635774 9028600
1659635775 10049388
1659635776 8589868
1659635777 10468900
1659635778 8045044
1659635779 9146650
1659635780 8780410
1659635781 10006208
1659635782 9687440
1659635783 9458186
1659635784 8825070
1659635785 8962840
1659635786 9006132
1659635787 9599786
1659635788 10721052
1659635789 10624482
1659635790 9584150
1659635791 9015298
1659635792 8082610
1659635793 12547922
1659635794 9223390
1659635795 8372520
1659635796 9402450
1659635797 11852624
1659635798 8944178
1659635799 7720708
1659635800 7308030
1659635801 9729934
1659635802 12080124
1659635803 9342372
1659635804 9870270
1659635805 8880898
1659635806 9629024
1659635807 8613914
1659635808 10296672
1659635809 9385048
1659635810 10760434
1659635811 12467744
1659635812 10510922
1659635813 8955324
1659635814 9680994
1659635815 8694700
1659635816 10886012
1659635817 9260494
1659635818 8645842
1659635819 9558760
1659635820 11761286
1659635821 9182006
1659635822 8936462
1659635823 9970390
1659635824 10094168
1659635825 7760116
1659635826 7757784
1659635827 10076844
1659635828 10764248
1659635829 8475696
1659635830 7865618
1659635831 10530710
1659635832 8084184
1659635833 10040032
1659635834 8808176
1659635835 10777486
1659635836 8561808
1659635837 10193548
1659635838 8766328
1659635839 9126144
1659635840 8280768
1659635841 10191942
1659635842 9797544
1659635843 8340194
1659635844 9117412
1659635845 9315126
1659635846 10179952
1659635847 9902600
1659635848 10301514
1659635849 10486972
1659635850 8019530
1659635851 10156492
1659635852 10325458
1659635853 7829720
1659635854 9455552
1659635855 10071508
1659635856 8506440
1659635857 10977768
1659635858 8391738
1659635859 7771746
1659635860 8989208
1659635861 9842078
1659635862 11098716
1659635863 10362680
1659635864 8307878
1659635865 10186176
1659635866 8944540
1659635867 10954920
1659635868 8699846
1659635869 9989610
1659635870 8195966
1659635871 10063686
1659635872 9797886
1659635873 9309234
1659635874 7934842
1659635875 9432348
1659635876 9590610
1659635877 9480578
1659635878 9867476
1659635879 10738986
1659635880 10478454
1659635881 8116320
1659635882 8072176
1659635883 13026558
1659635884 7705674
1659635885 7715482
1659635886 9962528
1659635887 12834994
1659635888 9341648
1659635889 8045392
1659635890 8259520
1659635891 8596834
1659635892 8534652
1659635893 11137084
1659635894 8154878
1659635895 10449774
1659635896 8673016
1659635897 9577990
1659635898 11079202
1659635899 8982330
1659635900 8734980
1659635901 10211684
1659635902 9752556
1659635903 9141986
1659635904 9634902
1659635905 13891684
1659635906 13910100
1659635907 13738350
1659635908 13056782
1659635909 8938798
1659635910 9146270
1659635911 12623028
1659635912 7899314
1659635913 9173992
1659635914 10331692
1659635915 7605966
1659635916 9074208
1659635917 8041168
1659635918 12042556
1659635919 12291362
1659635920 9381940
1659635921 7912528
1659635922 9043418
1659635923 7619796
1659635924 9437288
1659635925 9214300
1659635926 10059802
1659635927 9648934
1659635928 9005940
1659635929 8800328
1659635930 9928882
1659635931 9203720
1659635932 9126482
1659635933 9657788
1659635934 8307188
1659635935 9352310
1659635936 9627660
1659635937 9078968
1659635938 9715580
1659635939 10821078
1659635940 10391486
1659635941 9013180
1659635942 9192922
1659635943 10509314
1659635944 8151198
1659635945 10561960
1659635946 7378786
1659635947 10360824
1659635948 8508078
1659635949 9446924
1659635950 9436230
1659635951 9610182
1659635952 12980548
1659635953 10324796
1659635954 10670914
1659635955 12679614
1659635956 9880894
1659635957 8445700
1659635958 10319796
1659635959 7682638
1659635960 9934344
1659635961 10334066
1659635962 13903212
1659635963 13916548
1659635964 13431804
1659635965 13349136
1659635966 8572328
1659635967 9559664
1659635968 9351884
1659635969 8885282
1659635970 11331082
1659635971 10286948
1659635972 7563310
1659635973 9590540
1659635974 9139842
1659635975 9676354
1659635976 10774544
1659635977 10561110
1659635978 10300136
1659635979 7691878
1659635980 9474530
1659635981 8397360
1659635982 10730730
1659635983 8294796
1659635984 9555686
1659635985 8564710
1659635986 9491452
1659635987 12822466
1659635988 11169832
1659635989 10469766
1659635990 11483754
1659635991 10398528
1659635992 8644480
1659635993 9612382
1659635994 7618218
1659635995 10024996
1659635996 9628100
1659635997 9530176
1659635998 11294550
1659635999 7384972
1659636000 9296722
1659636001 11787960
1659636002 7298600
1659636003 10599318
1659636004 7609818
1659636005 8808758
1659636006 10152170
1659636007 10034486
1659636008 12961800
1659636009 10951908
1659636010 12354610
1659636011 9298878
1659636012 10809622
1659636013 11142812
1659636014 8162782
1659636015 9903622
1659636016 8844442
1659636017 10370076
1659636018 9222310
1659636019 9256202
1659636020 8585018
1659636021 10046816
1659636022 9718696
1659636023 8806754
1659636024 9055662
1659636025 8896562
1659636026 10230990
1659636027 8839232
1659636028 9349962
1659636029 10234702
1659636030 9605238
1659636031 10134514
1659636032 9775032
1659636033 7563918
1659636034 10806566
1659636035 7112308
1659636036 9176182
1659636037 10469652
1659636038 8584778
1659636039 8945860
1659636040 8331028
1659636041 10145138
1659636042 10561906
1659636043 10316734
1659636044 7873838
1659636045 10557468
1659636046 9169526
1659636047 9043490
1659636048 10224454
1659636049 9520844
1659636050 8984094
1659636051 9588748
1659636052 11535216
1659636053 13889870
1659636054 13192980
1659636055 13940906
1659636056 11967054
1659636057 9234804
1659636058 10907944
1659636059 10499582
1659636060 9282744
1659636061 9888060
1659636062 10240876
1659636063 8121382
1659636064 8481478
1659636065 13384292
1659636066 9075978
1659636067 8994942
1659636068 8917954
1659636069 8553970
1659636070 8386438
1659636071 9521610
1659636072 8079594
1659636073 9914894
1659636074 7897026
1659636075 10284720
1659636076 9480130
1659636077 9948070
1659636078 8442546
1659636079 8621496
1659636080 9250374
1659636081 9809058
1659636082 9005020
1659636083 10157314
1659636084 8488034
1659636085 9636804
1659636086 8954596
1659636087 9684378
1659636088 9198862
1659636089 10835010
1659636090 10712020
1659636091 8271668
1659636092 9478392
1659636093 10260306
1659636094 8000316
1659636095 11026558
1659636096 8314010
1659636097 8380448
1659636098 13863816
1659636099 10052716
1659636100 7768016
1659636101 8164850
1659636102 10418780
1659636103 9235576
1659636104 8814764
1659636105 10979620
1659636106 13880174
1659636107 13895660
1659636108 13968362
1659636109 11871852
1659636110 9520964
1659636111 9737490
1659636112 8540324
1659636113 10392688
1659636114 9496710
1659636115 9436562
1659636116 9260840
1659636117 9963900
1659636118 11057574
1659636119 9164692
1659636120 10805804
1659636121 10957232
1659636122 10282734
1659636123 12065820
1659636124 7175920
1659636125 7873246
1659636126 10314410
1659636127 9350736
1659636128 11984432
1659636129 7962784
1659636130 7574190
1659636131 9228380
1659636132 10310798
1659636133 9199694
1659636134 8918756
1659636135 8341904
1659636136 10585398
1659636137 9008124
1659636138 9495500
1659636139 8928258
1659636140 9275180
1659636141 9642978
1659636142 8948610
1659636143 10039256
1659636144 8152750
1659636145 9775014
1659636146 10410270
1659636147 9311434
1659636148 9356172
1659636149 11897452
1659636150 8698660
1659636151 8893492
1659636152 9058394
1659636153 12580652
1659636154 7690356
1659636155 7750310
1659636156 11364698
1659636157 13528826
1659636158 10562132
1659636159 7046008
1659636160 7854964
1659636161 13149528
1659636162 11316470
1659636163 13937220
1659636164 12774540
1659636165 13911064
1659636166 11689918
1659636167 8209122
1659636168 7767742
1659636169 8884432
1659636170 9340066
1659636171 10180416
1659636172 9030116
1659636173 9978280
1659636174 7147668
1659636175 10302610
1659636176 8853732
1659636177 9344352
1659636178 11067738
1659636179 9100756
1659636180 11274594
1659636181 11371218
1659636182 10107300
1659636183 8345410
1659636184 8689602
1659636185 10248652
1659636186 9145172
1659636187 9318136
1659636188 9855718
1659636189 9127818
1659636190 9630906
1659636191 7841384
1659636192 8316382
1659636193 8675668
1659636194 8792184
1659636195 9606824
1659636196 10287886
1659636197 9359540
1659636198 9181622
1659636199 9158596
1659636200 8925218
1659636201 9820128
1659636202 9946904
1659636203 8528648
1659636204 9245684
1659636205 7638384
1659636206 10674758
1659636207 8486952
1659636208 10542570
1659636209 9058060
1659636210 12034490
1659636211 9610624
1659636212 8260398
1659636213 7948412
1659636214 8504126
1659636215 12249564
1659636216 7285714
1659636217 8826462
1659636218 12656128
1659636219 10525926
1659636220 13929994
1659636221 13894928
1659636222 13945772
1659636223 11468774
1659636224 8530082
1659636225 8656014
1659636226 8555720
1659636227 9616932
1659636228 8159470
1659636229 9922348
1659636230 8921722
1659636231 8624282
1659636232 10931998
1659636233 10715242
1659636234 9984324
1659636235 10805022
1659636236 7904032
1659636237 10688266
1659636238 9468924
1659636239 10073348
1659636240 10634012
1659636241 8240570
1659636242 8276996
1659636243 8847440
1659636244 9898702
1659636245 12801760
1659636246 7767360
1659636247 10906792
1659636248 8905394
1659636249 7484676
1659636250 8667872
1659636251 9930396
1659636252 9650528
1659636253 9270786
1659636254 9371488
1659636255 8341658
1659636256 10314702
1659636257 8113682
1659636258 10639420
1659636259 9026744
1659636260 10293864
1659636261 8549666
1659636262 10736914
1659636263 8566848
1659636264 9932550
1659636265 11086042
1659636266 9888520
1659636267 9960802
1659636268 9345320
1659636269 9850324
1659636270 8928658
1659636271 12332656
1659636272 9577904
1659636273 7672426
1659636274 10361748
1659636275 8985648
1659636276 13876760
1659636277 13868376
1659636278 13912176
1659636279 11812286
1659636280 8893008
1659636281 9148740
1659636282 9336188
1659636283 9050164
1659636284 8024404
1659636285 10118444
1659636286 8431748
1659636287 10208480
1659636288 9750654
1659636289 9413936
1659636290 9120010
1659636291 11409096
1659636292 10095808
1659636293 9899370
1659636294 8280642
1659636295 9307492
1659636296 10172320
1659636297 8958454
1659636298 12701852
1659636299 9876376
1659636300 9341080
1659636301 9278084
1659636302 9759324
1659636303 8670448
1659636304 8516758
1659636305 7902112
1659636306 10077454
1659636307 9234794
1659636308 10088134
1659636309 8639360
1659636310 10114958
1659636311 8376862
1659636312 10140858
1659636313 8606772
1659636314 9379956
1659636315 9939324
1659636316 8250582
1659636317 10642840
1659636318 7984694
1659636319 10645322
1659636320 9055164
1659636321 9388090
1659636322 12171378
1659636323 12166768
1659636324 8267600
1659636325 10779454
1659636326 8254176
1659636327 10087614
1659636328 8506558
1659636329 11264434
1659636330 11027410
1659636331 9576588
1659636332 8523108
1659636333 7697766
1659636334 12720194
1659636335 13868188
1659636336 13926814
1659636337 13910520
1659636338 13108830
1659636339 7552800
1659636340 9214662
1659636341 9020234
1659636342 8921942
1659636343 9462356
1659636344 10789494
1659636345 10969396
1659636346 10211642
1659636347 9575170
1659636348 9034708
1659636349 10133396
1659636350 11389864
1659636351 11393782
1659636352 9461954
1659636353 9911546
1659636354 8331740
1659636355 9662684
1659636356 9659366
1659636357 8776600
1659636358 10060666
1659636359 10117516
1659636360 10255742
1659636361 8747528
1659636362 9508094
1659636363 9223846
1659636364 8762830
1659636365 11479916
1659636366 8389962
1659636367 9059346
1659636368 10160206
1659636369 8032730
1659636370 9304218
1659636371 9424098
1659636372 9539738
1659636373 9061080
1659636374 9076140
1659636375 9716796
1659636376 8521550
1659636377 10497414
1659636378 8779600
1659636379 10124316
1659636380 9061000
1659636381 9855772
1659636382 9606868
1659636383 9874458
1659636384 8520146
1659636385 9237328
1659636386 10608790
1659636387 8581224
1659636388 9788136
1659636389 8212728
1659636390 12146502
1659636391 10981890
1659636392 13938850
1659636393 13895334
1659636394 12782374
1659636395 12013232
1659636396 8536624
1659636397 11618266
1659636398 9808970
1659636399 7969314
1659636400 9173890
1659636401 7428904
1659636402 11413808
1659636403 10580110
1659636404 7741544
1659636405 10776320
1659636406 10614464
1659636407 7925372
1659636408 9783892
1659636409 9326956
1659636410 9459758
1659636411 9898600
1659636412 8952204
1659636413 9952928
1659636414 9577150
1659636415 8886384
1659636416 9439990
1659636417 9739874
1659636418 8675872
1659636419 11955372
1659636420 8424560
1659636421 8670100
1659636422 10640504
1659636423 8976952
1659636424 7775874
1659636425 11169822
1659636426 8372314
1659636427 10678742
1659636428 8999172
1659636429 7194898
1659636430 9155834
1659636431 9513978
1659636432 8091496
1659636433 10889828
1659636434 8475440
1659636435 9166230
1659636436 9536462
1659636437 9407554
1659636438 11380578
1659636439 7581162
1659636440 10473176
1659636441 7556438
1659636442 10885822
1659636443 8430952
1659636444 8940454
1659636445 10045374
1659636446 13870028
1659636447 13868124
1659636448 13926562
1659636449 12386528
1659636450 8832498
1659636451 11941624
1659636452 7906988
1659636453 7466666
1659636454 11681428
1659636455 7913338
1659636456 10402222
1659636457 9715416
1659636458 7291348
1659636459 9600640
1659636460 12838342
1659636461 9600584
1659636462 8886502
1659636463 8713354
1659636464 8754992
1659636465 9199730
1659636466 9667308
1659636467 9043268
1659636468 9290360
1659636469 9166778
1659636470 8832506
1659636471 9948602
1659636472 8557780
1659636473 10042996
1659636474 7439152
1659636475 11085314
1659636476 8136900
1659636477 9769934
1659636478 7949302
1659636479 11032248
1659636480 9200426
1659636481 9482794
1659636482 7339544
1659636483 8456296
1659636484 9688198
1659636485 9770672
1659636486 9475466
1659636487 9756738
1659636488 8425232
1659636489 7382846
1659636490 9516664
1659636491 8637784
1659636492 9756520
1659636493 10043040
1659636494 6801066
1659636495 11043406
1659636496 12088100
1659636497 11426748
1659636498 11473634
1659636499 13112922
1659636500 8956036
1659636501 9297870
1659636502 13718480
1659636503 13912856
1659636504 13326286
1659636505 13924946
1659636506 10241370
1659636507 9686372
1659636508 10973758
1659636509 6911744
1659636510 11720302
1659636511 8069238
1659636512 10125152
1659636513 10120288
1659636514 8105428
1659636515 9173518
1659636516 9463196
1659636517 10318600
1659636518 10207696
1659636519 9014762
1659636520 9556614
1659636521 8408038
1659636522 9720722
1659636523 9951096
1659636524 7746092
1659636525 10166218
1659636526 8243858
1659636527 9651728
1659636528 8025030
1659636529 10093438
1659636530 10497250
1659636531 10860664
1659636532 8941968
1659636533 9451546
1659636534 8443372
1659636535 9134472
1659636536 11409814
1659636537 7886816
1659636538 12557006
1659636539 8759324
1659636540 8754804
1659636541 10892848
1659636542 11316134
1659636543 8119606
1659636544 7946852
1659636545 8520332
1659636546 8298424
1659636547 8089054
1659636548 10331692
1659636549 8462818
1659636550 10001958
1659636551 8396516
1659636552 9871884
1659636553 10899130
1659636554 10393658
1659636555 9744134
1659636556 9391424
1659636557 10688864
1659636558 8693554
1659636559 11998926
1659636560 13829134
1659636561 13890628
1659636562 13913586
1659636563 10246598
1659636564 9702762
1659636565 11457746
1659636566 12608904
1659636567 10986978
1659636568 10324248
1659636569 9954786
1659636570 7917234
1659636571 1152
