# events called
1659728478 3936946
1659728479 11342
1659728480 12263458
1659728481 19711654
1659728482 20473052
1659728483 19552124
1659728484 19863446
1659728485 19942310
1659728486 21380200
1659728487 20229782
1659728488 19671586
1659728489 18631514
1659728490 19448774
1659728491 21226076
1659728492 19201688
1659728493 20385920
1659728494 17722140
1659728495 20801440
1659728496 19792426
1659728497 19335778
1659728498 20053080
1659728499 19002196
1659728500 20053504
1659728501 21293492
1659728502 18213662
1659728503 20827622
1659728504 16289444
1659728505 20715262
1659728506 20941678
1659728507 18502830
1659728508 20965740
1659728509 19197342
1659728510 20923340
1659728511 18954602
1659728512 20030714
1659728513 20628236
1659728514 18197126
1659728515 21103752
1659728516 18821042
1659728517 19009934
1659728518 21048208
1659728519 17721504
1659728520 20995632
1659728521 19240590
1659728522 19897260
1659728523 19968386
1659728524 18676776
1659728525 20656644
1659728526 18264224
1659728527 21155268
1659728528 18348176
1659728529 18937218
1659728530 21897268
1659728531 20539090
1659728532 19840232
1659728533 21999664
1659728534 19312034
1659728535 21163430
1659728536 21467756
1659728537 20075552
1659728538 22310032
1659728539 19343940
1659728540 18900012
1659728541 21001780
1659728542 20286280
1659728543 20630674
1659728544 19316910
1659728545 22210180
1659728546 20181870
1659728547 18779808
1659728548 20210278
1659728549 18573214
1659728550 20866206
1659728551 21308120
1659728552 19823696
1659728553 21065804
1659728554 17096210
1659728555 21142018
1659728556 21154102
1659728557 20974432
1659728558 19980364
1659728559 19721194
1659728560 19829738
1659728561 21796250
1659728562 20525204
1659728563 20238262
1659728564 18196278
1659728565 20064210
1659728566 21567926
1659728567 20828576
1659728568 23460238
1659728569 19635440
1659728570 20645514
1659728571 20984608
1659728572 21225016
1659728573 20629720
1659728574 19630458
1659728575 19048094
1659728576 20107882
1659728577 23603232
1659728578 24000202
1659728579 22991506
1659728580 23945930
1659728581 23900562
1659728582 19853800
1659728583 19811718
1659728584 19572476
1659728585 20689928
1659728586 22090294
1659728587 21207208
1659728588 22328794
1659728589 18965626
1659728590 21738162
1659728591 20329528
1659728592 22164388
1659728593 19319454
1659728594 20245258
1659728595 20700210
1659728596 20163850
1659728597 22206682
1659728598 18770056
1659728599 20038664
1659728600 22260212
1659728601 19308006
1659728602 23147220
1659728603 20094844
1659728604 18453434
1659728605 22768058
1659728606 18662572
1659728607 21497330
1659728608 20388464
1659728609 19908602
1659728610 20878396
1659728611 20167772
1659728612 22129620
1659728613 19017884
1659728614 21592412
1659728615 20081806
1659728616 21538670
1659728617 20075234
1659728618 21114670
1659728619 19405420
1659728620 19570356
1659728621 21337482
1659728622 20483546
1659728623 21423342
1659728624 19215998
1659728625 21370660
1659728626 20305466
1659728627 21942848
1659728628 21540260
1659728629 18584874
1659728630 24073766
1659728631 24047690
1659728632 23794032
1659728633 22431084
1659728634 18350614
1659728635 21437652
1659728636 21773354
1659728637 22768058
1659728638 19586574
1659728639 19904044
1659728640 21541956
1659728641 22235196
1659728642 18258076
1659728643 22771874
1659728644 21017786
1659728645 21615096
1659728646 20411254
1659728647 21749928
1659728648 20196074
1659728649 21135870
1659728650 20594104
1659728651 20849882
1659728652 21031036
1659728653 20236036
1659728654 18563674
1659728655 19994674
1659728656 22241874
1659728657 20317126
1659728658 21800172
1659728659 21379140
1659728660 20855288
1659728661 20133640
1659728662 21870450
1659728663 19915704
1659728664 20486090
1659728665 23162908
1659728666 20327196
1659728667 19803768
1659728668 19642542
1659728669 20624208
1659728670 21293386
1659728671 20757026
1659728672 20433408
1659728673 21942106
1659728674 18712180
1659728675 22218024
1659728676 21489062
1659728677 19076184
1659728678 21732014
1659728679 18302172
1659728680 21776640
1659728681 19012690
1659728682 21838014
1659728683 20450792
1659728684 20063680
1659728685 22132694
1659728686 24040482
1659728687 23967660
1659728688 23949428
1659728689 19406692
1659728690 20624420
1659728691 21677848
1659728692 22092202
1659728693 19335248
1659728694 21351262
1659728695 20413268
1659728696 20727346
1659728697 21721838
1659728698 21166716
1659728699 21106614
1659728700 20911892
1659728701 20305254
1659728702 21587218
1659728703 19629822
1659728704 19660350
1659728705 20947932
1659728706 20519480
1659728707 20617318
1659728708 20948674
1659728709 18344996
1659728710 23051184
1659728711 18971032
1659728712 22158876
1659728713 19503364
1659728714 20157278
1659728715 21429808
1659728716 19536542
1659728717 21979948
1659728718 18924286
1659728719 20839600
1659728720 21599938
1659728721 20960864
1659728722 20278224
1659728723 19520960
1659728724 19132788
1659728725 20224376
1659728726 20714838
1659728727 21109688
1659728728 22183574
1659728729 19006012
1659728730 22024574
1659728731 20220984
1659728732 20691200
1659728733 21888682
1659728734 18729352
1659728735 22070896
1659728736 19709958
1659728737 21490970
1659728738 21362074
1659728739 19302918
1659728740 23103018
1659728741 24020236
1659728742 23958862
1659728743 23701494
1659728744 17971134
1659728745 20150494
1659728746 22162480
1659728747 19550322
1659728748 21029552
1659728749 22177214
1659728750 19094204
1659728751 22391440
1659728752 18172322
1659728753 20928640
1659728754 22258516
1659728755 20080428
1659728756 23062632
1659728757 18377644
1659728758 21233602
1659728759 19269634
1659728760 22452814
1659728761 19828996
1659728762 20637988
1659728763 20005592
1659728764 20946448
1659728765 22109798
1659728766 19793486
1659728767 20903942
1659728768 21824764
1659728769 19455452
1659728770 21288404
1659728771 19602898
1659728772 20909136
1659728773 19203278
1659728774 22051604
1659728775 19601414
1659728776 21606298
1659728777 18664480
1659728778 20013754
1659728779 21982386
1659728780 21874266
1659728781 21115200
1659728782 18877964
1659728783 19967432
1659728784 21002628
1659728785 21597818
1659728786 22198944
1659728787 18484916
1659728788 22464898
1659728789 19392594
1659728790 22170112
1659728791 19803238
1659728792 21181450
1659728793 20989908
1659728794 20375850
1659728795 20878820
1659728796 23683474
1659728797 21997438
1659728798 23987164
1659728799 23148068
1659728800 20635656
1659728801 21008882
1659728802 19286064
1659728803 18977816
1659728804 22133966
1659728805 19208048
1659728806 21873736
1659728807 20564636
1659728808 19649856
1659728809 22092944
1659728810 22617432
1659728811 19358568
1659728812 22120610
1659728813 22072486
1659728814 18400434
1659728815 22684424
1659728816 18383898
1659728817 21343630
1659728818 21555948
1659728819 19086148
1659728820 20761796
1659728821 20923446
1659728822 19440612
1659728823 20971994
1659728824 19926834
1659728825 21715584
1659728826 19848394
1659728827 19629716
1659728828 20190244
1659728829 20682720
1659728830 20817764
1659728831 19772710
1659728832 19287230
1659728833 18615084
1659728834 21831548
1659728835 19405420
1659728836 21298262
1659728837 19000288
1659728838 21619866
1659728839 20292216
1659728840 23614468
1659728841 19601732
1659728842 18950362
1659728843 20282994
1659728844 23255870
1659728845 20322108
1659728846 21012486
1659728847 19061238
1659728848 21928962
1659728849 18506010
1659728850 22740074
1659728851 23983136
1659728852 23075882
1659728853 23858586
1659728854 21832078
1659728855 20019796
1659728856 21031778
1659728857 19711336
1659728858 20387404
1659728859 21032732
1659728860 20514816
1659728861 21992562
1659728862 19999762
1659728863 21662478
1659728864 20786282
1659728865 21012274
1659728866 20607354
1659728867 19620706
1659728868 21561036
1659728869 19637560
1659728870 23739654
1659728871 19858888
1659728872 18617416
1659728873 20257766
1659728874 20456728
1659728875 20695864
1659728876 21034852
1659728877 21087640
1659728878 21720460
1659728879 18564840
1659728880 21305258
1659728881 21686222
1659728882 19770802
1659728883 20569936
1659728884 21318296
1659728885 19737518
1659728886 22105982
1659728887 18906902
1659728888 19239318
1659728889 21489168
1659728890 18687376
1659728891 22035916
1659728892 18027738
1659728893 20723000
1659728894 21367586
1659728895 19040038
1659728896 21780562
1659728897 21158978
1659728898 20804832
1659728899 21758196
1659728900 21881792
1659728901 23361446
1659728902 17993076
1659728903 21544288
1659728904 18744298
1659728905 22052664
1659728906 24012710
1659728907 21593578
1659728908 23863462
1659728909 21556478
1659728910 22434582
1659728911 21446344
1659728912 18881780
1659728913 21941046
1659728914 19879240
1659728915 19435524
1659728916 22261484
1659728917 21140322
1659728918 19585302
1659728919 21870344
1659728920 18839698
1659728921 22151138
1659728922 20408392
1659728923 21507400
1659728924 21855822
1659728925 21865680
1659728926 20513120
1659728927 20418250
1659728928 20876700
1659728929 21188340
1659728930 20781724
1659728931 21629830
1659728932 18513960
1659728933 20016192
1659728934 20470508
1659728935 22052770
1659728936 20707736
1659728937 18255426
1659728938 21968924
1659728939 19016506
1659728940 21551814
1659728941 20980898
1659728942 19646146
1659728943 21735300
1659728944 18868848
1659728945 21957900
1659728946 18880402
1659728947 20901186
1659728948 21329108
1659728949 21265296
1659728950 19962556
1659728951 21694490
1659728952 18377008
1659728953 21314798
1659728954 19506014
1659728955 21002946
1659728956 22038566
1659728957 20102052
1659728958 22841622
1659728959 19553184
1659728960 20299742
1659728961 22373102
1659728962 18280018
1659728963 21889742
1659728964 19937858
1659728965 20750560
1659728966 22117218
1659728967 18532404
1659728968 23427590
1659728969 24008152
1659728970 23983984
1659728971 23081818
1659728972 19735292
1659728973 20904366
1659728974 19907542
1659728975 22052770
1659728976 20661838
1659728977 20645726
1659728978 21477402
1659728979 21014606
1659728980 21201272
1659728981 19786384
1659728982 18822208
1659728983 19718332
1659728984 22296464
1659728985 20277164
1659728986 20678798
1659728987 18710590
1659728988 20667668
1659728989 20833770
1659728990 23137998
1659728991 18607452
1659728992 22225656
1659728993 19996794
1659728994 20563152
1659728995 20181976
1659728996 23687926
1659728997 16754360
1659728998 20292428
1659728999 19158228
1659729000 21838544
1659729001 19134484
1659729002 19534952
1659729003 21015030
1659729004 20100780
1659729005 21065698
1659729006 20838116
1659729007 19577246
1659729008 21901402
1659729009 20165122
1659729010 20821898
1659729011 20333662
1659729012 19639044
1659729013 22036446
1659729014 20607990
1659729015 21167458
1659729016 22380946
1659729017 19062616
1659729018 21640748
1659729019 20705510
1659729020 21944438
1659729021 22024998
1659729022 22211346
1659729023 24065180
1659729024 23829224
1659729025 20194696
1659729026 22439988
1659729027 19074594
1659729028 19376164
1659729029 20547252
1659729030 20451534
1659729031 22017260
1659729032 18543640
1659729033 22162268
1659729034 21614884
1659729035 22078528
1659729036 19471670
1659729037 21120712
1659729038 18901920
1659729039 22112236
1659729040 19616890
1659729041 21273882
1659729042 19812990
1659729043 20427896
1659729044 20833240
1659729045 20296774
1659729046 21311300
1659729047 18988416
1659729048 21638840
1659729049 20135972
1659729050 23726934
1659729051 18406476
1659729052 18765498
1659729053 22954088
1659729054 18906054
1659729055 21468286
1659729056 20524992
1659729057 18186950
1659729058 22159936
1659729059 19851044
1659729060 20397262
1659729061 20260840
1659729062 19545658
1659729063 22039414
1659729064 20454078
1659729065 20370762
1659729066 21597606
1659729067 20054034
1659729068 19355812
1659729069 20924718
1659729070 21757666
1659729071 18798782
1659729072 19642860
1659729073 19251402
1659729074 21223214
1659729075 23928334
1659729076 23842686
1659729077 22764136
1659729078 23870246
1659729079 21595380
1659729080 21186326
1659729081 21251834
1659729082 18306200
1659729083 22565704
1659729084 21825506
1659729085 18967534
1659729086 21548740
1659729087 19118902
1659729088 21958854
1659729089 22008674
1659729090 19450470
1659729091 21197138
1659729092 18279488
1659729093 20402456
1659729094 22088810
1659729095 18641690
1659729096 21948996
1659729097 17911562
1659729098 20206038
1659729099 21964684
1659729100 22146262
1659729101 19282672
1659729102 20610428
1659729103 20635868
1659729104 20034742
1659729105 21799430
1659729106 20011952
1659729107 20794868
1659729108 19678582
1659729109 21342464
1659729110 21532734
1659729111 19816064
1659729112 19720452
1659729113 21013440
1659729114 20865040
1659729115 21912214
1659729116 18160132
1659729117 21735724
1659729118 21886774
1659729119 19198826
1659729120 20574176
1659729121 20124524
1659729122 18658862
1659729123 20536122
1659729124 20319034
1659729125 21060292
1659729126 19983438
1659729127 19533468
1659729128 20141060
1659729129 20707312
1659729130 20614880
1659729131 23326678
1659729132 21321582
1659729133 23987376
1659729134 23750996
1659729135 20626858
1659729136 20390902
1659729137 20567286
1659729138 22031252
1659729139 20564424
1659729140 21913698
1659729141 19832176
1659729142 19661622
1659729143 20990226
1659729144 22243676
1659729145 22012384
1659729146 20726816
1659729147 17576390
1659729148 21956204
1659729149 20045448
1659729150 21456308
1659729151 20310236
1659729152 20447930
1659729153 21779926
1659729154 19584772
1659729155 22149654
1659729156 19314048
1659729157 20948992
1659729158 20299424
1659729159 20607354
1659729160 21870132
1659729161 19567388
1659729162 20658976
1659729163 20825714
1659729164 19719604
1659729165 21600998
1659729166 20550644
1659729167 19959694
1659729168 23509104
1659729169 18781928
1659729170 22018956
1659729171 19090812
1659729172 21157176
1659729173 21864514
1659729174 19133848
1659729175 20627918
1659729176 20391538
1659729177 20290944
1659729178 21031354
1659729179 20423974
1659729180 21019800
1659729181 19861432
1659729182 19582122
1659729183 19911252
1659729184 20885392
1659729185 19947610
1659729186 24075992
1659729187 21435638
1659729188 23773044
1659729189 23730644
1659729190 20769958
1659729191 20196710
1659729192 19896200
1659729193 19946020
1659729194 20995102
1659729195 19994038
1659729196 21405004
1659729197 21033580
1659729198 20976976
1659729199 23642452
1659729200 20439450
1659729201 19001666
1659729202 21298580
1659729203 19770802
1659729204 20041632
1659729205 23069098
1659729206 19492234
1659729207 20881258
1659729208 19819880
1659729209 19924608
1659729210 22286712
1659729211 18957252
1659729212 21444224
1659729213 19193844
1659729214 21992668
1659729215 20203388
1659729216 21029658
1659729217 20549902
1659729218 19641482
1659729219 21550754
1659729220 21269324
1659729221 19724480
1659729222 20318928
1659729223 20201904
1659729224 20673392
1659729225 21254802
1659729226 19450152
1659729227 20949734
1659729228 19019050
1659729229 21933838
1659729230 22146686
1659729231 19865990
1659729232 19453968
1659729233 19451636
1659729234 19522020
1659729235 23237532
1659729236 21418572
1659729237 17346052
1659729238 20225012
1659729239 21400022
1659729240 22550228
1659729241 24036136
1659729242 22104180
1659729243 23737216
1659729244 21620396
1659729245 20217274
1659729246 21234874
1659729247 18953436
1659729248 19910404
1659729249 22136828
1659729250 20916132
1659729251 20157490
1659729252 18313938
1659729253 19878074
1659729254 22016412
1659729255 19136392
1659729256 21921542
1659729257 17855912
1659729258 22091142
1659729259 20291050
1659729260 20467010
1659729261 22114250
1659729262 18291148
1659729263 21402566
1659729264 21355290
1659729265 20311614
1659729266 20648906
1659729267 19938282
1659729268 19128124
1659729269 21669474
1659729270 19838642
1659729271 20741656
1659729272 19196282
1659729273 19642012
1659729274 21751412
1659729275 18792528
1659729276 22402252
1659729277 17954810
1659729278 20530504
1659729279 21305894
1659729280 20077460
1659729281 20922280
1659729282 19222994
1659729283 20634278
1659729284 19623568
1659729285 20973478
1659729286 20474006
1659729287 19796772
1659729288 21099194
1659729289 21976768
1659729290 20451110
1659729291 21871828
1659729292 17543212
1659729293 20893660
1659729294 21862076
1659729295 23983560
1659729296 23844700
1659729297 22014822
1659729298 22918048
1659729299 19827618
1659729300 20678798
1659729301 20911256
1659729302 20796140
1659729303 20925142
1659729304 19486828
1659729305 20944222
1659729306 22228306
1659729307 19087314
1659729308 22006130
1659729309 19192360
1659729310 22182196
1659729311 20326772
1659729312 18483114
1659729313 21262116
1659729314 19352950
1659729315 21823492
1659729316 20280980
1659729317 18240480
1659729318 19861220
1659729319 23826468
1659729320 18598124
1659729321 22387730
1659729322 18593884
1659729323 20031774
1659729324 20517572
1659729325 20606188
1659729326 21981538
1659729327 18462020
1659729328 21929280
1659729329 18861216
1659729330 21917302
1659729331 20529338
1659729332 20253314
1659729333 20941042
1659729334 20772502
1659729335 20263066
1659729336 22025422
1659729337 17490318
1659729338 20453018
1659729339 20661202
1659729340 19997536
1659729341 21796462
1659729342 17947920
1659729343 21879248
1659729344 20517890
1659729345 21957582
1659729346 20138092
1659729347 19925774
1659729348 22082980
1659729349 23624326
1659729350 23892082
1659729351 23711352
1659729352 21178906
1659729353 23203612
1659729354 19091554
1659729355 20670106
1659729356 19049154
1659729357 19935844
1659729358 20494888
1659729359 22886036
1659729360 21233072
1659729361 20165440
1659729362 20838964
1659729363 22200110
1659729364 18974636
1659729365 21988110
1659729366 20935106
1659729367 19510890
1659729368 21063154
1659729369 19686426
1659729370 21842466
1659729371 18846164
1659729372 19309066
1659729373 20473794
1659729374 20593468
1659729375 20229782
1659729376 21256922
1659729377 19780872
1659729378 21290736
1659729379 20163426
1659729380 22629622
1659729381 20696924
1659729382 19900546
1659729383 19003680
1659729384 20107564
1659729385 23425470
1659729386 20178478
1659729387 17526358
1659729388 21573226
1659729389 20865252
1659729390 19945596
1659729391 20586790
1659729392 20178160
1659729393 21935640
1659729394 18920152
1659729395 21703924
1659729396 21882110
1659729397 19956514
1659729398 19697344
1659729399 20764552
1659729400 20702224
1659729401 20688338
1659729402 18377220
1659729403 22284486
1659729404 23892824
1659729405 23885616
1659729406 23683368
1659729407 19458632
1659729408 21684420
1659729409 20152084
1659729410 21144668
1659729411 19756068
1659729412 21117320
1659729413 22163646
1659729414 18959160
1659729415 22523516
1659729416 22278338
1659729417 18527104
1659729418 22179334
1659729419 19544810
1659729420 21406806
1659729421 20432136
1659729422 19886448
1659729423 22056480
1659729424 19036646
1659729425 22047894
1659729426 19449834
1659729427 21123680
1659729428 20821262
1659729429 20524886
1659729430 21198834
1659729431 20571420
1659729432 19556152
1659729433 22157922
1659729434 18825600
1659729435 21743780
1659729436 19958422
1659729437 20027110
1659729438 23141814
1659729439 18646778
1659729440 20824230
1659729441 22778764
1659729442 19102684
1659729443 21043226
1659729444 19777268
1659729445 21375430
1659729446 18752142
1659729447 17043952
1659729448 22078104
1659729449 19576610
1659729450 21599196
1659729451 18733698
1659729452 21090926
1659729453 20798790
1659729454 19933724
1659729455 21574498
1659729456 19007602
1659729457 20952914
1659729458 23996386
1659729459 23954728
1659729460 23813324
1659729461 23220360
1659729462 18816696
1659729463 21816178
1659729464 20097494
1659729465 20976128
1659729466 20431924
1659729467 19879664
1659729468 21855398
1659729469 21417936
1659729470 21600150
1659729471 21820948
1659729472 17775670
1659729473 20672544
1659729474 21926206
1659729475 19285958
1659729476 21678272
1659729477 19714198
1659729478 20778544
1659729479 19510890
1659729480 20970404
1659729481 19788716
1659729482 19644768
1659729483 19536330
1659729484 21277380
1659729485 20404152
1659729486 20289248
1659729487 20577356
1659729488 18748962
1659729489 21795508
1659729490 19266666
1659729491 21395994
1659729492 18806520
1659729493 20393976
1659729494 21340238
1659729495 19966266
1659729496 21167458
1659729497 20662262
1659729498 20904154
1659729499 21857094
1659729500 19964252
1659729501 20395142
1659729502 18805990
1659729503 20386768
1659729504 23974232
1659729505 21929386
1659729506 18388032
1659729507 19898108
1659729508 21768902
1659729509 19149006
1659729510 21339284
1659729511 20654842
1659729512 19608622
1659729513 23931938
1659729514 23975610
1659729515 23916674
1659729516 23966176
1659729517 18882840
1659729518 19931604
1659729519 21274730
1659729520 19484708
1659729521 21464046
1659729522 18971774
1659729523 21994576
1659729524 20040042
1659729525 20895144
1659729526 21393980
1659729527 20467434
1659729528 21820524
1659729529 20737628
1659729530 21516410
1659729531 20918782
1659729532 19493400
1659729533 19450046
1659729534 21885396
1659729535 19213454
1659729536 21419632
1659729537 21718658
1659729538 23624538
1659729539 21839392
1659729540 19507922
1659729541 21949314
1659729542 18327506
1659729543 21803564
1659729544 19707732
1659729545 22299114
1659729546 20590606
1659729547 19345318
1659729548 19031876
1659729549 21404262
1659729550 19157168
1659729551 21827202
1659729552 18368634
1659729553 20028064
1659729554 20886452
1659729555 19529864
1659729556 22291058
1659729557 22554680
1659729558 19471670
1659729559 20983548
1659729560 22382960
1659729561 19789034
1659729562 18705714
1659729563 21302078
1659729564 19674554
1659729565 21661206
1659729566 23757674
1659729567 21479522
1659729568 20466904
1659729569 20468282
1659729570 18774296
1659729571 21856564
1659729572 17405836
1659729573 21123786
1659729574 20585306
1659729575 20517890
1659729576 21100466
1659729577 20768898
1659729578 19214726
1659729579 21287450
1659729580 19243770
1659729581 21589444
1659729582 18950362
1659729583 21026584
1659729584 21304728
1659729585 19036858
1659729586 21889954
1659729587 18456084
1659729588 21488956
1659729589 21373628
1659729590 20506654
1659729591 20498386
1659729592 21631314
1659729593 17892694
1659729594 21102056
1659729595 23196086
1659729596 20133958
1659729597 18823268
1659729598 22268162
1659729599 20326136
1659729600 20338644
1659729601 20592196
1659729602 20639684
1659729603 22079588
1659729604 18768148
1659729605 21870768
1659729606 19559014
1659729607 20594422
1659729608 21344266
1659729609 19312988
1659729610 21886986
1659729611 23947944
1659729612 21777488
1659729613 23748664
1659729614 23486738
1659729615 19019156
1659729616 21739964
1659729617 17084338
1659729618 21696080
1659729619 23671284
1659729620 19401392
1659729621 21171274
1659729622 22035386
1659729623 21553510
1659729624 19327934
1659729625 21659086
1659729626 21514184
1659729627 19614452
1659729628 19649644
1659729629 21566442
1659729630 19481634
1659729631 21967758
1659729632 19056150
1659729633 20985880
1659729634 20574706
1659729635 21029870
1659729636 20326772
1659729637 20576932
1659729638 20501354
1659729639 21565700
1659729640 19841822
1659729641 22077362
1659729642 18769950
1659729643 20920796
1659729644 20731904
1659729645 20039724
1659729646 22029344
1659729647 19040674
1659729648 20753952
1659729649 21695868
1659729650 22041640
1659729651 21620926
1659729652 20069192
1659729653 19974004
1659729654 19782462
1659729655 21104282
1659729656 19702432
1659729657 20242502
1659729658 23450486
1659729659 18497000
1659729660 20390796
1659729661 20015450
1659729662 22071850
1659729663 23978366
1659729664 23983666
1659729665 23766366
1659729666 21585098
1659729667 19302812
1659729668 20974538
1659729669 21945498
1659729670 19181760
1659729671 22032630
1659729672 18726278
1659729673 20505064
1659729674 21939668
1659729675 20785540
1659729676 22082344
1659729677 19921852
1659729678 20198936
1659729679 23242832
1659729680 5904200
1659729681 1696


# events submitted
1659728478 3936946
1659728479 11342
1659728480 12210458
1659728481 19640846
1659728482 20424504
1659728483 19530924
1659728484 19832812
1659728485 19905634
1659728486 21346810
1659728487 20172118
1659728488 19649220
1659728489 18577242
1659728490 19422274
1659728491 21201060
1659728492 19161408
1659728493 20324334
1659728494 17669776
1659728495 20749394
1659728496 19764548
1659728497 19269952
1659728498 19985346
1659728499 18960962
1659728500 20012482
1659728501 21209010
1659728502 18178894
1659728503 20847550
1659728504 16275876
1659728505 20672650
1659728506 20926838
1659728507 18446650
1659728508 20940088
1659728509 19181018
1659728510 20893236
1659728511 18887822
1659728512 20010362
1659728513 20577886
1659728514 18146458
1659728515 21029552
1659728516 18758608
1659728517 19014174
1659728518 20988000
1659728519 17672320
1659728520 20907864
1659728521 19214726
1659728522 19894928
1659728523 19916022
1659728524 18695114
1659728525 20604386
1659728526 18249914
1659728527 21152088
1659728528 18030282
1659728529 13249364
1659728530 5267034
1659728531 5926248
1659728532 5283252
1659728533 5934834
1659728534 5434302
1659728535 4435570
1659728536 4977972
1659728537 2807304
1659728538 5625314
1659728539 5128810
1659728540 5117150
1659728541 5965786
1659728542 3749432
1659728543 5781558
1659728544 4640574
1659728545 4992918
1659728546 5209158
1659728547 6074224
1659728548 5270850
1659728549 2755152
1659728550 3434294
1659728551 4308264
1659728552 5245622
1659728553 5811874
1659728554 3681698
1659728555 3955284
1659728556 5777106
1659728557 2259284
1659728558 2772218
1659728559 1386480
1659728560 1944146
1659728561 2215506
1659728562 1386798
1659728563 2773066
1659728564 1386268
1659728565 2365072
1659728566 1794156
1659728567 1235960
1659728568 151898
1659728569 2277092
1659728570 1883302
1659728571 1882242
1659728572 2277198
1659728573 1387328
1659728574 1386162
1659728575 2812710
1659728576 2732892
1659728577 318
1659728582 1386586
1659728583 2805926
1659728584 2879808
1659728585 2457398
1659728586 1562228
1659728587 1321396
1659728588 1067632
1659728589 2151058
1659728590 1005622
1659728591 2772748
1659728592 1386586
1659728593 2292144
1659728594 1866554
1659728595 1386374
1659728596 2435562
1659728597 1723878
1659728598 2756000
1659728599 1403440
1659728600 634410
1659728601 2610780
1659728602 967356
1659728603 1753664
1659728604 3509554
1659728605 615436
1659728606 2570818
1659728607 2654452
1659728608 1389024
1659728609 2770522
1659728610 1386374
1659728611 2773172
1659728612 1386480
1659728613 1555762
1659728614 1861572
1659728615 2128798
1659728616 1386268
1659728617 2772960
1659728618 1386586
1659728619 1386480
1659728620 2571772
1659728621 821394
1659728622 3063612
1659728623 1034878
1659728624 2258754
1659728625 1862738
1659728626 1993436
1659728627 1643212
1659728628 1387540
1659728629 1386480
1659728633 421880
1659728634 2744976
1659728635 1882984
1659728636 1889132
1659728637 717196
1659728638 2233420
1659728639 2907474
1659728640 1123706
1659728641 1386692
1659728642 1944994
1659728643 2470436
1659728644 1802424
1659728645 1724090
1659728646 1979762
1659728647 1675224
1659728648 2268188
1659728649 1386480
1659728650 2298504
1659728651 1860618
1659728652 1794792
1659728653 2364542
1659728654 1734054
1659728655 2425280
1659728656 1385844
1659728657 1555338
1659728658 1881182
1659728659 950926
1659728660 2545908
1659728661 1373018
1659728662 2282180
1659728663 2289070
1659728664 1870900
1659728665 137482
1659728666 2684026
1659728667 2724624
1659728668 2425068
1659728669 1734584
1659728670 1536894
1659728671 1567740
1659728672 2440756
1659728673 1386480
1659728674 2345886
1659728675 1813342
1659728676 1430258
1659728677 2729288
1659728678 1386374
1659728679 2772960
1659728680 1386056
1659728681 2279742
1659728682 1879486
1659728683 1668334
1659728684 2217838
1659728685 1659006
1659728689 1386480
1659728690 1386268
1659728691 1433968
1659728692 1320124
1659728693 2353306
1659728694 1873020
1659728695 1996934
1659728696 1910226
1659728697 2250062
1659728698 1386480
1659728699 1386480
1659728700 1862526
1659728701 2296808
1659728702 1413616
1659728703 2745718
1659728704 1386162
1659728705 1745078
1659728706 1719744
1659728707 2687312
1659728708 780478
1659728709 3058100
1659728710 1102506
1659728711 2773596
1659728712 1386480
1659728713 1896234
1659728714 2262146
1659728715 1452942
1659728716 2706604
1659728717 1310372
1659728718 2551632
1659728719 1685506
1659728720 251750
1659728721 2532446
1659728722 2773172
1659728723 1736068
1659728724 2405034
1659728725 2013152
1659728726 1766490
1659728727 1897612
1659728728 1274226
1659728729 2055446
1659728730 2104524
1659728731 1386798
1659728732 2438318
1659728733 1722182
1659728734 2669716
1659728735 1490890
1659728736 1386586
1659728737 1828288
1659728738 2333060
1659728739 1789810
1659728740 982090
1659728744 1711264
1659728745 2210842
1659728746 1624026
1659728747 1387010
1659728748 1402486
1659728749 1386056
1659728750 2773596
1659728751 1386480
1659728752 2773172
1659728753 1386480
1659728754 1386374
1659728755 1541664
1659728756 1231826
1659728757 1491632
1659728758 2668868
1659728759 2773490
1659728760 1386798
1659728761 1812918
1659728762 1358602
1659728763 2785256
1659728764 1924536
1659728765 1825850
1659728766 2137172
1659728767 2023010
1659728768 1390296
1659728769 2769356
1659728770 1396020
1659728771 2764268
1659728772 1386692
1659728773 2773066
1659728774 1386586
1659728775 2507854
1659728776 1651692
1659728777 1757798
1659728778 1429834
1659728779 2358818
1659728780 697162
1659728781 2077388
1659728782 2241582
1659728783 2144592
1659728784 2014954
1659728785 1386904
1659728786 1066996
1659728787 2633782
1659728788 1846096
1659728789 1882136
1659728790 979122
1659728791 3108132
1659728792 1671302
1659728793 2066364
1659728794 1415100
1659728795 2744764
1659728799 61268
1659728800 1830938
1659728801 2267870
1659728802 1386586
1659728803 2746460
1659728804 1412768
1659728805 2416164
1659728806 1743806
1659728807 1405666
1659728808 1526400
1659728809 2614596
1659728810 86072
1659728811 3025346
1659728812 1050672
1659728813 1386374
1659728814 2711692
1659728815 1474248
1659728816 2789178
1659728817 1439162
1659728818 1034878
1659728819 2782182
1659728820 3116824
1659728821 1386586
1659728822 2172682
1659728823 1987818
1659728824 2210312
1659728825 1949128
1659728826 1630280
1659728827 2529372
1659728828 1499264
1659728829 2661236
1659728830 1387010
1659728831 2773066
1659728832 1386692
1659728833 2313662
1659728834 1846202
1659728835 2111414
1659728836 2049404
1659728837 1552688
1659728838 1221226
1659728839 2454748
1659728840 319590
1659728841 1451776
1659728842 4094462
1659728843 1387434
1659728844 167904
1659728845 2605692
1659728846 1388282
1659728847 2773702
1659728848 1386586
1659728849 2851400
1659728850 1307510
1659728854 1386586
1659728855 1575690
1659728856 2583432
1659728857 1386374
1659728858 2387862
1659728859 1772002
1659728860 2339844
1659728861 1819490
1659728862 1387010
1659728863 1387116
1659728864 2303168
1659728865 1857226
1659728866 2145334
1659728867 2014000
1659728868 1420188
1659728869 2738934
1659728870 1590
1659728871 2108658
1659728872 2321718
1659728873 2754940
1659728874 1589576
1659728875 2521104
1659728876 1861148
1659728877 976790
1659728878 1386374
1659728879 3345784
1659728880 2202044
1659728881 1387010
1659728882 1661550
1659728883 2498950
1659728884 1647134
1659728885 2513154
1659728886 1386586
1659728887 1386586
1659728888 2773066
1659728889 1386586
1659728890 2468316
1659728891 1691866
1659728892 1254828
1659728893 2417648
1659728894 1874504
1659728895 2187098
1659728896 1972872
1659728897 1386586
1659728898 1386798
1659728899 1386480
1659728900 1387010
1659728901 954
1659728902 2713176
1659728903 2246564
1659728904 2773384
1659728905 1386480
1659728909 1161866
1659728910 262880
1659728911 1490466
1659728912 2732998
1659728913 1387010
1659728914 2882882
1659728915 2663356
1659728916 1386586
1659728917 252386
1659728918 2520574
1659728919 1386374
1659728920 2693884
1659728921 1465874
1659728922 1386798
1659728923 716878
1659728924 2056506
1659728925 1386480
1659728926 1693774
1659728927 1907894
1659728928 2177982
1659728929 1197800
1659728930 2688160
1659728931 1386162
1659728932 338564
1659728933 3822360
1659728934 1395172
1659728935 1386692
1659728936 1874186
1659728937 3148306
1659728938 1911498
1659728939 2191126
1659728940 1967678
1659728941 1492586
1659728942 2667702
1659728943 1387010
1659728944 2773066
1659728945 1386268
1659728946 1853516
1659728947 2109930
1659728948 1583110
1659728949 1386904
1659728950 2336134
1659728951 1823518
1659728952 2283770
1659728953 1875458
1659728954 1791824
1659728955 2367722
1659728956 1386692
1659728957 1386374
1659728958 121688
1659728959 3076332
1659728960 2399628
1659728961 348952
1659728962 2030430
1659728963 2775928
1659728964 2246670
1659728965 1872384
1659728966 205640
1659728967 3160072
1659728968 836552
1659728971 196418
1659728972 2576860
1659728973 1386480
1659728974 2535520
1659728975 1624662
1659728976 1386268
1659728977 1833800
1659728978 2326170
1659728979 1386480
1659728980 1614698
1659728981 2544318
1659728982 1486756
1659728983 2633994
1659728984 1426124
1659728985 2277092
1659728986 1883302
1659728987 1693986
1659728988 2313026
1659728989 1540286
1659728990 380116
1659728991 2806668
1659728992 1083426
1659728993 2410122
1659728994 2582584
1659728995 2773702
1659728996 954
1659728997 1434922
1659728998 3252504
1659728999 3387230
1659729000 1512302
1659729001 2483050
1659729002 1567952
1659729003 1615758
1659729004 2023116
1659729005 2136006
1659729006 1386798
1659729007 2537322
1659729008 1622436
1659729009 1478700
1659729010 2680528
1659729011 1386162
1659729012 1852350
1659729013 2307514
1659729014 1386586
1659729015 1639820
1659729016 1305602
1659729017 2600816
1659729018 1386480
1659729019 1386798
1659729020 1386904
1659729021 1386798
1659729025 604518
1659729026 2202256
1659729027 2230876
1659729028 2772854
1659729029 2115654
1659729030 2043998
1659729031 1386480
1659729032 1971070
1659729033 1488452
1659729034 2087140
1659729035 1386374
1659729036 2773278
1659729037 1386798
1659729038 2339102
1659729039 1819914
1659729040 2025660
1659729041 2134098
1659729042 2113746
1659729043 2046436
1659729044 1892206
1659729045 2266598
1659729046 1474354
1659729047 2685086
1659729048 1387010
1659729049 2773278
1659729050 954
1659729051 1220378
1659729052 4327132
1659729053 26394
1659729054 3502558
1659729055 727584
1659729056 2512200
1659729057 2914046
1659729058 797650
1659729059 2332424
1659729060 2442664
1659729061 1445522
1659729062 2714978
1659729063 1386374
1659729064 1846944
1659729065 1574736
1659729066 1532654
1659729067 1979762
1659729068 1903124
1659729069 2256528
1659729070 1386374
1659729071 2665158
1659729072 1162820
1659729073 2213492
1659729074 1871748
1659729075 407464
1659729079 1387328
1659729080 1030638
1659729081 1758858
1659729082 2971286
1659729083 1173950
1659729084 1386692
1659729085 2773278
1659729086 1386798
1659729087 2773596
1659729088 1386798
1659729089 1387010
1659729090 1900050
1659729091 2259814
1659729092 2117986
1659729093 2041878
1659729094 1386692
1659729095 2579510
1659729096 1340370
1659729097 2313026
1659729098 1103460
1659729099 2369842
1659729100 1386586
1659729101 2063078
1659729102 2096680
1659729103 1386480
1659729104 2122968
1659729105 2037214
1659729106 1386798
1659729107 1590742
1659729108 1588622
1659729109 2369524
1659729110 1360934
1659729111 2044104
1659729112 2198334
1659729113 1961954
1659729114 1387434
1659729115 1386268
1659729116 3163782
1659729117 997566
1659729118 1386374
1659729119 2091380
1659729120 2738404
1659729121 1229600
1659729122 2375354
1659729123 2174590
1659729124 1871430
1659729125 1859028
1659729126 2300836
1659729127 1386374
1659729128 2544106
1659729129 1615970
1659729130 2021102
1659729131 751434
1659729135 1386586
1659729136 2390618
1659729137 1769352
1659729138 104304
1659729139 2911502
1659729140 1386798
1659729141 2379806
1659729142 2374506
1659729143 1785782
1659729144 1386480
1659729145 1386904
1659729146 1387222
1659729147 2772854
1659729148 1386374
1659729149 2075480
1659729150 2084702
1659729151 1748258
1659729152 2411500
1659729153 1386692
1659729154 2773172
1659729155 1386692
1659729156 2134416
1659729157 2025024
1659729158 1806876
1659729159 2352352
1659729160 1386586
1659729161 2336664
1659729162 1823836
1659729163 1435770
1659729164 1471386
1659729165 2639294
1659729166 1504564
1659729167 2655406
1659729168 954
1659729169 2533294
1659729170 1627842
1659729171 2774232
1659729172 1387752
1659729173 1386692
1659729174 1997358
1659729175 3149154
1659729176 1786630
1659729177 1386374
1659729178 2173424
1659729179 1988348
1659729180 1414782
1659729181 2545590
1659729182 1586714
1659729183 2720066
1659729184 1439374
1659729185 2647138
1659729186 126140
1659729190 1385950
1659729191 2363694
1659729192 1796700
1659729193 1867296
1659729194 2292780
1659729195 1783344
1659729196 1842280
1659729197 1577174
1659729198 1729496
1659729199 848
1659729200 2081098
1659729201 3465670
1659729202 954
1659729203 2620850
1659729204 2924540
1659729205 133984
1659729206 2381926
1659729207 1762780
1659729208 2773490
1659729209 2773278
1659729210 1386480
1659729211 2772960
1659729212 537420
1659729213 3300522
1659729214 1442766
1659729215 1898036
1659729216 1950400
1659729217 1963544
1659729218 2174166
1659729219 1985486
1659729220 1562228
1659729221 2597212
1659729222 1387010
1659729223 1472976
1659729224 2686994
1659729225 1387646
1659729226 2771794
1659729227 1386586
1659729228 2731620
1659729229 817472
1659729230 996930
1659729231 2388922
1659729232 1784192
1659729233 1652222
1659729234 3223778
1659729235 671404
1659729236 1386374
1659729237 2483262
1659729238 3063082
1659729239 1386374
1659729240 1386692
1659729244 1386374
1659729245 1519404
1659729246 2640778
1659729247 1386374
1659729248 2470436
1659729249 1689746
1659729250 1386798
1659729251 2773066
1659729252 1386586
1659729253 2240840
1659729254 1918918
1659729255 2199288
1659729256 1618938
1659729257 1728118
1659729258 1452942
1659729259 2706498
1659729260 1389554
1659729261 1384466
1659729262 2773490
1659729263 1065088
1659729264 2688054
1659729265 1547176
1659729266 2613006
1659729267 1386692
1659729268 2217308
1659729269 1942344
1659729270 1711476
1659729271 2448812
1659729272 1386692
1659729273 2773172
1659729274 1386480
1659729275 2773596
1659729276 694088
1659729277 2079614
1659729278 2468316
1659729279 1691866
1659729280 1578234
1659729281 2581418
1659729282 1386692
1659729283 1386692
1659729284 2773172
1659729285 1386162
1659729286 1789280
1659729287 2079084
1659729288 1678192
1659729289 1386480
1659729290 1397610
1659729291 1386904
1659729292 2773808
1659729293 1444356
1659729294 1386692
1659729298 228006
1659729299 2546120
1659729300 2478492
1659729301 1710734
1659729302 785354
1659729303 2197698
1659729304 2722186
1659729305 2613960
1659729306 1386374
1659729307 1386692
1659729308 1386798
1659729309 2772536
1659729310 1386480
1659729311 2196638
1659729312 1964074
1659729313 1588516
1659729314 2570288
1659729315 1386692
1659729316 2773172
1659729317 1386374
1659729318 1902276
1659729319 872592
1659729320 2604738
1659729321 1555762
1659729322 2411712
1659729323 2773384
1659729324 1387116
1659729325 2151376
1659729326 2006898
1659729327 2773278
1659729328 1386692
1659729329 2711904
1659729330 1448066
1659729331 1634732
1659729332 1812918
1659729333 2098694
1659729334 1386798
1659729335 2773596
1659729336 1386692
1659729337 1387222
1659729338 2773172
1659729339 1386374
1659729340 2773066
1659729341 1386798
1659729342 2773596
1659729343 1266170
1659729344 1506472
1659729345 1386692
1659729346 2773596
1659729347 1387116
1659729348 1386480
1659729352 1386798
1659729353 69642
1659729354 2773384
1659729355 2773490
1659729356 2320552
1659729357 1807724
1659729358 1419022
1659729359 591904
1659729360 2181798
1659729361 1738082
1659729362 2422842
1659729363 1386798
1659729364 1763628
1659729365 2396766
1659729366 1549296
1659729367 2610356
1659729368 1349592
1659729369 2810484
1659729370 1386798
1659729371 2472662
1659729372 1687520
1659729373 2207662
1659729374 1588410
1659729375 2769038
1659729376 454528
1659729377 2887334
1659729378 1578446
1659729379 2380018
1659729380 954
1659729381 2323096
1659729382 1838252
1659729383 1624026
1659729384 3922636
1659729385 848
1659729386 2773384
1659729387 2772960
1659729388 1387646
1659729389 1233310
1659729390 2276138
1659729391 2640036
1659729392 2170880
1659729393 1386480
1659729394 2506688
1659729395 1364856
1659729396 1674482
1659729397 1386586
1659729398 2772748
1659729399 1386692
1659729400 1587562
1659729401 2572620
1659729402 1386692
1659729403 1386904
1659729407 1386692
1659729408 597840
1659729409 2716250
1659729410 1613214
1659729411 2546226
1659729412 1387646
1659729413 1386162
1659729414 2456126
1659729415 1704798
1659729416 872910
1659729417 3072516
1659729418 1602296
1659729419 1458454
1659729420 2701940
1659729421 1518450
1659729422 2642686
1659729423 1386798
1659729424 2547922
1659729425 1611730
1659729426 1598798
1659729427 2095726
1659729428 1877790
1659729429 1939270
1659729430 2194518
1659729431 1386586
1659729432 2647350
1659729433 1512832
1659729434 2364012
1659729435 1795534
1659729436 1605264
1659729437 2555448
1659729438 1060
1659729439 2873978
1659729440 2363376
1659729441 380964
1659729442 1740944
1659729443 2419874
1659729444 2011244
1659729445 1645120
1659729446 3277414
1659729447 1766066
1659729448 1018554
1659729449 2761936
1659729450 1386374
1659729451 2530432
1659729452 1628902
1659729453 1790446
1659729454 2368676
1659729455 1386692
1659729456 2774020
1659729457 1386692
1659729461 11236
1659729462 2762254
1659729463 1386798
1659729464 2773596
1659729465 1179780
1659729466 1630704
1659729467 2570394
1659729468 1552900
1659729469 1560002
1659729470 1214230
1659729471 1386480
1659729472 2773172
1659729473 1387116
1659729474 1386480
1659729475 2773490
1659729476 1032228
1659729477 3128060
1659729478 1386586
1659729479 2773490
1659729480 1386692
1659729481 2772960
1659729482 1386268
1659729483 1920826
1659729484 2239038
1659729485 1386374
1659729486 2773490
1659729487 1386798
1659729488 2049298
1659729489 2111096
1659729490 1542830
1659729491 2389240
1659729492 1615016
1659729493 2773490
1659729494 1416902
1659729495 1937362
1659729496 2191868
1659729497 1412768
1659729498 1361888
1659729499 1386480
1659729500 1745290
1659729501 1960364
1659729502 3423058
1659729503 1386904
1659729505 1386904
1659729506 2840376
1659729507 2706180
1659729508 1386480
1659729509 2222714
1659729510 1937468
1659729511 1406514
1659729512 2753986
1659729517 1599434
1659729518 2560430
1659729519 1445522
1659729520 2713282
1659729521 1415418
1659729522 2744552
1659729523 1386374
1659729524 2153390
1659729525 1602296
1659729526 1790234
1659729527 1966194
1659729528 807402
1659729529 1426972
1659729530 2734270
1659729531 1386692
1659729532 2406518
1659729533 2938214
1659729534 1588622
1659729535 1874928
1659729536 2284724
1659729539 1483788
1659729540 2675864
1659729541 1386480
1659729542 2134416
1659729543 2026084
1659729544 2224834
1659729545 641830
1659729546 2650954
1659729547 1438950
1659729548 2749110
1659729549 1419022
1659729550 2550148
1659729551 1576750
1659729552 1560002
1659729553 2599544
1659729554 1386268
1659729555 2773596
1659729556 789382
1659729557 596992
1659729558 2095090
1659729559 2064774
1659729560 165890
1659729561 2115760
1659729562 2577072
1659729563 1516224
1659729564 2653498
1659729565 1449020
1659729567 1386904
1659729568 1386480
1659729569 2772960
1659729570 2585234
1659729571 952940
1659729572 2540714
1659729573 1178508
1659729574 2909700
1659729575 1396338
1659729576 2303380
1659729577 1389024
1659729578 2770098
1659729579 1386798
1659729580 1791082
1659729581 2369206
1659729582 1875034
1659729583 2284406
1659729584 1386480
1659729585 2773808
1659729586 1387010
1659729587 2062972
1659729588 2097846
1659729589 1443508
1659729590 1319276
1659729591 1750166
1659729592 1520252
1659729593 3175230
1659729594 1909484
1659729595 461842
1659729596 1695576
1659729597 3850980
1659729598 212
1659729599 2773172
1659729600 1386798
1659729601 2655618
1659729602 1504458
1659729603 1386692
1659729604 2772748
1659729605 1387540
1659729606 1934076
1659729607 2225788
1659729608 1400048
1659729609 2759498
1659729610 1387116
1659729615 2773172
1659729616 1386586
1659729617 2219428
1659729618 1940648
1659729619 70914
1659729620 2361998
1659729621 2011562
1659729622 1198012
1659729623 1386798
1659729624 2779638
1659729626 2781228
1659729627 2772854
1659729628 1761614
1659729629 2478174
1659729630 2692718
1659729631 1386268
1659729632 2584810
1659729633 1510500
1659729634 2187310
1659729635 1459620
1659729636 2338996
1659729637 1957184
1659729638 1826486
1659729639 1516436
1659729640 2643216
1659729641 1386904
1659729642 2499904
1659729643 1660384
1659729644 1900792
1659729645 2258860
1659729646 1386798
1659729647 2082264
1659729648 2077070
1659729649 1386480
1659729650 1387010
1659729651 330296
1659729652 2902280
1659729653 1386904
1659729654 3182544
1659729655 2278470
1659729656 1791612
1659729657 2368464
1659729658 6042
1659729659 2073042
1659729660 3473832
1659729661 1527354
1659729662 1245712
1659729666 1386480
1659729667 1933864
1659729668 2226424
1659729669 1386480
1659729670 2550148
1659729671 1609928
1659729672 975306
1659729673 1798396
1659729674 1387010
1659729675 2335392
1659729676 1824896
1659729677 2109294
1659729678 2050570
1659729679 19292
1659729680 1367930
1659729681 424


# events lost
1659728528 316092
1659728529 5751454
1659728530 16658960
1659728531 14656090
1659728532 14604892
1659728533 16114120
1659728534 13936880
1659728535 16777362
1659728536 16521690
1659728537 17275562
1659728538 16740050
1659728539 14240570
1659728540 13845402
1659728541 15113162
1659728542 16576810
1659728543 14908794
1659728544 14708984
1659728545 17272276
1659728546 15014158
1659728547 12747878
1659728548 15009706
1659728549 15838732
1659728550 17471132
1659728551 17022010
1659728552 14634678
1659728553 15322406
1659728554 13451082
1659728555 17209630
1659728556 15422788
1659728557 18663632
1659728558 17182812
1659728559 18270690
1659728560 17857396
1659728561 19555304
1659728562 19106924
1659728563 17463076
1659728564 16763476
1659728565 17673486
1659728566 19733914
1659728567 19549580
1659728568 23176158
1659728569 17299412
1659728570 18705502
1659728571 19069082
1659728572 18908492
1659728573 19192572
1659728574 18202850
1659728575 16208884
1659728576 17372552
1659728577 23513556
1659728578 23908830
1659728579 22870348
1659728580 23806752
1659728581 23815868
1659728582 18430644
1659728583 17006746
1659728584 16696272
1659728585 18200094
1659728586 20505912
1659728587 19831540
1659728588 21149968
1659728589 16798562
1659728590 20690882
1659728591 17550738
1659728592 20731162
1659728593 16973144
1659728594 18351038
1659728595 19249600
1659728596 17711646
1659728597 20415388
1659728598 16008226
1659728599 18585722
1659728600 21541532
1659728601 16667334
1659728602 22096230
1659728603 18306200
1659728604 14956070
1659728605 22034008
1659728606 16076490
1659728607 18805778
1659728608 18929798
1659728609 17124512
1659728610 19439022
1659728611 17375838
1659728612 20657598
1659728613 17437106
1659728614 19690348
1659728615 17921526
1659728616 20072902
1659728617 17262418
1659728618 19694270
1659728619 17951736
1659728620 16966360
1659728621 20436058
1659728622 17435940
1659728623 20317868
1659728624 16940390
1659728625 19458420
1659728626 18291784
1659728627 20195650
1659728628 20123676
1659728629 17158220
1659728630 23934800
1659728631 23934270
1659728632 23660896
1659728633 21890378
1659728634 15590586
1659728635 19510678
1659728636 19825604
1659728637 21949950
1659728638 17334922
1659728639 17009926
1659728640 20368430
1659728641 20798260
1659728642 16274710
1659728643 20284054
1659728644 19176248
1659728645 19813308
1659728646 18405310
1659728647 19991388
1659728648 17895238
1659728649 19707944
1659728650 18221506
1659728651 18965732
1659728652 19184940
1659728653 17825702
1659728654 16781602
1659728655 17537806
1659728656 20778120
1659728657 18718328
1659728658 19863764
1659728659 20334828
1659728660 18272916
1659728661 18707304
1659728662 19577034
1659728663 17572362
1659728664 18573744
1659728665 22896530
1659728666 17603738
1659728667 17062502
1659728668 17171046
1659728669 18851782
1659728670 19682928
1659728671 19152504
1659728672 17947390
1659728673 20493086
1659728674 16339158
1659728675 20354650
1659728676 20011422
1659728677 16351878
1659728678 20299212
1659728679 15518612
1659728680 20327832
1659728681 16703056
1659728682 19905634
1659728683 18767406
1659728684 17823900
1659728685 20433514
1659728686 23921338
1659728687 23827316
1659728688 23825938
1659728689 17960746
1659728690 19155896
1659728691 20190032
1659728692 20703814
1659728693 16950884
1659728694 19447608
1659728695 18357504
1659728696 18782776
1659728697 19411780
1659728698 19683458
1659728699 19612862
1659728700 19033678
1659728701 17959792
1659728702 20106928
1659728703 16858876
1659728704 18216100
1659728705 19146674
1659728706 18713558
1659728707 17921632
1659728708 20114772
1659728709 15281172
1659728710 21845010
1659728711 16184610
1659728712 20703284
1659728713 17573528
1659728714 17858032
1659728715 19910298
1659728716 16792838
1659728717 20618590
1659728718 16385162
1659728719 19089858
1659728720 21230846
1659728721 18400434
1659728722 17492968
1659728723 17749912
1659728724 16707296
1659728725 18179530
1659728726 18845104
1659728727 19187802
1659728728 20805892
1659728729 16934666
1659728730 19910722
1659728731 18784366
1659728732 18254578
1659728733 20153038
1659728734 16072250
1659728735 20532624
1659728736 18279064
1659728737 19629398
1659728738 19026576
1659728739 17476962
1659728740 22003374
1659728741 23910738
1659728742 23803360
1659728743 23522248
1659728744 16214396
1659728745 17884638
1659728746 20497962
1659728747 18142218
1659728748 19565692
1659728749 20724590
1659728750 16315202
1659728751 20948038
1659728752 15394910
1659728753 19494248
1659728754 20776530
1659728755 18531662
1659728756 21729364
1659728757 16837464
1659728758 18549152
1659728759 16491480
1659728760 20998176
1659728761 17954386
1659728762 19214408
1659728763 17198606
1659728764 18977604
1659728765 20227662
1659728766 17622500
1659728767 18852736
1659728768 20381786
1659728769 16686732
1659728770 19830692
1659728771 16819020
1659728772 19453332
1659728773 16399896
1659728774 20582020
1659728775 17074056
1659728776 19868746
1659728777 16886966
1659728778 18507070
1659728779 19573324
1659728780 21097074
1659728781 19000394
1659728782 16616348
1659728783 17799838
1659728784 18940398
1659728785 20150706
1659728786 21016408
1659728787 15826224
1659728788 20572480
1659728789 17476856
1659728790 21105448
1659728791 16667228
1659728792 19438280
1659728793 18874678
1659728794 18902980
1659728795 18093670
1659728796 23538784
1659728797 21854762
1659728798 23806858
1659728799 22969988
1659728800 18736454
1659728801 18705290
1659728802 17825172
1659728803 16234006
1659728804 20648482
1659728805 16776832
1659728806 20080428
1659728807 19107242
1659728808 18107344
1659728809 19444746
1659728810 22439988
1659728811 16299302
1659728812 20998706
1659728813 20649754
1659728814 15681322
1659728815 21148908
1659728816 15568114
1659728817 19844578
1659728818 20475172
1659728819 16320608
1659728820 17641686
1659728821 19494248
1659728822 17261358
1659728823 18938278
1659728824 17676242
1659728825 19713562
1659728826 18154620
1659728827 17072360
1659728828 18616886
1659728829 18015548
1659728830 19369804
1659728831 16994344
1659728832 17849658
1659728833 16275876
1659728834 19960648
1659728835 17264008
1659728836 19212182
1659728837 17411878
1659728838 20350198
1659728839 17812770
1659728840 23182200
1659728841 18113492
1659728842 14883460
1659728843 18850298
1659728844 22962674
1659728845 17701470
1659728846 19521172
1659728847 16269410
1659728848 20464678
1659728849 15643904
1659728850 21352852
1659728851 23879574
1659728852 22947092
1659728853 23748240
1659728854 20351576
1659728855 18402554
1659728856 18429054
1659728857 18259454
1659728858 17981098
1659728859 19220026
1659728860 18144338
1659728861 20070782
1659728862 18576712
1659728863 20211126
1659728864 18462338
1659728865 19132470
1659728866 18406900
1659728867 17576178
1659728868 20075658
1659728869 16819550
1659728870 23615634
1659728871 17732104
1659728872 16273438
1659728873 17466892
1659728874 18781504
1659728875 18155680
1659728876 19138406
1659728877 20047144
1659728878 20277588
1659728879 15231564
1659728880 19074488
1659728881 20277270
1659728882 18097168
1659728883 18024664
1659728884 19634910
1659728885 17174332
1659728886 20664700
1659728887 17447918
1659728888 16467736
1659728889 20047674
1659728890 16204432
1659728891 20338856
1659728892 16755526
1659728893 18304080
1659728894 19448668
1659728895 16839902
1659728896 19752358
1659728897 19716424
1659728898 19381358
1659728899 20317338
1659728900 20428956
1659728901 23245270
1659728902 15277992
1659728903 19248646
1659728904 15946322
1659728905 20614244
1659728906 23899502
1659728907 21478992
1659728908 23738488
1659728909 20324228
1659728910 22077680
1659728911 19916764
1659728912 16125568
1659728913 20498916
1659728914 16979504
1659728915 16751604
1659728916 20822004
1659728917 20776954
1659728918 17032610
1659728919 20402880
1659728920 16128112
1659728921 20615092
1659728922 18962446
1659728923 20718442
1659728924 19770590
1659728925 20405742
1659728926 18753202
1659728927 18468486
1659728928 18656530
1659728929 19909768
1659728930 18066216
1659728931 20189290
1659728932 18105754
1659728933 16197012
1659728934 19028272
1659728935 20591136
1659728936 18785956
1659728937 15116660
1659728938 19998066
1659728939 16793792
1659728940 19529228
1659728941 19457466
1659728942 16978444
1659728943 20294018
1659728944 16079776
1659728945 20495206
1659728946 17006216
1659728947 18734758
1659728948 19696920
1659728949 19828148
1659728950 17582538
1659728951 19847758
1659728952 16053594
1659728953 19408176
1659728954 17672850
1659728955 18612964
1659728956 20560502
1659728957 18671476
1659728958 22625064
1659728959 16456394
1659728960 17868738
1659728961 21937124
1659728962 16234536
1659728963 19094734
1659728964 17682284
1659728965 18828674
1659728966 21784696
1659728967 15370000
1659728968 22499030
1659728969 23892930
1659728970 23862932
1659728971 22724704
1659728972 17091334
1659728973 19413900
1659728974 17356546
1659728975 20372564
1659728976 19234972
1659728977 18755428
1659728978 19130032
1659728979 19572052
1659728980 19551064
1659728981 17218958
1659728982 17297928
1659728983 17055294
1659728984 20804620
1659728985 17981946
1659728986 18743238
1659728987 16938164
1659728988 18351356
1659728989 19229884
1659728990 22642236
1659728991 15778418
1659728992 21059656
1659728993 17567592
1659728994 17957884
1659728995 17386650
1659728996 23534438
1659728997 15306188
1659728998 17029854
1659728999 15748314
1659729000 20277164
1659729001 16650056
1659729002 17927462
1659729003 19354752
1659729004 18041836
1659729005 18872028
1659729006 19380616
1659729007 17022964
1659729008 20201268
1659729009 18630984
1659729010 18122290
1659729011 18881674
1659729012 17774398
1659729013 19697556
1659729014 19192678
1659729015 19488630
1659729016 21011638
1659729017 16425018
1659729018 20187700
1659729019 19269210
1659729020 20517148
1659729021 20582020
1659729022 22056268
1659729023 23977306
1659729024 23708808
1659729025 19518098
1659729026 20157066
1659729027 16828030
1659729028 16557942
1659729029 18411352
1659729030 18385488
1659729031 20571420
1659729032 16552430
1659729033 20620498
1659729034 19494142
1659729035 20590712
1659729036 16693198
1659729037 19655898
1659729038 16534834
1659729039 20227768
1659729040 17561656
1659729041 19088586
1659729042 17684298
1659729043 18358034
1659729044 18886974
1659729045 18014382
1659729046 19766668
1659729047 16290610
1659729048 20183990
1659729049 17358136
1659729050 23579382
1659729051 17162354
1659729052 14470060
1659729053 22804310
1659729054 15403072
1659729055 20688550
1659729056 17993182
1659729057 15282868
1659729058 21266038
1659729059 17496360
1659729060 17933186
1659729061 18794330
1659729062 16833012
1659729063 20607672
1659729064 18569716
1659729065 18752142
1659729066 20045342
1659729067 18047030
1659729068 17408168
1659729069 18634058
1659729070 20299000
1659729071 16114332
1659729072 18418878
1659729073 17013106
1659729074 19310656
1659729075 23418898
1659729076 23731280
1659729077 22641600
1659729078 23751102
1659729079 20160246
1659729080 20088590
1659729081 19468278
1659729082 15354100
1659729083 21318084
1659729084 20379136
1659729085 16146238
1659729086 20067814
1659729087 16343610
1659729088 20494358
1659729089 20556580
1659729090 17522754
1659729091 18915064
1659729092 16139666
1659729093 18339484
1659729094 20647422
1659729095 16074158
1659729096 20547888
1659729097 15578290
1659729098 19048730
1659729099 19574702
1659729100 20708160
1659729101 17198606
1659729102 18491594
1659729103 19218860
1659729104 17886864
1659729105 19695224
1659729106 18540354
1659729107 19138194
1659729108 18079148
1659729109 18944638
1659729110 20103112
1659729111 17735390
1659729112 17495618
1659729113 19027424
1659729114 19390262
1659729115 20489164
1659729116 14998364
1659729117 20655584
1659729118 20432878
1659729119 17077236
1659729120 17816374
1659729121 18851782
1659729122 16266654
1659729123 18319132
1659729124 18430644
1659729125 19143494
1659729126 17642852
1659729127 18094624
1659729128 17591866
1659729129 19020322
1659729130 18562614
1659729131 22460764
1659729132 21231906
1659729133 23864734
1659729134 23617330
1659729135 19170948
1659729136 17984172
1659729137 18784260
1659729138 21811620
1659729139 17625256
1659729140 20478246
1659729141 17435410
1659729142 17264538
1659729143 19175188
1659729144 20800592
1659729145 20562304
1659729146 19299526
1659729147 14792300
1659729148 20523296
1659729149 17949510
1659729150 19328358
1659729151 18531238
1659729152 18011308
1659729153 20344368
1659729154 16805664
1659729155 20693956
1659729156 17165004
1659729157 18904252
1659729158 18443046
1659729159 18232636
1659729160 20389206
1659729161 17216202
1659729162 18766876
1659729163 19333870
1659729164 18207726
1659729165 18959796
1659729166 19027530
1659729167 17292522
1659729168 23399394
1659729169 16251602
1659729170 20340976
1659729171 16295592
1659729172 19719498
1659729173 20428214
1659729174 17108930
1659729175 17484276
1659729176 18555830
1659729177 18846376
1659729178 18800372
1659729179 18381884
1659729180 19540994
1659729181 17300260
1659729182 17969332
1659729183 17141578
1659729184 19363020
1659729185 17295808
1659729186 23793820
1659729187 21390270
1659729188 23685276
1659729189 23559348
1659729190 19285852
1659729191 17805244
1659729192 18047136
1659729193 18052224
1659729194 18674868
1659729195 18181438
1659729196 19505272
1659729197 19398636
1659729198 19172644
1659729199 23534120
1659729200 18335986
1659729201 15550730
1659729202 21206784
1659729203 17117092
1659729204 17098436
1659729205 22813638
1659729206 17086776
1659729207 19051910
1659729208 17024872
1659729209 17133840
1659729210 20839706
1659729211 16165636
1659729212 20855394
1659729213 15904558
1659729214 20514074
1659729215 18243766
1659729216 19031876
1659729217 18544806
1659729218 17419722
1659729219 19516402
1659729220 19674024
1659729221 17112216
1659729222 18881038
1659729223 18685786
1659729224 17952690
1659729225 19823166
1659729226 16649526
1659729227 19508134
1659729228 16275558
1659729229 21014712
1659729230 21092516
1659729231 17433184
1659729232 17654406
1659729233 17771112
1659729234 16280646
1659729235 22500196
1659729236 19953334
1659729237 14853356
1659729238 17166912
1659729239 19974534
1659729240 21145940
1659729241 23891870
1659729242 21961928
1659729243 23602172
1659729244 20165016
1659729245 18665434
1659729246 18551060
1659729247 17512896
1659729248 17410712
1659729249 20345958
1659729250 19480786
1659729251 17396190
1659729252 16866084
1659729253 17602254
1659729254 20044706
1659729255 16910498
1659729256 20236036
1659729257 16091860
1659729258 20572798
1659729259 17559642
1659729260 19044490
1659729261 20646362
1659729262 15516174
1659729263 20298894
1659729264 18682288
1659729265 18705502
1659729266 18017880
1659729267 18505374
1659729268 16882514
1659729269 19711230
1659729270 18092292
1659729271 18254048
1659729272 17786906
1659729273 16860678
1659729274 20307904
1659729275 15984376
1659729276 21593260
1659729277 15877316
1659729278 18037702
1659729279 19558272
1659729280 18471772
1659729281 18334820
1659729282 17790192
1659729283 19225432
1659729284 16824532
1659729285 19540994
1659729286 18629924
1659729287 17685782
1659729288 19378602
1659729289 20550220
1659729290 18997638
1659729291 20440934
1659729292 14773538
1659729293 19384856
1659729294 20407968
1659729295 23901198
1659729296 23734778
1659729297 21883700
1659729298 22572806
1659729299 17249486
1659729300 18153136
1659729301 19160560
1659729302 19923972
1659729303 18671264
1659729304 16748530
1659729305 18302172
1659729306 20788614
1659729307 17672214
1659729308 20583186
1659729309 16416326
1659729310 20729042
1659729311 18103528
1659729312 16506214
1659729313 19634380
1659729314 16770684
1659729315 20382740
1659729316 17486926
1659729317 16783828
1659729318 17920678
1659729319 22891972
1659729320 15964236
1659729321 20754694
1659729322 16167756
1659729323 17249168
1659729324 19064948
1659729325 18424178
1659729326 19905210
1659729327 15672312
1659729328 20479094
1659729329 16138500
1659729330 20389630
1659729331 18853372
1659729332 18395982
1659729333 18803764
1659729334 19321574
1659729335 17459472
1659729336 20563258
1659729337 16045432
1659729338 17671260
1659729339 19225644
1659729340 17215672
1659729341 20361434
1659729342 15180684
1659729343 20537394
1659729344 18967852
1659729345 20511000
1659729346 17350080
1659729347 18456402
1659729348 20647528
1659729349 23536876
1659729350 23769122
1659729351 23575460
1659729352 19727978
1659729353 23018854
1659729354 16290504
1659729355 17892164
1659729356 16706024
1659729357 18067912
1659729358 19041840
1659729359 22193538
1659729360 19001348
1659729361 18368634
1659729362 18397572
1659729363 20764870
1659729364 17173590
1659729365 19544704
1659729366 19349346
1659729367 16888768
1659729368 19698192
1659729369 16853788
1659729370 20384118
1659729371 16381028
1659729372 17587944
1659729373 18235604
1659729374 18990854
1659729375 17456822
1659729376 20741762
1659729377 16882408
1659729378 19658018
1659729379 17754894
1659729380 22524788
1659729381 18376054
1659729382 18020742
1659729383 17346476
1659729384 16196270
1659729385 23321484
1659729386 17399688
1659729387 14730926
1659729388 20151766
1659729389 19574384
1659729390 17612006
1659729391 17948874
1659729392 17978872
1659729393 20490542
1659729394 16413252
1659729395 20310130
1659729396 20154734
1659729397 18498272
1659729398 16905304
1659729399 19324118
1659729400 19071732
1659729401 18074908
1659729402 16956290
1659729403 20863238
1659729404 23771242
1659729405 23794880
1659729406 23549702
1659729407 18023922
1659729408 20988106
1659729409 17420676
1659729410 19459374
1659729411 17190762
1659729412 19694164
1659729413 20744200
1659729414 16495720
1659729415 20780558
1659729416 21323808
1659729417 15447592
1659729418 20525840
1659729419 18052118
1659729420 18662360
1659729421 18875632
1659729422 17249910
1659729423 20614774
1659729424 16478760
1659729425 20349986
1659729426 17822522
1659729427 19018414
1659729428 18907644
1659729429 18557314
1659729430 19004740
1659729431 19142222
1659729432 16905410
1659729433 20618590
1659729434 16442402
1659729435 19863658
1659729436 18313620
1659729437 17450356
1659729438 23037722
1659729439 15760822
1659729440 18421210
1659729441 22293708
1659729442 17325700
1659729443 18575758
1659729444 17741326
1659729445 19699358
1659729446 15468580
1659729447 15258488
1659729448 21004642
1659729449 16829196
1659729450 20175722
1659729451 16188214
1659729452 19393336
1659729453 18972622
1659729454 17547134
1659729455 20137244
1659729456 16221816
1659729457 19525624
1659729458 23829118
1659729459 23825514
1659729460 23673616
1659729461 23074398
1659729462 16054230
1659729463 20334192
1659729464 17319446
1659729465 19762534
1659729466 18777688
1659729467 17296550
1659729468 20252042
1659729469 19826134
1659729470 20345428
1659729471 20392280
1659729472 14996986
1659729473 19232004
1659729474 20493510
1659729475 16485226
1659729476 20567286
1659729477 16583912
1659729478 19332280
1659729479 16708886
1659729480 19518522
1659729481 17005262
1659729482 18224262
1659729483 17608826
1659729484 18996790
1659729485 18973470
1659729486 17494558
1659729487 19137346
1659729488 16676026
1659729489 19645192
1659729490 17684086
1659729491 18996896
1659729492 17154192
1659729493 17615716
1659729494 19842352
1659729495 17990638
1659729496 18956404
1659729497 19191194
1659729498 19501032
1659729499 20432348
1659729500 18165326
1659729501 18381036
1659729502 15404662
1659729503 18949090
1659729504 23879998
1659729505 20474112
1659729506 15527516
1659729507 17189278
1659729508 20340870
1659729509 16901488
1659729510 19361748
1659729511 19181972
1659729512 16850396
1659729513 23812476
1659729514 23889856
1659729515 23745484
1659729516 23869398
1659729517 17203376
1659729518 17349656
1659729519 19766880
1659729520 16749908
1659729521 19985558
1659729522 16198284
1659729523 20551386
1659729524 17860894
1659729525 19220980
1659729526 19557742
1659729527 18472196
1659729528 20956518
1659729529 19255112
1659729530 18726596
1659729531 19517356
1659729532 17063244
1659729533 16506532
1659729534 20253314
1659729535 17293476
1659729536 19088162
1659729537 21653892
1659729538 23528502
1659729539 20281086
1659729540 16826122
1659729541 20487680
1659729542 16169664
1659729543 19723102
1659729544 17473146
1659729545 21536338
1659729546 17890362
1659729547 17868950
1659729548 16253404
1659729549 19942946
1659729550 16622602
1659729551 20207628
1659729552 16758918
1659729553 17398310
1659729554 19460434
1659729555 16727012
1659729556 21449736
1659729557 21869178
1659729558 17331954
1659729559 18874572
1659729560 22109162
1659729561 17624302
1659729562 16119632
1659729563 19763594
1659729564 16980458
1659729565 20163532
1659729566 23663440
1659729567 20046720
1659729568 19016294
1659729569 17692990
1659729570 16160124
1659729571 20840766
1659729572 14848692
1659729573 19869382
1659729574 17669458
1659729575 19063676
1659729576 18766982
1659729577 19314684
1659729578 16414206
1659729579 19832282
1659729580 17410182
1659729581 19211440
1659729582 17025932
1659729583 18695750
1659729584 19858570
1659729585 16259658
1659729586 20465632
1659729587 16365764
1659729588 19354646
1659729589 19864506
1659729590 19142752
1659729591 18699990
1659729592 20049582
1659729593 14723930
1659729594 19161832
1659729595 22643296
1659729596 18389622
1659729597 14990520
1659729598 22200640
1659729599 17530492
1659729600 18906372
1659729601 17919724
1659729602 19101200
1659729603 20649012
1659729604 15996884
1659729605 20423550
1659729606 17574376
1659729607 18335880
1659729608 19917506
1659729609 16556458
1659729610 20436058
1659729611 23829436
1659729612 21640324
1659729613 23603868
1659729614 23345652
1659729615 16223724
1659729616 20278224
1659729617 14864592
1659729618 19710276
1659729619 23469884
1659729620 17015120
1659729621 19142752
1659729622 20740278
1659729623 20121768
1659729624 16560592
1659729625 21537822
1659729626 18708788
1659729627 16848276
1659729628 17854004
1659729629 19069824
1659729630 16803756
1659729631 20497326
1659729632 16434028
1659729633 19429694
1659729634 18347752
1659729635 19503364
1659729636 17956188
1659729637 18542898
1659729638 18618370
1659729639 19968916
1659729640 17196698
1659729641 20607566
1659729642 16230614
1659729643 19218012
1659729644 18770798
1659729645 17726274
1659729646 20539302
1659729647 16923536
1659729648 18645824
1659729649 20259886
1659729650 20568346
1659729651 21229998
1659729652 17159280
1659729653 18564416
1659729654 16589742
1659729655 18812456
1659729656 17862696
1659729657 17849234
1659729658 23354556
1659729659 16398836
1659729660 16926080
1659729661 18463504
1659729662 20769322
1659729663 23890280
1659729664 23863462
1659729665 23624326
1659729666 20149858
1659729667 17330470
1659729668 18722674
1659729669 20496584
1659729670 16616348
1659729671 20370338
1659729672 17738570
1659729673 18653668
1659729674 20497856
1659729675 18452374
1659729676 20200314
1659729677 17765070
1659729678 18123880
1659729679 23131850
1659729680 4527048
1659729681 1272
