# events called
1659633478 3936
1659633479 2822320
1659633480 530768
1659633481 4720422
1659633482 8102898
1659633483 11234352
1659633484 9591954
1659633485 9922956
1659633486 10639242
1659633487 10902276
1659633488 11188236
1659633489 9503778
1659633490 10215222
1659633491 10467930
1659633492 10322820
1659633493 10907592
1659633494 9984654
1659633495 10327884
1659633496 10404348
1659633497 9865044
1659633498 10981116
1659633499 10933746
1659633500 10008792
1659633501 10001304
1659633502 10530846
1659633503 10796100
1659633504 9571932
1659633505 9258642
1659633506 10428822
1659633507 10744944
1659633508 10167234
1659633509 10371186
1659633510 10712820
1659633511 10149318
1659633512 10983186
1659633513 10588536
1659633514 9705240
1659633515 10068726
1659633516 11842278
1659633517 9878586
1659633518 10397418
1659633519 10856670
1659633520 10318434
1659633521 9540156
1659633522 10155228
1659633523 10753200
1659633524 9608994
1659633525 10608078
1659633526 10850334
1659633527 9610218
1659633528 11052156
1659633529 9932250
1659633530 10680738
1659633531 10837716
1659633532 9418188
1659633533 11259972
1659633534 9958602
1659633535 10687074
1659633536 10226364
1659633537 10001118
1659633538 10333626
1659633539 10584546
1659633540 10643958
1659633541 10296798
1659633542 9868530
1659633543 10214748
1659633544 11857338
1659633545 9707460
1659633546 10960794
1659633547 9680442
1659633548 10140288
1659633549 10545816
1659633550 10308456
1659633551 9489354
1659633552 10701600
1659633553 10102692
1659633554 10900872
1659633555 9326004
1659633556 10587234
1659633557 10928580
1659633558 9624984
1659633559 11181744
1659633560 8455542
1659633561 10886076
1659633562 10402320
1659633563 10159326
1659633564 11084184
1659633565 8887158
1659633566 10882014
1659633567 9950610
1659633568 10030092
1659633569 10484724
1659633570 10671306
1659633571 11054544
1659633572 10874982
1659633573 9895068
1659633574 10418910
1659633575 9544482
1659633576 10331478
1659633577 11075064
1659633578 12223140
1659633579 10285410
1659633580 9267522
1659633581 10173840
1659633582 10944648
1659633583 10499406
1659633584 10922088
1659633585 8883276
1659633586 10711902
1659633587 11072376
1659633588 10370904
1659633589 10430988
1659633590 9628746
1659633591 11012880
1659633592 9772836
1659633593 10664232
1659633594 9991404
1659633595 10224204
1659633596 10569174
1659633597 10122474
1659633598 11120526
1659633599 9573228
1659633600 12204774
1659633601 12318552
1659633602 10871766
1659633603 9791958
1659633604 9598290
1659633605 12170502
1659633606 10562298
1659633607 10443630
1659633608 10884822
1659633609 9880920
1659633610 10098882
1659633611 10324866
1659633612 10560792
1659633613 10109268
1659633614 9716730
1659633615 11041524
1659633616 10362708
1659633617 10173972
1659633618 10733964
1659633619 10338648
1659633620 9958476
1659633621 10505520
1659633622 10546728
1659633623 9779826
1659633624 9537594
1659633625 10170090
1659633626 10516080
1659633627 11024700
1659633628 10383480
1659633629 9849486
1659633630 10655772
1659633631 10083294
1659633632 12215568
1659633633 10411326
1659633634 9608112
1659633635 10514646
1659633636 10122102
1659633637 10294230
1659633638 11988408
1659633639 9368928
1659633640 10022688
1659633641 9795918
1659633642 11147328
1659633643 9907620
1659633644 10843356
1659633645 9207378
1659633646 11111730
1659633647 9476868
1659633648 10875216
1659633649 10546962
1659633650 9507060
1659633651 10993566
1659633652 9261864
1659633653 11031870
1659633654 9023226
1659633655 11338974
1659633656 10775616
1659633657 9892536
1659633658 10519710
1659633659 10673370
1659633660 10105032
1659633661 11334558
1659633662 10734048
1659633663 9165954
1659633664 10804356
1659633665 9399792
1659633666 9443778
1659633667 10960206
1659633668 10766940
1659633669 9827664
1659633670 10662942
1659633671 10461336
1659633672 9831072
1659633673 10501812
1659633674 9953214
1659633675 9946746
1659633676 10580172
1659633677 9627612
1659633678 10963518
1659633679 8927322
1659633680 11142810
1659633681 9834330
1659633682 10716696
1659633683 10165140
1659633684 10163124
1659633685 9967278
1659633686 10142868
1659633687 10041054
1659633688 10994928
1659633689 9292698
1659633690 12015930
1659633691 11084460
1659633692 10325562
1659633693 9933402
1659633694 10326384
1659633695 10222206
1659633696 9863202
1659633697 10125600
1659633698 10831266
1659633699 9456258
1659633700 10618782
1659633701 9740358
1659633702 10914036
1659633703 9233004
1659633704 10734192
1659633705 9800940
1659633706 10559190
1659633707 10587456
1659633708 11360466
1659633709 10308336
1659633710 10202394
1659633711 10217790
1659633712 10534008
1659633713 10789470
1659633714 9637008
1659633715 10688238
1659633716 10049424
1659633717 10241844
1659633718 10227984
1659633719 10503858
1659633720 9943152
1659633721 10414758
1659633722 11598000
1659633723 9129384
1659633724 10993938
1659633725 8953464
1659633726 10749864
1659633727 10014078
1659633728 10146528
1659633729 9189042
1659633730 10141362
1659633731 10553952
1659633732 9888132
1659633733 10766658
1659633734 9562296
1659633735 10377150
1659633736 9996996
1659633737 10537200
1659633738 9835890
1659633739 9055584
1659633740 10638534
1659633741 9699270
1659633742 11701860
1659633743 10344492
1659633744 10265142
1659633745 9706038
1659633746 10985064
1659633747 10310358
1659633748 9863934
1659633749 11585538
1659633750 9350844
1659633751 9616356
1659633752 9989934
1659633753 10750194
1659633754 11398212
1659633755 9072228
1659633756 11226210
1659633757 9983052
1659633758 9484986
1659633759 9942594
1659633760 11148372
1659633761 11179674
1659633762 10470666
1659633763 10374288
1659633764 9396906
1659633765 10579140
1659633766 10680840
1659633767 9809046
1659633768 11026560
1659633769 9111066
1659633770 10864488
1659633771 9914970
1659633772 10321938
1659633773 10732368
1659633774 9475524
1659633775 10912404
1659633776 9869148
1659633777 10671372
1659633778 10025082
1659633779 10245498
1659633780 10288020
1659633781 11842518
1659633782 9326022
1659633783 10875936
1659633784 10134636
1659633785 10278936
1659633786 10744020
1659633787 8759676
1659633788 11857614
1659633789 8972850
1659633790 8497938
1659633791 10969794
1659633792 10959084
1659633793 9634398
1659633794 9819714
1659633795 10241022
1659633796 10714392
1659633797 9647226
1659633798 11119758
1659633799 10133220
1659633800 9790380
1659633801 10547820
1659633802 10090626
1659633803 10248948
1659633804 10151538
1659633805 10234968
1659633806 10824300
1659633807 10713534
1659633808 9666840
1659633809 9905058
1659633810 10262664
1659633811 11191614
1659633812 10615632
1659633813 10771872
1659633814 10970586
1659633815 9896118
1659633816 10460202
1659633817 10019436
1659633818 10020390
1659633819 10237590
1659633820 10427964
1659633821 9953784
1659633822 10481514
1659633823 10430124
1659633824 9743454
1659633825 10543704
1659633826 10023204
1659633827 10072446
1659633828 10203936
1659633829 9428094
1659633830 10612608
1659633831 9592632
1659633832 11011110
1659633833 9817362
1659633834 10268184
1659633835 10334010
1659633836 10126602
1659633837 10616430
1659633838 10533246
1659633839 9516522
1659633840 10542336
1659633841 10105896
1659633842 10239228
1659633843 11386350
1659633844 9105066
1659633845 11469648
1659633846 9461484
1659633847 10234380
1659633848 11091306
1659633849 9615924
1659633850 10256100
1659633851 10482786
1659633852 10842906
1659633853 10224252
1659633854 9771186
1659633855 10155402
1659633856 10151838
1659633857 10452300
1659633858 9773160
1659633859 9545358
1659633860 10307742
1659633861 9769404
1659633862 10884018
1659633863 9903132
1659633864 10154160
1659633865 10473540
1659633866 11150268
1659633867 10263006
1659633868 10191420
1659633869 9728142
1659633870 10364328
1659633871 10346826
1659633872 11317074
1659633873 9978384
1659633874 9666660
1659633875 9664782
1659633876 9557760
1659633877 12202122
1659633878 9729942
1659633879 9039528
1659633880 9921702
1659633881 10800624
1659633882 9852312
1659633883 10870692
1659633884 9428136
1659633885 11113446
1659633886 9179706
1659633887 11128908
1659633888 9736896
1659633889 10231326
1659633890 10312470
1659633891 10014852
1659633892 10357320
1659633893 9706134
1659633894 9615054
1659633895 9943440
1659633896 10424322
1659633897 11205408
1659633898 10402686
1659633899 10209588
1659633900 9838440
1659633901 11868240
1659633902 9712188
1659633903 10859124
1659633904 8378304
1659633905 10921734
1659633906 11045178
1659633907 9148758
1659633908 10964040
1659633909 9989856
1659633910 8841420
1659633911 10209588
1659633912 10506804
1659633913 9885240
1659633914 9881100
1659633915 10710762
1659633916 11366388
1659633917 10600842
1659633918 11118024
1659633919 10558950
1659633920 9331092
1659633921 10987296
1659633922 9435090
1659633923 10418730
1659633924 9633210
1659633925 10074480
1659633926 10953402
1659633927 10285530
1659633928 10205436
1659633929 11551200
1659633930 9347544
1659633931 10178508
1659633932 11938872
1659633933 9267288
1659633934 9138792
1659633935 9863910
1659633936 10360080
1659633937 11724984
1659633938 10304832
1659633939 9333060
1659633940 9334878
1659633941 10797426
1659633942 10871868
1659633943 10427484
1659633944 9808200
1659633945 10279776
1659633946 9932778
1659633947 10457688
1659633948 10646238
1659633949 11447454
1659633950 12423312
1659633951 10383696
1659633952 10161708
1659633953 10403244
1659633954 9548352
1659633955 10451034
1659633956 10347726
1659633957 9961698
1659633958 10958652
1659633959 9512724
1659633960 11182506
1659633961 9360060
1659633962 9837396
1659633963 11091198
1659633964 8867676
1659633965 10317624
1659633966 10321656
1659633967 9828204
1659633968 11147310
1659633969 8869650
1659633970 12485568
1659633971 10496892
1659633972 9824484
1659633973 11049450
1659633974 8980446
1659633975 11011044
1659633976 9434004
1659633977 10098264
1659633978 10111170
1659633979 9780564
1659633980 10093332
1659633981 10263186
1659633982 12360390
1659633983 11110578
1659633984 10207062
1659633985 11581170
1659633986 9978522
1659633987 10704600
1659633988 10946418
1659633989 11148192
1659633990 10579338
1659633991 12279444
1659633992 12497742
1659633993 10999524
1659633994 9377076
1659633995 10378584
1659633996 9819468
1659633997 10589700
1659633998 11806272
1659633999 9410178
1659634000 11148780
1659634001 10373448
1659634002 9067488
1659634003 10886112
1659634004 9221700
1659634005 10882578
1659634006 9542184
1659634007 11014878
1659634008 9492450
1659634009 9879786
1659634010 10965834
1659634011 10272966
1659634012 10151256
1659634013 10476582
1659634014 9620994
1659634015 10350390
1659634016 10517754
1659634017 9678882
1659634018 10888506
1659634019 9265500
1659634020 10160034
1659634021 12057666
1659634022 9532386
1659634023 9850572
1659634024 10936740
1659634025 9075630
1659634026 10660476
1659634027 10664370
1659634028 9485154
1659634029 10406184
1659634030 10060452
1659634031 10636800
1659634032 9687006
1659634033 11089614
1659634034 9979458
1659634035 11340696
1659634036 12465906
1659634037 12504750
1659634038 12541218
1659634039 9764178
1659634040 10642164
1659634041 10694610
1659634042 10141104
1659634043 10218258
1659634044 10286610
1659634045 10123140
1659634046 10950936
1659634047 10736730
1659634048 11206374
1659634049 10620774
1659634050 10860732
1659634051 10588548
1659634052 9566370
1659634053 9219564
1659634054 11666346
1659634055 9668652
1659634056 10169022
1659634057 9832194
1659634058 9807156
1659634059 9722622
1659634060 10682412
1659634061 10463514
1659634062 9933414
1659634063 10602210
1659634064 9553668
1659634065 11133018
1659634066 9784626
1659634067 10746366
1659634068 9940236
1659634069 9826254
1659634070 10044048
1659634071 10037568
1659634072 10354344
1659634073 10302060
1659634074 9703254
1659634075 10464156
1659634076 10130784
1659634077 10356672
1659634078 10544142
1659634079 9949878
1659634080 9610320
1659634081 10566780
1659634082 11068590
1659634083 9478764
1659634084 10422408
1659634085 10324596
1659634086 10076100
1659634087 11536164
1659634088 9675648
1659634089 10165452
1659634090 12312102
1659634091 12486702
1659634092 12569916
1659634093 11212200
1659634094 10180470
1659634095 9683136
1659634096 11229228
1659634097 9691470
1659634098 10886166
1659634099 9334992
1659634100 10351962
1659634101 10226286
1659634102 10979370
1659634103 10007376
1659634104 10654734
1659634105 11567514
1659634106 9743790
1659634107 10926582
1659634108 9963606
1659634109 11066586
1659634110 10709346
1659634111 9638808
1659634112 11217276
1659634113 9025602
1659634114 10808262
1659634115 9291252
1659634116 9255936
1659634117 10965060
1659634118 9380472
1659634119 9933210
1659634120 9137142
1659634121 11102730
1659634122 10899114
1659634123 9885054
1659634124 10206930
1659634125 10003566
1659634126 10238178
1659634127 10371306
1659634128 11046864
1659634129 9072264
1659634130 10746978
1659634131 9859614
1659634132 10359036
1659634133 10296216
1659634134 9739902
1659634135 11092308
1659634136 10172322
1659634137 11247264
1659634138 10879080
1659634139 9785760
1659634140 10669740
1659634141 11302290
1659634142 10586628
1659634143 9053400
1659634144 10180290
1659634145 12207402
1659634146 12488538
1659634147 12543756
1659634148 12550476
1659634149 11458536
1659634150 9428904
1659634151 9338904
1659634152 10899666
1659634153 10591038
1659634154 10659870
1659634155 9584646
1659634156 10902900
1659634157 11156100
1659634158 9604290
1659634159 9263754
1659634160 11737770
1659634161 11422590
1659634162 9755484
1659634163 10730412
1659634164 9946872
1659634165 10191582
1659634166 11045790
1659634167 9237324
1659634168 10894350
1659634169 9493728
1659634170 10779984
1659634171 9363990
1659634172 11547816
1659634173 9923364
1659634174 8835480
1659634175 9723024
1659634176 11134848
1659634177 9647292
1659634178 11088612
1659634179 9335790
1659634180 10980660
1659634181 9676746
1659634182 10560336
1659634183 10865766
1659634184 9257166
1659634185 11095122
1659634186 9502452
1659634187 10740180
1659634188 9797868
1659634189 10152174
1659634190 10154652
1659634191 10554150
1659634192 10247772
1659634193 10982334
1659634194 10178514
1659634195 9655260
1659634196 11144976
1659634197 10008048
1659634198 10902474
1659634199 8685978
1659634200 9833556
1659634201 10597854
1659634202 12498024
1659634203 12498246
1659634204 11964252
1659634205 11657544
1659634206 10875426
1659634207 9755754
1659634208 11834862
1659634209 9980196
1659634210 9226230
1659634211 11333838
1659634212 10095390
1659634213 9224460
1659634214 9906102
1659634215 10553964
1659634216 10104654
1659634217 11194500
1659634218 10970982
1659634219 10198896
1659634220 10446738
1659634221 10469820
1659634222 10843824
1659634223 10223886
1659634224 10627086
1659634225 9303582
1659634226 11097534
1659634227 9559974
1659634228 10531110
1659634229 10022952
1659634230 10792698
1659634231 9887250
1659634232 11509806
1659634233 9747978
1659634234 9269874
1659634235 11019726
1659634236 10107546
1659634237 9634014
1659634238 10862916
1659634239 9309378
1659634240 10755888
1659634241 9409314
1659634242 10916676
1659634243 10479444
1659634244 9933006
1659634245 10566738
1659634246 10284816
1659634247 10092906
1659634248 10392096
1659634249 9982566
1659634250 10194036
1659634251 10807152
1659634252 9388320
1659634253 12174252
1659634254 9750894
1659634255 10573386
1659634256 11050032
1659634257 9432420
1659634258 10955232
1659634259 11876874
1659634260 12495300
1659634261 12367566
1659634262 12520278
1659634263 11385906
1659634264 10147110
1659634265 10374972
1659634266 9309984
1659634267 10989366
1659634268 10428174
1659634269 9750360
1659634270 9230436
1659634271 9711540
1659634272 10505016
1659634273 10347828
1659634274 9817482
1659634275 11460306
1659634276 9979434
1659634277 10965456
1659634278 9360804
1659634279 10841568
1659634280 10052646
1659634281 10219068
1659634282 10209630
1659634283 10092048
1659634284 9866844
1659634285 9604860
1659634286 11081322
1659634287 9154674
1659634288 11054160
1659634289 10266756
1659634290 10316712
1659634291 10728012
1659634292 10421616
1659634293 9419226
1659634294 10818402
1659634295 8897964
1659634296 11510304
1659634297 10708530
1659634298 8884062
1659634299 9723960
1659634300 10883826
1659634301 9511626
1659634302 10948458
1659634303 9870138
1659634304 10086084
1659634305 10485108
1659634306 9986616
1659634307 10448250
1659634308 10219470
1659634309 9822150
1659634310 10848396
1659634311 11071194
1659634312 10183014
1659634313 10158654
1659634314 10009080
1659634315 9672024
1659634316 12013938
1659634317 12484698
1659634318 12533424
1659634319 12052674
1659634320 11127096
1659634321 11105046
1659634322 9401556
1659634323 11976516
1659634324 9473208
1659634325 8910090
1659634326 11738568
1659634327 8810208
1659634328 10656870
1659634329 9831372
1659634330 10995738
1659634331 9460134
1659634332 9511830
1659634333 10675548
1659634334 9387732
1659634335 10909956
1659634336 10187898
1659634337 10142808
1659634338 10517586
1659634339 10360944
1659634340 10060212
1659634341 10430664
1659634342 10658724
1659634343 9597924
1659634344 9839700
1659634345 9578490
1659634346 10628478
1659634347 10053096
1659634348 10807476
1659634349 11155284
1659634350 9518364
1659634351 11191926
1659634352 10523394
1659634353 9554208
1659634354 10303356
1659634355 9914892
1659634356 10288596
1659634357 11050584
1659634358 9554340
1659634359 9059784
1659634360 10451694
1659634361 11114016
1659634362 10887072
1659634363 10233978
1659634364 9858192
1659634365 10820166
1659634366 9923520
1659634367 10372332
1659634368 10708542
1659634369 9398886
1659634370 11083116
1659634371 10481724
1659634372 12497220
1659634373 12501288
1659634374 11603946
1659634375 11053566
1659634376 11230740
1659634377 9508038
1659634378 10947414
1659634379 8824284
1659634380 10717926
1659634381 11183124
1659634382 10421916
1659634383 10170840
1659634384 9857106
1659634385 10024116
1659634386 10164120
1659634387 11910354
1659634388 8615808
1659634389 10994826
1659634390 10069254
1659634391 9650628
1659634392 10070868
1659634393 10900404
1659634394 9206670
1659634395 11195202
1659634396 9182946
1659634397 11050680
1659634398 10292250
1659634399 9850548
1659634400 10571700
1659634401 10232304
1659634402 10563696
1659634403 10252332
1659634404 10220838
1659634405 9998970
1659634406 10866618
1659634407 9636612
1659634408 10415610
1659634409 9833574
1659634410 11525304
1659634411 10225650
1659634412 10030620
1659634413 10882800
1659634414 9495846
1659634415 10225464
1659634416 10870602
1659634417 9042306
1659634418 10726908
1659634419 10207080
1659634420 10898034
1659634421 9944580
1659634422 10321242
1659634423 10167726
1659634424 9958254
1659634425 10457250
1659634426 10148790
1659634427 10668540
1659634428 11839488
1659634429 12051642
1659634430 12507342
1659634431 12534480
1659634432 10552794
1659634433 10470996
1659634434 9589350
1659634435 10695234
1659634436 9563628
1659634437 11061048
1659634438 9803820
1659634439 9668352
1659634440 11512992
1659634441 11258160
1659634442 9754638
1659634443 12019020
1659634444 10791756
1659634445 9354504
1659634446 10103760
1659634447 12248256
1659634448 9187032
1659634449 10249302
1659634450 9204876
1659634451 9342822
1659634452 10874364
1659634453 9468654
1659634454 9887076
1659634455 9870840
1659634456 10443420
1659634457 10301202
1659634458 9840402
1659634459 9391032
1659634460 10565154
1659634461 9758430
1659634462 10591644
1659634463 9866556
1659634464 10174194
1659634465 9614082
1659634466 10953372
1659634467 10963170
1659634468 9372210
1659634469 10174038
1659634470 10957518
1659634471 11154516
1659634472 9083898
1659634473 9694758
1659634474 11243820
1659634475 10536738
1659634476 9764850
1659634477 11073522
1659634478 9391008
1659634479 9667170
1659634480 10882914
1659634481 10277802
1659634482 11030868
1659634483 10854234
1659634484 11868390
1659634485 12488268
1659634486 12520134
1659634487 11173062
1659634488 10326582
1659634489 9773490
1659634490 11233344
1659634491 10463382
1659634492 9806418
1659634493 10589532
1659634494 9658548
1659634495 10119762
1659634496 10502682
1659634497 10599960
1659634498 10945278
1659634499 11166990
1659634500 10048038
1659634501 11010996
1659634502 10487910
1659634503 9082812
1659634504 10782360
1659634505 8832618
1659634506 10128270
1659634507 10752762
1659634508 9553518
1659634509 10496046
1659634510 10256514
1659634511 10192902
1659634512 10051116
1659634513 10628820
1659634514 9069534
1659634515 10654026
1659634516 9744372
1659634517 11208648
1659634518 9532416
1659634519 10190568
1659634520 10223910
1659634521 10190424
1659634522 10936278
1659634523 9346536
1659634524 9800022
1659634525 9157962
1659634526 10402722
1659634527 9953634
1659634528 10484880
1659634529 9446040
1659634530 11846472
1659634531 10060098
1659634532 9522576
1659634533 11881836
1659634534 10699710
1659634535 12455898
1659634536 10237068
1659634537 10208166
1659634538 10889628
1659634539 8919210
1659634540 11571090
1659634541 12484482
1659634542 12507312
1659634543 12560328
1659634544 10416576
1659634545 10267578
1659634546 9346206
1659634547 11092788
1659634548 10212612
1659634549 9938814
1659634550 9880218
1659634551 10356708
1659634552 10853262
1659634553 10437948
1659634554 11217342
1659634555 10805544
1659634556 10243884
1659634557 10206522
1659634558 10302228
1659634559 10858710
1659634560 9451956
1659634561 10987848
1659634562 11138664
1659634563 9043686
1659634564 10879998
1659634565 9275172
1659634566 11170848
1659634567 12445734
1659634568 10665324
1659634569 10316400
1659634570 9211014
1659634571 10915302
1659634572 9329724
1659634573 10951038
1659634574 9502098
1659634575 11548542
1659634576 9812706
1659634577 10366440
1659634578 10524318
1659634579 9737370
1659634580 10292202
1659634581 9893520
1659634582 10921710
1659634583 9397230
1659634584 10428948
1659634585 9249984
1659634586 11710506
1659634587 9962100
1659634588 10744818
1659634589 10199814
1659634590 9944832
1659634591 11981916
1659634592 10153638
1659634593 11222622
1659634594 9470424
1659634595 12239616
1659634596 9895800
1659634597 10328526
1659634598 9337224
1659634599 10227432
1659634600 10242108
1659634601 10240956
1659634602 9828312
1659634603 10559550
1659634604 10376382
1659634605 11792430
1659634606 10961310
1659634607 10202082
1659634608 10318812
1659634609 10058490
1659634610 10687332
1659634611 9677010
1659634612 10450290
1659634613 10141140
1659634614 9770952
1659634615 10679136
1659634616 9566388
1659634617 11166036
1659634618 9472182
1659634619 10638624
1659634620 10268364
1659634621 9919644
1659634622 11508804
1659634623 9914934
1659634624 8498406
1659634625 11401758
1659634626 9559608
1659634627 10512576
1659634628 10575678
1659634629 9383124
1659634630 11093088
1659634631 9276270
1659634632 11005326
1659634633 9366216
1659634634 9489654
1659634635 10254618
1659634636 10423164
1659634637 9954384
1659634638 10537896
1659634639 9371688
1659634640 11084976
1659634641 10492230
1659634642 9834102
1659634643 10558506
1659634644 9429534
1659634645 9842538
1659634646 10598454
1659634647 11281410
1659634648 12483072
1659634649 11671356
1659634650 12538800
1659634651 12121296
1659634652 9733950
1659634653 11167740
1659634654 10629258
1659634655 9581340
1659634656 12269520
1659634657 9874398
1659634658 10737618
1659634659 9863820
1659634660 11096874
1659634661 11047926
1659634662 9007230
1659634663 11372502
1659634664 9833988
1659634665 9541878
1659634666 9970818
1659634667 10287918
1659634668 9952110
1659634669 9876528
1659634670 10316112
1659634671 10549962
1659634672 10333476
1659634673 10312290
1659634674 9715458
1659634675 10870086
1659634676 10085814
1659634677 9811818
1659634678 11120748
1659634679 9444540
1659634680 10551120
1659634681 6555042
1659634682 1134


# events submitted
1659633478 3936
1659633479 2822320
1659633480 530768
1659633481 4704696
1659633482 8079942
1659633483 11192040
1659633484 9582948
1659633485 9900498
1659633486 10626852
1659633487 10881582
1659633488 11171274
1659633489 9489780
1659633490 10196700
1659633491 10453710
1659633492 10305408
1659633493 10885080
1659633494 9968310
1659633495 10304100
1659633496 10387356
1659633497 9852570
1659633498 10964262
1659633499 10918938
1659633500 9993924
1659633501 9990552
1659633502 10515366
1659633503 10779606
1659633504 9560808
1659633505 9242124
1659633506 10411410
1659633507 10726488
1659633508 10153566
1659633509 10349598
1659633510 10695834
1659633511 10139250
1659633512 10955226
1659633513 10571364
1659633514 9691986
1659633515 10055016
1659633516 11813358
1659633517 9867654
1659633518 10373076
1659633519 10838460
1659633520 10296972
1659633521 9528162
1659633522 10139250
1659633523 10722192
1659633524 9597666
1659633525 10597644
1659633526 10836522
1659633527 9590130
1659633528 11027502
1659633529 9919776
1659633530 10660932
1659633531 10818702
1659633532 9407238
1659633533 11234736
1659633534 9949092
1659633535 10676106
1659633536 10208076
1659633537 9991392
1659633538 10314804
1659633539 10572234
1659633540 10623948
1659633541 10279026
1659633542 9854160
1659633543 10200318
1659633544 11837652
1659633545 9687774
1659633546 10939350
1659633547 9666600
1659633548 10118946
1659633549 10530912
1659633550 10286484
1659633551 9479052
1659633552 10680942
1659633553 10088058
1659633554 10882782
1659633555 9311742
1659633556 10563762
1659633557 10911696
1659633558 9609228
1659633559 11167020
1659633560 8445996
1659633561 10865946
1659633562 10385496
1659633563 10141872
1659633564 11068986
1659633565 8878440
1659633566 10865724
1659633567 9939084
1659633568 7459758
1659633569 7993056
1659633570 8301960
1659633571 7110624
1659633572 4631412
1659633573 5001876
1659633574 4893438
1659633575 2718888
1659633576 2644278
1659633577 3005904
1659633578 3043440
1659633579 2596530
1659633580 1557378
1659633581 3031440
1659633582 2873094
1659633583 2336658
1659633584 3007482
1659633585 1454460
1659633586 2204556
1659633587 2966676
1659633588 2813946
1659633589 3040428
1659633590 2895750
1659633591 2992626
1659633592 2477784
1659633593 2355666
1659633594 2661168
1659633595 3086280
1659633596 2270652
1659633597 2700114
1659633598 2988096
1659633599 2686266
1659633600 3069696
1659633601 3080556
1659633602 3077316
1659633603 2782572
1659633604 1671534
1659633605 3082308
1659633606 2373678
1659633607 2270202
1659633608 2586666
1659633609 2722686
1659633610 2574576
1659633611 2916408
1659633612 2338092
1659633613 3070644
1659633614 2896758
1659633615 3036792
1659633616 2546814
1659633617 2220546
1659633618 2670024
1659633619 2410086
1659633620 2537706
1659633621 2129232
1659633622 2924814
1659633623 2809002
1659633624 2607840
1659633625 2711124
1659633626 2986764
1659633627 3019764
1659633628 2306646
1659633629 2053338
1659633630 2530878
1659633631 3032286
1659633632 3079356
1659633633 2615388
1659633634 2645076
1659633635 2870670
1659633636 2088606
1659633637 2336118
1659633638 2810388
1659633639 1894770
1659633640 1891398
1659633641 2405526
1659633642 3046974
1659633643 2305860
1659633644 2972412
1659633645 2760276
1659633646 2778192
1659633647 2710638
1659633648 3010272
1659633649 2791104
1659633650 2583786
1659633651 2952222
1659633652 2594640
1659633653 2744856
1659633654 1569588
1659633655 2880192
1659633656 2774670
1659633657 1654482
1659633658 1624884
1659633659 2812476
1659633660 2942412
1659633661 2923824
1659633662 2442840
1659633663 2469906
1659633664 2821380
1659633665 3089532
1659633666 1746042
1659633667 3021054
1659633668 2976582
1659633669 1667424
1659633670 2433024
1659633671 2091012
1659633672 2506824
1659633673 2758218
1659633674 2907846
1659633675 2388936
1659633676 2875392
1659633677 2946798
1659633678 2866926
1659633679 1788066
1659633680 2178330
1659633681 2606064
1659633682 2986908
1659633683 3023538
1659633684 2635398
1659633685 2594868
1659633686 1915104
1659633687 1904256
1659633688 1801776
1659633689 2271672
1659633690 3063306
1659633691 2864382
1659633692 2849790
1659633693 2795514
1659633694 2657760
1659633695 1966914
1659633696 1996878
1659633697 2372088
1659633698 2896482
1659633699 2173218
1659633700 2781030
1659633701 2100282
1659633702 2753478
1659633703 2201736
1659633704 2388378
1659633705 2769516
1659633706 2843478
1659633707 2112006
1659633708 2825940
1659633709 2934270
1659633710 2881806
1659633711 2134728
1659633712 2564526
1659633713 1659744
1659633714 2347200
1659633715 2131146
1659633716 2536368
1659633717 2907834
1659633718 2431068
1659633719 2823318
1659633720 2637978
1659633721 2572242
1659633722 3053832
1659633723 2435832
1659633724 2872464
1659633725 2508090
1659633726 2033520
1659633727 2282580
1659633728 2536938
1659633729 2726886
1659633730 2591730
1659633731 1505292
1659633732 1840806
1659633733 1301580
1659633734 2288940
1659633735 1314450
1659633736 2204376
1659633737 1739310
1659633738 1648236
1659633739 2296152
1659633740 1336596
1659633741 2549112
1659633742 461358
1659633743 2211570
1659633744 1388268
1659633745 1837914
1659633746 2049516
1659633747 1502076
1659633748 1808712
1659633749 634614
1659633750 1813986
1659633751 2897838
1659633752 2227872
1659633753 2131134
1659633754 134286
1659633755 1920432
1659633756 2025462
1659633757 1415706
1659633758 1113054
1659633759 1981548
1659633760 2456460
1659633761 1208946
1659633762 2050848
1659633763 1606848
1659633764 1964502
1659633765 1979754
1659633766 1427370
1659633767 1447758
1659633768 2030934
1659633769 2225622
1659633770 1592790
1659633771 1431210
1659633772 2491092
1659633773 1631058
1659633774 2279916
1659633775 1849794
1659633776 1801602
1659633777 2089122
1659633778 1450836
1659633779 1839216
1659633780 2023344
1659633781 4776
1659633782 2128020
1659633783 1839426
1659633784 1393080
1659633785 2137524
1659633786 1769424
1659633787 2886660
1659633788 993018
1659633789 1233276
1659633790 2893392
1659633791 2447016
1659633792 1314402
1659633793 1882290
1659633794 1338030
1659633795 1941024
1659633796 1462224
1659633797 2298510
1659633798 1596612
1659633799 1314636
1659633800 2207352
1659633801 1569624
1659633802 1502964
1659633803 2049306
1659633804 2042598
1659633805 1661892
1659633806 2026170
1659633807 1454076
1659633808 2008218
1659633809 1885620
1659633810 1086696
1659633811 784422
1659633812 1616448
1659633813 1432638
1659633814 1656780
1659633815 1534494
1659633816 2268900
1659633817 1857780
1659633818 2044932
1659633819 1694304
1659633820 2083080
1659633821 1524708
1659633822 2029914
1659633823 1601526
1659633824 2088090
1659633825 1856442
1659633826 1841946
1659633827 2103138
1659633828 1704852
1659633829 2045664
1659633830 1570164
1659633831 2203308
1659633832 1416624
1659633833 1829454
1659633834 1110084
1659633835 2013768
1659633836 2225442
1659633837 1819176
1659633838 1783890
1659633839 1653366
1659633840 2291040
1659633841 1730814
1659633842 2121366
1659633843 431424
1659633844 1954344
1659633845 1653318
1659633846 2104734
1659633847 1960020
1659633848 1492248
1659633849 2331882
1659633850 1672950
1659633851 1947150
1659633852 1421238
1659633853 1580358
1659633854 1978104
1659633855 1992822
1659633856 2271630
1659633857 1598580
1659633858 1752642
1659633859 2046660
1659633860 1622496
1659633861 2075406
1659633862 1708698
1659633863 1356486
1659633864 2255292
1659633865 1649382
1659633866 1314924
1659633867 703782
1659633868 1982874
1659633869 2467578
1659633870 1594974
1659633871 1998954
1659633872 457158
1659633873 2010534
1659633874 1934700
1659633875 1907250
1659633876 2111184
1659633877 1243200
1659633878 1629414
1659633879 2281728
1659633880 2873454
1659633881 1536912
1659633882 2198724
1659633883 1424064
1659633884 2315976
1659633885 1518762
1659633886 2156172
1659633887 1789530
1659633888 1103070
1659633889 2788746
1659633890 1087596
1659633891 2111340
1659633892 1872042
1659633893 2359764
1659633894 1026864
1659633895 1691988
1659633896 2394978
1659633897 1176354
1659633898 2114706
1659633899 1527390
1659633900 2417040
1659633901 23580
1659633902 2373150
1659633903 1199208
1659633904 797088
1659633905 2853492
1659633906 1480566
1659633907 2580516
1659633908 2093628
1659633909 459468
1659633910 1443768
1659633911 2592090
1659633912 2588574
1659633913 2714418
1659633914 982920
1659633915 1998780
1659633916 1686006
1659633917 880188
1659633918 1728252
1659633919 1337082
1659633920 2055492
1659633921 1890210
1659633922 1832880
1659633923 2112066
1659633924 1518642
1659633925 1940826
1659633926 1800012
1659633927 1619742
1659633928 2214090
1659633929 111252
1659633930 1862490
1659633931 2952984
1659633932 446286
1659633933 2251812
1659633934 1283748
1659633935 688488
1659633936 2724792
1659633937 1619550
1659633938 2330784
1659633939 2172552
1659633940 2411988
1659633941 2030424
1659633942 1481850
1659633943 1314828
1659633944 2535090
1659633945 1409706
1659633946 2322576
1659633947 1621866
1659633948 1563522
1659633949 1066380
1659633951 1317144
1659633952 1781454
1659633953 2162628
1659633954 1987812
1659633955 1956000
1659633956 1188894
1659633957 2298372
1659633958 1470846
1659633959 1301580
1659633960 1633152
1659633961 2548404
1659633962 1622628
1659633963 1089576
1659633964 1245378
1659633965 1624986
1659633966 2302278
1659633967 2519646
1659633968 2376366
1659633969 2068296
1659633970 1014834
1659633971 1369422
1659633972 2100264
1659633973 1790460
1659633974 1854102
1659633975 2091084
1659633976 939876
1659633977 1881846
1659633978 2241606
1659633979 2361078
1659633980 1708494
1659633981 1982112
1659633982 718314
1659633983 1302492
1659633984 494472
1659633985 853026
1659633986 2322426
1659633987 1472826
1659633988 1444980
1659633989 1314990
1659633990 1314312
1659633991 732
1659633993 1315188
1659633994 2147844
1659633995 1466322
1659633996 2318166
1659633997 2292738
1659633998 393822
1659633999 2011134
1659634000 1847844
1659634001 1314960
1659634002 1995294
1659634003 2017668
1659634004 1972368
1659634005 1493994
1659634006 2401476
1659634007 1934022
1659634008 1592826
1659634009 1933488
1659634010 1741440
1659634011 1381032
1659634012 2479884
1659634013 1408896
1659634014 1555386
1659634015 1961388
1659634016 1895898
1659634017 2009448
1659634018 1783806
1659634019 767592
1659634020 2467872
1659634021 784206
1659634022 1765008
1659634023 2000688
1659634024 1535478
1659634025 1713750
1659634026 2905896
1659634027 1924698
1659634028 2234208
1659634029 779724
1659634030 1925976
1659634031 1710288
1659634032 1762380
1659634033 1770030
1659634034 1653102
1659634035 1315056
1659634039 659586
1659634040 1970346
1659634041 1410936
1659634042 1889016
1659634043 1958484
1659634044 1624302
1659634045 2109006
1659634046 1526304
1659634047 1314912
1659634048 771654
1659634049 1857750
1659634050 540294
1659634051 2093184
1659634052 1315626
1659634053 2212656
1659634054 1733778
1659634055 2073366
1659634056 2424846
1659634057 1907676
1659634058 1752042
1659634059 2385756
1659634060 1844484
1659634061 1446144
1659634062 2498700
1659634063 1540776
1659634064 2404572
1659634065 1314642
1659634066 1796064
1659634067 2149002
1659634068 1477284
1659634069 2236848
1659634070 1216842
1659634071 2357250
1659634072 1290870
1659634073 2334720
1659634074 1516902
1659634075 2040132
1659634076 1668498
1659634077 2271378
1659634078 1315458
1659634079 505050
1659634080 1936752
1659634081 2867142
1659634082 692562
1659634083 1903752
1659634084 2059992
1659634085 1502208
1659634086 1742436
1659634087 1338390
1659634088 1393728
1659634089 2481276
1659634090 68904
1659634093 1014582
1659634094 1737726
1659634095 2077860
1659634096 1570044
1659634097 1751802
1659634098 1141944
1659634099 1965840
1659634100 2002788
1659634101 2112684
1659634102 1718280
1659634103 1408116
1659634104 1331016
1659634105 1245948
1659634106 1856322
1659634107 1920828
1659634108 1606524
1659634109 1151616
1659634110 1411938
1659634111 2536410
1659634112 1137438
1659634113 1593594
1659634114 2529420
1659634115 2315952
1659634116 1999650
1659634117 1759944
1659634118 1692876
1659634119 2565360
1659634120 1949976
1659634121 1961646
1659634122 1535742
1659634123 1524468
1659634124 2159280
1659634125 1710084
1659634126 2041812
1659634127 1721334
1659634128 1365240
1659634129 1578456
1659634130 2345100
1659634131 1509630
1659634132 2174262
1659634133 1788426
1659634134 1980138
1659634135 1293606
1659634136 1806882
1659634137 1302912
1659634138 1314792
1659634139 1513044
1659634140 1659888
1659634141 774072
1659634142 1372788
1659634143 2138628
1659634144 2182626
1659634145 881580
1659634150 1919454
1659634151 1765290
1659634152 2610594
1659634153 720498
1659634154 2190690
1659634155 1879962
1659634156 2065446
1659634157 1095348
1659634158 1896282
1659634159 1386642
1659634160 2196060
1659634161 1315080
1659634162 1523232
1659634163 2421714
1659634164 1344534
1659634165 2553480
1659634166 1362252
1659634167 1954782
1659634168 1990746
1659634169 586242
1659634170 2040294
1659634171 1814406
1659634172 1068150
1659634173 2236776
1659634174 1995318
1659634175 2173068
1659634176 1240122
1659634177 1532880
1659634178 2428950
1659634179 1868616
1659634180 2059980
1659634181 1244568
1659634182 2268342
1659634183 1747602
1659634184 2204076
1659634185 1350582
1659634186 1788672
1659634187 2185020
1659634188 1844154
1659634189 1812354
1659634190 1982184
1659634191 1609932
1659634192 1668690
1659634193 1967250
1659634194 1384698
1659634195 2559486
1659634196 518766
1659634197 2112000
1659634198 1461672
1659634199 466110
1659634200 1960596
1659634201 2405016
1659634205 422628
1659634206 2206896
1659634207 1602684
1659634208 1067622
1659634209 1314576
1659634210 1787550
1659634211 1515810
1659634212 1515750
1659634213 532248
1659634214 2574462
1659634215 2621406
1659634216 2230902
1659634217 1975062
1659634218 1173804
1659634219 1884708
1659634220 1751160
1659634221 1680522
1659634222 1159740
1659634223 1938336
1659634224 1960962
1659634225 2122926
1659634226 1822218
1659634227 1626126
1659634228 2319162
1659634229 1315638
1659634230 860034
1659634231 1584120
1659634232 1502754
1659634233 1781922
1659634234 2509350
1659634235 1296678
1659634236 1694970
1659634237 1740138
1659634238 2148444
1659634239 1247418
1659634240 2109636
1659634241 1664562
1659634242 2954352
1659634243 1910226
1659634244 1796178
1659634245 2135892
1659634246 1368414
1659634247 1643616
1659634248 2248902
1659634249 1903002
1659634250 2041026
1659634251 1334400
1659634252 2317806
1659634253 308652
1659634254 1620162
1659634255 2308452
1659634256 1315236
1659634257 1436484
1659634258 1724646
1659634259 785442
1659634263 535956
1659634264 2094786
1659634265 2082162
1659634266 2042172
1659634267 1903146
1659634268 1316418
1659634269 1152456
1659634270 2101698
1659634271 1993320
1659634272 2560206
1659634273 1556040
1659634274 2228088
1659634275 647154
1659634276 2117448
1659634277 1421466
1659634278 1917306
1659634279 2027862
1659634280 1589604
1659634281 2355564
1659634282 1664400
1659634283 2282052
1659634284 1227864
1659634285 2358486
1659634286 1672092
1659634287 1305456
1659634288 2433876
1659634289 698622
1659634290 1757988
1659634291 1698060
1659634292 1371030
1659634293 2434212
1659634294 1454496
1659634295 1708404
1659634296 2237316
1659634297 887016
1659634298 2383596
1659634299 1750470
1659634300 2667360
1659634301 2087748
1659634302 2059074
1659634303 1611816
1659634304 1809306
1659634305 1838346
1659634306 2140836
1659634307 1110444
1659634308 1773738
1659634309 2017206
1659634310 1605708
1659634311 1870764
1659634312 1371582
1659634313 2375952
1659634314 1508268
1659634315 1504428
1659634316 1129926
1659634320 443148
1659634321 1323228
1659634322 1540272
1659634323 1955136
1659634324 1314984
1659634325 2242566
1659634326 1702614
1659634327 1540686
1659634328 1917858
1659634329 1457490
1659634330 1135350
1659634331 1556958
1659634332 2528328
1659634333 2723076
1659634334 2080890
1659634335 1248786
1659634336 2323410
1659634337 1653678
1659634338 2189328
1659634339 1315512
1659634340 1852368
1659634341 2093022
1659634342 1351296
1659634343 2353122
1659634344 1407444
1659634345 2058714
1659634346 1472250
1659634347 2106576
1659634348 1403028
1659634349 997836
1659634350 1253658
1659634351 2692416
1659634352 1119048
1659634353 1828788
1659634354 2312982
1659634355 1914132
1659634356 2031204
1659634357 739182
1659634358 2291850
1659634359 2223978
1659634360 2405058
1659634361 1545390
1659634362 1315536
1659634363 1466880
1659634364 2174244
1659634365 1619682
1659634366 1324650
1659634367 2323182
1659634368 1611162
1659634369 1739370
1659634370 1894152
1659634371 1626138
1659634375 373848
1659634376 2120106
1659634377 1402878
1659634378 1717800
1659634379 2510022
1659634380 1594428
1659634381 802356
1659634382 1769502
1659634383 1769490
1659634384 496974
1659634385 2272230
1659634386 2942388
1659634387 35652
1659634388 2467182
1659634389 1460238
1659634390 1432794
1659634391 2353284
1659634392 2634282
1659634393 1468242
1659634394 2577828
1659634395 1367472
1659634396 937218
1659634397 2867004
1659634398 1271076
1659634399 1923768
1659634400 1994850
1659634401 1526928
1659634402 1750488
1659634403 2193552
1659634404 1613706
1659634405 1922850
1659634406 1721778
1659634407 1780578
1659634408 2164362
1659634409 1653942
1659634410 976824
1659634411 955062
1659634412 2027718
1659634413 1236186
1659634414 2199144
1659634415 1742100
1659634416 2362638
1659634417 1525350
1659634418 2420502
1659634419 1975302
1659634420 1969302
1659634421 1507464
1659634422 2437188
1659634423 989982
1659634424 2122344
1659634425 1614342
1659634426 2187420
1659634427 976608
1659634428 1313970
1659634432 1384896
1659634433 1620066
1659634434 2256924
1659634435 1315218
1659634436 2037234
1659634437 1907310
1659634438 1578360
1659634439 2312910
1659634440 54690
1659634441 1314792
1659634442 1842642
1659634443 815946
1659634444 1314888
1659634445 1978638
1659634446 2830116
1659634447 452226
1659634448 1021134
1659634449 2816994
1659634450 1552152
1659634451 1791264
1659634452 2972994
1659634453 2248080
1659634454 1508904
1659634455 936006
1659634456 1968792
1659634457 2656758
1659634458 2212278
1659634459 1726200
1659634460 1737600
1659634461 2026560
1659634462 1882140
1659634463 1707708
1659634464 2125206
1659634465 1770738
1659634466 2162292
1659634467 1315044
1659634468 1850484
1659634469 2095638
1659634470 1315146
1659634471 1315344
1659634472 1103634
1659634473 2776578
1659634474 1380942
1659634475 1434744
1659634476 2014344
1659634477 1418802
1659634478 2543130
1659634479 2421426
1659634480 914262
1659634481 2408076
1659634482 1381890
1659634483 1244352
1659634487 1188006
1659634488 1533540
1659634489 2244042
1659634490 1608504
1659634491 1075632
1659634492 2480388
1659634493 1208970
1659634494 2080104
1659634495 1611006
1659634496 2063106
1659634497 1315758
1659634498 1315284
1659634499 277074
1659634500 1681938
1659634501 1986276
1659634502 1578390
1659634503 2710248
1659634504 972510
1659634505 1253592
1659634506 2786976
1659634507 2468886
1659634508 2170392
1659634509 1442862
1659634510 2043072
1659634511 1780080
1659634512 1940658
1659634513 1726014
1659634514 2138520
1659634515 1426734
1659634516 2267292
1659634517 1538100
1659634518 1553298
1659634519 2391978
1659634520 1538970
1659634521 2270646
1659634522 1452024
1659634523 2255394
1659634524 1688766
1659634525 1798074
1659634526 1359042
1659634527 2644086
1659634528 1015302
1659634529 1931916
1659634530 494178
1659634531 1835382
1659634532 2147682
1659634533 1369932
1659634534 1184922
1659634535 678
1659634536 1782816
1659634537 2076474
1659634538 1405398
1659634539 1989768
1659634540 1949628
1659634544 172890
1659634545 1438080
1659634546 2128878
1659634547 2584032
1659634548 1915032
1659634549 1907652
1659634550 2018646
1659634551 1467696
1659634552 2148642
1659634553 1342668
1659634554 1288272
1659634555 1318554
1659634556 1490352
1659634557 1676874
1659634558 2107890
1659634559 1296804
1659634560 978618
1659634561 2924976
1659634562 986064
1659634563 2418606
1659634564 1897506
1659634565 1564068
1659634566 2381736
1659634568 1316118
1659634569 1315776
1659634570 658386
1659634571 1980168
1659634572 2316132
1659634573 1800036
1659634574 886260
1659634575 2878770
1659634576 1532058
1659634577 2043096
1659634578 1934346
1659634579 2381646
1659634580 1514712
1659634581 2025486
1659634582 1719852
1659634583 2295774
1659634584 1648032
1659634585 2427276
1659634586 452394
1659634587 2217306
1659634588 1477506
1659634589 1316142
1659634590 1801038
1659634591 829548
1659634592 1541766
1659634593 1302348
1659634594 1941570
1659634595 472686
1659634596 2030298
1659634597 1593354
1659634598 2106240
1659634599 2384664
1659634600 1761480
1659634601 2024736
1659634602 1416324
1659634603 2031408
1659634604 1048914
1659634605 791436
1659634606 1278360
1659634607 1480206
1659634608 1423230
1659634609 2333982
1659634610 1337574
1659634611 2130684
1659634612 1540470
1659634613 1992426
1659634614 1798110
1659634615 1741842
1659634616 1702428
1659634617 1685904
1659634618 1630740
1659634619 2215854
1659634620 1541454
1659634621 2629512
1659634622 138918
1659634623 1940280
1659634624 2104254
1659634625 1114788
1659634626 1039986
1659634627 2617752
1659634628 2793870
1659634629 2535516
1659634630 1174410
1659634631 1663962
1659634632 1920234
1659634633 2092806
1659634634 1276584
1659634635 2575320
1659634636 1394010
1659634637 2325138
1659634638 1600392
1659634639 2154456
1659634640 1731174
1659634641 1313964
1659634642 1285680
1659634643 2212920
1659634644 1867296
1659634645 1427760
1659634646 2013504
1659634647 1711974
1659634651 59232
1659634652 1908468
1659634653 1977198
1659634654 220350
1659634655 2457384
1659634656 818424
1659634657 1679232
1659634658 2158350
1659634659 1421940
1659634660 1316496
1659634661 1314066
1659634662 2097108
1659634663 860592
1659634664 1512348
1659634665 1116516
1659634666 2782986
1659634667 2528412
1659634668 2819166
1659634669 1466148
1659634670 2023692
1659634671 1482228
1659634672 2059602
1659634673 1832694
1659634674 1904814
1659634675 1816596
1659634676 1522500
1659634677 2329806
1659634678 1406790
1659634679 1910760
1659634680 2034018
1659634681 324
1659634682 808


# events lost
1659633568 2574780
1659633569 2496138
1659633570 2371734
1659633571 3956622
1659633572 6256296
1659633573 4909308
1659633574 5539920
1659633575 6836232
1659633576 7689762
1659633577 8079156
1659633578 9183030
1659633579 7694556
1659633580 7711374
1659633581 7144854
1659633582 8078052
1659633583 8160606
1659633584 7920132
1659633585 7430964
1659633586 8507604
1659633587 8109192
1659633588 7561146
1659633589 7394226
1659633590 6739134
1659633591 8024778
1659633592 7295442
1659633593 8312862
1659633594 7335624
1659633595 7143162
1659633596 8294124
1659633597 7429806
1659633598 8135670
1659633599 6890700
1659633600 9145650
1659633601 9242706
1659633602 7802496
1659633603 7016526
1659633604 7924818
1659633605 9090660
1659633606 8191464
1659633607 8172792
1659633608 8305302
1659633609 7165992
1659633610 7529574
1659633611 7409958
1659633612 8228364
1659633613 7046880
1659633614 6823914
1659633615 8007510
1659633616 7818852
1659633617 7957986
1659633618 8068824
1659633619 7934388
1659633620 7426794
1659633621 8384604
1659633622 7631556
1659633623 6975066
1659633624 6939498
1659633625 7469400
1659633626 7539510
1659633627 8011488
1659633628 8080692
1659633629 7803558
1659633630 8127084
1659633631 7057548
1659633632 9141726
1659633633 7802574
1659633634 6967830
1659633635 7650384
1659633636 8036244
1659633637 7959312
1659633638 9179082
1659633639 7477518
1659633640 8133792
1659633641 7392186
1659633642 8109102
1659633643 7602882
1659633644 7876776
1659633645 6456234
1659633646 8335470
1659633647 6762912
1659633648 7870650
1659633649 7761324
1659633650 6926154
1659633651 8049012
1659633652 6670878
1659633653 8291286
1659633654 7454676
1659633655 8465460
1659633656 8009526
1659633657 8241018
1659633658 8896302
1659633659 7867632
1659633660 7167576
1659633661 8416416
1659633662 8296380
1659633663 6702900
1659633664 7991436
1659633665 6317844
1659633666 7700556
1659633667 7942074
1659633668 7794756
1659633669 8162886
1659633670 8234520
1659633671 8376018
1659633672 7323402
1659633673 7747932
1659633674 7049880
1659633675 7561314
1659633676 7713516
1659633677 6686094
1659633678 8108916
1659633679 7142118
1659633680 8967042
1659633681 7235346
1659633682 7734528
1659633683 7147008
1659633684 7534782
1659633685 7378032
1659633686 8231796
1659633687 8141748
1659633688 9195252
1659633689 7021164
1659633690 8959020
1659633691 8227272
1659633692 7481844
1659633693 7145460
1659633694 7672890
1659633695 8261406
1659633696 7870584
1659633697 7759596
1659633698 7941762
1659633699 7292802
1659633700 7841514
1659633701 7635858
1659633702 8162412
1659633703 7031316
1659633704 8349780
1659633705 7028220
1659633706 7724652
1659633707 8473854
1659633708 8533236
1659633709 7380624
1659633710 7329858
1659633711 8086968
1659633712 7974084
1659633713 9128388
1659633714 7294734
1659633715 8560848
1659633716 7515576
1659633717 7343568
1659633718 7801320
1659633719 7686114
1659633720 7311774
1659633721 7850100
1659633722 8553006
1659633723 6695880
1659633724 8127384
1659633725 6448170
1659633726 8720466
1659633727 7728876
1659633728 7611354
1659633729 6468294
1659633730 7551156
1659633731 9037722
1659633732 8052216
1659633733 9455244
1659633734 7280100
1659633735 9056052
1659633736 7794228
1659633737 8795580
1659633738 8188032
1659633739 6763350
1659633740 9296538
1659633741 7151322
1659633742 11219922
1659633743 8135460
1659633744 8874792
1659633745 7868352
1659633746 8935338
1659633747 8807508
1659633748 8051412
1659633749 10934934
1659633750 7535706
1659633751 6724170
1659633752 7764990
1659633753 8622120
1659633754 11245704
1659633755 7149372
1659633756 9201270
1659633757 8561580
1659633758 8371614
1659633759 7964094
1659633760 8694504
1659633761 9964824
1659633762 8422620
1659633763 8764998
1659633764 7431252
1659633765 8601288
1659633766 9247896
1659633767 8357724
1659633768 8996520
1659633769 6893988
1659633770 9265632
1659633771 8480832
1659633772 7836936
1659633773 9099918
1659633774 7198878
1659633775 9060966
1659633776 8056440
1659633777 8576742
1659633778 8572980
1659633779 8402682
1659633780 8261928
1659633781 11817528
1659633782 7204290
1659633783 9037866
1659633784 8742354
1659633785 8144964
1659633786 8964978
1659633787 5877036
1659633788 10855500
1659633789 7737318
1659633790 5612028
1659633791 8522904
1659633792 9637782
1659633793 7749120
1659633794 8478684
1659633795 8298846
1659633796 9246228
1659633797 7348188
1659633798 9517806
1659633799 8812794
1659633800 7587618
1659633801 8974596
1659633802 8584374
1659633803 8201586
1659633804 8112396
1659633805 8567274
1659633806 8801580
1659633807 9245820
1659633808 7664448
1659633809 8012970
1659633810 9170748
1659633811 10394454
1659633812 8998278
1659633813 9337914
1659633814 9309816
1659633815 8354454
1659633816 8190888
1659633817 8161788
1659633818 7978272
1659633819 8538726
1659633820 8345034
1659633821 8424900
1659633822 8454162
1659633823 8828520
1659633824 7658382
1659633825 8688036
1659633826 8181060
1659633827 7970562
1659633828 8496528
1659633829 7381182
1659633830 9039558
1659633831 7391184
1659633832 9590580
1659633833 7987158
1659633834 9151992
1659633835 8321862
1659633836 7903338
1659633837 8798856
1659633838 8744196
1659633839 7864536
1659633840 8249832
1659633841 8372430
1659633842 8122242
1659633843 10941294
1659633844 7151562
1659633845 9811746
1659633846 7355232
1659633847 8272596
1659633848 9592626
1659633849 7290078
1659633850 8579070
1659633851 8534970
1659633852 9417948
1659633853 8639352
1659633854 7789848
1659633855 8164176
1659633856 7885938
1659633857 8847384
1659633858 8016108
1659633859 7502916
1659633860 8685438
1659633861 7696764
1659633862 9168408
1659633863 8544816
1659633864 7903902
1659633865 8823528
1659633866 9830760
1659633867 9549474
1659633868 8209506
1659633869 7260594
1659633870 8773338
1659633871 8347698
1659633872 10849896
1659633873 7966074
1659633874 7733262
1659633875 7758096
1659633876 7450542
1659633877 10947006
1659633878 8099448
1659633879 6760422
1659633880 7055112
1659633881 9255234
1659633882 7655472
1659633883 9440820
1659633884 7112172
1659633885 9588642
1659633886 7025154
1659633887 9337050
1659633888 8630538
1659633889 7450266
1659633890 9219426
1659633891 7905984
1659633892 8489130
1659633893 7347894
1659633894 8581116
1659633895 8251218
1659633896 8034216
1659633897 10023984
1659633898 8289438
1659633899 8682288
1659633900 7420950
1659633901 11827680
1659633902 7345554
1659633903 9654864
1659633904 7577730
1659633905 8073384
1659633906 9557058
1659633907 6572982
1659633908 8869044
1659633909 9520992
1659633910 7396098
1659633911 7624776
1659633912 7927176
1659633913 7172232
1659633914 8893716
1659633915 8713308
1659633916 9679152
1659633917 9711852
1659633918 9382038
1659633919 9220356
1659633920 7275012
1659633921 9094152
1659633922 7602384
1659633923 8307384
1659633924 8107956
1659633925 8136762
1659633926 9149112
1659633927 8663550
1659633928 7992426
1659633929 11412534
1659633930 7488738
1659633931 7236546
1659633932 11479284
1659633933 7019328
1659633934 7855020
1659633935 9170784
1659633936 7641564
1659633937 10105992
1659633938 7977420
1659633939 7164480
1659633940 6927996
1659633941 8767602
1659633942 9388602
1659633943 9104190
1659633944 7281240
1659633945 8861460
1659633946 7615836
1659633947 8834754
1659633948 9080370
1659633949 10374198
1659633950 12397620
1659633951 9060252
1659633952 8378400
1659633953 8243160
1659633954 7562370
1659633955 8492964
1659633956 9153888
1659633957 7665336
1659633958 9482922
1659633959 8203212
1659633960 9547938
1659633961 6816966
1659633962 8210820
1659633963 9984786
1659633964 7619232
1659633965 8692224
1659633966 8025210
1659633967 7316394
1659633968 8774286
1659633969 6803442
1659633970 11451936
1659633971 9122682
1659633972 7725210
1659633973 9255768
1659633974 7126980
1659633975 8921082
1659633976 8490018
1659633977 8216838
1659633978 7870524
1659633979 7425990
1659633980 8380224
1659633981 8274240
1659633982 11631498
1659633983 9801438
1659633984 9695934
1659633985 10715964
1659633986 7660578
1659633987 9224130
1659633988 9499614
1659633989 9831522
1659633990 9247830
1659633991 12256596
1659633992 12471912
1659633993 9671868
1659633994 7231716
1659633995 8909532
1659633996 7503396
1659633997 8301888
1659633998 11378034
1659633999 7403148
1659634000 9297768
1659634001 9052974
1659634002 7069518
1659634003 8868444
1659634004 7250616
1659634005 9379464
1659634006 7145982
1659634007 9080370
1659634008 7898430
1659634009 7947054
1659634010 9218994
1659634011 8888166
1659634012 7675248
1659634013 9063246
1659634014 8063682
1659634015 8388072
1659634016 8622498
1659634017 7675248
1659634018 9102852
1659634019 8486376
1659634020 7694940
1659634021 11257206
1659634022 7767774
1659634023 7852398
1659634024 9395850
1659634025 7364220
1659634026 7756656
1659634027 8739714
1659634028 7250742
1659634029 9610878
1659634030 8133588
1659634031 8920884
1659634032 7917306
1659634033 9319614
1659634034 8324742
1659634035 10019106
1659634036 12440532
1659634037 12482820
1659634038 12514338
1659634039 9091182
1659634040 8670738
1659634041 9279642
1659634042 8253066
1659634043 8258190
1659634044 8663514
1659634045 8015922
1659634046 9422172
1659634047 9414306
1659634048 10422768
1659634049 8761380
1659634050 10307946
1659634051 8491356
1659634052 8248986
1659634053 7010100
1659634054 9932544
1659634055 7597044
1659634056 7750194
1659634057 7920114
1659634058 8052966
1659634059 7344696
1659634060 8834382
1659634061 9009138
1659634062 7438458
1659634063 9054132
1659634064 7156284
1659634065 9800952
1659634066 7988664
1659634067 8601468
1659634068 8458524
1659634069 7590726
1659634070 8821686
1659634071 7681056
1659634072 9058236
1659634073 7972470
1659634074 8182026
1659634075 8426202
1659634076 8461722
1659634077 8084658
1659634078 9223644
1659634079 9437286
1659634080 7678536
1659634081 7704192
1659634082 10364580
1659634083 7574346
1659634084 8360070
1659634085 8817798
1659634086 8332302
1659634087 10195710
1659634088 8275752
1659634089 7692030
1659634090 12221028
1659634091 12470418
1659634092 12547668
1659634093 10186842
1659634094 8438076
1659634095 7605672
1659634096 9656262
1659634097 7941528
1659634098 9739908
1659634099 7373184
1659634100 8347416
1659634101 8119800
1659634102 9262416
1659634103 8594082
1659634104 9316020
1659634105 10314216
1659634106 7887138
1659634107 9003900
1659634108 8354628
1659634109 9906204
1659634110 9294396
1659634111 7105296
1659634112 10071366
1659634113 7434192
1659634114 8286600
1659634115 6981324
1659634116 7259748
1659634117 9207942
1659634118 7683156
1659634119 7377426
1659634120 7191516
1659634121 9138336
1659634122 9358686
1659634123 8356800
1659634124 8050158
1659634125 8293920
1659634126 8192376
1659634127 8652240
1659634128 9679530
1659634129 7492404
1659634130 8411268
1659634131 8350080
1659634132 8186634
1659634133 8506638
1659634134 7759728
1659634135 9788598
1659634136 8365608
1659634137 9937320
1659634138 9561540
1659634139 8271606
1659634140 9008832
1659634141 10520088
1659634142 9211728
1659634143 6913860
1659634144 7997490
1659634145 11318376
1659634146 12459840
1659634147 12517314
1659634148 12524526
1659634149 11432118
1659634150 7509744
1659634151 7575480
1659634152 8294622
1659634153 9860160
1659634154 8473440
1659634155 7704396
1659634156 8832714
1659634157 10050204
1659634158 7706814
1659634159 7877994
1659634160 9538710
1659634161 10107186
1659634162 8230830
1659634163 8314500
1659634164 8597574
1659634165 7643256
1659634166 9678300
1659634167 7282524
1659634168 8901192
1659634169 8899578
1659634170 8743590
1659634171 7546896
1659634172 10472976
1659634173 7693620
1659634174 6841656
1659634175 7556832
1659634176 9887184
1659634177 8113206
1659634178 8661090
1659634179 7469088
1659634180 8912040
1659634181 8429178
1659634182 8291892
1659634183 9117552
1659634184 7057242
1659634185 9743100
1659634186 7715790
1659634187 8556240
1659634188 7953012
1659634189 8341374
1659634190 8174046
1659634191 8937360
1659634192 8580684
1659634193 9011070
1659634194 8787660
1659634195 7100544
1659634196 10614930
1659634197 7899012
1659634198 9434232
1659634199 8205546
1659634200 7876788
1659634201 8195448
1659634202 12479298
1659634203 12468942
1659634204 11944872
1659634205 11217816
1659634206 8669340
1659634207 8151264
1659634208 10753854
1659634209 8660664
1659634210 7440336
1659634211 9814428
1659634212 8575668
1659634213 8688930
1659634214 7334502
1659634215 7939584
1659634216 7873284
1659634217 9216996
1659634218 9784392
1659634219 8311620
1659634220 8691474
1659634221 8789010
1659634222 9678546
1659634223 8287656
1659634224 8666658
1659634225 7177776
1659634226 9272736
1659634227 7935600
1659634228 8215476
1659634229 8705358
1659634230 9920802
1659634231 8301762
1659634232 9996912
1659634233 7967946
1659634234 6759852
1659634235 9712596
1659634236 8407782
1659634237 7893474
1659634238 8716698
1659634239 8059350
1659634240 8652726
1659634241 7741506
1659634242 7967424
1659634243 8570790
1659634244 8139780
1659634245 8429610
1659634246 8905788
1659634247 8451606
1659634248 8144592
1659634249 8080344
1659634250 8154378
1659634251 9462288
1659634252 7078380
1659634253 11848914
1659634254 8128086
1659634255 8267970
1659634256 9732804
1659634257 7989276
1659634258 9227028
1659634259 11075502
1659634260 12469170
1659634261 12349386
1659634262 12497772
1659634263 10830234
1659634264 8053176
1659634265 8292594
1659634266 7266672
1659634267 9078588
1659634268 9107232
1659634269 8593188
1659634270 7132926
1659634271 7720968
1659634272 7950690
1659634273 8791038
1659634274 7591884
1659634275 10802682
1659634276 7861590
1659634277 9540366
1659634278 7441002
1659634279 8809236
1659634280 8463690
1659634281 7862424
1659634282 8541858
1659634283 7814994
1659634284 8634426
1659634285 7247736
1659634286 9408924
1659634287 7846554
1659634288 8619702
1659634289 9557820
1659634290 8556402
1659634291 9018696
1659634292 9048378
1659634293 6988296
1659634294 9358962
1659634295 7191666
1659634296 9268848
1659634297 9809646
1659634298 6505836
1659634299 7975860
1659634300 8220378
1659634301 7427172
1659634302 8892432
1659634303 8255676
1659634304 8280090
1659634305 8639982
1659634306 7851582
1659634307 9325224
1659634308 8445042
1659634309 7806318
1659634310 9237630
1659634311 9198018
1659634312 8802966
1659634313 7785078
1659634314 8494842
1659634315 8170110
1659634316 10868646
1659634317 12466188
1659634318 12519168
1659634319 12036420
1659634320 10669590
1659634321 9771840
1659634322 7861326
1659634323 10016970
1659634324 8156700
1659634325 6670536
1659634326 10031658
1659634327 7270368
1659634328 8743212
1659634329 8371824
1659634330 9852612
1659634331 7902942
1659634332 6987354
1659634333 7954872
1659634334 7314498
1659634335 9650148
1659634336 7865964
1659634337 8483688
1659634338 8332008
1659634339 9033354
1659634340 8206890
1659634341 8338056
1659634342 9301554
1659634343 7248960
1659634344 8433534
1659634345 7518918
1659634346 9153432
1659634347 7947918
1659634348 9400314
1659634349 10145160
1659634350 8261394
1659634351 8507406
1659634352 9401970
1659634353 7718598
1659634354 7990422
1659634355 8001894
1659634356 8252412
1659634357 10299684
1659634358 7268820
1659634359 6836460
1659634360 8047206
1659634361 9566076
1659634362 9571086
1659634363 8763564
1659634364 7684728
1659634365 9198780
1659634366 8599578
1659634367 8056986
1659634368 9097092
1659634369 7664166
1659634370 9187020
1659634371 8844444
1659634372 12476886
1659634373 12482064
1659634374 11576844
1659634375 10659426
1659634376 9109938
1659634377 8106048
1659634378 9232878
1659634379 6317856
1659634380 9115080
1659634381 10366554
1659634382 8649594
1659634383 8403222
1659634384 9354390
1659634385 7754526
1659634386 7228164
1659634387 11851206
1659634388 6153372
1659634389 9524628
1659634390 8635512
1659634391 7300614
1659634392 7442862
1659634393 9427626
1659634394 6628680
1659634395 9817560
1659634396 8240556
1659634397 8192196
1659634398 9014550
1659634399 7930278
1659634400 8577102
1659634401 8705304
1659634402 8811120
1659634403 8062812
1659634404 8601876
1659634405 8075250
1659634406 9137640
1659634407 7855812
1659634408 8249442
1659634409 8176818
1659634410 10536396
1659634411 9261408
1659634412 8003844
1659634413 9637398
1659634414 7300674
1659634415 8486478
1659634416 8514930
1659634417 7514286
1659634418 8307162
1659634419 8231976
1659634420 8927766
1659634421 8434848
1659634422 7888332
1659634423 9167586
1659634424 7840068
1659634425 8836974
1659634426 7963212
1659634427 9683922
1659634428 10517592
1659634429 12026160
1659634430 12485232
1659634431 12509814
1659634432 9164208
1659634433 8845782
1659634434 7337376
1659634435 9373200
1659634436 7525482
1659634437 9150660
1659634438 8225802
1659634439 7356000
1659634440 11440770
1659634441 9937812
1659634442 7913064
1659634443 11194680
1659634444 9469974
1659634445 7380708
1659634446 7287540
1659634447 11778816
1659634448 8164446
1659634449 7441464
1659634450 7655646
1659634451 7554282
1659634452 7905114
1659634453 7220580
1659634454 8379702
1659634455 8929896
1659634456 8470314
1659634457 7649670
1659634458 7635942
1659634459 7666566
1659634460 8823444
1659634461 7736322
1659634462 8712336
1659634463 8156910
1659634464 8049792
1659634465 7841694
1659634466 8791194
1659634467 9641394
1659634468 7523760
1659634469 8073702
1659634470 9636702
1659634471 9826938
1659634472 7976244
1659634473 6926418
1659634474 9853362
1659634475 9097710
1659634476 7748892
1659634477 9649146
1659634478 6851088
1659634479 7244370
1659634480 9961278
1659634481 7876722
1659634482 9638454
1659634483 9604068
1659634484 11838444
1659634485 12471636
1659634486 12487650
1659634487 9973110
1659634488 8785188
1659634489 7532346
1659634490 9613554
1659634491 9378432
1659634492 7329816
1659634493 9378252
1659634494 7578516
1659634495 8509080
1659634496 8442408
1659634497 9274614
1659634498 9620640
1659634499 10868184
1659634500 8362296
1659634501 9022626
1659634502 8908872
1659634503 6373794
1659634504 9801234
1659634505 7579938
1659634506 7347696
1659634507 8292894
1659634508 7384992
1659634509 9048834
1659634510 8214534
1659634511 8409966
1659634512 8111262
1659634513 8899140
1659634514 6931800
1659634515 9223308
1659634516 7482408
1659634517 9667494
1659634518 7978434
1659634519 7803570
1659634520 8683068
1659634521 7926402
1659634522 9476010
1659634523 7095114
1659634524 8111574
1659634525 7358586
1659634526 9040560
1659634527 7316874
1659634528 9458646
1659634529 7514646
1659634530 11337174
1659634531 8221812
1659634532 7378452
1659634533 10500138
1659634534 9510528
1659634535 12435246
1659634536 8452242
1659634537 8132376
1659634538 9480822
1659634539 6933228
1659634540 9618744
1659634541 12461070
1659634542 12485538
1659634543 12538056
1659634544 10224948
1659634545 8826750
1659634546 7220238
1659634547 8510082
1659634548 8297274
1659634549 8029008
1659634550 7861902
1659634551 8884590
1659634552 8702820
1659634553 9088788
1659634554 9924708
1659634555 9478080
1659634556 8747022
1659634557 8530398
1659634558 8196150
1659634559 9554862
1659634560 8467050
1659634561 8064360
1659634562 10140636
1659634563 6630816
1659634564 8978886
1659634565 7712370
1659634566 8789970
1659634567 12433200
1659634568 9341694
1659634569 8993796
1659634570 8548728
1659634571 8939112
1659634572 7014114
1659634573 9145464
1659634574 8612952
1659634575 8674878
1659634576 8277936
1659634577 8327106
1659634578 8589984
1659634579 7353042
1659634580 8774520
1659634581 7870110
1659634582 9199224
1659634583 7106424
1659634584 8777634
1659634585 6825792
1659634586 11236824
1659634587 7745292
1659634588 9262620
1659634589 8877528
1659634590 8141610
1659634591 11137536
1659634592 8611536
1659634593 9910758
1659634594 7529256
1659634595 11755146
1659634596 7865526
1659634597 8734218
1659634598 7232028
1659634599 7851942
1659634600 8477778
1659634601 8218212
1659634602 8411904
1659634603 8528988
1659634604 9321810
1659634605 10986708
1659634606 9673344
1659634607 8712030
1659634608 8891244
1659634609 7725534
1659634610 9337896
1659634611 7551474
1659634612 8911344
1659634613 8142864
1659634614 7971942
1659634615 8932884
1659634616 7862808
1659634617 9480510
1659634618 7837812
1659634619 8422392
1659634620 8727540
1659634621 7294776
1659634622 11356968
1659634623 7977438
1659634624 6394836
1659634625 10276266
1659634626 8517048
1659634627 7902798
1659634628 7787004
1659634629 6850872
1659634630 9906162
1659634631 7616136
1659634632 9087846
1659634633 7275378
1659634634 8210478
1659634635 7684098
1659634636 9028032
1659634637 7630518
1659634638 8932098
1659634639 7219716
1659634640 9345624
1659634641 9171882
1659634642 8547912
1659634643 8341974
1659634644 7564824
1659634645 8412756
1659634646 8588622
1659634647 9568572
1659634648 12460224
1659634649 11650632
1659634650 12521400
1659634651 12040020
1659634652 7825578
1659634653 9190092
1659634654 10389540
1659634655 7129872
1659634656 11435994
1659634657 8195550
1659634658 8583186
1659634659 8438340
1659634660 9777000
1659634661 9728490
1659634662 6913314
1659634663 10507662
1659634664 8318586
1659634665 8424390
1659634666 7193778
1659634667 7759482
1659634668 7140696
1659634669 8408748
1659634670 8289684
1659634671 9060504
1659634672 8274168
1659634673 8478894
1659634674 7810698
1659634675 9051390
1659634676 8560368
1659634677 7484136
1659634678 9708786
1659634679 7535136
1659634680 8517108
1659634681 6545766
1659634682 388
