# events called
1659631468 1605506
1659631469 1620928
1659631470 1008968
1659631471 7525486
1659631472 10489968
1659631473 10946272
1659631474 9119060
1659631475 11097566
1659631476 10425700
1659631477 10153698
1659631478 11097810
1659631479 9467360
1659631480 11059798
1659631481 10386966
1659631482 9983202
1659631483 11022564
1659631484 9525316
1659631485 10927866
1659631486 10608872
1659631487 10586132
1659631488 10995896
1659631489 9882450
1659631490 10461966
1659631491 10590692
1659631492 9822014
1659631493 11015394
1659631494 10191754
1659631495 11015642
1659631496 9903154
1659631497 10600658
1659631498 10525812
1659631499 10530358
1659631500 11774268
1659631501 10979696
1659631502 10499220
1659631503 10098650
1659631504 10527264
1659631505 9902540
1659631506 10141722
1659631507 10927376
1659631508 9913004
1659631509 10728352
1659631510 10897234
1659631511 9633514
1659631512 10609416
1659631513 10443388
1659631514 9827250
1659631515 10908254
1659631516 10303144
1659631517 9967544
1659631518 11015674
1659631519 9514330
1659631520 10855996
1659631521 10157422
1659631522 10240082
1659631523 10889320
1659631524 9273548
1659631525 11114436
1659631526 10027114
1659631527 10944036
1659631528 10718778
1659631529 9378944
1659631530 10833532
1659631531 11674052
1659631532 10948838
1659631533 9614686
1659631534 11147686
1659631535 10899100
1659631536 10493404
1659631537 10129698
1659631538 11974844
1659631539 10576878
1659631540 10264262
1659631541 10172428
1659631542 11596724
1659631543 9812828
1659631544 9454272
1659631545 10369986
1659631546 10862278
1659631547 10788710
1659631548 9407764
1659631549 10692348
1659631550 10936426
1659631551 10395318
1659631552 10923994
1659631553 10505396
1659631554 10106630
1659631555 10826538
1659631556 10576976
1659631557 10399414
1659631558 10857318
1659631559 10929426
1659631560 10418692
1659631561 10242148
1659631562 11243678
1659631563 10090540
1659631564 10438738
1659631565 10422616
1659631566 10268434
1659631567 11163714
1659631568 10083042
1659631569 10495758
1659631570 10776382
1659631571 10735930
1659631572 10455574
1659631573 10166092
1659631574 9866994
1659631575 10049360
1659631576 10641558
1659631577 11141828
1659631578 11146184
1659631579 9464682
1659631580 11181348
1659631581 10874564
1659631582 10453944
1659631583 11209626
1659631584 10127080
1659631585 10167424
1659631586 11087192
1659631587 10525810
1659631588 11144642
1659631589 10758876
1659631590 10034412
1659631591 10933456
1659631592 11997568
1659631593 11144454
1659631594 9239078
1659631595 10236902
1659631596 10591860
1659631597 10747124
1659631598 10640838
1659631599 9539710
1659631600 11128738
1659631601 10119084
1659631602 11002230
1659631603 10649114
1659631604 10174272
1659631605 9715924
1659631606 11089604
1659631607 11089904
1659631608 9762154
1659631609 10676568
1659631610 10526110
1659631611 11083092
1659631612 10765150
1659631613 9893818
1659631614 10832468
1659631615 11148348
1659631616 10601568
1659631617 10466518
1659631618 10298264
1659631619 11406298
1659631620 11010550
1659631621 9960500
1659631622 10859258
1659631623 11173514
1659631624 9282340
1659631625 11040360
1659631626 11130390
1659631627 11923308
1659631628 9806940
1659631629 10317366
1659631630 10340592
1659631631 10972880
1659631632 10956486
1659631633 9725302
1659631634 10851316
1659631635 10914050
1659631636 10598384
1659631637 10257228
1659631638 11168352
1659631639 9534490
1659631640 10405934
1659631641 10741590
1659631642 10776956
1659631643 11238078
1659631644 9461594
1659631645 10970676
1659631646 11188268
1659631647 10660082
1659631648 10701146
1659631649 11326492
1659631650 10738172
1659631651 11167642
1659631652 12052760
1659631653 9981800
1659631654 10471384
1659631655 10367820
1659631656 10631284
1659631657 12031010
1659631658 10256136
1659631659 10209210
1659631660 10387920
1659631661 10794994
1659631662 10666454
1659631663 10789180
1659631664 10526138
1659631665 10486342
1659631666 11039476
1659631667 10980966
1659631668 9394248
1659631669 11169352
1659631670 11222910
1659631671 10653492
1659631672 10996876
1659631673 9357770
1659631674 10875346
1659631675 10828402
1659631676 10539782
1659631677 10848604
1659631678 11305882
1659631679 11158350
1659631680 10701906
1659631681 10353416
1659631682 11530688
1659631683 9633704
1659631684 11420726
1659631685 12224056
1659631686 10717380
1659631687 9662824
1659631688 10402614
1659631689 9881276
1659631690 10919686
1659631691 11370226
1659631692 9710090
1659631693 9962696
1659631694 11176688
1659631695 10204552
1659631696 10593170
1659631697 11091670
1659631698 10047382
1659631699 10309200
1659631700 10627394
1659631701 11092496
1659631702 10222114
1659631703 9733118
1659631704 10966476
1659631705 10778070
1659631706 10234616
1659631707 11068994
1659631708 11216166
1659631709 11546734
1659631710 10626202
1659631711 10259060
1659631712 10670692
1659631713 10093080
1659631714 10469302
1659631715 11393606
1659631716 9662450
1659631717 10973156
1659631718 10492864
1659631719 10542472
1659631720 10816274
1659631721 10635830
1659631722 10823836
1659631723 9725042
1659631724 10047830
1659631725 11084896
1659631726 10809282
1659631727 9964398
1659631728 10116148
1659631729 10740914
1659631730 11110860
1659631731 10739394
1659631732 10078026
1659631733 10701406
1659631734 10638580
1659631735 10758522
1659631736 10525542
1659631737 11196302
1659631738 10597952
1659631739 10326120
1659631740 11170416
1659631741 10683896
1659631742 11214476
1659631743 10863350
1659631744 11174572
1659631745 9751304
1659631746 11203500
1659631747 11993088
1659631748 9384382
1659631749 10152542
1659631750 11107374
1659631751 10051766
1659631752 10925592
1659631753 9556524
1659631754 11088220
1659631755 11131218
1659631756 10089622
1659631757 10672530
1659631758 10513088
1659631759 10116368
1659631760 10889958
1659631761 11123034
1659631762 10498420
1659631763 9816404
1659631764 10662548
1659631765 11143070
1659631766 11203050
1659631767 11416706
1659631768 10169498
1659631769 10770536
1659631770 11095858
1659631771 10648818
1659631772 10310340
1659631773 11409824
1659631774 10287732
1659631775 10487206
1659631776 10943438
1659631777 10577830
1659631778 10960472
1659631779 10533356
1659631780 10216506
1659631781 11183174
1659631782 10600912
1659631783 9310356
1659631784 10866306
1659631785 10583244
1659631786 10108254
1659631787 11187748
1659631788 10276474
1659631789 10207252
1659631790 10484150
1659631791 10912392
1659631792 10987238
1659631793 9163228
1659631794 11143744
1659631795 11013948
1659631796 9728674
1659631797 11194042
1659631798 10184052
1659631799 10326770
1659631800 11828860
1659631801 10741950
1659631802 9722460
1659631803 10910862
1659631804 12024736
1659631805 11308770
1659631806 9999522
1659631807 11453776
1659631808 9506678
1659631809 10496494
1659631810 11797064
1659631811 11882852
1659631812 10005544
1659631813 10690234
1659631814 10777010
1659631815 10022662
1659631816 11172190
1659631817 10504858
1659631818 10535954
1659631819 10970596
1659631820 9821060
1659631821 11034370
1659631822 10890812
1659631823 10127690
1659631824 10599072
1659631825 11153624
1659631826 12248776
1659631827 10531046
1659631828 10684970
1659631829 11183362
1659631830 10640318
1659631831 10953868
1659631832 10507082
1659631833 9732882
1659631834 11503274
1659631835 11091032
1659631836 9292234
1659631837 10673498
1659631838 10354384
1659631839 10827800
1659631840 10364660
1659631841 10684356
1659631842 11159286
1659631843 10828830
1659631844 10087854
1659631845 10649408
1659631846 11151738
1659631847 9544766
1659631848 9940786
1659631849 10186178
1659631850 10888306
1659631851 10692914
1659631852 10574390
1659631853 10933466
1659631854 10018620
1659631855 10653406
1659631856 10883856
1659631857 10340226
1659631858 10958956
1659631859 11093962
1659631860 11211756
1659631861 10577694
1659631862 10879324
1659631863 8054862
1659631864 10761172
1659631865 12005810
1659631866 11153960
1659631867 9777722
1659631868 10964906
1659631869 11128514
1659631870 10146330
1659631871 10589286
1659631872 10651948
1659631873 10319262
1659631874 10805356
1659631875 10441270
1659631876 11193698
1659631877 10617388
1659631878 9298124
1659631879 11176066
1659631880 11157558
1659631881 10662200
1659631882 10152214
1659631883 11483340
1659631884 10465476
1659631885 10264310
1659631886 11172852
1659631887 10551644
1659631888 10138290
1659631889 11559276
1659631890 9958918
1659631891 12051894
1659631892 10548716
1659631893 9113084
1659631894 11055262
1659631895 9922574
1659631896 11926778
1659631897 11199016
1659631898 9410580
1659631899 11086426
1659631900 11237138
1659631901 9717262
1659631902 10788240
1659631903 10223834
1659631904 10395946
1659631905 11078234
1659631906 10100156
1659631907 10676006
1659631908 10217586
1659631909 10038052
1659631910 10754428
1659631911 11193974
1659631912 10709204
1659631913 10291524
1659631914 10178390
1659631915 11179170
1659631916 11037626
1659631917 11115298
1659631918 9846240
1659631919 10721106
1659631920 10688284
1659631921 10918190
1659631922 11202250
1659631923 9067858
1659631924 11011328
1659631925 11325278
1659631926 10401414
1659631927 11146822
1659631928 10204246
1659631929 9837734
1659631930 10754736
1659631931 10568072
1659631932 10319122
1659631933 10384382
1659631934 10569846
1659631935 11195360
1659631936 10706110
1659631937 10053846
1659631938 10273034
1659631939 11001014
1659631940 10707318
1659631941 11074812
1659631942 9725848
1659631943 10533230
1659631944 11113866
1659631945 11107584
1659631946 10120658
1659631947 10784160
1659631948 10341128
1659631949 11495512
1659631950 10449944
1659631951 11355308
1659631952 10616090
1659631953 9324106
1659631954 11149858
1659631955 10269034
1659631956 10576784
1659631957 11419958
1659631958 9795926
1659631959 9803270
1659631960 10234728
1659631961 11206562
1659631962 10262014
1659631963 10519144
1659631964 10207096
1659631965 10782668
1659631966 11174914
1659631967 10524728
1659631968 9208320
1659631969 11145420
1659631970 10112954
1659631971 10616070
1659631972 11030224
1659631973 10486832
1659631974 10892266
1659631975 10614328
1659631976 10372320
1659631977 11157326
1659631978 10566420
1659631979 10681122
1659631980 11107690
1659631981 9850190
1659631982 11860600
1659631983 9982292
1659631984 10334174
1659631985 10642780
1659631986 11157830
1659631987 9567250
1659631988 10159138
1659631989 11137556
1659631990 9647648
1659631991 11305312
1659631992 10304786
1659631993 10966752
1659631994 10630624
1659631995 11581354
1659631996 10564442
1659631997 11225918
1659631998 10631338
1659631999 10006046
1659632000 11081726
1659632001 10953978
1659632002 10312050
1659632003 9226814
1659632004 10630416
1659632005 10364100
1659632006 10774844
1659632007 10591968
1659632008 11017064
1659632009 10751042
1659632010 9962212
1659632011 11202016
1659632012 10337366
1659632013 10322268
1659632014 10944248
1659632015 10957932
1659632016 10446696
1659632017 10359864
1659632018 10393768
1659632019 11197898
1659632020 10005902
1659632021 9867924
1659632022 11124158
1659632023 11190426
1659632024 12324810
1659632025 10674234
1659632026 11082920
1659632027 11054196
1659632028 9714260
1659632029 10709196
1659632030 10956546
1659632031 10028952
1659632032 11010744
1659632033 10029444
1659632034 10618808
1659632035 10691888
1659632036 9922078
1659632037 11171246
1659632038 10274564
1659632039 11426442
1659632040 10992618
1659632041 10077048
1659632042 11685378
1659632043 9926508
1659632044 10362058
1659632045 10340170
1659632046 11292312
1659632047 11217998
1659632048 10141480
1659632049 10384506
1659632050 9798060
1659632051 11097210
1659632052 11176156
1659632053 10923242
1659632054 10620612
1659632055 11163782
1659632056 11083694
1659632057 9610462
1659632058 10741340
1659632059 11390292
1659632060 12141256
1659632061 10668852
1659632062 11046266
1659632063 10562516
1659632064 11124728
1659632065 10578350
1659632066 10826972
1659632067 9978276
1659632068 10859126
1659632069 11761984
1659632070 9740074
1659632071 10441246
1659632072 12004864
1659632073 10409970
1659632074 9304312
1659632075 10909994
1659632076 10631638
1659632077 10897604
1659632078 9456346
1659632079 10102838
1659632080 11173960
1659632081 10728548
1659632082 10466626
1659632083 10355138
1659632084 10342946
1659632085 10864360
1659632086 10263960
1659632087 10600244
1659632088 10471346
1659632089 10624778
1659632090 10401836
1659632091 11127944
1659632092 10280242
1659632093 9156994
1659632094 11199114
1659632095 10589648
1659632096 11134702
1659632097 11124672
1659632098 10163980
1659632099 11056656
1659632100 11170400
1659632101 9756650
1659632102 10931486
1659632103 11062524
1659632104 10093226
1659632105 11141188
1659632106 11183798
1659632107 10093164
1659632108 10228266
1659632109 10361218
1659632110 10546330
1659632111 10549450
1659632112 11278818
1659632113 9027440
1659632114 11226564
1659632115 9963336
1659632116 10692658
1659632117 11182082
1659632118 10424694
1659632119 11221532
1659632120 11184722
1659632121 9953248
1659632122 10749548
1659632123 10238532
1659632124 10620518
1659632125 11027442
1659632126 9805294
1659632127 11046362
1659632128 10784136
1659632129 11882482
1659632130 9969486
1659632131 10166980
1659632132 10313134
1659632133 11006558
1659632134 10526278
1659632135 9741382
1659632136 10680754
1659632137 11854564
1659632138 8911744
1659632139 10380362
1659632140 10593852
1659632141 10530514
1659632142 10651374
1659632143 10847376
1659632144 9987930
1659632145 10553370
1659632146 11245346
1659632147 9929770
1659632148 10077274
1659632149 10209290
1659632150 11161406
1659632151 10662140
1659632152 10076728
1659632153 10025680
1659632154 10922530
1659632155 10429468
1659632156 10489798
1659632157 10623542
1659632158 11520780
1659632159 11195488
1659632160 10299946
1659632161 10368056
1659632162 11331898
1659632163 9396434
1659632164 10615736
1659632165 10761032
1659632166 10613478
1659632167 11572364
1659632168 8652576
1659632169 10239934
1659632170 11074730
1659632171 10111996
1659632172 10541668
1659632173 9935394
1659632174 10498426
1659632175 11332060
1659632176 11685536
1659632177 10645984
1659632178 10382090
1659632179 10413452
1659632180 10361036
1659632181 11176720
1659632182 10836668
1659632183 10088064
1659632184 10480282
1659632185 11199848
1659632186 9601860
1659632187 11103676
1659632188 10570234
1659632189 10452642
1659632190 11181256
1659632191 9806998
1659632192 11751532
1659632193 9401534
1659632194 10484900
1659632195 11252744
1659632196 10217046
1659632197 10437668
1659632198 10384854
1659632199 10383772
1659632200 10621236
1659632201 10999514
1659632202 9990248
1659632203 10383438
1659632204 10833628
1659632205 11226048
1659632206 9574506
1659632207 11207966
1659632208 9460142
1659632209 11185602
1659632210 11103732
1659632211 11146860
1659632212 9614476
1659632213 10640568
1659632214 10466758
1659632215 10935808
1659632216 10359348
1659632217 10633500
1659632218 10725208
1659632219 10866686
1659632220 10844124
1659632221 10553246
1659632222 10372712
1659632223 9868324
1659632224 10986776
1659632225 11066866
1659632226 10708006
1659632227 9794214
1659632228 8961914
1659632229 11035130
1659632230 11148230
1659632231 10153954
1659632232 11664628
1659632233 10705442
1659632234 10589214
1659632235 10432058
1659632236 10865416
1659632237 11190550
1659632238 10302844
1659632239 10206592
1659632240 10764560
1659632241 10357486
1659632242 11539160
1659632243 8784816
1659632244 11178844
1659632245 11112146
1659632246 10060590
1659632247 10558628
1659632248 10780964
1659632249 12058796
1659632250 10202948
1659632251 9928484
1659632252 10117030
1659632253 11467538
1659632254 11144244
1659632255 9357598
1659632256 10464004
1659632257 10591204
1659632258 10724904
1659632259 10294868
1659632260 10875790
1659632261 10902956
1659632262 11221846
1659632263 9643018
1659632264 11014410
1659632265 10860736
1659632266 10827694
1659632267 11211776
1659632268 10845550
1659632269 9894048
1659632270 11176942
1659632271 10222920
1659632272 11029362
1659632273 10398106
1659632274 9871972
1659632275 11120666
1659632276 10880872
1659632277 10711456
1659632278 10623484
1659632279 12286062
1659632280 12271210
1659632281 12296558
1659632282 11167468
1659632283 11561902
1659632284 9829894
1659632285 10136768
1659632286 10636074
1659632287 12058038
1659632288 9981582
1659632289 9684884
1659632290 11162262
1659632291 12020312
1659632292 11194046
1659632293 9935900
1659632294 11084006
1659632295 10690918
1659632296 10821578
1659632297 10396478
1659632298 10344426
1659632299 11120332
1659632300 10322558
1659632301 10451120
1659632302 10797812
1659632303 9684826
1659632304 10412526
1659632305 10974772
1659632306 10715108
1659632307 10229990
1659632308 10857738
1659632309 10414460
1659632310 11244496
1659632311 11157986
1659632312 9691008
1659632313 10758646
1659632314 11657518
1659632315 10137850
1659632316 11242902
1659632317 10030770
1659632318 8944242
1659632319 11159324
1659632320 10713528
1659632321 9977362
1659632322 11168538
1659632323 10212412
1659632324 10850336
1659632325 10491428
1659632326 10672344
1659632327 10722426
1659632328 10095696
1659632329 10222472
1659632330 10985074
1659632331 11177726
1659632332 9657178
1659632333 9735904
1659632334 10658462
1659632335 11164796
1659632336 11126284
1659632337 9789504
1659632338 11339094
1659632339 10895164
1659632340 9796490
1659632341 11175890
1659632342 11119802
1659632343 9628606
1659632344 11715512
1659632345 10233262
1659632346 10135398
1659632347 10556266
1659632348 10310648
1659632349 11124058
1659632350 11216422
1659632351 11143044
1659632352 10645776
1659632353 10092578
1659632354 11279212
1659632355 10151196
1659632356 11235638
1659632357 9842536
1659632358 10405662
1659632359 11097160
1659632360 9757690
1659632361 10808148
1659632362 11006626
1659632363 10493664
1659632364 10161234
1659632365 10312480
1659632366 11176694
1659632367 10988474
1659632368 9886118
1659632369 10643970
1659632370 10352842
1659632371 11393564
1659632372 9724726
1659632373 10299570
1659632374 11973578
1659632375 12291994
1659632376 9930976
1659632377 10423082
1659632378 9030628
1659632379 11104600
1659632380 10273448
1659632381 11265408
1659632382 10275998
1659632383 10247866
1659632384 10919298
1659632385 10497158
1659632386 12108280
1659632387 10340320
1659632388 9379238
1659632389 10645556
1659632390 10712032
1659632391 10877342
1659632392 10675166
1659632393 10222130
1659632394 11092288
1659632395 9838840
1659632396 10719862
1659632397 10517168
1659632398 10368880
1659632399 10580196
1659632400 12023594
1659632401 10606738
1659632402 10200372
1659632403 9442222
1659632404 10978840
1659632405 11170978
1659632406 10621330
1659632407 11118360
1659632408 9933214
1659632409 10658084
1659632410 11018174
1659632411 9936242
1659632412 10889190
1659632413 10434032
1659632414 11470416
1659632415 9641764
1659632416 11186296
1659632417 10444900
1659632418 9748998
1659632419 11192462
1659632420 10412818
1659632421 10687200
1659632422 10080508
1659632423 10964584
1659632424 10818454
1659632425 9783366
1659632426 10983956
1659632427 11175302
1659632428 10196998
1659632429 10306436
1659632430 11150150
1659632431 11352004
1659632432 9581912
1659632433 10131122
1659632434 11811108
1659632435 10206310
1659632436 11111004
1659632437 10660060
1659632438 10832968
1659632439 10280784
1659632440 11483014
1659632441 11160362
1659632442 10249966
1659632443 10447780
1659632444 10778568
1659632445 9929150
1659632446 11208142
1659632447 10324662
1659632448 9477854
1659632449 11129760
1659632450 11146468
1659632451 10475048
1659632452 10293258
1659632453 10866376
1659632454 10061702
1659632455 10596132
1659632456 10502842
1659632457 11031334
1659632458 10472378
1659632459 9887474
1659632460 11996060
1659632461 10639894
1659632462 9811080
1659632463 9300788
1659632464 12263556
1659632465 12022006
1659632466 10581062
1659632467 10161552
1659632468 10680498
1659632469 10472090
1659632470 10328118
1659632471 10048486
1659632472 11126444
1659632473 10386146
1659632474 10721650
1659632475 10173696
1659632476 11184544
1659632477 10512626
1659632478 9741834
1659632479 11166778
1659632480 10491736
1659632481 11086474
1659632482 9918808
1659632483 10510526
1659632484 11173154
1659632485 9737192
1659632486 10922420
1659632487 10928798
1659632488 9961208
1659632489 11354552
1659632490 11034496
1659632491 9515364
1659632492 11703658
1659632493 9668722
1659632494 9692860
1659632495 10903986
1659632496 9874078
1659632497 11828288
1659632498 10886462
1659632499 11222130
1659632500 9739366
1659632501 10676206
1659632502 10781768
1659632503 9717664
1659632504 11134254
1659632505 9659216
1659632506 11187964
1659632507 11028824
1659632508 9370560
1659632509 11000828
1659632510 10249314
1659632511 10633320
1659632512 10704030
1659632513 10421402
1659632514 10310528
1659632515 10953642
1659632516 10665804
1659632517 10815444
1659632518 9918976
1659632519 10884964
1659632520 10818582
1659632521 10737454
1659632522 11830960
1659632523 10243762
1659632524 9819328
1659632525 10834840
1659632526 10274058
1659632527 10982272
1659632528 11615236
1659632529 9578084
1659632530 9805356
1659632531 10609698
1659632532 10703672
1659632533 10195582
1659632534 11178244
1659632535 10656412
1659632536 9979128
1659632537 11163930
1659632538 9822820
1659632539 10710214
1659632540 11021264
1659632541 10670840
1659632542 10422258
1659632543 9760930
1659632544 10470526
1659632545 10044420
1659632546 10729298
1659632547 10992256
1659632548 10808700
1659632549 10188660
1659632550 11155786
1659632551 10034992
1659632552 12260138
1659632553 10311196
1659632554 12270950
1659632555 11598674
1659632556 10409330
1659632557 10842472
1659632558 9256294
1659632559 11078628
1659632560 11908188
1659632561 9716568
1659632562 10363036
1659632563 10215890
1659632564 11190282
1659632565 9673078
1659632566 10912706
1659632567 10858448
1659632568 8862728
1659632569 11075620
1659632570 11048104
1659632571 10630038
1659632572 10193868
1659632573 10042704
1659632574 10807726
1659632575 10290846
1659632576 10790174
1659632577 10986082
1659632578 11329044
1659632579 11139768
1659632580 10575434
1659632581 10139598
1659632582 10782822
1659632583 9454268
1659632584 11116966
1659632585 12008416
1659632586 9712366
1659632587 11995074
1659632588 10884798
1659632589 9673524
1659632590 10599040
1659632591 10788658
1659632592 9927256
1659632593 10902666
1659632594 11186740
1659632595 9587396
1659632596 11165866
1659632597 10230238
1659632598 10403344
1659632599 11838620
1659632600 11108310
1659632601 10099196
1659632602 10543316
1659632603 10127374
1659632604 10360582
1659632605 10829302
1659632606 10578774
1659632607 10266302
1659632608 10265934
1659632609 10816098
1659632610 11108868
1659632611 10640936
1659632612 10359318
1659632613 10883244
1659632614 12034690
1659632615 9629092
1659632616 10271402
1659632617 12227848
1659632618 10172880
1659632619 12100844
1659632620 10260872
1659632621 9766170
1659632622 10931696
1659632623 9609032
1659632624 10638184
1659632625 9801348
1659632626 9965350
1659632627 10874922
1659632628 8971634
1659632629 12229068
1659632630 11535986
1659632631 11950780
1659632632 10856404
1659632633 10355742
1659632634 10297990
1659632635 11122170
1659632636 9912368
1659632637 10681654
1659632638 10363660
1659632639 10950922
1659632640 11132806
1659632641 10597952
1659632642 11095682
1659632643 10174358
1659632644 9574360
1659632645 11788202
1659632646 11125204
1659632647 10209240
1659632648 9642806
1659632649 10346544
1659632650 11171492
1659632651 10711860
1659632652 10097270
1659632653 10612692
1659632654 11097816
1659632655 10542540
1659632656 10431790
1659632657 10901336
1659632658 10155420
1659632659 10590114
1659632660 10209616
1659632661 11169924
1659632662 10428288
1659632663 9101392
1659632664 12176384
1659632665 10124812
1659632666 10657594
1659632667 10769564
1659632668 9840124
1659632669 11050676
1659632670 10844640
1659632671 1176


# events submitted
1659631468 1605506
1659631469 1620928
1659631470 1002200
1659631471 7503458
1659631472 10449080
1659631473 10925676
1659631474 9103356
1659631475 11067482
1659631476 10411644
1659631477 10138058
1659631478 11075650
1659631479 9451488
1659631480 11038778
1659631481 10367810
1659631482 9970688
1659631483 11003990
1659631484 9509784
1659631485 10909942
1659631486 10587470
1659631487 10560990
1659631488 10977664
1659631489 9862128
1659631490 10443422
1659631491 10574642
1659631492 9809364
1659631493 11003128
1659631494 10185312
1659631495 10994696
1659631496 9892478
1659631497 10580100
1659631498 10513862
1659631499 10510342
1659631500 11752518
1659631501 10968434
1659631502 10478526
1659631503 10084352
1659631504 10511878
1659631505 9886112
1659631506 10128724
1659631507 10913822
1659631508 9893764
1659631509 10706276
1659631510 10878986
1659631511 9606572
1659631512 10591762
1659631513 10428948
1659631514 9817610
1659631515 10898996
1659631516 10287016
1659631517 9961004
1659631518 10989310
1659631519 9499452
1659631520 10841032
1659631521 10142540
1659631522 10227962
1659631523 10867984
1659631524 9262762
1659631525 11092086
1659631526 10011166
1659631527 10923078
1659631528 10707256
1659631529 9361818
1659631530 10813354
1659631531 11649610
1659631532 10931378
1659631533 9590938
1659631534 11131340
1659631535 10881362
1659631536 10473052
1659631537 10114042
1659631538 11957388
1659631539 10554088
1659631540 10246208
1659631541 10156422
1659631542 11575630
1659631543 9796428
1659631544 9445222
1659631545 10354914
1659631546 10842802
1659631547 10764362
1659631548 9396440
1659631549 10677760
1659631550 10917368
1659631551 10379024
1659631552 10899092
1659631553 10487654
1659631554 10085478
1659631555 10812740
1659631556 10561058
1659631557 7505510
1659631558 6576836
1659631559 5381236
1659631560 5629280
1659631561 3324598
1659631562 2342786
1659631563 1580440
1659631564 2431186
1659631565 2582526
1659631566 2858898
1659631567 2974694
1659631568 3026084
1659631569 2809496
1659631570 2897688
1659631571 2421540
1659631572 2419074
1659631573 2432076
1659631574 2632808
1659631575 2303440
1659631576 2785824
1659631577 2772648
1659631578 2978520
1659631579 2261456
1659631580 2984578
1659631581 2629034
1659631582 2107512
1659631583 3019126
1659631584 2661548
1659631585 2359990
1659631586 2850972
1659631587 3017090
1659631588 3017876
1659631589 2739196
1659631590 2967730
1659631591 2119950
1659631592 2694730
1659631593 2738242
1659631594 2485406
1659631595 2864372
1659631596 2627538
1659631597 2425424
1659631598 2999648
1659631599 2757994
1659631600 2986988
1659631601 2248758
1659631602 2030202
1659631603 2913516
1659631604 2369206
1659631605 2669244
1659631606 2511158
1659631607 2966822
1659631608 2493896
1659631609 2525748
1659631610 2655248
1659631611 3010452
1659631612 2738364
1659631613 2824368
1659631614 2816344
1659631615 2614938
1659631616 2404428
1659631617 2442458
1659631618 2102642
1659631619 2739504
1659631620 2090418
1659631621 2762278
1659631622 2811108
1659631623 2592014
1659631624 1946004
1659631625 2610374
1659631626 2292068
1659631627 2796522
1659631628 2767482
1659631629 2598860
1659631630 2480572
1659631631 2757288
1659631632 2833914
1659631633 2738136
1659631634 2731088
1659631635 2662380
1659631636 2991072
1659631637 2438478
1659631638 2364152
1659631639 1754582
1659631640 2033280
1659631641 2499948
1659631642 2792336
1659631643 2440112
1659631644 1943022
1659631645 2788612
1659631646 1074972
1659631647 1068776
1659631648 1068606
1659631649 1067516
1659631650 567158
1659631651 1545518
1659631652 23148
1659631653 1502786
1659631654 1677762
1659631655 1820768
1659631656 1397686
1659631657 738
1659631658 1214634
1659631659 1162876
1659631660 1879956
1659631661 2322360
1659631662 1066958
1659631663 1064848
1659631664 1582620
1659631665 1026940
1659631666 1657454
1659631667 1067554
1659631668 1785610
1659631669 1408532
1659631670 1076320
1659631671 1067594
1659631672 1066518
1659631673 1689466
1659631674 1510306
1659631675 1140888
1659631676 1106050
1659631677 1063038
1659631678 959268
1659631679 1066542
1659631680 1066706
1659631681 1967532
1659631682 286070
1659631683 2103182
1659631684 981090
1659631685 56496
1659631686 1143594
1659631687 1789422
1659631688 1404244
1659631689 1390552
1659631690 1810962
1659631691 1067810
1659631692 739522
1659631693 2286314
1659631694 907674
1659631695 1426022
1659631696 1473370
1659631697 1701524
1659631698 1066898
1659631699 1850458
1659631700 1349586
1659631701 1068390
1659631702 1682978
1659631703 1034766
1659631704 1551782
1659631705 1302080
1659631706 1410854
1659631707 1556742
1659631708 257550
1659631709 810208
1659631710 927668
1659631711 1597178
1659631712 1744922
1659631713 238154
1659631714 1474480
1659631715 1490094
1659631716 681416
1659631717 2520564
1659631718 1066862
1659631719 1128814
1659631720 1738368
1659631721 1402908
1659631722 1085462
1659631723 1210538
1659631724 1429952
1659631725 1612358
1659631726 1100226
1659631727 2102354
1659631728 1067430
1659631729 1066998
1659631730 1067726
1659631731 1135460
1659631732 1703656
1659631733 1382444
1659631734 1305150
1659631735 942554
1659631736 1356586
1659631737 1779296
1659631738 670276
1659631739 1614132
1659631740 1588392
1659631741 1066616
1659631742 1067578
1659631743 890
1659631744 1067500
1659631745 1737918
1659631746 1464260
1659631747 390
1659631748 1489798
1659631749 1915962
1659631750 1932214
1659631751 1254820
1659631752 1311724
1659631753 819898
1659631754 1949628
1659631755 1067778
1659631756 1345054
1659631757 1825948
1659631758 982192
1659631759 1530132
1659631760 1542024
1659631761 1316372
1659631762 1067786
1659631763 1647596
1659631764 1384442
1659631765 1236966
1659631766 1067570
1659631767 158860
1659631768 1214768
1659631769 1829394
1659631770 1067752
1659631771 376808
1659631772 1670490
1659631773 1156998
1659631774 1541498
1659631775 1475684
1659631776 1726782
1659631777 1066964
1659631778 1067386
1659631779 1369150
1659631780 1814124
1659631781 892500
1659631782 1326464
1659631783 1332896
1659631784 1805844
1659631785 1067714
1659631786 1764182
1659631787 1438046
1659631788 1067888
1659631789 1129136
1659631790 1247704
1659631791 1894014
1659631792 1067266
1659631793 1363638
1659631794 1838628
1659631795 918526
1659631796 2072472
1659631797 1268716
1659631798 1274384
1659631799 1804364
1659631800 134900
1659631801 1086534
1659631802 1419046
1659631803 1764558
1659631804 468
1659631805 378952
1659631806 1696044
1659631807 1128304
1659631808 1288176
1659631809 1915288
1659631810 1067826
1659631811 99172
1659631812 1418106
1659631813 1685658
1659631814 1206700
1659631815 1929304
1659631816 1133860
1659631817 1067616
1659631818 1067410
1659631819 1067854
1659631820 1332312
1659631821 1124676
1659631822 1798946
1659631823 1110486
1659631824 1607216
1659631825 1567386
1659631827 1067392
1659631828 1068170
1659631829 709874
1659631830 1425500
1659631831 1162510
1659631832 1351864
1659631833 2033170
1659631834 885812
1659631835 1067762
1659631836 1640006
1659631837 2573498
1659631838 1125380
1659631839 1072008
1659631840 1781794
1659631841 1304832
1659631842 925664
1659631843 1322676
1659631844 1270468
1659631845 1932280
1659631846 1067538
1659631847 1685096
1659631848 1462184
1659631849 1196912
1659631850 1218388
1659631851 1358588
1659631852 1619474
1659631853 1067568
1659631854 1332666
1659631855 1451588
1659631856 1493488
1659631857 1185862
1659631858 942332
1659631859 1068406
1659631860 1067740
1659631861 1069450
1659631862 1075158
1659631863 1824652
1659631864 2438708
1659631865 756
1659631866 1067348
1659631867 1329456
1659631868 1873444
1659631869 1067550
1659631870 1108530
1659631871 1759876
1659631872 1379450
1659631873 1249128
1659631874 1295542
1659631875 1618078
1659631876 1199656
1659631877 1067704
1659631878 2061946
1659631879 1142152
1659631880 1067628
1659631881 1067666
1659631882 1570932
1659631883 564512
1659631884 1067774
1659631885 1385270
1659631886 1818322
1659631887 1067578
1659631888 1465776
1659631889 809576
1659631890 1995194
1659631891 622
1659631892 1271478
1659631893 1731658
1659631894 1739794
1659631895 1729508
1659631896 408192
1659631897 1067676
1659631898 1873982
1659631899 1330088
1659631900 106230
1659631901 2449642
1659631902 1742754
1659631903 1057206
1659631904 2073966
1659631905 1112316
1659631906 1187002
1659631907 1668002
1659631908 1415948
1659631909 1199436
1659631910 1590862
1659631911 1480802
1659631912 1067502
1659631913 1067764
1659631914 1442712
1659631915 1282898
1659631916 1545790
1659631917 1067368
1659631918 1056480
1659631919 1875476
1659631920 1295426
1659631921 1069380
1659631922 566862
1659631923 1788378
1659631924 1915058
1659631925 1067592
1659631926 1067850
1659631927 962288
1659631928 1409658
1659631929 2135492
1659631930 1898456
1659631931 1066956
1659631932 1502510
1659631933 907832
1659631934 1256064
1659631935 1672518
1659631936 1067814
1659631937 2136204
1659631938 831812
1659631939 1303046
1659631940 1067756
1659631941 1067634
1659631942 1382426
1659631943 1533102
1659631944 1351040
1659631945 1072592
1659631946 1392592
1659631947 1747802
1659631948 1130802
1659631949 107040
1659631950 1416734
1659631951 1680706
1659631952 1068138
1659631953 2004578
1659631954 1198698
1659631955 544640
1659631956 1811462
1659631957 983316
1659631958 2032460
1659631959 1219878
1659631960 2500272
1659631961 1033040
1659631962 1668506
1659631963 1137124
1659631964 1732442
1659631965 1401384
1659631966 1067518
1659631967 1133820
1659631968 1229942
1659631969 1490906
1659631970 1538406
1659631971 1501394
1659631972 1648322
1659631973 1067660
1659631974 1068100
1659631975 1434582
1659631976 1434088
1659631977 1401548
1659631978 1068570
1659631979 633122
1659631980 1502164
1659631981 1513320
1659631982 622904
1659631983 2136492
1659631984 1105518
1659631985 2097624
1659631986 1067704
1659631987 1771238
1659631988 1283538
1659631989 875382
1659631990 1951348
1659631991 925942
1659631992 1734020
1659631993 1067780
1659631994 1206748
1659631995 928726
1659631996 1067708
1659631997 831888
1659631998 1311894
1659631999 1634702
1659632000 1560544
1659632001 1067400
1659632002 1068392
1659632003 1973322
1659632004 1177610
1659632005 1462154
1659632006 1212222
1659632007 1647896
1659632008 920102
1659632009 1162688
1659632010 1611830
1659632011 1496508
1659632012 1116940
1659632013 212882
1659632014 1876242
1659632015 1375284
1659632016 1068126
1659632017 2135718
1659632018 1068546
1659632019 1067580
1659632020 1498374
1659632021 2405622
1659632022 1434336
1659632025 1067780
1659632026 1067620
1659632027 1068188
1659632028 1205746
1659632029 1997396
1659632030 1067868
1659632031 1379836
1659632032 1177678
1659632033 1565706
1659632034 1215480
1659632035 1134212
1659632036 1338756
1659632037 1798864
1659632038 1216112
1659632039 946548
1659632040 201700
1659632041 1413984
1659632042 1589940
1659632043 1626062
1659632044 2005682
1659632045 1222298
1659632046 1043750
1659632047 777314
1659632048 1357984
1659632049 2135592
1659632050 1436360
1659632051 1475066
1659632052 1359164
1659632053 1068472
1659632054 1067556
1659632055 1067650
1659632056 1067972
1659632057 1594548
1659632058 540576
1659632059 479082
1659632060 588186
1659632061 1067788
1659632062 1067476
1659632063 1067878
1659632064 1067610
1659632065 1067414
1659632066 1076610
1659632067 2116582
1659632068 1077442
1659632069 4958
1659632070 1450814
1659632071 2516008
1659632072 305494
1659632073 1084542
1659632074 2577538
1659632075 1485000
1659632076 704754
1659632077 1622006
1659632078 1307450
1659632079 1895064
1659632080 1068238
1659632081 1067604
1659632082 1348384
1659632083 1364008
1659632084 1559044
1659632085 1067638
1659632086 1844470
1659632087 1358274
1659632088 1067506
1659632089 1067880
1659632090 1448742
1659632091 1754744
1659632092 1070300
1659632093 2070594
1659632094 1131136
1659632095 1067184
1659632096 1068344
1659632097 1067748
1659632098 1067500
1659632099 1068024
1659632100 635914
1659632101 1833552
1659632102 1802216
1659632103 125338
1659632104 1660366
1659632105 1492764
1659632106 1067928
1659632107 1353260
1659632108 1862702
1659632109 2123064
1659632110 922746
1659632111 1323176
1659632112 963066
1659632113 1305678
1659632114 1891874
1659632115 1321446
1659632116 1881474
1659632117 1067516
1659632118 1067564
1659632119 1067648
1659632120 1067408
1659632121 1320832
1659632122 1317940
1659632123 1632032
1659632124 1067546
1659632125 1067566
1659632126 1247068
1659632127 1706408
1659632128 1317362
1659632129 16644
1659632130 1605048
1659632131 2458122
1659632132 1258356
1659632133 130206
1659632134 1985166
1659632135 1004750
1659632136 1899930
1659632137 409980
1659632138 1864792
1659632139 1693722
1659632140 1886744
1659632141 1075704
1659632142 1782468
1659632143 1216702
1659632144 1188098
1659632145 2014750
1659632146 358628
1659632147 1200336
1659632148 1819888
1659632149 1520450
1659632150 1507102
1659632151 1221006
1659632152 1752508
1659632153 1298874
1659632154 1068118
1659632155 1137584
1659632156 1936180
1659632157 1196186
1659632158 1500
1659632159 1067868
1659632160 2135390
1659632161 1068234
1659632162 283910
1659632163 2477652
1659632164 1337042
1659632165 1866034
1659632166 1067598
1659632167 33250
1659632168 1069334
1659632169 2313574
1659632170 1922302
1659632171 1149090
1659632172 1637226
1659632173 1485204
1659632174 1067712
1659632175 1067798
1659632176 11290
1659632177 1621320
1659632178 1570976
1659632179 1210676
1659632180 1425284
1659632181 1635084
1659632182 1068946
1659632183 1067054
1659632184 2135314
1659632185 1067798
1659632186 1642666
1659632187 1560718
1659632188 1067624
1659632189 1068428
1659632190 771858
1659632191 1864988
1659632192 566942
1659632193 2136242
1659632194 192186
1659632195 1944510
1659632196 1589334
1659632197 1613706
1659632198 1074408
1659632199 1803424
1659632200 1392390
1659632201 1067502
1659632202 1586492
1659632203 648032
1659632204 2036546
1659632205 1067796
1659632206 1300920
1659632207 1496882
1659632208 1472632
1659632209 1067960
1659632210 1067774
1659632211 1067630
1659632212 1372536
1659632213 1811220
1659632214 1087628
1659632215 1118000
1659632216 1293870
1659632217 1858838
1659632218 1067612
1659632219 1068396
1659632220 504068
1659632221 1798656
1659632222 1763534
1659632223 1280890
1659632224 1067670
1659632225 1067658
1659632226 1068492
1659632227 1863152
1659632228 1701362
1659632229 1774734
1659632230 1067702
1659632231 1092962
1659632232 1042568
1659632233 1067628
1659632234 1139532
1659632235 1457556
1659632236 1673626
1659632237 1067978
1659632238 1067790
1659632239 1901008
1659632240 1119064
1659632241 1423256
1659632242 894380
1659632243 1421342
1659632244 1781706
1659632245 1068042
1659632246 1281236
1659632247 1541744
1659632248 1448416
1659632249 810
1659632250 1067492
1659632251 1863142
1659632252 2256100
1659632253 170268
1659632254 1067384
1659632255 776204
1659632256 1596500
1659632257 2966664
1659632258 1067972
1659632259 1807786
1659632260 698560
1659632261 1764468
1659632262 1067500
1659632263 1546416
1659632264 1656238
1659632265 1067994
1659632266 1067378
1659632267 1067780
1659632268 1067742
1659632269 1292634
1659632270 1175466
1659632271 1802850
1659632272 1067354
1659632273 1186768
1659632274 1591292
1659632275 1104704
1659632276 1455804
1659632277 1067680
1659632278 1067606
1659632282 800036
1659632283 298402
1659632284 1552060
1659632285 1845780
1659632286 1736314
1659632287 204714
1659632288 1307966
1659632289 2244910
1659632290 1786246
1659632291 594
1659632292 1067340
1659632293 1456194
1659632294 1747556
1659632295 1067586
1659632296 1090056
1659632297 1887992
1659632298 1293384
1659632299 1067772
1659632300 1085622
1659632301 1822514
1659632302 1363536
1659632303 1338710
1659632304 1381536
1659632305 1550966
1659632306 1264960
1659632307 1866312
1659632308 1139380
1659632309 1067934
1659632310 1059828
1659632311 1075692
1659632312 2135314
1659632313 1068328
1659632314 302590
1659632315 1832602
1659632316 1067590
1659632317 1493622
1659632318 2099080
1659632319 1745866
1659632320 1068260
1659632321 1505468
1659632322 1530026
1659632323 1235860
1659632324 1193304
1659632325 2008856
1659632326 1067346
1659632327 1185484
1659632328 1109410
1659632329 1155440
1659632330 1889070
1659632331 1067890
1659632332 1672264
1659632333 1268116
1659632334 1118960
1659632335 1190492
1659632336 1156530
1659632337 1395240
1659632338 748008
1659632339 1085678
1659632340 2118276
1659632341 1067628
1659632342 1067952
1659632343 1914978
1659632344 222080
1659632345 1886458
1659632346 1632886
1659632347 2158320
1659632348 1067744
1659632349 1067866
1659632350 626952
1659632351 1507854
1659632352 1067524
1659632353 1394948
1659632354 869976
1659632355 2005626
1659632356 1067846
1659632357 1574582
1659632358 1490532
1659632359 1162364
1659632360 1487704
1659632361 1285578
1659632362 1541506
1659632363 1067408
1659632364 1177200
1659632365 1874736
1659632366 1218156
1659632367 1067680
1659632368 1067526
1659632369 1012810
1659632370 1472990
1659632371 813396
1659632372 2046042
1659632373 1706300
1659632374 454052
1659632376 1365372
1659632377 1968766
1659632378 1766464
1659632379 1305606
1659632380 1081784
1659632381 1053276
1659632382 1484418
1659632383 1718496
1659632384 1067982
1659632385 1067504
1659632386 1067898
1659632387 1068336
1659632388 2039226
1659632389 1163842
1659632390 1200034
1659632391 1086130
1659632392 1052090
1659632393 1445496
1659632394 1622964
1659632395 1364176
1659632396 1531780
1659632397 1374358
1659632398 1341366
1659632399 1842666
1659632400 19500
1659632401 1067662
1659632402 1155960
1659632403 1885724
1659632404 2297048
1659632405 1067832
1659632406 392044
1659632407 1760404
1659632408 976504
1659632409 1158830
1659632410 1067884
1659632411 1933186
1659632412 1031452
1659632413 1435770
1659632414 937922
1659632415 1982022
1659632416 1221098
1659632417 1068020
1659632418 1986852
1659632419 1216328
1659632420 1067680
1659632421 1245052
1659632422 1572070
1659632423 1453764
1659632424 1126194
1659632425 1752324
1659632426 1392486
1659632427 1067778
1659632428 1067440
1659632429 1654118
1659632430 1549218
1659632431 6042
1659632432 2059226
1659632433 2184438
1659632434 27504
1659632435 1404020
1659632436 1799402
1659632437 1067982
1659632438 1067992
1659632439 1710226
1659632440 425444
1659632441 1067684
1659632442 1436384
1659632443 1767454
1659632444 1112106
1659632445 1953720
1659632446 1204214
1659632447 1438016
1659632448 1144090
1659632449 1688048
1659632450 1068950
1659632451 1067714
1659632452 1482532
1659632453 1721534
1659632454 1235672
1659632455 1941658
1659632456 1093220
1659632457 1067982
1659632458 1067888
1659632459 2072296
1659632460 93546
1659632461 1240494
1659632462 1936902
1659632463 1633862
1659632464 527980
1659632465 474
1659632466 1067722
1659632467 1768396
1659632468 1175586
1659632469 1327278
1659632470 2135788
1659632471 1347094
1659632472 1112196
1659632473 1811808
1659632474 1067864
1659632475 2106020
1659632476 1096654
1659632477 1067630
1659632478 1885142
1659632479 1046222
1659632480 1339498
1659632481 1068306
1659632482 1156844
1659632483 1999822
1659632484 1114478
1659632485 1502278
1659632486 1488664
1659632487 1279730
1659632488 1108386
1659632489 1028414
1659632490 1067580
1659632491 2135468
1659632492 139940
1659632493 1995312
1659632494 1890928
1659632495 830534
1659632496 2139874
1659632497 478966
1659632498 1067730
1659632499 1067478
1659632500 1875000
1659632501 1459770
1659632502 1323112
1659632503 1748660
1659632504 1067824
1659632505 1541782
1659632506 1661668
1659632507 1044726
1659632508 1742228
1659632509 934234
1659632510 1617516
1659632511 1381664
1659632512 1821578
1659632513 1067884
1659632514 1503258
1659632515 1699916
1659632516 905300
1659632517 1242140
1659632518 1213434
1659632519 911162
1659632520 1355572
1659632521 1366894
1659632522 481554
1659632523 1067772
1659632524 1996092
1659632525 1244094
1659632526 1173016
1659632527 2030238
1659632528 670
1659632529 2002848
1659632530 2035186
1659632531 1367412
1659632532 1069064
1659632533 2068362
1659632534 1067392
1659632535 1067724
1659632536 1577928
1659632537 936766
1659632538 1762584
1659632539 1412388
1659632540 1473398
1659632541 1380380
1659632542 1333538
1659632543 1869678
1659632544 1067954
1659632545 1778500
1659632546 787234
1659632547 1705038
1659632548 1067394
1659632549 1068418
1659632550 1067830
1659632551 1846228
1659632552 289548
1659632553 1067900
1659632555 128000
1659632556 1693602
1659632557 1382372
1659632558 1330666
1659632559 1872188
1659632560 750
1659632561 2014330
1659632562 2257034
1659632563 1067970
1659632564 1068152
1659632565 1578864
1659632566 1624440
1659632567 1068852
1659632568 1662974
1659632569 1283062
1659632570 1325130
1659632571 1067888
1659632572 1453398
1659632573 1748112
1659632574 1122336
1659632575 1781106
1659632576 839522
1659632577 1597192
1659632579 1067646
1659632580 833424
1659632581 1841008
1659632582 1229468
1659632583 2174734
1659632584 1397218
1659632585 810
1659632586 1580820
1659632587 681780
1659632588 151548
1659632589 2026328
1659632590 2092494
1659632591 1150110
1659632592 1481064
1659632593 1639912
1659632594 1067664
1659632595 871798
1659632596 2001188
1659632597 1399708
1659632598 1099086
1659632599 1034568
1659632600 1067810
1659632601 1244182
1659632602 1915382
1659632603 1152950
1659632604 1748480
1659632605 1413840
1659632606 1067476
1659632607 2135118
1659632608 1067510
1659632609 1067840
1659632610 968996
1659632611 1101552
1659632612 2190788
1659632613 1078530
1659632614 362
1659632615 1290882
1659632616 1777540
1659632617 1202940
1659632618 1130164
1659632619 78
1659632620 2135536
1659632621 1870054
1659632622 1333956
1659632623 831246
1659632624 1382700
1659632625 2259108
1659632626 1933668
1659632627 702690
1659632628 1368060
1659632629 1133136
1659632630 133842
1659632631 934056
1659632632 1067994
1659632633 1067386
1659632634 1690960
1659632635 1511850
1659632636 1316536
1659632637 1886396
1659632638 1050198
1659632639 1085082
1659632640 1068214
1659632641 468458
1659632642 1731522
1659632643 1228864
1659632644 2358934
1659632645 684026
1659632646 1067790
1659632647 1081052
1659632648 1805884
1659632649 2465212
1659632650 1067790
1659632651 1225060
1659632652 1302480
1659632653 1743868
1659632654 1066830
1659632655 1067206
1659632656 1506602
1659632657 1696778
1659632658 1068250
1659632659 1345816
1659632660 1857782
1659632661 1067946
1659632662 1305154
1659632663 1779328
1659632664 118746
1659632665 1856484
1659632666 1347334
1659632667 1116526
1659632668 1193874
1659632669 892944
1659632670 1067998
1659632671 124


# events lost
1659631557 2904330
1659631558 4288882
1659631559 5555774
1659631560 4796530
1659631561 6918456
1659631562 8906370
1659631563 8515542
1659631564 8014346
1659631565 7843028
1659631566 7412504
1659631567 8198106
1659631568 7063050
1659631569 7692804
1659631570 7887886
1659631571 8319896
1659631572 8038618
1659631573 7738548
1659631574 7238304
1659631575 7750726
1659631576 7857680
1659631577 8373250
1659631578 8174662
1659631579 7211326
1659631580 8207754
1659631581 8251522
1659631582 8346116
1659631583 8199508
1659631584 7468900
1659631585 7810180
1659631586 8239712
1659631587 7519252
1659631588 8137702
1659631589 8025636
1659631590 7074622
1659631591 8811662
1659631592 9311024
1659631593 8417820
1659631594 6756828
1659631595 7381152
1659631596 7966344
1659631597 8329520
1659631598 7649838
1659631599 6787054
1659631600 8154530
1659631601 7869410
1659631602 8976612
1659631603 7744810
1659631604 7811000
1659631605 7054002
1659631606 8582380
1659631607 8128756
1659631608 7275496
1659631609 8156530
1659631610 7876930
1659631611 8076174
1659631612 8035948
1659631613 7080306
1659631614 8023998
1659631615 8535256
1659631616 8201262
1659631617 8029302
1659631618 8193136
1659631619 8674266
1659631620 8925216
1659631621 7207650
1659631622 8056292
1659631623 8589308
1659631624 7338518
1659631625 8432850
1659631626 8839024
1659631627 9135990
1659631628 7044474
1659631629 7724392
1659631630 7861760
1659631631 8225232
1659631632 8132238
1659631633 6997586
1659631634 8127912
1659631635 8257432
1659631636 7615030
1659631637 7822888
1659631638 8808152
1659631639 7784120
1659631640 8374354
1659631641 8248356
1659631642 7992224
1659631643 8805954
1659631644 7520000
1659631645 8187892
1659631646 10103532
1659631647 9582768
1659631648 9628486
1659631649 10255244
1659631650 10163770
1659631651 9614618
1659631652 12008228
1659631653 8479524
1659631654 8786976
1659631655 8544226
1659631656 9228414
1659631657 12008680
1659631658 9033164
1659631659 9040546
1659631660 8511004
1659631661 8479430
1659631662 9593912
1659631663 9716902
1659631664 8946188
1659631665 9453454
1659631666 9381938
1659631667 9901680
1659631668 7608914
1659631669 9756568
1659631670 10140362
1659631671 9577180
1659631672 9927036
1659631673 7668574
1659631674 9363996
1659631675 9682276
1659631676 9425192
1659631677 9779362
1659631678 10339772
1659631679 10079958
1659631680 9624800
1659631681 8389544
1659631682 11236950
1659631683 7531884
1659631684 10426996
1659631685 12153922
1659631686 9565128
1659631687 7871954
1659631688 8993168
1659631689 8484720
1659631690 9103504
1659631691 10292288
1659631692 8967656
1659631693 7683418
1659631694 10256920
1659631695 8775720
1659631696 9119782
1659631697 9393884
1659631698 8973622
1659631699 8454266
1659631700 9273308
1659631701 10019270
1659631702 8541182
1659631703 8692618
1659631704 9411624
1659631705 9469910
1659631706 8819880
1659631707 9506296
1659631708 10943066
1659631709 10721904
1659631710 9692976
1659631711 8657136
1659631712 8921496
1659631713 9838858
1659631714 8994548
1659631715 9896824
1659631716 8975108
1659631717 8457058
1659631718 9416830
1659631719 9408156
1659631720 9081090
1659631721 9227562
1659631722 9728012
1659631723 8511620
1659631724 8615194
1659631725 9467626
1659631726 9699912
1659631727 7864668
1659631728 9038582
1659631729 9661534
1659631730 10029964
1659631731 9592234
1659631732 8379234
1659631733 9312728
1659631734 9324424
1659631735 9809448
1659631736 9164098
1659631737 9417452
1659631738 9916452
1659631739 8708588
1659631740 9577006
1659631741 9609982
1659631742 10138636
1659631743 10842492
1659631744 10104004
1659631745 8014470
1659631746 9738096
1659631747 11971902
1659631748 7889786
1659631749 8235190
1659631750 9178408
1659631751 8796000
1659631752 9613746
1659631753 8735708
1659631754 9134788
1659631755 10055770
1659631756 8745796
1659631757 8847734
1659631758 9526294
1659631759 8586562
1659631760 9345712
1659631761 9799130
1659631762 9428380
1659631763 8169386
1659631764 9276216
1659631765 9896938
1659631766 10129684
1659631767 11235380
1659631768 8948984
1659631769 8941678
1659631770 10019412
1659631771 10261774
1659631772 8639656
1659631773 10247534
1659631774 8741818
1659631775 9008618
1659631776 9212686
1659631777 9512038
1659631778 9881650
1659631779 9161578
1659631780 8396418
1659631781 10277050
1659631782 9271220
1659631783 7975586
1659631784 9057894
1659631785 9506888
1659631786 8341152
1659631787 9746902
1659631788 9203564
1659631789 9069412
1659631790 9236350
1659631791 9020914
1659631792 9911650
1659631793 7796450
1659631794 9306562
1659631795 10086664
1659631796 7659534
1659631797 9922276
1659631798 8903824
1659631799 8518654
1659631800 11678810
1659631801 9643702
1659631802 8302662
1659631803 9143180
1659631804 12009920
1659631805 10914070
1659631806 8294538
1659631807 10318668
1659631808 8212206
1659631809 8583426
1659631810 10720954
1659631811 11762678
1659631812 8584556
1659631813 9004714
1659631814 9568076
1659631815 8089856
1659631816 10034458
1659631817 9431676
1659631818 9459960
1659631819 9895788
1659631820 8488466
1659631821 9898220
1659631822 9090612
1659631823 9014136
1659631824 8991896
1659631825 9587604
1659631826 12231598
1659631827 9460262
1659631828 9611480
1659631829 10464910
1659631830 9206418
1659631831 9790200
1659631832 9154704
1659631833 7703014
1659631834 10609026
1659631835 10012748
1659631836 7650126
1659631837 8105342
1659631838 9224836
1659631839 9750244
1659631840 8584266
1659631841 9376454
1659631842 10223598
1659631843 9502330
1659631844 8804734
1659631845 8719362
1659631846 10080536
1659631847 7862220
1659631848 8475274
1659631849 8983300
1659631850 9660726
1659631851 9335804
1659631852 8954764
1659631853 9862438
1659631854 8678252
1659631855 9201742
1659631856 9388686
1659631857 9153026
1659631858 10010946
1659631859 10018136
1659631860 10134336
1659631861 9502388
1659631862 9796186
1659631863 6234302
1659631864 8329494
1659631865 11987902
1659631866 10074464
1659631867 8446284
1659631868 9090064
1659631869 10049392
1659631870 9030208
1659631871 8830568
1659631872 9262166
1659631873 9062348
1659631874 9505896
1659631875 8820208
1659631876 9995968
1659631877 9548292
1659631878 7240568
1659631879 10025390
1659631880 10078564
1659631881 9591576
1659631882 8577796
1659631883 10902150
1659631884 9393898
1659631885 8874414
1659631886 9354458
1659631887 9480220
1659631888 8672394
1659631889 10743694
1659631890 7969900
1659631891 12033732
1659631892 9272804
1659631893 7381826
1659631894 9312518
1659631895 8192214
1659631896 11500082
1659631897 10125576
1659631898 7541076
1659631899 9746890
1659631900 11117716
1659631901 7270770
1659631902 9043718
1659631903 9160924
1659631904 8326426
1659631905 9958876
1659631906 8908872
1659631907 9006668
1659631908 8798288
1659631909 8831666
1659631910 9162098
1659631911 9711170
1659631912 9633966
1659631913 9215942
1659631914 8733806
1659631915 9889066
1659631916 9492696
1659631917 10041432
1659631918 8787942
1659631919 8842402
1659631920 9389544
1659631921 9846282
1659631922 10618326
1659631923 7278616
1659631924 9095008
1659631925 10252670
1659631926 9330580
1659631927 10176060
1659631928 8791392
1659631929 7701164
1659631930 8858384
1659631931 9493464
1659631932 8813764
1659631933 9471240
1659631934 9314134
1659631935 9523948
1659631936 9632414
1659631937 7921114
1659631938 9430878
1659631939 9691994
1659631940 9626642
1659631941 9993056
1659631942 8340058
1659631943 8997516
1659631944 9756276
1659631945 10029358
1659631946 8728726
1659631947 9032602
1659631948 9207494
1659631949 11367922
1659631950 9029684
1659631951 9672510
1659631952 9544660
1659631953 7321754
1659631954 9944252
1659631955 9718706
1659631956 8771472
1659631957 10430910
1659631958 7758522
1659631959 8584402
1659631960 7742112
1659631961 10165076
1659631962 8595782
1659631963 9379554
1659631964 8470562
1659631965 9379596
1659631966 10099122
1659631967 9386286
1659631968 7975012
1659631969 9655374
1659631970 8571310
1659631971 9110736
1659631972 9377732
1659631973 9409368
1659631974 9821034
1659631975 9177366
1659631976 8939236
1659631977 9751268
1659631978 9492354
1659631979 10038948
1659631980 9604420
1659631981 8335438
1659631982 11220152
1659631983 7850978
1659631984 9211056
1659631985 8546096
1659631986 10082280
1659631987 7796588
1659631988 8866516
1659631989 10255180
1659631990 7699544
1659631991 10369772
1659631992 8571230
1659631993 9891646
1659631994 9418598
1659631995 10642276
1659631996 9490582
1659631997 10387338
1659631998 9310004
1659631999 8367146
1659632000 9521312
1659632001 9882990
1659632002 9235872
1659632003 7255106
1659632004 9449476
1659632005 8901224
1659632006 9561522
1659632007 8944812
1659632008 10090248
1659632009 9569952
1659632010 8341124
1659632011 9703264
1659632012 9218868
1659632013 10099742
1659632014 9065792
1659632015 9583102
1659632016 9373292
1659632017 8227450
1659632018 9319162
1659632019 10122760
1659632020 8502158
1659632021 7466554
1659632022 9685524
1659632023 11171412
1659632024 12309006
1659632025 9597684
1659632026 10008138
1659632027 9978288
1659632028 8509424
1659632029 8719704
1659632030 9879178
1659632031 8648636
1659632032 9825574
1659632033 8460806
1659632034 9400922
1659632035 9550334
1659632036 8580078
1659632037 9370302
1659632038 9052814
1659632039 10477424
1659632040 10784124
1659632041 8661266
1659632042 10086076
1659632043 8300860
1659632044 8360602
1659632045 9111358
1659632046 10243020
1659632047 10430874
1659632048 8779554
1659632049 8248318
1659632050 8359180
1659632051 9615560
1659632052 9813876
1659632053 9844132
1659632054 9547526
1659632055 10084808
1659632056 10008052
1659632057 8015098
1659632058 10192038
1659632059 10898264
1659632060 11543110
1659632061 9593588
1659632062 9971146
1659632063 9486654
1659632064 10053350
1659632065 9503626
1659632066 9745526
1659632067 7864292
1659632068 9774484
1659632069 11741890
1659632070 8292244
1659632071 7928248
1659632072 11688716
1659632073 9321202
1659632074 6732538
1659632075 9424942
1659632076 9918870
1659632077 9278114
1659632078 8145272
1659632079 8209528
1659632080 10093872
1659632081 9655388
1659632082 9115000
1659632083 8979432
1659632084 8780980
1659632085 9789222
1659632086 8423048
1659632087 9239562
1659632088 9401406
1659632089 9554222
1659632090 8951344
1659632091 9376654
1659632092 9209050
1659632093 7089610
1659632094 10060414
1659632095 9517446
1659632096 10060618
1659632097 10051414
1659632098 9097708
1659632099 9979262
1659632100 10516490
1659632101 7922132
1659632102 9129296
1659632103 10922208
1659632104 8431534
1659632105 9648560
1659632106 10106692
1659632107 8737148
1659632108 8363586
1659632109 8243326
1659632110 9616718
1659632111 9223114
1659632112 10308620
1659632113 7723174
1659632114 9336446
1659632115 8639672
1659632116 8811784
1659632117 10107144
1659632118 9352868
1659632119 10151146
1659632120 10110328
1659632121 8628662
1659632122 9429198
1659632123 8605610
1659632124 9544338
1659632125 9952758
1659632126 8556028
1659632127 9338440
1659632128 9461358
1659632129 11847660
1659632130 8364896
1659632131 7709430
1659632132 9051716
1659632133 10862280
1659632134 8541652
1659632135 8735516
1659632136 8783580
1659632137 11431442
1659632138 7052566
1659632139 8686036
1659632140 8707116
1659632141 9446752
1659632142 8869346
1659632143 9622298
1659632144 8795204
1659632145 8538064
1659632146 10877126
1659632147 8728028
1659632148 8256184
1659632149 8688446
1659632150 9648744
1659632151 9434814
1659632152 8322662
1659632153 8722924
1659632154 9848516
1659632155 9285820
1659632156 8557146
1659632157 9421190
1659632158 11504422
1659632159 10117314
1659632160 8166234
1659632161 9295822
1659632162 11033954
1659632163 6921458
1659632164 9271870
1659632165 8892788
1659632166 9545060
1659632167 11522088
1659632168 7583188
1659632169 7929398
1659632170 9151254
1659632171 8960624
1659632172 8904082
1659632173 8449844
1659632174 9426016
1659632175 10254934
1659632176 11656532
1659632177 9023526
1659632178 8806196
1659632179 9202374
1659632180 8935042
1659632181 9537844
1659632182 9766752
1659632183 9009674
1659632184 8342520
1659632185 10128560
1659632186 7957280
1659632187 9540924
1659632188 9495402
1659632189 9380936
1659632190 10397578
1659632191 7941780
1659632192 11168990
1659632193 7272110
1659632194 10280858
1659632195 9309204
1659632196 8619802
1659632197 8821570
1659632198 9302254
1659632199 8582410
1659632200 9224682
1659632201 9923434
1659632202 8402918
1659632203 9719436
1659632204 8801400
1659632205 10143804
1659632206 8274082
1659632207 9710708
1659632208 7987580
1659632209 10109146
1659632210 10027488
1659632211 10071748
1659632212 8241344
1659632213 8830450
1659632214 9371140
1659632215 9810590
1659632216 9064470
1659632217 8781800
1659632218 9648632
1659632219 9794754
1659632220 10324038
1659632221 8753906
1659632222 8611140
1659632223 8583340
1659632224 9915498
1659632225 9995064
1659632226 9631770
1659632227 7931886
1659632228 7263056
1659632229 9258188
1659632230 10068700
1659632231 9058170
1659632232 10609284
1659632233 9629766
1659632234 9442854
1659632235 8971890
1659632236 9194012
1659632237 10114022
1659632238 9232988
1659632239 8310016
1659632240 9638166
1659632241 8933428
1659632242 10635874
1659632243 7366838
1659632244 9396800
1659632245 10039494
1659632246 8777428
1659632247 9018716
1659632248 9331268
1659632249 12044612
1659632250 9124182
1659632251 8065598
1659632252 7867302
1659632253 11276816
1659632254 10069024
1659632255 8576160
1659632256 8867564
1659632257 7635396
1659632258 9649838
1659632259 8486874
1659632260 10169326
1659632261 9137252
1659632262 10142632
1659632263 8097442
1659632264 9351304
1659632265 9789258
1659632266 9752944
1659632267 10136468
1659632268 9766080
1659632269 8600084
1659632270 9992648
1659632271 8419770
1659632272 9952368
1659632273 9208982
1659632274 8279742
1659632275 10008176
1659632276 9422562
1659632277 9634972
1659632278 9554830
1659632279 12260874
1659632280 12250894
1659632281 12278480
1659632282 10353716
1659632283 11248002
1659632284 8278652
1659632285 8295616
1659632286 8894834
1659632287 11839974
1659632288 8674460
1659632289 7444578
1659632290 9372002
1659632291 12002992
1659632292 10117700
1659632293 8480502
1659632294 9332654
1659632295 9616232
1659632296 9729026
1659632297 8509690
1659632298 9044884
1659632299 10042570
1659632300 9235706
1659632301 8630686
1659632302 9432972
1659632303 8341910
1659632304 9021738
1659632305 9416830
1659632306 9448946
1659632307 8363064
1659632308 9708916
1659632309 9341152
1659632310 10177928
1659632311 10078096
1659632312 7557804
1659632313 9687912
1659632314 11341136
1659632315 8303896
1659632316 10164114
1659632317 8537086
1659632318 6848620
1659632319 9414926
1659632320 9642950
1659632321 8468804
1659632322 9636608
1659632323 8971746
1659632324 9652004
1659632325 8481924
1659632326 9600180
1659632327 9533992
1659632328 8985238
1659632329 9064416
1659632330 9093868
1659632331 10104334
1659632332 7986430
1659632333 8463104
1659632334 9532200
1659632335 9971248
1659632336 9963822
1659632337 8394688
1659632338 10588122
1659632339 9811680
1659632340 7680696
1659632341 10101086
1659632342 10044224
1659632343 7715134
1659632344 11479420
1659632345 8343888
1659632346 8505240
1659632347 8397002
1659632348 9239478
1659632349 10048166
1659632350 10576494
1659632351 9630434
1659632352 9570418
1659632353 8688318
1659632354 10404898
1659632355 8144058
1659632356 10159614
1659632357 8264098
1659632358 8910474
1659632359 9929846
1659632360 8271710
1659632361 9517894
1659632362 9462222
1659632363 9424804
1659632364 8984480
1659632365 8439684
1659632366 9952882
1659632367 9913226
1659632368 8809658
1659632369 9626918
1659632370 8872776
1659632371 10568140
1659632372 7682362
1659632373 8585774
1659632374 11496874
1659632375 12276350
1659632376 8565498
1659632377 8452970
1659632378 7265264
1659632379 9784218
1659632380 9186466
1659632381 10198722
1659632382 8789362
1659632383 8529976
1659632384 9842668
1659632385 9427172
1659632386 11026680
1659632387 9264680
1659632388 7342736
1659632389 9471966
1659632390 9503450
1659632391 9786356
1659632392 9615196
1659632393 8770818
1659632394 9465258
1659632395 8475982
1659632396 9185420
1659632397 9141418
1659632398 9021084
1659632399 8736284
1659632400 11981392
1659632401 9532098
1659632402 9040434
1659632403 7554792
1659632404 8684078
1659632405 10092638
1659632406 10220172
1659632407 9357142
1659632408 8945970
1659632409 9492190
1659632410 9942438
1659632411 8002608
1659632412 9853966
1659632413 8991716
1659632414 10516112
1659632415 7663228
1659632416 9960250
1659632417 9363274
1659632418 7761508
1659632419 9963548
1659632420 9342072
1659632421 9437192
1659632422 8505248
1659632423 9501960
1659632424 9688578
1659632425 8029516
1659632426 9588784
1659632427 10098684
1659632428 9121852
1659632429 8655550
1659632430 9593430
1659632431 11336186
1659632432 7529918
1659632433 7949182
1659632434 11765790
1659632435 8802962
1659632436 9307738
1659632437 9587234
1659632438 9755594
1659632439 8572566
1659632440 11042266
1659632441 10086676
1659632442 8807542
1659632443 8684188
1659632444 9662396
1659632445 7979442
1659632446 10000184
1659632447 8883674
1659632448 8329812
1659632449 9440958
1659632450 10067520
1659632451 9405730
1659632452 8814216
1659632453 9142100
1659632454 8822322
1659632455 8655018
1659632456 9399030
1659632457 9962002
1659632458 9398186
1659632459 7818466
1659632460 11886866
1659632461 9393668
1659632462 7879304
1659632463 7671764
1659632464 11721740
1659632465 12001970
1659632466 9498010
1659632467 8395872
1659632468 9496808
1659632469 9135198
1659632470 8193218
1659632471 8699086
1659632472 10007094
1659632473 8574800
1659632474 9645534
1659632475 8072044
1659632476 10075204
1659632477 9440454
1659632478 7858332
1659632479 10115678
1659632480 9147522
1659632481 10011902
1659632482 8759244
1659632483 8515228
1659632484 10055920
1659632485 8241910
1659632486 9428696
1659632487 9640624
1659632488 8843178
1659632489 10318002
1659632490 9962532
1659632491 7382036
1659632492 11547814
1659632493 7672528
1659632494 7803416
1659632495 10060598
1659632496 7738456
1659632497 11343440
1659632498 9819214
1659632499 10150570
1659632500 7866978
1659632501 9217152
1659632502 9461346
1659632503 7968138
1659632504 10063826
1659632505 8118226
1659632506 9512912
1659632507 9979952
1659632508 7631810
1659632509 10054584
1659632510 8628716
1659632511 9247986
1659632512 8883966
1659632513 9344912
1659632514 8804046
1659632515 9252660
1659632516 9745098
1659632517 9571428
1659632518 8702758
1659632519 9960490
1659632520 9460834
1659632521 9366032
1659632522 11344870
1659632523 9169168
1659632524 7821418
1659632525 9588832
1659632526 9096262
1659632527 8952584
1659632528 11597474
1659632529 7577944
1659632530 7772612
1659632531 9240442
1659632532 9632514
1659632533 8127314
1659632534 10106056
1659632535 9582588
1659632536 8404694
1659632537 10220752
1659632538 8064118
1659632539 9294262
1659632540 9550534
1659632541 9284942
1659632542 9083910
1659632543 7896640
1659632544 9399870
1659632545 8268478
1659632546 9940034
1659632547 9282198
1659632548 9740138
1659632549 9116204
1659632550 10081296
1659632551 8191374
1659632552 11954960
1659632553 9233566
1659632554 12248072
1659632555 11449156
1659632556 8710886
1659632557 9453508
1659632558 7924952
1659632559 9206628
1659632560 11896272
1659632561 7705668
1659632562 8111586
1659632563 9139512
1659632564 10112998
1659632565 8092586
1659632566 9292156
1659632567 9785370
1659632568 7202146
1659632569 9785314
1659632570 9715216
1659632571 9552866
1659632572 8736498
1659632573 8295304
1659632574 9679536
1659632575 8508256
1659632576 9941162
1659632577 9386086
1659632578 11315680
1659632579 10070516
1659632580 9727042
1659632581 8296010
1659632582 9550362
1659632583 7283150
1659632584 9714308
1659632585 11992980
1659632586 8128320
1659632587 11299682
1659632588 10714000
1659632589 7649502
1659632590 8514404
1659632591 9628874
1659632592 8442270
1659632593 9259610
1659632594 10110418
1659632595 8708338
1659632596 9167180
1659632597 8826488
1659632598 9292272
1659632599 10793310
1659632600 10035682
1659632601 8850056
1659632602 8623704
1659632603 8969908
1659632604 8611776
1659632605 9410562
1659632606 9507158
1659632607 8133306
1659632608 9192634
1659632609 9739530
1659632610 10129602
1659632611 9528940
1659632612 8170926
1659632613 9800102
1659632614 12013930
1659632615 8339164
1659632616 8496960
1659632617 11017922
1659632618 9038178
1659632619 12081866
1659632620 8128078
1659632621 7900112
1659632622 9591304
1659632623 8768768
1659632624 9251770
1659632625 7547730
1659632626 8029102
1659632627 10167230
1659632628 7603844
1659632629 11090318
1659632630 11384370
1659632631 11001992
1659632632 9781340
1659632633 9282152
1659632634 8604560
1659632635 9607402
1659632636 8593042
1659632637 8796292
1659632638 9310652
1659632639 9859036
1659632640 10054814
1659632641 10118304
1659632642 9365604
1659632643 8946416
1659632644 7219956
1659632645 11092526
1659632646 10046912
1659632647 9122550
1659632648 7835240
1659632649 7887806
1659632650 10098198
1659632651 9484772
1659632652 8791488
1659632653 8867664
1659632654 10024730
1659632655 9473634
1659632656 8922120
1659632657 9202586
1659632658 9082436
1659632659 9229762
1659632660 8348722
1659632661 10095476
1659632662 9121282
1659632663 7325806
1659632664 12043600
1659632665 8269180
1659632666 9303410
1659632667 9647936
1659632668 8644090
1659632669 10149666
1659632670 9774380
1659632671 1114
