# events called
1659625599 3936946
1659625600 11342
1659625601 11859492
1659625602 19563890
1659625603 23821062
1659625604 21311936
1659625605 19105016
1659625606 18629818
1659625607 21483020
1659625608 19406586
1659625609 20891328
1659625610 18787758
1659625611 21084036
1659625612 18946334
1659625613 20644984
1659625614 18559328
1659625615 20429592
1659625616 20335676
1659625617 19462024
1659625618 20141484
1659625619 19068870
1659625620 19262214
1659625621 18860262
1659625622 21213144
1659625623 19333022
1659625624 20137774
1659625625 18868318
1659625626 20032728
1659625627 20947720
1659625628 20725968
1659625629 19591662
1659625630 19666286
1659625631 21086686
1659625632 19485662
1659625633 19160878
1659625634 21198304
1659625635 16194574
1659625636 20976870
1659625637 19536330
1659625638 19771332
1659625639 19402558
1659625640 18828356
1659625641 19506862
1659625642 19602262
1659625643 20975280
1659625644 18687694
1659625645 18390364
1659625646 18970396
1659625647 20047674
1659625648 19438704
1659625649 22417198
1659625650 18095366
1659625651 21392814
1659625652 19509936
1659625653 22154424
1659625654 19490326
1659625655 21019482
1659625656 21583190
1659625657 19286064
1659625658 21900872
1659625659 22356990
1659625660 21660252
1659625661 21718764
1659625662 19359522
1659625663 23439780
1659625664 19077774
1659625665 20122934
1659625666 20109366
1659625667 22323494
1659625668 20955776
1659625669 18787016
1659625670 17989790
1659625671 20108094
1659625672 20344050
1659625673 21051706
1659625674 19525200
1659625675 20329316
1659625676 18904252
1659625677 22017896
1659625678 19127276
1659625679 21505068
1659625680 19775360
1659625681 20276634
1659625682 20651874
1659625683 20436800
1659625684 20702966
1659625685 20517148
1659625686 20441570
1659625687 21938290
1659625688 20300908
1659625689 20303558
1659625690 21398538
1659625691 21535914
1659625692 19751086
1659625693 21013970
1659625694 20792960
1659625695 19660880
1659625696 21783424
1659625697 22478042
1659625698 19699676
1659625699 19193738
1659625700 20166288
1659625701 21290736
1659625702 19769954
1659625703 21165338
1659625704 19401922
1659625705 20919842
1659625706 19895140
1659625707 22063582
1659625708 21418042
1659625709 19557424
1659625710 20647104
1659625711 20398216
1659625712 21360060
1659625713 20718230
1659625714 20874898
1659625715 19371818
1659625716 21998498
1659625717 19420684
1659625718 21670852
1659625719 21441044
1659625720 20477716
1659625721 21001250
1659625722 17937214
1659625723 22662800
1659625724 19845002
1659625725 18543640
1659625726 20241230
1659625727 20597708
1659625728 20428744
1659625729 20432030
1659625730 19050744
1659625731 21400658
1659625732 21396312
1659625733 19833978
1659625734 21620078
1659625735 18776946
1659625736 21471996
1659625737 19203702
1659625738 21893876
1659625739 19735504
1659625740 18605862
1659625741 20064422
1659625742 20575766
1659625743 20547040
1659625744 20205190
1659625745 19276206
1659625746 20107988
1659625747 20874262
1659625748 19868428
1659625749 21009094
1659625750 19775996
1659625751 20538030
1659625752 20551174
1659625753 20302074
1659625754 22033584
1659625755 21260420
1659625756 18503784
1659625757 22874588
1659625758 19124096
1659625759 20235718
1659625760 18579044
1659625761 20166288
1659625762 22093156
1659625763 19528168
1659625764 21077676
1659625765 16992224
1659625766 21759574
1659625767 19500078
1659625768 21980266
1659625769 20038664
1659625770 18200624
1659625771 20424398
1659625772 20183672
1659625773 20874368
1659625774 21046300
1659625775 21566018
1659625776 18834928
1659625777 22023832
1659625778 19141056
1659625779 23285126
1659625780 19570674
1659625781 18941246
1659625782 19236562
1659625783 20043752
1659625784 20824866
1659625785 23043340
1659625786 21206254
1659625787 18552120
1659625788 21918468
1659625789 18486294
1659625790 20436164
1659625791 20907016
1659625792 21359212
1659625793 22078846
1659625794 18727232
1659625795 21946134
1659625796 20653252
1659625797 18323584
1659625798 20682296
1659625799 20039512
1659625800 20964680
1659625801 19424818
1659625802 19474850
1659625803 19602156
1659625804 21002204
1659625805 20010150
1659625806 20677420
1659625807 21007080
1659625808 21730424
1659625809 20896204
1659625810 20558276
1659625811 22586056
1659625812 19542478
1659625813 22277384
1659625814 21458110
1659625815 20773880
1659625816 20141484
1659625817 18607664
1659625818 21379988
1659625819 19856980
1659625820 21157176
1659625821 21576618
1659625822 20024778
1659625823 19483860
1659625824 21848084
1659625825 19010252
1659625826 21553404
1659625827 20041314
1659625828 19997218
1659625829 20371610
1659625830 20021280
1659625831 20845642
1659625832 18564734
1659625833 21672442
1659625834 18975590
1659625835 21585522
1659625836 20028806
1659625837 18782882
1659625838 20036120
1659625839 20732328
1659625840 21520226
1659625841 22747918
1659625842 17655466
1659625843 18248748
1659625844 22877980
1659625845 19209426
1659625846 19825498
1659625847 19481634
1659625848 23050972
1659625849 20969980
1659625850 18997638
1659625851 21447510
1659625852 19831010
1659625853 19445488
1659625854 20047568
1659625855 20435316
1659625856 20498916
1659625857 19148688
1659625858 21390694
1659625859 19742924
1659625860 20943268
1659625861 21362922
1659625862 21491076
1659625863 21282044
1659625864 19741440
1659625865 21951858
1659625866 18705714
1659625867 20050536
1659625868 19683776
1659625869 21090396
1659625870 21638522
1659625871 20785010
1659625872 19633850
1659625873 19505060
1659625874 22936068
1659625875 21308120
1659625876 19698722
1659625877 19018838
1659625878 20340128
1659625879 21859744
1659625880 20617212
1659625881 20313098
1659625882 20240700
1659625883 19909344
1659625884 21660358
1659625885 18848390
1659625886 21888470
1659625887 19119326
1659625888 20888254
1659625889 19946126
1659625890 20859952
1659625891 21077358
1659625892 17899902
1659625893 19977714
1659625894 20691518
1659625895 20285008
1659625896 20399488
1659625897 19238364
1659625898 20128658
1659625899 21460866
1659625900 20936484
1659625901 19996476
1659625902 21231906
1659625903 19720876
1659625904 19584348
1659625905 21513442
1659625906 21748126
1659625907 19179852
1659625908 21924828
1659625909 18420574
1659625910 22033478
1659625911 20834936
1659625912 20963726
1659625913 20099402
1659625914 21051812
1659625915 20554036
1659625916 20198300
1659625917 18721826
1659625918 20389948
1659625919 20651662
1659625920 20246530
1659625921 20082230
1659625922 20444114
1659625923 20315960
1659625924 20431818
1659625925 20550432
1659625926 20443266
1659625927 20074810
1659625928 21236464
1659625929 20805892
1659625930 21668202
1659625931 19350512
1659625932 21877340
1659625933 20103324
1659625934 19511526
1659625935 20958744
1659625936 23515464
1659625937 18407960
1659625938 20466692
1659625939 19600566
1659625940 21473586
1659625941 20060288
1659625942 19959482
1659625943 20643818
1659625944 20674770
1659625945 21286814
1659625946 19885494
1659625947 19024350
1659625948 20507502
1659625949 20275150
1659625950 20750454
1659625951 20904578
1659625952 18275248
1659625953 21518742
1659625954 20552658
1659625955 20259780
1659625956 21857836
1659625957 18565158
1659625958 21415604
1659625959 21391330
1659625960 21357516
1659625961 19773346
1659625962 21112020
1659625963 18676246
1659625964 20415600
1659625965 21708694
1659625966 20589652
1659625967 18408384
1659625968 20660566
1659625969 21415286
1659625970 19590602
1659625971 21505810
1659625972 18550954
1659625973 21714630
1659625974 20088378
1659625975 20876912
1659625976 19726388
1659625977 20007712
1659625978 19790094
1659625979 21622304
1659625980 18984706
1659625981 21181980
1659625982 18440184
1659625983 21255332
1659625984 19845108
1659625985 20821686
1659625986 20405106
1659625987 19643920
1659625988 20003896
1659625989 20266246
1659625990 19835462
1659625991 23398758
1659625992 19318182
1659625993 20618802
1659625994 20958638
1659625995 18188328
1659625996 23336536
1659625997 19312352
1659625998 18932554
1659625999 20787554
1659626000 21990336
1659626001 20089120
1659626002 20216850
1659626003 20518314
1659626004 21055628
1659626005 21085414
1659626006 21599620
1659626007 19882314
1659626008 20718548
1659626009 21002734
1659626010 20239216
1659626011 20691624
1659626012 21711874
1659626013 19435100
1659626014 22038354
1659626015 21691946
1659626016 19341290
1659626017 19377436
1659626018 20403092
1659626019 23247496
1659626020 19791472
1659626021 18978134
1659626022 20801652
1659626023 21828792
1659626024 19644450
1659626025 21020966
1659626026 19279598
1659626027 20589758
1659626028 22328582
1659626029 19859312
1659626030 20713884
1659626031 21504220
1659626032 19691408
1659626033 20389312
1659626034 20267094
1659626035 19909556
1659626036 21500510
1659626037 18855704
1659626038 21524996
1659626039 18949938
1659626040 21796144
1659626041 18230834
1659626042 21061246
1659626043 20357724
1659626044 20154946
1659626045 19996370
1659626046 20071206
1659626047 19821576
1659626048 20909454
1659626049 21178376
1659626050 21310982
1659626051 22518852
1659626052 18289770
1659626053 21362710
1659626054 18873088
1659626055 21459806
1659626056 22277808
1659626057 18467532
1659626058 19645828
1659626059 22311622
1659626060 20789674
1659626061 19149430
1659626062 19034102
1659626063 21917302
1659626064 21715160
1659626065 18920470
1659626066 21840134
1659626067 19230626
1659626068 22727036
1659626069 19228506
1659626070 21616050
1659626071 19295710
1659626072 19716318
1659626073 19687592
1659626074 20829318
1659626075 21875326
1659626076 19715258
1659626077 19121234
1659626078 20581066
1659626079 21552132
1659626080 21273564
1659626081 20690458
1659626082 19304402
1659626083 21971574
1659626084 19797408
1659626085 20441252
1659626086 20102900
1659626087 19160242
1659626088 19519476
1659626089 21856352
1659626090 19233276
1659626091 21475494
1659626092 19528168
1659626093 20101840
1659626094 21902886
1659626095 19606926
1659626096 21517046
1659626097 20191410
1659626098 20505382
1659626099 20708266
1659626100 20966270
1659626101 20185898
1659626102 21037502
1659626103 18553710
1659626104 21545242
1659626105 19631094
1659626106 21531992
1659626107 19918142
1659626108 20477186
1659626109 21515562
1659626110 21602270
1659626111 19750132
1659626112 18739210
1659626113 21436486
1659626114 20543330
1659626115 22074818
1659626116 18626108
1659626117 21338860
1659626118 19251826
1659626119 19674448
1659626120 21119016
1659626121 19365988
1659626122 20470402
1659626123 19154624
1659626124 21766676
1659626125 18944108
1659626126 21781092
1659626127 19545446
1659626128 20154840
1659626129 19967114
1659626130 20695122
1659626131 20656962
1659626132 19677098
1659626133 19949624
1659626134 19923866
1659626135 20247484
1659626136 20596224
1659626137 19539404
1659626138 20598556
1659626139 21953978
1659626140 19894928
1659626141 19971142
1659626142 18057736
1659626143 20036650
1659626144 22616266
1659626145 21557962
1659626146 18918668
1659626147 19791896
1659626148 21967440
1659626149 19363656
1659626150 20943374
1659626151 20903306
1659626152 19360158
1659626153 21364618
1659626154 19298996
1659626155 21654104
1659626156 19047034
1659626157 21111278
1659626158 19099610
1659626159 21606934
1659626160 21629830
1659626161 18994246
1659626162 19713350
1659626163 19709852
1659626164 22190570
1659626165 20554566
1659626166 21331546
1659626167 18595368
1659626168 20206992
1659626169 21588808
1659626170 20675194
1659626171 21917726
1659626172 20344262
1659626173 19226598
1659626174 23538360
1659626175 18621232
1659626176 21818510
1659626177 19552442
1659626178 20197876
1659626179 20092194
1659626180 20398216
1659626181 20741126
1659626182 18861004
1659626183 19610318
1659626184 21785226
1659626185 18786274
1659626186 22062840
1659626187 18500498
1659626188 20940618
1659626189 20163638
1659626190 20487150
1659626191 20571102
1659626192 19127064
1659626193 20740278
1659626194 19425666
1659626195 21381472
1659626196 20015344
1659626197 17794750
1659626198 19931498
1659626199 20910726
1659626200 19684730
1659626201 23467022
1659626202 20690352
1659626203 19936692
1659626204 18699778
1659626205 21241552
1659626206 22843636
1659626207 19265712
1659626208 18279382
1659626209 19898426
1659626210 21976768
1659626211 20522448
1659626212 18567278
1659626213 20155052
1659626214 22182196
1659626215 19769636
1659626216 21965320
1659626217 19106182
1659626218 22337486
1659626219 21697352
1659626220 17710586
1659626221 21979418
1659626222 22032842
1659626223 19231898
1659626224 21281938
1659626225 19948882
1659626226 20321260
1659626227 20077248
1659626228 22331444
1659626229 20777484
1659626230 19589330
1659626231 21383592
1659626232 20777696
1659626233 20181552
1659626234 20958320
1659626235 17865028
1659626236 20830060
1659626237 19975488
1659626238 21926736
1659626239 18602576
1659626240 21030718
1659626241 18683666
1659626242 21900236
1659626243 20303452
1659626244 20297410
1659626245 19861432
1659626246 19991494
1659626247 21418254
1659626248 19251402
1659626249 21305470
1659626250 16857922
1659626251 21516198
1659626252 20182824
1659626253 20757556
1659626254 20220984
1659626255 19092296
1659626256 19576292
1659626257 21719294
1659626258 19106924
1659626259 21010896
1659626260 20309070
1659626261 18880614
1659626262 20758722
1659626263 22820104
1659626264 18982374
1659626265 20121450
1659626266 18477920
1659626267 21906702
1659626268 21755652
1659626269 20096858
1659626270 20072160
1659626271 19106500
1659626272 21697352
1659626273 21710602
1659626274 19487464
1659626275 18722780
1659626276 19179534
1659626277 21123574
1659626278 20379772
1659626279 21745794
1659626280 18661830
1659626281 20122616
1659626282 20385390
1659626283 20655478
1659626284 19709428
1659626285 20776848
1659626286 19127594
1659626287 21426628
1659626288 20470826
1659626289 19911146
1659626290 19114556
1659626291 19641058
1659626292 20461710
1659626293 19709216
1659626294 20491390
1659626295 21123044
1659626296 19219920
1659626297 21339178
1659626298 21636296
1659626299 18022226
1659626300 17796022
1659626301 21444118
1659626302 19933936
1659626303 20520434
1659626304 19965630
1659626305 20137774
1659626306 20540786
1659626307 20949416
1659626308 19657170
1659626309 20534638
1659626310 19258610
1659626311 20672862
1659626312 21723110
1659626313 18692252
1659626314 21518848
1659626315 19795818
1659626316 21744522
1659626317 22099198
1659626318 19322210
1659626319 22840880
1659626320 19555516
1659626321 20786600
1659626322 23508256
1659626323 21897692
1659626324 20112440
1659626325 18212178
1659626326 20552658
1659626327 20707736
1659626328 21747596
1659626329 19061450
1659626330 18751294
1659626331 21782152
1659626332 19197872
1659626333 21761482
1659626334 18922272
1659626335 19467006
1659626336 19405314
1659626337 21820842
1659626338 19835462
1659626339 20765294
1659626340 19227658
1659626341 22427162
1659626342 20570678
1659626343 21225864
1659626344 19277372
1659626345 20594316
1659626346 19610212
1659626347 20768792
1659626348 20607142
1659626349 20341188
1659626350 21169684
1659626351 20781512
1659626352 19395032
1659626353 20977930
1659626354 19252038
1659626355 19863976
1659626356 19084346
1659626357 21447192
1659626358 21963306
1659626359 20622194
1659626360 19178686
1659626361 21830276
1659626362 18765816
1659626363 21694808
1659626364 20679222
1659626365 19249600
1659626366 20923128
1659626367 20334510
1659626368 21633434
1659626369 19762110
1659626370 21323596
1659626371 21454612
1659626372 19015764
1659626373 22019062
1659626374 19342138
1659626375 19135862
1659626376 20784586
1659626377 20409770
1659626378 20988742
1659626379 21501888
1659626380 20242502
1659626381 20156642
1659626382 19864506
1659626383 21839392
1659626384 20062090
1659626385 18981208
1659626386 19394714
1659626387 20338644
1659626388 23092312
1659626389 20334616
1659626390 18352840
1659626391 20887512
1659626392 20634808
1659626393 21379776
1659626394 21409668
1659626395 18485022
1659626396 21351580
1659626397 19377648
1659626398 21372674
1659626399 20240912
1659626400 20215154
1659626401 20004956
1659626402 20775682
1659626403 20169468
1659626404 21317024
1659626405 18639252
1659626406 21453340
1659626407 20067178
1659626408 20565484
1659626409 21078948
1659626410 19822318
1659626411 21872464
1659626412 18808322
1659626413 22068564
1659626414 20268578
1659626415 19179958
1659626416 20365462
1659626417 20065164
1659626418 23139376
1659626419 20954292
1659626420 16714504
1659626421 21618276
1659626422 21630996
1659626423 19480998
1659626424 20859422
1659626425 19577458
1659626426 18860580
1659626427 21902780
1659626428 18767088
1659626429 21974542
1659626430 19431708
1659626431 20207204
1659626432 21442422
1659626433 19653036
1659626434 20815114
1659626435 19775572
1659626436 20237202
1659626437 21985672
1659626438 19623674
1659626439 21355184
1659626440 19551488
1659626441 20205826
1659626442 19772816
1659626443 22412640
1659626444 19797196
1659626445 18815318
1659626446 20395672
1659626447 22890064
1659626448 21960126
1659626449 22775796
1659626450 18168400
1659626451 20055306
1659626452 21723428
1659626453 19934572
1659626454 20744200
1659626455 19781932
1659626456 20294866
1659626457 20517890
1659626458 21221306
1659626459 20259356
1659626460 17954598
1659626461 20372882
1659626462 20175510
1659626463 21284482
1659626464 20026898
1659626465 19341714
1659626466 19486510
1659626467 21321900
1659626468 20430652
1659626469 23543660
1659626470 20232962
1659626471 20280556
1659626472 22734880
1659626473 19580108
1659626474 20438814
1659626475 18938384
1659626476 20402562
1659626477 20229782
1659626478 20694274
1659626479 20732328
1659626480 17867360
1659626481 20209854
1659626482 20029124
1659626483 20128870
1659626484 21822432
1659626485 19532620
1659626486 21183464
1659626487 20264232
1659626488 20835148
1659626489 20910196
1659626490 20501672
1659626491 20794444
1659626492 19874682
1659626493 21171910
1659626494 20587850
1659626495 19494566
1659626496 20132580
1659626497 20833558
1659626498 21530190
1659626499 22026164
1659626500 18736136
1659626501 17820720
1659626502 23039842
1659626503 19611060
1659626504 20953020
1659626505 17692142
1659626506 19768364
1659626507 21617322
1659626508 19802708
1659626509 22245902
1659626510 19438174
1659626511 20290202
1659626512 21874584
1659626513 18712604
1659626514 21761482
1659626515 19621766
1659626516 20278648
1659626517 21051388
1659626518 19994462
1659626519 20323486
1659626520 18297826
1659626521 20572480
1659626522 22305474
1659626523 18819876
1659626524 22019804
1659626525 20229570
1659626526 19408070
1659626527 21827732
1659626528 18668508
1659626529 21815648
1659626530 20640214
1659626531 20811298
1659626532 19986406
1659626533 18749280
1659626534 23422926
1659626535 20364402
1659626536 19846380
1659626537 20259780
1659626538 18540884
1659626539 21950056
1659626540 17158326
1659626541 20974962
1659626542 19572052
1659626543 20938074
1659626544 20152614
1659626545 19922276
1659626546 20928216
1659626547 19569402
1659626548 21173182
1659626549 20580536
1659626550 19886448
1659626551 20363766
1659626552 20640956
1659626553 19677310
1659626554 21647002
1659626555 18147942
1659626556 21547150
1659626557 19203066
1659626558 22254170
1659626559 21581494
1659626560 20422808
1659626561 19577988
1659626562 20411890
1659626563 20929382
1659626564 21495634
1659626565 20196392
1659626566 20259992
1659626567 20144134
1659626568 22938930
1659626569 21493938
1659626570 17747050
1659626571 21153572
1659626572 21328366
1659626573 20931714
1659626574 21911260
1659626575 19772392
1659626576 20432878
1659626577 20655690
1659626578 21304198
1659626579 19749072
1659626580 19134166
1659626581 20342990
1659626582 20349456
1659626583 20507820
1659626584 21706362
1659626585 21109476
1659626586 20253102
1659626587 20448460
1659626588 20205720
1659626589 22959282
1659626590 18670204
1659626591 19692468
1659626592 23490660
1659626593 18538022
1659626594 19357296
1659626595 20428744
1659626596 18910718
1659626597 21355608
1659626598 20848292
1659626599 18497954
1659626600 19776314
1659626601 21410622
1659626602 19369380
1659626603 20980580
1659626604 20409664
1659626605 19367684
1659626606 19628762
1659626607 21260526
1659626608 20103430
1659626609 20547464
1659626610 19107772
1659626611 21331970
1659626612 21104706
1659626613 20167560
1659626614 21369176
1659626615 19414748
1659626616 22674778
1659626617 20321048
1659626618 21051176
1659626619 21560400
1659626620 19700418
1659626621 22269434
1659626622 19943476
1659626623 19980894
1659626624 20268790
1659626625 20029124
1659626626 21880626
1659626627 20546298
1659626628 19682080
1659626629 22276536
1659626630 18098334
1659626631 19468278
1659626632 21295930
1659626633 19346590
1659626634 21697564
1659626635 17766024
1659626636 21875114
1659626637 20532412
1659626638 20022552
1659626639 21097816
1659626640 16663730
1659626641 21297308
1659626642 19358780
1659626643 23722800
1659626644 19555092
1659626645 21249502
1659626646 18525196
1659626647 21878082
1659626648 18944850
1659626649 21712192
1659626650 21048526
1659626651 20424398
1659626652 21920694
1659626653 20004214
1659626654 19591450
1659626655 18463610
1659626656 21276850
1659626657 18733274
1659626658 21974648
1659626659 19035586
1659626660 21219186
1659626661 19836522
1659626662 22125804
1659626663 19505378
1659626664 19501986
1659626665 20785540
1659626666 20047144
1659626667 20649966
1659626668 19569508
1659626669 20830696
1659626670 19851150
1659626671 20181022
1659626672 20250558
1659626673 20990862
1659626674 19753100
1659626675 18747160
1659626676 20954716
1659626677 21363558
1659626678 21359530
1659626679 22127076
1659626680 17956506
1659626681 19890052
1659626682 20422066
1659626683 22090082
1659626684 18794012
1659626685 18969230
1659626686 21026054
1659626687 18691934
1659626688 20705722
1659626689 20152402
1659626690 19672010
1659626691 20294972
1659626692 20907228
1659626693 21791162
1659626694 21877234
1659626695 19376694
1659626696 21058808
1659626697 21777488
1659626698 21806532
1659626699 19443050
1659626700 20850518
1659626701 19008556
1659626702 21538988
1659626703 20327938
1659626704 20095056
1659626705 20678904
1659626706 19342774
1659626707 20999872
1659626708 19455664
1659626709 23262230
1659626710 18039398
1659626711 21126648
1659626712 20280132
1659626713 21337058
1659626714 21400976
1659626715 19767198
1659626716 19112224
1659626717 20376910
1659626718 19455770
1659626719 21057748
1659626720 20196710
1659626721 20315324
1659626722 20691836
1659626723 21586158
1659626724 18864184
1659626725 21102480
1659626726 18417818
1659626727 23128564
1659626728 21694914
1659626729 19452060
1659626730 21151876
1659626731 20903942
1659626732 19419836
1659626733 23006240
1659626734 19520642
1659626735 20913588
1659626736 20161200
1659626737 20572268
1659626738 20177842
1659626739 20623466
1659626740 20291580
1659626741 20161730
1659626742 20286068
1659626743 21829746
1659626744 18788818
1659626745 20222468
1659626746 20691836
1659626747 19375210
1659626748 20052762
1659626749 19275888
1659626750 18439230
1659626751 20834194
1659626752 19372772
1659626753 21410516
1659626754 20680176
1659626755 18510462
1659626756 21848084
1659626757 18706456
1659626758 21567290
1659626759 18604908
1659626760 21400658
1659626761 21793812
1659626762 19892702
1659626763 20856030
1659626764 21039940
1659626765 17408274
1659626766 22517474
1659626767 21305152
1659626768 19947610
1659626769 21310240
1659626770 19068234
1659626771 20111804
1659626772 20468070
1659626773 22047894
1659626774 21814800
1659626775 17969862
1659626776 21194594
1659626777 21166080
1659626778 20759676
1659626779 21584356
1659626780 19913796
1659626781 20914012
1659626782 20795504
1659626783 20935636
1659626784 20660248
1659626785 19019580
1659626786 21696716
1659626787 19998490
1659626788 20614244
1659626789 19916022
1659626790 17738358
1659626791 21201484
1659626792 19057104
1659626793 21709330
1659626794 18702322
1659626795 19144978
1659626796 20170210
1659626797 20518632
1659626798 19652930
1659626799 22132800
1659626800 20632264
1659626801 5728876
1659626802 1696


# events submitted
1659625599 3936946
1659625600 11342
1659625601 11828964
1659625602 19478878
1659625603 23735414
1659625604 21249608
1659625605 19062510
1659625606 18596216
1659625607 21398856
1659625608 19351148
1659625609 20835784
1659625610 18743980
1659625611 21036548
1659625612 18883688
1659625613 20583292
1659625614 18513324
1659625615 20404258
1659625616 20281934
1659625617 19434040
1659625618 20112016
1659625619 19083180
1659625620 19174764
1659625621 18787546
1659625622 21166928
1659625623 19277584
1659625624 20089120
1659625625 18806202
1659625626 19963934
1659625627 20902564
1659625628 20707524
1659625629 19545446
1659625630 19591450
1659625631 21018952
1659625632 19428210
1659625633 19114874
1659625634 21102268
1659625635 16145178
1659625636 20938074
1659625637 19486828
1659625638 19713032
1659625639 19325814
1659625640 18785108
1659625641 19481846
1659625642 19542902
1659625643 20883484
1659625644 18629712
1659625645 18372344
1659625646 18880932
1659625647 19985770
1659625648 17566320
1659625649 8319198
1659625650 4726434
1659625651 4972778
1659625652 5628706
1659625653 5588956
1659625654 5525144
1659625655 5527582
1659625656 4390202
1659625657 6064790
1659625658 5058532
1659625659 4734384
1659625660 5115560
1659625661 5573904
1659625662 3760456
1659625663 5952642
1659625664 6052918
1659625665 5774562
1659625666 5652238
1659625667 5679586
1659625668 6014016
1659625669 5020690
1659625670 5030866
1659625671 6053130
1659625672 4849500
1659625673 5976174
1659625674 5880986
1659625675 5683190
1659625676 2569440
1659625677 5290778
1659625678 3504254
1659625679 3267874
1659625680 2217202
1659625681 1514740
1659625682 2145334
1659625683 2153284
1659625684 2104842
1659625685 1906622
1659625686 2171092
1659625687 1389766
1659625688 1644908
1659625689 2523648
1659625690 25122
1659625691 1449868
1659625692 2719642
1659625693 2010078
1659625694 1708508
1659625695 2271262
1659625696 1897400
1659625697 424
1659625698 2779108
1659625699 2274548
1659625700 2230134
1659625701 1430682
1659625702 2413620
1659625703 2032868
1659625704 2389134
1659625705 1612684
1659625706 2236176
1659625707 1444250
1659625708 1525446
1659625709 2642474
1659625710 898032
1659625711 2146818
1659625712 1270410
1659625713 2632616
1659625714 1593710
1659625715 1581520
1659625716 2382774
1659625717 2305818
1659625718 1862844
1659625719 1421884
1659625720 1357860
1659625721 1771260
1659625722 3147246
1659625723 955590
1659625724 3038384
1659625725 1805604
1659625726 1614698
1659625727 2553858
1659625728 1995556
1659625729 2173212
1659625730 1570496
1659625731 1422838
1659625732 1344716
1659625733 2609296
1659625734 1435982
1659625735 2732892
1659625736 1500642
1659625737 2668232
1659625738 1389766
1659625739 2494180
1659625740 1674270
1659625741 2522800
1659625742 1645332
1659625743 1631552
1659625744 2537110
1659625745 1389660
1659625746 2779214
1659625747 1389342
1659625748 2663144
1659625749 1505306
1659625750 749632
1659625751 2759922
1659625752 1537106
1659625753 2778366
1659625754 1389660
1659625755 16960
1659625756 3150214
1659625757 1018660
1659625758 2778790
1659625759 1704056
1659625760 1719638
1659625761 2527146
1659625762 1309948
1659625763 2465878
1659625764 1836662
1659625765 2332212
1659625766 1393582
1659625767 2711904
1659625768 1452836
1659625769 2476160
1659625770 1692714
1659625771 1600812
1659625772 2568062
1659625773 1821080
1659625774 2347476
1659625776 2650212
1659625777 1518026
1659625778 2368040
1659625779 473926
1659625780 1839524
1659625781 3428252
1659625782 1679782
1659625783 1908848
1659625784 2259178
1659625785 66780
1659625786 1381392
1659625787 2751442
1659625788 1389554
1659625789 2790768
1659625790 2767024
1659625791 1389554
1659625792 1389660
1659625793 1389554
1659625794 2603254
1659625795 1565196
1659625796 1549932
1659625797 2619154
1659625798 1795640
1659625799 2373022
1659625800 1668016
1659625801 2500434
1659625802 1389660
1659625803 2482626
1659625804 1686248
1659625805 1736280
1659625806 1173738
1659625807 2649364
1659625808 1389872
1659625809 1407468
1659625810 2779532
1659625811 595614
1659625812 2183494
1659625813 658260
1659625814 814716
1659625815 2753032
1659625816 2780274
1659625817 1975204
1659625818 2193988
1659625819 2437576
1659625820 700978
1659625821 2419662
1659625822 1444250
1659625823 2724942
1659625824 1389554
1659625825 1994178
1659625826 2175014
1659625827 1651162
1659625828 2518242
1659625829 2142260
1659625830 2026932
1659625831 1427396
1659625832 2741902
1659625833 1390084
1659625834 1641940
1659625835 2527994
1659625836 2779532
1659625837 1172254
1659625838 2380124
1659625839 1952838
1659625840 1443084
1659625841 464492
1659625842 2454748
1659625843 3286848
1659625844 803798
1659625845 2155616
1659625846 3123290
1659625847 1671196
1659625848 106
1659625849 2779532
1659625850 2778684
1659625851 1390826
1659625852 1389660
1659625853 1389660
1659625854 3761728
1659625855 1797548
1659625856 2180950
1659625857 1988560
1659625858 751010
1659625859 2906520
1659625860 993220
1659625861 2209676
1659625862 1478064
1659625863 1389448
1659625864 2779956
1659625865 1389766
1659625866 1731722
1659625867 2437894
1659625868 1671408
1659625869 1743806
1659625870 1441600
1659625871 2104630
1659625872 2779638
1659625873 2174060
1659625874 605578
1659625875 1412132
1659625876 2304652
1659625877 3157846
1659625878 1482198
1659625879 1881606
1659625880 2016650
1659625881 2152224
1659625882 1787902
1659625883 2381820
1659625884 1389130
1659625885 2779532
1659625886 1389978
1659625887 2779426
1659625888 1389236
1659625889 2779214
1659625890 1389448
1659625891 1434392
1659625892 2448706
1659625893 1812918
1659625894 2040818
1659625895 2024600
1659625896 2293310
1659625897 1781542
1659625898 1530004
1659625899 1821928
1659625900 1393900
1659625901 2775186
1659625902 954
1659625903 2345886
1659625904 3213390
1659625905 1390508
1659625906 453468
1659625907 2787800
1659625908 1553642
1659625909 3578136
1659625910 1389660
1659625911 1389554
1659625912 1389872
1659625913 2779426
1659625914 1389342
1659625915 1874080
1659625916 2294688
1659625917 1389872
1659625918 1442448
1659625919 2426870
1659625920 2096786
1659625921 2372068
1659625922 1389660
1659625923 2496724
1659625924 1672680
1659625925 1858710
1659625926 2311118
1659625927 1761190
1659625928 2003930
1659625929 1794262
1659625930 638968
1659625931 2346310
1659625932 1185504
1659625933 2684344
1659625934 2558628
1659625935 2226212
1659625936 87556
1659625937 2779214
1659625938 2779320
1659625939 2018134
1659625940 1699604
1659625941 1877260
1659625942 1386692
1659625943 1946796
1659625944 2189112
1659625945 1416160
1659625946 1457182
1659625947 2685404
1659625948 1569754
1659625949 1240094
1659625950 2749534
1659625951 1814084
1659625952 2005520
1659625953 1739142
1659625954 1647558
1659625955 2193776
1659625956 1717836
1659625957 1544314
1659625958 2390618
1659625959 1625192
1659625960 313972
1659625961 3575804
1659625962 280476
1659625963 2778896
1659625964 2308044
1659625965 666104
1659625966 2587354
1659625967 1362948
1659625968 2814406
1659625969 1848746
1659625970 2427930
1659625971 1659430
1659625972 2394010
1659625973 1389872
1659625974 2341646
1659625975 1827864
1659625976 2565730
1659625977 1603462
1659625978 2207874
1659625979 1961954
1659625980 1620740
1659625981 2548982
1659625982 1402062
1659625983 2767236
1659625984 1931532
1659625985 2237766
1659625986 2055234
1659625987 2113958
1659625988 1540922
1659625989 2628270
1659625990 2577284
1659625991 203414
1659625992 1518768
1659625993 2650318
1659625994 1607278
1659625995 3530012
1659625996 422304
1659625997 1698120
1659625998 3609406
1659625999 1641622
1659626000 1389554
1659626001 2161446
1659626002 2007746
1659626003 1998312
1659626004 1195574
1659626005 1900050
1659626006 1581096
1659626007 1664200
1659626008 1959834
1659626009 2209252
1659626010 1389448
1659626011 2076646
1659626012 775390
1659626013 2707346
1659626014 1389872
1659626015 1389872
1659626016 2138762
1659626017 1439692
1659626018 1821822
1659626019 238500
1659626020 2779214
1659626021 2779532
1659626022 1390614
1659626023 1326696
1659626024 1821716
1659626025 2411182
1659626026 2302108
1659626027 1868356
1659626028 608228
1659626029 2171092
1659626030 2779532
1659626031 1389766
1659626032 1655614
1659626033 2513472
1659626034 1583534
1659626035 2585870
1659626036 1752392
1659626037 2417012
1659626038 1389978
1659626039 2570712
1659626040 1598904
1659626041 2547816
1659626042 1621588
1659626043 2080250
1659626044 2088836
1659626045 2287374
1659626046 1881924
1659626047 1673634
1659626048 1834436
1659626049 1093496
1659626050 2347900
1659626051 746664
1659626052 2446798
1659626053 1923688
1659626054 2516864
1659626055 2162824
1659626056 886584
1659626057 2400476
1659626058 3121170
1659626059 552366
1659626060 1802636
1659626061 2989200
1659626062 2073148
1659626063 1473188
1659626064 1389978
1659626065 2779744
1659626066 1390084
1659626067 1408528
1659626068 1371110
1659626069 2779744
1659626070 1389766
1659626071 1685612
1659626072 2483686
1659626073 2433124
1659626074 1736280
1659626075 1290868
1659626076 2273382
1659626077 1459196
1659626078 1997782
1659626079 1675330
1659626080 1037740
1659626081 2779638
1659626082 908632
1659626083 1872384
1659626084 2779320
1659626085 1570920
1659626086 2598484
1659626087 1410118
1659626088 2564882
1659626089 1584594
1659626090 1283130
1659626091 2886274
1659626092 1572722
1659626093 2541138
1659626094 1446158
1659626095 1673740
1659626096 2058838
1659626097 1965240
1659626098 1528520
1659626099 2502554
1659626100 1389554
1659626101 2392738
1659626102 1776242
1659626103 2377580
1659626104 1791506
1659626105 1388812
1659626106 1971600
1659626107 1528732
1659626108 2058838
1659626109 1390402
1659626110 1389448
1659626111 2025660
1659626112 2548028
1659626113 1747410
1659626114 2219852
1659626115 1389872
1659626116 2748368
1659626117 30846
1659626118 1976794
1659626119 3582058
1659626120 1519828
1659626121 2649364
1659626122 1405984
1659626123 2695156
1659626124 1457712
1659626125 2779426
1659626126 1389342
1659626127 2308150
1659626128 1861148
1659626129 2517394
1659626130 1651798
1659626131 1850018
1659626132 1018448
1659626133 2362210
1659626134 1927398
1659626135 1180310
1659626136 3117354
1659626137 2297762
1659626138 1534456
1659626139 457814
1659626140 2599120
1659626141 1895174
1659626142 2737874
1659626143 1801788
1659626144 979122
1659626145 1390084
1659626146 2779638
1659626147 1389766
1659626148 390398
1659626149 2179042
1659626150 3013156
1659626151 1823942
1659626152 2322672
1659626153 1498628
1659626154 2587248
1659626155 1473188
1659626156 2456974
1659626157 1712748
1659626158 2452628
1659626159 1716352
1659626160 1389872
1659626161 2476902
1659626162 1692396
1659626163 2458034
1659626164 321074
1659626165 1752286
1659626166 2416906
1659626167 879694
1659626168 2184660
1659626169 1852880
1659626170 2017074
1659626171 1389660
1659626172 1389660
1659626173 2780274
1659626174 212
1659626175 2654452
1659626176 1514952
1659626177 2780486
1659626178 932800
1659626179 3293632
1659626180 1918706
1659626181 2193670
1659626182 1430470
1659626183 2487502
1659626184 1641516
1659626185 2702152
1659626186 1467040
1659626187 1674482
1659626188 2495240
1659626189 2411712
1659626190 1757798
1659626191 2061488
1659626192 2107492
1659626193 1490466
1659626194 2678938
1659626195 1389766
1659626196 2193352
1659626197 1651904
1659626198 2266174
1659626199 837824
1659626200 3447544
1659626201 723026
1659626202 1390084
1659626203 1469372
1659626204 2779744
1659626205 2742538
1659626206 574096
1659626207 2204482
1659626208 3145020
1659626209 2413726
1659626210 1389978
1659626211 2121166
1659626212 1475414
1659626213 2518348
1659626214 1216032
1659626215 2396660
1659626216 1389448
1659626217 2037426
1659626218 1005728
1659626219 1636428
1659626220 2267552
1659626221 1389872
1659626222 1050884
1659626223 2524178
1659626224 1659430
1659626225 2305076
1659626226 1435770
1659626227 2539442
1659626228 1017918
1659626229 1366446
1659626230 2780062
1659626231 543780
1659626232 2246564
1659626233 2779744
1659626234 814716
1659626235 2454536
1659626236 2291508
1659626237 2779108
1659626238 1390296
1659626239 2779532
1659626240 1390084
1659626241 2591594
1659626242 1577704
1659626243 1624662
1659626244 2544106
1659626245 1953474
1659626246 2215294
1659626247 1390084
1659626248 2779426
1659626249 1389554
1659626250 2780168
1659626251 1389766
1659626252 2779850
1659626253 922200
1659626254 2250486
1659626255 1261082
1659626256 2787376
1659626257 1290762
1659626258 2690280
1659626259 1900050
1659626260 796802
1659626261 2623818
1659626262 1792142
1659626263 1144376
1659626264 1715928
1659626265 1556292
1659626266 3677776
1659626267 1389872
1659626268 1389554
1659626269 1510394
1659626270 1269032
1659626271 1937998
1659626272 2230982
1659626273 1389024
1659626274 1777302
1659626275 1839630
1659626276 1848534
1659626277 2872918
1659626278 1970858
1659626279 808144
1659626280 2779002
1659626281 1906304
1659626282 1932168
1659626283 2383516
1659626284 2116184
1659626285 1389872
1659626286 2656148
1659626287 1568906
1659626288 1707978
1659626289 2404716
1659626290 1430682
1659626291 2307832
1659626292 2038698
1659626293 2189112
1659626294 2331258
1659626295 419018
1659626296 2143532
1659626297 2027038
1659626298 1389448
1659626299 1428562
1659626300 3330838
1659626301 2189748
1659626302 2779532
1659626303 1389978
1659626304 2779214
1659626305 1389660
1659626306 2041666
1659626307 2127208
1659626308 1401744
1659626309 2768084
1659626310 1596148
1659626311 2572514
1659626312 1389660
1659626313 2779850
1659626314 1389660
1659626315 1679888
1659626316 1546116
1659626317 958240
1659626318 2548558
1659626319 253446
1659626320 2742114
1659626321 1389236
1659626322 954
1659626323 1389554
1659626324 2779002
1659626325 1663776
1659626326 2505840
1659626327 1389978
1659626328 1389448
1659626329 2874296
1659626330 2684662
1659626331 1389766
1659626332 2779850
1659626333 1389342
1659626334 2566366
1659626335 1602720
1659626336 2319810
1659626337 1849594
1659626338 2462274
1659626339 1707024
1659626340 1877790
1659626341 920928
1659626342 2761406
1659626343 1389766
1659626344 2487184
1659626345 1750484
1659626346 2013364
1659626347 2185508
1659626348 2682542
1659626349 1389978
1659626350 1392522
1659626351 1602826
1659626352 2566684
1659626353 1548236
1659626354 2621592
1659626355 2510822
1659626356 1988030
1659626357 2180950
1659626358 1389554
1659626359 1389342
1659626360 2669398
1659626361 1499900
1659626362 2199394
1659626363 1969586
1659626364 1389660
1659626365 1924324
1659626366 2178830
1659626367 1960046
1659626368 914568
1659626369 2751230
1659626370 1390296
1659626371 1389660
1659626372 2618094
1659626373 1551522
1659626374 1984108
1659626375 1854364
1659626376 1943192
1659626377 1880758
1659626378 2065728
1659626379 1389872
1659626380 1390508
1659626381 2779744
1659626382 1389872
1659626383 1389872
1659626384 2380548
1659626385 744226
1659626386 2848432
1659626387 2367086
1659626388 89570
1659626389 2754834
1659626390 2951888
1659626391 2543258
1659626392 1389872
1659626393 1599116
1659626394 1621270
1659626395 2338572
1659626396 1627948
1659626397 2212750
1659626398 1778998
1659626399 2719536
1659626400 1389554
1659626401 2779214
1659626402 1389342
1659626403 2292568
1659626404 1875988
1659626405 2353412
1659626406 1815462
1659626407 1505730
1659626408 2663462
1659626409 1389978
1659626410 1403546
1659626411 1389766
1659626412 2747944
1659626413 150944
1659626414 2975208
1659626415 2484216
1659626416 2290660
1659626417 1961636
1659626418 50774
1659626419 2219958
1659626420 2825536
1659626421 1852562
1659626422 1390084
1659626423 1773698
1659626424 2394646
1659626425 1389342
1659626426 2778366
1659626427 1308994
1659626428 2860410
1659626429 1182748
1659626430 2029476
1659626431 2124558
1659626432 1612472
1659626433 1518980
1659626434 2650848
1659626435 1609928
1659626436 2558840
1659626437 1389660
1659626438 1834542
1659626439 1988878
1659626440 1801364
1659626441 2368252
1659626442 2778684
1659626443 27454
1659626444 2292144
1659626445 1974674
1659626446 2224304
1659626447 1089892
1659626448 1389660
1659626449 3498
1659626450 3251868
1659626451 2307726
1659626452 1389766
1659626453 1604416
1659626454 2565094
1659626455 1701936
1659626456 2468316
1659626457 2187522
1659626458 1981988
1659626459 1389766
1659626460 2562444
1659626461 1414464
1659626462 2378428
1659626463 1983684
1659626464 1446900
1659626465 1554172
1659626466 2557780
1659626467 1524492
1659626468 2643852
1659626469 1060
1659626470 1389766
1659626471 2779532
1659626472 117236
1659626473 2277940
1659626474 2616928
1659626475 573672
1659626476 2313238
1659626477 2525662
1659626478 1681796
1659626479 2487820
1659626480 1463754
1659626481 2705650
1659626482 1389766
1659626483 2779638
1659626484 1389766
1659626485 1592650
1659626486 1750590
1659626487 2216036
1659626488 1990892
1659626489 1595936
1659626490 1972978
1659626491 1668758
1659626492 2500328
1659626493 1433544
1659626494 2735966
1659626495 1389766
1659626496 2779532
1659626497 1389024
1659626498 1389660
1659626499 1398246
1659626500 1389872
1659626501 3755474
1659626502 414142
1659626503 1767974
1659626504 2401430
1659626505 822560
1659626506 3362956
1659626507 2001174
1659626508 2152012
1659626509 1389978
1659626510 1752286
1659626511 2185084
1659626512 1621058
1659626513 2431004
1659626514 1688262
1659626515 1629856
1659626516 2358182
1659626517 1620846
1659626518 2435244
1659626519 2276562
1659626520 1430152
1659626521 2195578
1659626522 1389872
1659626523 2779320
1659626524 1390190
1659626525 1462906
1659626526 2706392
1659626527 1389978
1659626528 2458988
1659626529 1711794
1659626530 1412026
1659626531 1306026
1659626532 2251228
1659626533 3391576
1659626534 28302
1659626535 1661444
1659626536 2508490
1659626537 2106644
1659626538 3451360
1659626539 1389978
1659626540 1790552
1659626541 2378534
1659626542 2177876
1659626543 1991210
1659626544 2249850
1659626545 1919130
1659626546 1569118
1659626547 2428142
1659626548 1573464
1659626549 2769250
1659626550 1401426
1659626551 2767448
1659626552 1389554
1659626553 2049086
1659626554 2098376
1659626555 2392632
1659626556 1796912
1659626557 1685400
1659626558 1095934
1659626559 1619892
1659626560 1805180
1659626561 2668550
1659626562 1780800
1659626563 2380336
1659626564 1390614
1659626565 497352
1659626566 1998418
1659626567 2689432
1659626568 374286
1659626569 1389978
1659626570 1789704
1659626571 3071562
1659626572 2088412
1659626573 665468
1659626574 2113852
1659626575 1389872
1659626576 1603038
1659626577 2566578
1659626578 1419764
1659626579 1880546
1659626580 2258012
1659626581 1578976
1659626582 2021632
1659626583 2204482
1659626584 1143846
1659626585 1389554
1659626586 2047178
1659626587 2121060
1659626588 2147030
1659626589 657624
1659626590 2070074
1659626591 3488354
1659626592 4664
1659626593 2407684
1659626594 3151910
1659626595 122324
1659626596 3557148
1659626597 576534
1659626598 2250168
1659626599 2904188
1659626600 2316842
1659626601 1892418
1659626602 2194200
1659626603 1972342
1659626604 1678086
1659626605 1389448
1659626606 2045164
1659626607 2123498
1659626608 1664200
1659626609 2505522
1659626610 1596466
1659626611 2295748
1659626612 1520040
1659626613 2390512
1659626614 880118
1659626615 2435350
1659626616 1389872
1659626617 1438526
1659626618 1852350
1659626619 1967042
1659626620 1690912
1659626621 239454
1659626622 2758014
1659626623 2563186
1659626624 1295850
1659626625 2846100
1659626626 1390190
1659626627 1878426
1659626628 2291084
1659626629 360400
1659626630 2301260
1659626631 2902598
1659626632 1389660
1659626633 2115230
1659626634 2054810
1659626635 2391466
1659626636 1778680
1659626637 1960682
1659626638 2208192
1659626639 1559048
1659626640 2609508
1659626641 1404500
1659626642 2764374
1659626644 1943404
1659626645 2226000
1659626646 964918
1659626647 3205228
1659626648 2400794
1659626649 1768504
1659626650 1389236
1659626651 1390402
1659626652 380328
1659626653 3029056
1659626654 2782606
1659626655 757794
1659626656 1389872
1659626657 2488880
1659626658 2035306
1659626659 1108972
1659626660 1670984
1659626661 2003930
1659626662 778040
1659626663 2097740
1659626664 2835818
1659626665 2016650
1659626666 2778896
1659626667 1389660
1659626668 2779426
1659626669 1389342
1659626670 1946478
1659626671 2223562
1659626672 2058202
1659626673 2110566
1659626674 1725468
1659626675 1911498
1659626676 1338144
1659626677 1973826
1659626678 1389978
1659626679 637696
1659626680 2424962
1659626681 2779532
1659626682 1389660
1659626683 1044842
1659626684 3183180
1659626685 905134
1659626686 1669394
1659626687 3033720
1659626688 1905350
1659626689 2263100
1659626690 1580142
1659626691 2589262
1659626692 1389660
1659626693 1389236
1659626694 1273272
1659626695 1147980
1659626696 774648
1659626697 2363164
1659626698 1389448
1659626699 2089578
1659626700 2079402
1659626701 1694622
1659626702 2474676
1659626703 1475308
1659626704 2692930
1659626705 1429516
1659626706 2739570
1659626707 1652116
1659626708 2517182
1659626709 33390
1659626710 2879808
1659626711 1353302
1659626712 2779850
1659626713 1474672
1659626714 606850
1659626715 2411818
1659626716 2594880
1659626717 2141306
1659626718 2212750
1659626719 1336554
1659626720 2648092
1659626721 1502762
1659626722 2666854
1659626723 1389554
1659626724 2779638
1659626725 1389660
1659626726 1404712
1659626727 1667062
1659626728 1388388
1659626729 2488138
1659626730 1389766
1659626731 1539968
1659626732 2493332
1659626733 170024
1659626734 2747096
1659626735 1389766
1659626736 2779108
1659626737 1389342
1659626738 2779002
1659626739 1389448
1659626740 1390296
1659626741 2780062
1659626742 1390402
1659626743 1389554
1659626744 2266810
1659626745 1903230
1659626746 1643106
1659626747 2527358
1659626748 370046
1659626749 2106856
1659626750 4380132
1659626751 1557352
1659626752 2583008
1659626753 1510076
1659626754 1390190
1659626755 2779426
1659626756 1389660
1659626757 2189112
1659626758 1980822
1659626759 1622436
1659626760 1156990
1659626761 1389660
1659626762 1951566
1659626763 2216460
1659626764 1627524
1659626765 2542198
1659626766 671722
1659626767 2108022
1659626768 1642152
1659626769 2028310
1659626770 1557564
1659626771 2612264
1659626772 2190596
1659626773 723980
1659626774 1255888
1659626775 2779744
1659626776 1644696
1659626777 2524178
1659626778 1390190
1659626779 1389448
1659626780 1389872
1659626781 1390190
1659626782 1816840
1659626783 2352352
1659626784 1389872
1659626785 1433438
1659626786 2735860
1659626787 1484424
1659626788 2685192
1659626789 1566574
1659626790 2602088
1659626791 1389766
1659626792 2779214
1659626793 1270834
1659626794 1670136
1659626795 1456122
1659626796 2574952
1659626797 1873232
1659626798 2847160
1659626799 824786
1659626800 1389872
1659626801 1031274
1659626802 106


# events lost
1659625648 1852562
1659625649 14139658
1659625650 13394796
1659625651 16437526
1659625652 13888544
1659625653 16551900
1659625654 13966136
1659625655 15517870
1659625656 17163732
1659625657 13269504
1659625658 16878380
1659625659 17659706
1659625660 16574478
1659625661 16172738
1659625662 15612210
1659625663 17492544
1659625664 13073404
1659625665 14393952
1659625666 14494228
1659625667 16698710
1659625668 14987976
1659625669 13810316
1659625670 12981714
1659625671 14113688
1659625672 15498366
1659625673 15102774
1659625674 13693080
1659625675 14704532
1659625676 16323046
1659625677 16746728
1659625678 15612634
1659625679 18220764
1659625680 17491802
1659625681 18665752
1659625682 18475270
1659625683 18197868
1659625684 18550318
1659625685 18542368
1659625686 18222354
1659625687 20435316
1659625688 18605120
1659625689 17708784
1659625690 21235404
1659625691 19987784
1659625692 16995828
1659625693 18891426
1659625694 19027000
1659625695 17342024
1659625696 19785112
1659625697 22342892
1659625698 16888768
1659625699 16903078
1659625700 17842874
1659625701 19789034
1659625702 17333438
1659625703 19061238
1659625704 16960848
1659625705 19219602
1659625706 17577874
1659625707 20538242
1659625708 19813520
1659625709 16871172
1659625710 19638938
1659625711 18193946
1659625712 19952274
1659625713 18027208
1659625714 19195752
1659625715 17741432
1659625716 19568448
1659625717 17068438
1659625718 19719074
1659625719 19908814
1659625720 19038872
1659625721 19142858
1659625722 14758062
1659625723 21574604
1659625724 16788174
1659625725 16691820
1659625726 18583602
1659625727 17997634
1659625728 18390152
1659625729 18185784
1659625730 17431382
1659625731 19899168
1659625732 19979940
1659625733 17152390
1659625734 20106610
1659625735 16007166
1659625736 19920050
1659625737 16514800
1659625738 20377970
1659625739 17200090
1659625740 16863752
1659625741 17503462
1659625742 18852100
1659625743 18853902
1659625744 17620168
1659625745 17809590
1659625746 17308104
1659625747 19393442
1659625748 17169032
1659625749 19398212
1659625750 18938490
1659625751 17757014
1659625752 18921636
1659625753 17456398
1659625754 20560396
1659625755 21094848
1659625756 15330462
1659625757 21730318
1659625758 16335130
1659625759 18487354
1659625760 16813508
1659625761 17589322
1659625762 20694380
1659625763 17022646
1659625764 19146144
1659625765 14621110
1659625766 20290096
1659625767 16764006
1659625768 20430652
1659625769 17523284
1659625770 16466040
1659625771 18762212
1659625772 17563882
1659625773 19012372
1659625774 18633634
1659625775 21394086
1659625776 16168604
1659625777 20393976
1659625778 16741216
1659625779 22671598
1659625780 17668292
1659625781 15505680
1659625782 17482262
1659625783 18049468
1659625784 18506328
1659625785 22821376
1659625786 19743136
1659625787 15801208
1659625788 20431288
1659625789 15669874
1659625790 17656314
1659625791 19417716
1659625792 19894080
1659625793 20581914
1659625794 16083910
1659625795 20317762
1659625796 19022442
1659625797 15687046
1659625798 18821890
1659625799 17602360
1659625800 19232216
1659625801 16893962
1659625802 18013852
1659625803 17069286
1659625804 19248540
1659625805 18216524
1659625806 19456830
1659625807 18307578
1659625808 20240064
1659625809 19437008
1659625810 17741962
1659625811 21867906
1659625812 17287328
1659625813 21492772
1659625814 20562092
1659625815 17994560
1659625816 17348278
1659625817 16600660
1659625818 19120916
1659625819 17376898
1659625820 20346382
1659625821 19116464
1659625822 18491806
1659625823 16709204
1659625824 20362494
1659625825 16953428
1659625826 19302282
1659625827 18320616
1659625828 17444632
1659625829 18179000
1659625830 17954598
1659625831 19366624
1659625832 15805342
1659625833 20227132
1659625834 17295914
1659625835 18978134
1659625836 17222032
1659625837 17538972
1659625838 17610098
1659625839 18695750
1659625840 20041844
1659625841 22142022
1659625842 15190012
1659625843 14964974
1659625844 21936594
1659625845 17001022
1659625846 16647618
1659625847 17745990
1659625848 22883810
1659625849 18162464
1659625850 16149630
1659625851 19986194
1659625852 18352204
1659625853 18007068
1659625854 16266018
1659625855 18570564
1659625856 18190978
1659625857 17112322
1659625858 20544814
1659625859 16801530
1659625860 19798574
1659625861 19104062
1659625862 19913796
1659625863 19785748
1659625864 16935938
1659625865 20456092
1659625866 16919508
1659625867 17555508
1659625868 17948874
1659625869 19305038
1659625870 20119330
1659625871 18593990
1659625872 16804180
1659625873 17286586
1659625874 22237528
1659625875 19831434
1659625876 17311602
1659625877 15834916
1659625878 18798676
1659625879 19885282
1659625880 18543428
1659625881 18072788
1659625882 18381778
1659625883 17495618
1659625884 20177736
1659625885 16039814
1659625886 20406484
1659625887 16318912
1659625888 19421426
1659625889 17115926
1659625890 19379768
1659625891 19555198
1659625892 15389928
1659625893 18096320
1659625894 18569716
1659625895 18207620
1659625896 18020954
1659625897 17350292
1659625898 18500074
1659625899 19498276
1659625900 19474320
1659625901 17197864
1659625902 21081174
1659625903 17340222
1659625904 16308312
1659625905 20043540
1659625906 21192156
1659625907 16366082
1659625908 20268154
1659625909 14820284
1659625910 20544178
1659625911 19357190
1659625912 19489584
1659625913 17284466
1659625914 19595372
1659625915 18609360
1659625916 17856654
1659625917 17254362
1659625918 18880190
1659625919 18191402
1659625920 18073530
1659625921 17620168
1659625922 18959160
1659625923 17760406
1659625924 18681864
1659625925 18630030
1659625926 18090914
1659625927 18267828
1659625928 19147310
1659625929 18941140
1659625930 20897370
1659625931 16962968
1659625932 20609580
1659625933 17385060
1659625934 16925232
1659625935 18662784
1659625936 23281628
1659625937 15592494
1659625938 17643276
1659625939 17550738
1659625940 19722996
1659625941 18134692
1659625942 18482584
1659625943 18631832
1659625944 18433294
1659625945 19771120
1659625946 18367044
1659625947 16324530
1659625948 18868424
1659625949 18952376
1659625950 17948768
1659625951 19018732
1659625952 16209202
1659625953 19701372
1659625954 18858248
1659625955 17995302
1659625956 20069298
1659625957 16961378
1659625958 18982586
1659625959 19707308
1659625960 20928640
1659625961 16197860
1659625962 20652722
1659625963 15838944
1659625964 18027102
1659625965 20954822
1659625966 17946330
1659625967 16977914
1659625968 17805456
1659625969 19473154
1659625970 17090062
1659625971 19754584
1659625972 16138182
1659625973 20229464
1659625974 17710056
1659625975 18984918
1659625976 17115396
1659625977 18323584
1659625978 17539078
1659625979 19602474
1659625980 17306090
1659625981 18605968
1659625982 16980882
1659625983 18448982
1659625984 17845948
1659625985 18518624
1659625986 18304716
1659625987 17482580
1659625988 18374888
1659625989 17600982
1659625990 17229240
1659625991 23050336
1659625992 17745460
1659625993 17914848
1659625994 19243028
1659625995 14660754
1659625996 22791484
1659625997 17548936
1659625998 15331098
1659625999 19069082
1659626000 20517996
1659626001 17857714
1659626002 18155574
1659626003 18448982
1659626004 19800270
1659626005 19115510
1659626006 19920050
1659626007 18145186
1659626008 18713452
1659626009 18753732
1659626010 18771752
1659626011 18560388
1659626012 20833346
1659626013 16683552
1659626014 20574494
1659626015 20222680
1659626016 17143592
1659626017 17873614
1659626018 18519790
1659626019 22873528
1659626020 16965618
1659626021 16162350
1659626022 19350406
1659626023 20396414
1659626024 17722246
1659626025 18585086
1659626026 16908060
1659626027 18649322
1659626028 21589232
1659626029 17620274
1659626030 17894390
1659626031 19998808
1659626032 17946754
1659626033 17833758
1659626034 18582224
1659626035 17273230
1659626036 19634486
1659626037 16398730
1659626038 20054458
1659626039 16360570
1659626040 20116786
1659626041 15647084
1659626042 19357190
1659626043 18241540
1659626044 18018092
1659626045 17665748
1659626046 18104164
1659626047 18102574
1659626048 19027742
1659626049 20001670
1659626050 18916442
1659626051 21635236
1659626052 15801208
1659626053 19371606
1659626054 16306828
1659626055 19245678
1659626056 21271762
1659626057 16041192
1659626058 16497734
1659626059 21624212
1659626060 18916230
1659626061 16122706
1659626062 16903290
1659626063 20373942
1659626064 20264762
1659626065 16118890
1659626066 20338008
1659626067 17775882
1659626068 21230740
1659626069 16427244
1659626070 20162896
1659626071 17571196
1659626072 17209948
1659626073 17191610
1659626074 19006754
1659626075 20485348
1659626076 17402232
1659626077 17581160
1659626078 18527104
1659626079 19791790
1659626080 20142332
1659626081 17802700
1659626082 18323796
1659626083 20023294
1659626084 16991058
1659626085 18794754
1659626086 17451098
1659626087 17674970
1659626088 16914950
1659626089 20186534
1659626090 17903082
1659626091 18567596
1659626092 17902446
1659626093 17527206
1659626094 20379348
1659626095 17882412
1659626096 19406480
1659626097 18158860
1659626098 18908280
1659626099 18129074
1659626100 19479408
1659626101 17761678
1659626102 19183138
1659626103 16122070
1659626104 19688758
1659626105 18181332
1659626106 19493400
1659626107 18296130
1659626108 18370542
1659626109 20011740
1659626110 20145724
1659626111 17670306
1659626112 16120268
1659626113 19610000
1659626114 18241010
1659626115 20575554
1659626116 15861416
1659626117 21103858
1659626118 17208994
1659626119 16095040
1659626120 19498700
1659626121 16622602
1659626122 18946758
1659626123 16439010
1659626124 20194802
1659626125 16117512
1659626126 20291898
1659626127 17202634
1659626128 18220446
1659626129 17436576
1659626130 18974318
1659626131 18746948
1659626132 18573002
1659626133 17555402
1659626134 17968802
1659626135 18986084
1659626136 17441876
1659626137 17199666
1659626138 18942306
1659626139 21344478
1659626140 17245670
1659626141 18010778
1659626142 15269300
1659626143 18183028
1659626144 21486942
1659626145 20078096
1659626146 16102778
1659626147 18329096
1659626148 21468498
1659626149 17129388
1659626150 17879868
1659626151 19034526
1659626152 16990528
1659626153 19783416
1659626154 16670302
1659626155 20102264
1659626156 16581050
1659626157 19343092
1659626158 16604688
1659626159 19803238
1659626160 20181128
1659626161 16487982
1659626162 17945058
1659626163 17220654
1659626164 21757242
1659626165 18751506
1659626166 18869484
1659626167 17615928
1659626168 17995196
1659626169 19648054
1659626170 18586782
1659626171 20418886
1659626172 18891532
1659626173 16366188
1659626174 23409570
1659626175 15913886
1659626176 20239216
1659626177 16746728
1659626178 19187484
1659626179 16810540
1659626180 18408914
1659626181 18462126
1659626182 17345628
1659626183 17093242
1659626184 20066436
1659626185 16074158
1659626186 20515982
1659626187 16771108
1659626188 18390894
1659626189 17713660
1659626190 18649746
1659626191 18459476
1659626192 16970706
1659626193 19163740
1659626194 16693622
1659626195 19868746
1659626196 17800156
1659626197 16100870
1659626198 17628542
1659626199 19966266
1659626200 16221286
1659626201 22644038
1659626202 19219602
1659626203 18407748
1659626204 15906254
1659626205 18460960
1659626206 22151880
1659626207 17031974
1659626208 15134786
1659626209 17452900
1659626210 20469236
1659626211 18341392
1659626212 17023176
1659626213 17586778
1659626214 20804408
1659626215 17311496
1659626216 20468070
1659626217 17040030
1659626218 21220034
1659626219 19952698
1659626220 15435190
1659626221 20509728
1659626222 20868856
1659626223 16687262
1659626224 19526684
1659626225 17585612
1659626226 18803976
1659626227 17497844
1659626228 21209010
1659626229 19347014
1659626230 16796442
1659626231 20728088
1659626232 18434248
1659626233 17328880
1659626234 20055094
1659626235 15383780
1659626236 18483008
1659626237 17194260
1659626238 20457258
1659626239 15791032
1659626240 19546400
1659626241 16067268
1659626242 20256388
1659626243 18639570
1659626244 17686842
1659626245 17818600
1659626246 17737510
1659626247 19945914
1659626248 16433710
1659626249 19835462
1659626250 14073196
1659626251 20061666
1659626252 17348384
1659626253 19741122
1659626254 17932868
1659626255 17745354
1659626256 16771320
1659626257 20337160
1659626258 16389508
1659626259 19053182
1659626260 19417822
1659626261 16231886
1659626262 18889730
1659626263 21563368
1659626264 17217156
1659626265 18475164
1659626266 14774810
1659626267 20408604
1659626268 20275786
1659626269 18518306
1659626270 18712710
1659626271 17119848
1659626272 19383584
1659626273 20245152
1659626274 17651438
1659626275 16820822
1659626276 17316372
1659626277 18213450
1659626278 18348176
1659626279 20844264
1659626280 15839898
1659626281 18121018
1659626282 18402342
1659626283 18218114
1659626284 17538442
1659626285 19308006
1659626286 16430212
1659626287 19782250
1659626288 18709742
1659626289 17476114
1659626290 17616246
1659626291 17308952
1659626292 18383474
1659626293 17492650
1659626294 18123986
1659626295 20593362
1659626296 17036850
1659626297 19281294
1659626298 20197982
1659626299 16565256
1659626300 14465820
1659626301 19160030
1659626302 17119636
1659626303 19031240
1659626304 17149210
1659626305 18645824
1659626306 18449512
1659626307 18759138
1659626308 18163630
1659626309 17709950
1659626310 17573316
1659626311 18066322
1659626312 20265186
1659626313 15879754
1659626314 20060712
1659626315 18054874
1659626316 20121768
1659626317 21029764
1659626318 16764748
1659626319 22439564
1659626320 16784464
1659626321 19317334
1659626322 23393352
1659626323 20432242
1659626324 17303864
1659626325 16494978
1659626326 17971028
1659626327 19255642
1659626328 20274302
1659626329 16178250
1659626330 16038860
1659626331 20299212
1659626332 16424064
1659626333 20270910
1659626334 16339794
1659626335 17797930
1659626336 17042998
1659626337 19893444
1659626338 17350080
1659626339 19006966
1659626340 17316584
1659626341 21393662
1659626342 17758286
1659626343 19733914
1659626344 16757858
1659626345 18789878
1659626346 17528266
1659626347 18538340
1659626348 17898736
1659626349 18868848
1659626350 19730628
1659626351 19104486
1659626352 16782026
1659626353 19356024
1659626354 16578930
1659626355 17310330
1659626356 17045754
1659626357 19220556
1659626358 20495524
1659626359 19146462
1659626360 16457030
1659626361 20253420
1659626362 16522326
1659626363 19603640
1659626364 19190240
1659626365 17273654
1659626366 18702110
1659626367 18315104
1659626368 20646786
1659626369 16979504
1659626370 19865354
1659626371 19988420
1659626372 16345306
1659626373 20371822
1659626374 17312874
1659626375 17213976
1659626376 18793270
1659626377 18442304
1659626378 18882098
1659626379 20027428
1659626380 18747160
1659626381 17354956
1659626382 18398420
1659626383 20312886
1659626384 17640838
1659626385 18167340
1659626386 16510666
1659626387 17941454
1659626388 22860596
1659626389 17541092
1659626390 15381342
1659626391 18312242
1659626392 19195010
1659626393 19692998
1659626394 19739638
1659626395 16094722
1659626396 19646040
1659626397 17092500
1659626398 19496050
1659626399 17483428
1659626400 18740164
1659626401 17175392
1659626402 19317864
1659626403 17821674
1659626404 19379662
1659626405 16258068
1659626406 19511208
1659626407 18488838
1659626408 17844252
1659626409 19560816
1659626410 18340650
1659626411 20405742
1659626412 16030592
1659626413 21824446
1659626414 17266870
1659626415 16659384
1659626416 18028586
1659626417 18077770
1659626418 22941580
1659626419 18671264
1659626420 13868086
1659626421 19698722
1659626422 20149646
1659626423 17640202
1659626424 18401494
1659626425 18112220
1659626426 16062286
1659626427 20512802
1659626428 15874984
1659626429 20697560
1659626430 17357818
1659626431 18029752
1659626432 19767516
1659626433 18102044
1659626434 18124410
1659626435 18092822
1659626436 17587838
1659626437 20498386
1659626438 17742280
1659626439 19289562
1659626440 17710268
1659626441 17787330
1659626442 16966042
1659626443 22178804
1659626444 17461804
1659626445 16795594
1659626446 18114552
1659626447 21657920
1659626448 20499128
1659626449 22649762
1659626450 14892576
1659626451 17695534
1659626452 20235400
1659626453 18259560
1659626454 18165220
1659626455 18040564
1659626456 17779486
1659626457 18291466
1659626458 19174128
1659626459 18792210
1659626460 15315198
1659626461 18869378
1659626462 17752562
1659626463 19231792
1659626464 18494986
1659626465 17730196
1659626466 16889192
1659626467 19714940
1659626468 17729984
1659626469 23431512
1659626470 18731578
1659626471 17453218
1659626472 22500938
1659626473 17261994
1659626474 17767826
1659626475 18278746
1659626476 18060704
1659626477 17651650
1659626478 18952164
1659626479 18215676
1659626480 16323470
1659626481 17447176
1659626482 18581906
1659626483 17297292
1659626484 20318292
1659626485 17887288
1659626486 19361960
1659626487 18004630
1659626488 18762318
1659626489 19245996
1659626490 18463928
1659626491 19059860
1659626492 17322944
1659626493 19670526
1659626494 17830896
1659626495 18054980
1659626496 17299624
1659626497 19359522
1659626498 20045872
1659626499 20536440
1659626500 17295596
1659626501 14080086
1659626502 22458856
1659626503 17757862
1659626504 18512052
1659626505 16806088
1659626506 16383148
1659626507 19531348
1659626508 17620486
1659626509 20751302
1659626510 17617412
1659626511 18049680
1659626512 20199466
1659626513 16239412
1659626514 20001776
1659626515 17923752
1659626516 17829306
1659626517 19363868
1659626518 17474100
1659626519 18000708
1659626520 16780330
1659626521 18317542
1659626522 20829106
1659626523 16035680
1659626524 20533260
1659626525 18694266
1659626526 16667334
1659626527 20349350
1659626528 16175494
1659626529 20007606
1659626530 19162574
1659626531 19421532
1659626532 17692036
1659626533 15311382
1659626534 23261488
1659626535 18650700
1659626536 17313828
1659626537 18110948
1659626538 15083058
1659626539 20456516
1659626540 15321452
1659626541 18520850
1659626542 17364072
1659626543 18869378
1659626544 17816798
1659626545 17932868
1659626546 19284050
1659626547 17118682
1659626548 19525306
1659626549 17795386
1659626550 18408702
1659626551 17553494
1659626552 19159076
1659626553 17601724
1659626554 19499018
1659626555 15732202
1659626556 19708262
1659626557 17477174
1659626558 21057536
1659626559 19886660
1659626560 18557950
1659626561 16877002
1659626562 18571942
1659626563 18465942
1659626564 20021810
1659626565 19599400
1659626566 18203698
1659626567 17436364
1659626568 22380628
1659626569 20040360
1659626570 15928302
1659626571 18024346
1659626572 19160348
1659626573 20190668
1659626574 19720664
1659626575 18288922
1659626576 18745888
1659626577 18056570
1659626578 19771756
1659626579 17807470
1659626580 16826970
1659626581 18699142
1659626582 18288392
1659626583 18254896
1659626584 20414116
1659626585 19649008
1659626586 18136706
1659626587 18293162
1659626588 18028162
1659626589 22180076
1659626590 16557306
1659626591 16200404
1659626592 23296150
1659626593 16102778
1659626594 16188850
1659626595 20228086
1659626596 15309474
1659626597 20693532
1659626598 18551590
1659626599 15571082
1659626600 17395554
1659626601 19459904
1659626602 17103948
1659626603 18922590
1659626604 18680804
1659626605 17896510
1659626606 17547876
1659626607 19086466
1659626608 18384428
1659626609 18024240
1659626610 17459896
1659626611 18976544
1659626612 19498276
1659626613 17723200
1659626614 20377334
1659626615 16932652
1659626616 21190354
1659626617 18793906
1659626618 19120280
1659626619 19534104
1659626620 17949828
1659626621 21905748
1659626622 17162778
1659626623 17365026
1659626624 18884324
1659626625 17166064
1659626626 20385496
1659626627 18616038
1659626628 17301956
1659626629 21773566
1659626630 15773542
1659626631 16552430
1659626632 19773876
1659626633 17198606
1659626634 19573536
1659626635 15355054
1659626636 20017358
1659626637 18490110
1659626638 17728500
1659626639 19454180
1659626640 14047226
1659626641 19831964
1659626642 16565044
1659626643 23572068
1659626644 17587308
1659626645 18940928
1659626646 17495088
1659626647 18641372
1659626648 16520418
1659626649 19845002
1659626650 19552548
1659626651 18933084
1659626652 21445072
1659626653 16927988
1659626654 16767080
1659626655 17640944
1659626656 19804404
1659626657 16206128
1659626658 19871502
1659626659 17875522
1659626660 19488100
1659626661 17794750
1659626662 21207314
1659626663 17357606
1659626664 16637654
1659626665 18706774
1659626666 17220972
1659626667 19157380
1659626668 16743972
1659626669 19370016
1659626670 17859728
1659626671 17895662
1659626672 18145822
1659626673 18859414
1659626674 17969438
1659626675 16783510
1659626676 19506544
1659626677 19326026
1659626678 19857722
1659626679 21392072
1659626680 15494762
1659626681 17064622
1659626682 18990218
1659626683 20970722
1659626684 15588572
1659626685 18006008
1659626686 19305462
1659626687 15607970
1659626688 18723946
1659626689 17844358
1659626690 17996998
1659626691 17679634
1659626692 19405738
1659626693 20315960
1659626694 20511742
1659626695 18135540
1659626696 20179538
1659626697 19372348
1659626698 20324758
1659626699 17288494
1659626700 18698082
1659626701 17262206
1659626702 19022124
1659626703 18786486
1659626704 17369902
1659626705 19156956
1659626706 16585820
1659626707 19261684
1659626708 16899368
1659626709 23078744
1659626710 15123762
1659626711 19704340
1659626712 17475584
1659626713 19766032
1659626714 20682402
1659626715 17321354
1659626716 16480880
1659626717 18181968
1659626718 17217262
1659626719 19649750
1659626720 17531340
1659626721 18724794
1659626722 17983324
1659626723 20121874
1659626724 16053594
1659626725 19619752
1659626726 16977808
1659626727 21355502
1659626728 20228510
1659626729 16931062
1659626730 19667134
1659626731 19297088
1659626732 16908166
1659626733 22722160
1659626734 16744714
1659626735 19466900
1659626736 17362588
1659626737 19104274
1659626738 17376262
1659626739 19138088
1659626740 18822314
1659626741 17360892
1659626742 18846376
1659626743 20358890
1659626744 16447490
1659626745 18258182
1659626746 18978452
1659626747 16810752
1659626748 19593676
1659626749 17148680
1659626750 14029842
1659626751 19192784
1659626752 16772910
1659626753 19816806
1659626754 19229354
1659626755 15708776
1659626756 20327302
1659626757 16480244
1659626758 19499336
1659626759 16946750
1659626760 20132898
1659626761 20243244
1659626762 17878278
1659626763 18582542
1659626764 19312988
1659626765 14827280
1659626766 21700108
1659626767 19115510
1659626768 18232636
1659626769 19212818
1659626770 17462758
1659626771 17459154
1659626772 18222778
1659626773 21238054
1659626774 20479200
1659626775 15182062
1659626776 19429906
1659626777 18586464
1659626778 19249070
1659626779 20134170
1659626780 18430962
1659626781 19450894
1659626782 18878812
1659626783 18522652
1659626784 19205398
1659626785 17552116
1659626786 18929586
1659626787 18468168
1659626788 17873826
1659626789 18280018
1659626790 15109982
1659626791 19741652
1659626792 16252450
1659626793 20366946
1659626794 16996358
1659626795 17634266
1659626796 17548194
1659626797 18581482
1659626798 16779164
1659626799 21201696
1659626800 19151232
1659626801 4701630
1659626802 1696
