# events called
1659629455 1653242
1659629456 1605512
1659629457 4086940
1659629458 12102286
1659629459 17464108
1659629460 18450012
1659629461 17353528
1659629462 17772968
1659629463 17584974
1659629464 17930614
1659629465 18128288
1659629466 16020230
1659629467 17652232
1659629468 17819334
1659629469 17048706
1659629470 17554508
1659629471 15951178
1659629472 17841020
1659629473 17423420
1659629474 17906468
1659629475 17904410
1659629476 16628180
1659629477 17429300
1659629478 17803818
1659629479 17583298
1659629480 16922010
1659629481 15654838
1659629482 17767500
1659629483 17792090
1659629484 16929494
1659629485 17454024
1659629486 16052330
1659629487 17316892
1659629488 17950812
1659629489 17224140
1659629490 17882340
1659629491 16791588
1659629492 17618646
1659629493 17144782
1659629494 16760282
1659629495 15984668
1659629496 14190418
1659629497 14913788
1659629498 15857824
1659629499 16031156
1659629500 16175424
1659629501 14441086
1659629502 16117606
1659629503 15971666
1659629504 14787924
1659629505 16406668
1659629506 15259162
1659629507 16186302
1659629508 15669486
1659629509 15182848
1659629510 15824776
1659629511 15700404
1659629512 15600942
1659629513 18008902
1659629514 16585454
1659629515 16584264
1659629516 14518426
1659629517 18958670
1659629518 15338456
1659629519 15585080
1659629520 15342814
1659629521 15555828
1659629522 18258456
1659629523 14472550
1659629524 15320884
1659629525 18658636
1659629526 13769000
1659629527 14920858
1659629528 17333622
1659629529 15611820
1659629530 15062670
1659629531 16786860
1659629532 16523530
1659629533 17221056
1659629534 15556986
1659629535 17785354
1659629536 14766694
1659629537 16727704
1659629538 15620430
1659629539 16584498
1659629540 16413134
1659629541 14607774
1659629542 16508306
1659629543 16525916
1659629544 17005748
1659629545 16521822
1659629546 16223008
1659629547 17324520
1659629548 18217238
1659629549 15991336
1659629550 15912450
1659629551 15761498
1659629552 16126082
1659629553 18129908
1659629554 15884386
1659629555 14743254
1659629556 16053542
1659629557 14024132
1659629558 15861952
1659629559 16529236
1659629560 15331254
1659629561 15799666
1659629562 15738876
1659629563 17236298
1659629564 15498048
1659629565 17040952
1659629566 14101818
1659629567 16403772
1659629568 15998088
1659629569 15565078
1659629570 16415704
1659629571 14423120
1659629572 16378882
1659629573 15987646
1659629574 17082166
1659629575 14565586
1659629576 17120954
1659629577 16724704
1659629578 15219828
1659629579 16081424
1659629580 16570834
1659629581 14346312
1659629582 18403932
1659629583 16344816
1659629584 17210520
1659629585 14863418
1659629586 16496072
1659629587 15480188
1659629588 14966192
1659629589 16699336
1659629590 16127458
1659629591 15411210
1659629592 15748452
1659629593 16255864
1659629594 15255972
1659629595 15655414
1659629596 16638038
1659629597 16361674
1659629598 17159116
1659629599 16490044
1659629600 17135980
1659629601 14714390
1659629602 17143924
1659629603 16223088
1659629604 16393430
1659629605 17244652
1659629606 16767706
1659629607 14761572
1659629608 17003326
1659629609 16478988
1659629610 14610724
1659629611 15599568
1659629612 14778146
1659629613 16176236
1659629614 15351458
1659629615 16806706
1659629616 14915870
1659629617 15412442
1659629618 16724650
1659629619 14602920
1659629620 16735446
1659629621 16503280
1659629622 16124922
1659629623 15948020
1659629624 16200742
1659629625 14817278
1659629626 15897116
1659629627 17139508
1659629628 15121196
1659629629 16007854
1659629630 15833800
1659629631 15199832
1659629632 16232252
1659629633 17125598
1659629634 16177224
1659629635 14680954
1659629636 17698440
1659629637 16073890
1659629638 14273750
1659629639 17409082
1659629640 16694984
1659629641 14305550
1659629642 16755152
1659629643 16554698
1659629644 15225968
1659629645 17569474
1659629646 16391738
1659629647 13831660
1659629648 16316914
1659629649 15807584
1659629650 16606006
1659629651 15235452
1659629652 16169002
1659629653 16074228
1659629654 15698338
1659629655 17304704
1659629656 14631170
1659629657 16250694
1659629658 17238162
1659629659 15387386
1659629660 16815544
1659629661 16398876
1659629662 15524530
1659629663 16941764
1659629664 15696296
1659629665 15991398
1659629666 15325254
1659629667 15488510
1659629668 18410132
1659629669 15401018
1659629670 14227898
1659629671 15644860
1659629672 15260392
1659629673 16758792
1659629674 16660510
1659629675 14278086
1659629676 15553992
1659629677 15430730
1659629678 15381998
1659629679 15966830
1659629680 15323226
1659629681 16535418
1659629682 15193054
1659629683 16260092
1659629684 15104154
1659629685 14985030
1659629686 15379744
1659629687 16844916
1659629688 14854114
1659629689 16064946
1659629690 14904708
1659629691 15082516
1659629692 16212418
1659629693 15625318
1659629694 16284708
1659629695 15063484
1659629696 15929890
1659629697 17210570
1659629698 16070272
1659629699 16266248
1659629700 14471828
1659629701 14327928
1659629702 18519054
1659629703 16510600
1659629704 13488022
1659629705 15740734
1659629706 15821650
1659629707 16172760
1659629708 16489034
1659629709 16433652
1659629710 14081096
1659629711 16983226
1659629712 14859084
1659629713 17335776
1659629714 15534726
1659629715 15723070
1659629716 15767686
1659629717 16455990
1659629718 14451462
1659629719 16251446
1659629720 15558946
1659629721 15355744
1659629722 15549744
1659629723 15064566
1659629724 17356430
1659629725 14811854
1659629726 16338562
1659629727 16094748
1659629728 17726696
1659629729 15669634
1659629730 14116700
1659629731 17084714
1659629732 15789344
1659629733 15668070
1659629734 14904740
1659629735 16521602
1659629736 16368686
1659629737 13785598
1659629738 16254412
1659629739 15099680
1659629740 13304378
1659629741 16439350
1659629742 15426180
1659629743 16149402
1659629744 15677052
1659629745 14669576
1659629746 15696360
1659629747 15854858
1659629748 15745038
1659629749 15733044
1659629750 15518320
1659629751 16524170
1659629752 14718838
1659629753 16386136
1659629754 17085312
1659629755 17046244
1659629756 16480480
1659629757 15465608
1659629758 14153376
1659629759 18099004
1659629760 14860134
1659629761 16440556
1659629762 15528290
1659629763 16313190
1659629764 15993704
1659629765 17104564
1659629766 15711382
1659629767 15607664
1659629768 14423634
1659629769 16687850
1659629770 14600374
1659629771 16576422
1659629772 16019414
1659629773 17345056
1659629774 14613894
1659629775 16185418
1659629776 15601870
1659629777 15802620
1659629778 17093648
1659629779 15594632
1659629780 15286188
1659629781 15165126
1659629782 15847468
1659629783 14736886
1659629784 15948850
1659629785 15320522
1659629786 17280044
1659629787 17078078
1659629788 14667866
1659629789 15880008
1659629790 13829184
1659629791 16597580
1659629792 16324552
1659629793 17156912
1659629794 14030936
1659629795 13766620
1659629796 16245410
1659629797 17012872
1659629798 15615370
1659629799 15439966
1659629800 16649862
1659629801 14495618
1659629802 16373286
1659629803 15400256
1659629804 16019052
1659629805 15111542
1659629806 15568276
1659629807 16656118
1659629808 14931016
1659629809 16216122
1659629810 15942210
1659629811 15245508
1659629812 16286740
1659629813 17223096
1659629814 16437924
1659629815 14502728
1659629816 15758498
1659629817 18325702
1659629818 15676632
1659629819 15786224
1659629820 14846424
1659629821 15755986
1659629822 14380638
1659629823 14559738
1659629824 18092724
1659629825 14955854
1659629826 17068422
1659629827 15387640
1659629828 15513244
1659629829 16502852
1659629830 14761646
1659629831 16283322
1659629832 14666946
1659629833 16805816
1659629834 14743438
1659629835 14272292
1659629836 15712744
1659629837 17294596
1659629838 15033758
1659629839 16493992
1659629840 13962090
1659629841 16294134
1659629842 16128930
1659629843 15427462
1659629844 19230262
1659629845 17850720
1659629846 16238026
1659629847 14509946
1659629848 17076332
1659629849 15066118
1659629850 16362744
1659629851 15258076
1659629852 17965562
1659629853 17206794
1659629854 15819528
1659629855 14542126
1659629856 16577202
1659629857 16994218
1659629858 15565152
1659629859 15224530
1659629860 16479948
1659629861 14523254
1659629862 19207250
1659629863 15339698
1659629864 15462576
1659629865 16593410
1659629866 14862304
1659629867 16352714
1659629868 17398326
1659629869 16439876
1659629870 16330198
1659629871 15123928
1659629872 16686190
1659629873 17044350
1659629874 16473932
1659629875 16614692
1659629876 16875940
1659629877 14892940
1659629878 17960674
1659629879 15374828
1659629880 14805264
1659629881 17189978
1659629882 13689072
1659629883 18403754
1659629884 14793412
1659629885 14008720
1659629886 16523744
1659629887 15974518
1659629888 15021124
1659629889 16609140
1659629890 13539396
1659629891 16392236
1659629892 14599304
1659629893 16977880
1659629894 16241736
1659629895 14711000
1659629896 16434570
1659629897 15877710
1659629898 15845982
1659629899 16325248
1659629900 15171026
1659629901 15349428
1659629902 16154022
1659629903 15404202
1659629904 15435232
1659629905 13614796
1659629906 18701252
1659629907 15980060
1659629908 15365344
1659629909 16290924
1659629910 13701660
1659629911 17252218
1659629912 14633242
1659629913 17797092
1659629914 14696548
1659629915 14833598
1659629916 17296424
1659629917 15073982
1659629918 17215440
1659629919 15346526
1659629920 16300888
1659629921 16726866
1659629922 14952308
1659629923 16577876
1659629924 15960874
1659629925 13792022
1659629926 16732202
1659629927 16598932
1659629928 15426504
1659629929 15839708
1659629930 15236700
1659629931 14942564
1659629932 16701954
1659629933 14652960
1659629934 16032564
1659629935 14463150
1659629936 17073936
1659629937 14598812
1659629938 14811380
1659629939 18357260
1659629940 14082658
1659629941 16231714
1659629942 14097732
1659629943 15364882
1659629944 16188414
1659629945 12618932
1659629946 17189570
1659629947 14709252
1659629948 15947234
1659629949 15599912
1659629950 15239736
1659629951 15411872
1659629952 16943206
1659629953 15082992
1659629954 15344908
1659629955 14008056
1659629956 15813118
1659629957 16609804
1659629958 15165216
1659629959 16567718
1659629960 14729278
1659629961 15529252
1659629962 16126752
1659629963 15295432
1659629964 17827106
1659629965 15193026
1659629966 15943456
1659629967 17580688
1659629968 15618040
1659629969 15481880
1659629970 16456504
1659629971 14490048
1659629972 15116324
1659629973 18833060
1659629974 15981666
1659629975 16234136
1659629976 15366200
1659629977 16028888
1659629978 16401788
1659629979 16773578
1659629980 13796066
1659629981 16454916
1659629982 15072008
1659629983 16471270
1659629984 15318302
1659629985 14270588
1659629986 16375936
1659629987 15305432
1659629988 16207768
1659629989 15428268
1659629990 15339092
1659629991 16978804
1659629992 16214876
1659629993 15626090
1659629994 15337190
1659629995 16454228
1659629996 14756956
1659629997 18796534
1659629998 14958030
1659629999 15942044
1659630000 16593086
1659630001 13821794
1659630002 15343612
1659630003 18535992
1659630004 15308844
1659630005 16453072
1659630006 14573814
1659630007 14316248
1659630008 16141520
1659630009 15217872
1659630010 15751312
1659630011 15998814
1659630012 14942850
1659630013 16862734
1659630014 14454524
1659630015 15337772
1659630016 15199834
1659630017 16043858
1659630018 15154002
1659630019 15710220
1659630020 15491980
1659630021 17069426
1659630022 15962008
1659630023 15855302
1659630024 16412430
1659630025 13906188
1659630026 16417684
1659630027 17974304
1659630028 16102058
1659630029 15312734
1659630030 15916600
1659630031 14885770
1659630032 16936386
1659630033 14451186
1659630034 16052888
1659630035 13502080
1659630036 16863938
1659630037 14548374
1659630038 15538062
1659630039 14601524
1659630040 16394728
1659630041 16325662
1659630042 16426722
1659630043 15171684
1659630044 16186074
1659630045 14434604
1659630046 15528502
1659630047 16345412
1659630048 17200538
1659630049 15484142
1659630050 14894608
1659630051 15374522
1659630052 15776718
1659630053 16876072
1659630054 15292954
1659630055 15907064
1659630056 14659780
1659630057 18737778
1659630058 14481148
1659630059 15632550
1659630060 15972282
1659630061 16659172
1659630062 14835416
1659630063 16697974
1659630064 16942094
1659630065 14719736
1659630066 15642934
1659630067 13848698
1659630068 16738674
1659630069 16151356
1659630070 16559870
1659630071 15370266
1659630072 15092318
1659630073 16516380
1659630074 15255628
1659630075 16211956
1659630076 17248408
1659630077 16405816
1659630078 17183856
1659630079 16441096
1659630080 16675946
1659630081 16507462
1659630082 17140652
1659630083 15575210
1659630084 16237188
1659630085 14681496
1659630086 15595654
1659630087 15672632
1659630088 17138374
1659630089 15677430
1659630090 15263814
1659630091 13805766
1659630092 18195970
1659630093 14302522
1659630094 14911928
1659630095 16091490
1659630096 15551582
1659630097 14445800
1659630098 14595708
1659630099 15677720
1659630100 15202358
1659630101 15550950
1659630102 16584454
1659630103 17078234
1659630104 14364702
1659630105 15552030
1659630106 15142678
1659630107 16319610
1659630108 16701140
1659630109 15484334
1659630110 14634022
1659630111 15115818
1659630112 16000044
1659630113 16009092
1659630114 16044004
1659630115 14677880
1659630116 16549002
1659630117 16858912
1659630118 16630016
1659630119 15543976
1659630120 15268182
1659630121 16527266
1659630122 16165848
1659630123 15751250
1659630124 15131598
1659630125 16083696
1659630126 16168278
1659630127 15585706
1659630128 16368384
1659630129 16970340
1659630130 13270938
1659630131 15993466
1659630132 16049446
1659630133 15415372
1659630134 15915738
1659630135 14548586
1659630136 15153320
1659630137 16181814
1659630138 14678244
1659630139 16419764
1659630140 14658796
1659630141 16318670
1659630142 14522776
1659630143 16776932
1659630144 15170628
1659630145 15115714
1659630146 18440382
1659630147 14071504
1659630148 15066154
1659630149 16951920
1659630150 15623812
1659630151 14714244
1659630152 16737686
1659630153 17343422
1659630154 14495248
1659630155 14809472
1659630156 17270000
1659630157 15086590
1659630158 15486872
1659630159 16058804
1659630160 14929550
1659630161 16115444
1659630162 14480562
1659630163 16498072
1659630164 15217082
1659630165 14548158
1659630166 15803578
1659630167 16544320
1659630168 15778494
1659630169 15563652
1659630170 14943092
1659630171 15403146
1659630172 16600960
1659630173 14698858
1659630174 16273316
1659630175 16120568
1659630176 16504702
1659630177 15812118
1659630178 14336220
1659630179 16047912
1659630180 17721614
1659630181 17004196
1659630182 18605698
1659630183 14362088
1659630184 17490758
1659630185 14055816
1659630186 16227864
1659630187 16402434
1659630188 15060812
1659630189 16162214
1659630190 14105118
1659630191 17278400
1659630192 15110048
1659630193 16392600
1659630194 15497130
1659630195 13666552
1659630196 15838786
1659630197 16727724
1659630198 16046786
1659630199 15818852
1659630200 14285678
1659630201 15209282
1659630202 15958552
1659630203 15730756
1659630204 16268664
1659630205 15730928
1659630206 14792434
1659630207 16244396
1659630208 18618460
1659630209 16213706
1659630210 14515792
1659630211 15448306
1659630212 15301602
1659630213 16802398
1659630214 17851440
1659630215 14802216
1659630216 14712458
1659630217 14341378
1659630218 16947324
1659630219 14633764
1659630220 15610124
1659630221 16096286
1659630222 15351834
1659630223 16213672
1659630224 16086146
1659630225 14834494
1659630226 15008150
1659630227 15849032
1659630228 16970718
1659630229 16383180
1659630230 16398124
1659630231 15969944
1659630232 15717494
1659630233 16112472
1659630234 16528948
1659630235 16617764
1659630236 15819734
1659630237 15352902
1659630238 16388052
1659630239 14684632
1659630240 16984174
1659630241 16070364
1659630242 14668126
1659630243 15589446
1659630244 18018356
1659630245 14281800
1659630246 14961236
1659630247 17961386
1659630248 14414512
1659630249 14894022
1659630250 16012424
1659630251 15055924
1659630252 16312382
1659630253 15110706
1659630254 16796582
1659630255 14511776
1659630256 15663498
1659630257 15306358
1659630258 16287442
1659630259 15569164
1659630260 14998284
1659630261 14669832
1659630262 15815602
1659630263 14427788
1659630264 16410714
1659630265 14617534
1659630266 17964810
1659630267 15947170
1659630268 14009200
1659630269 16883784
1659630270 13698548
1659630271 16786678
1659630272 15810964
1659630273 13792878
1659630274 17693556
1659630275 14093886
1659630276 14241062
1659630277 16615810
1659630278 15570528
1659630279 17125290
1659630280 14643032
1659630281 16142014
1659630282 17708406
1659630283 14484034
1659630284 16271380
1659630285 15398128
1659630286 16390092
1659630287 17048398
1659630288 15051388
1659630289 16441886
1659630290 13849652
1659630291 17436958
1659630292 17112394
1659630293 14380084
1659630294 16587052
1659630295 15767630
1659630296 16731356
1659630297 14957406
1659630298 16032110
1659630299 14627526
1659630300 14738214
1659630301 16474102
1659630302 14874914
1659630303 16622620
1659630304 14510874
1659630305 14149830
1659630306 16151942
1659630307 14866234
1659630308 16966744
1659630309 15179476
1659630310 14913926
1659630311 15020030
1659630312 16487710
1659630313 15934782
1659630314 14720690
1659630315 15826592
1659630316 14571656
1659630317 16063874
1659630318 15201560
1659630319 16258130
1659630320 15143090
1659630321 16086588
1659630322 15604278
1659630323 15650744
1659630324 15586184
1659630325 14902942
1659630326 16733350
1659630327 14350864
1659630328 16705440
1659630329 16536336
1659630330 15401666
1659630331 15194576
1659630332 17790942
1659630333 13496194
1659630334 14959372
1659630335 15108902
1659630336 16309462
1659630337 15705792
1659630338 15494246
1659630339 16267168
1659630340 13753286
1659630341 15628810
1659630342 16226536
1659630343 15185120
1659630344 15945978
1659630345 13696838
1659630346 15564620
1659630347 15533208
1659630348 15712114
1659630349 16332882
1659630350 15211452
1659630351 15674080
1659630352 15833764
1659630353 14307088
1659630354 16479574
1659630355 16254762
1659630356 17456660
1659630357 15631768
1659630358 14950468
1659630359 17289554
1659630360 15577234
1659630361 15293552
1659630362 14659018
1659630363 15946516
1659630364 15768006
1659630365 14614716
1659630366 16386474
1659630367 15126622
1659630368 15892630
1659630369 14806028
1659630370 16225730
1659630371 15686568
1659630372 15053076
1659630373 16001316
1659630374 15435220
1659630375 14810476
1659630376 15011402
1659630377 17185326
1659630378 14335902
1659630379 16445850
1659630380 13853106
1659630381 16094196
1659630382 14803482
1659630383 16643270
1659630384 15246256
1659630385 15490936
1659630386 17057474
1659630387 15125124
1659630388 18939128
1659630389 16352896
1659630390 14896838
1659630391 17545680
1659630392 16114134
1659630393 16252970
1659630394 17330056
1659630395 16047866
1659630396 15193532
1659630397 15977612
1659630398 16815368
1659630399 15448828
1659630400 13061596
1659630401 16082882
1659630402 15438248
1659630403 15967916
1659630404 16932914
1659630405 14905816
1659630406 15595504
1659630407 15298316
1659630408 16236906
1659630409 15830972
1659630410 15489060
1659630411 14484346
1659630412 16247486
1659630413 14916532
1659630414 15715386
1659630415 14288752
1659630416 18738142
1659630417 16442000
1659630418 15527002
1659630419 16154906
1659630420 14587876
1659630421 16681154
1659630422 16279722
1659630423 14642404
1659630424 16501128
1659630425 16287342
1659630426 14802290
1659630427 14040012
1659630428 17084304
1659630429 14364622
1659630430 15859298
1659630431 17024190
1659630432 14815182
1659630433 15919674
1659630434 15131146
1659630435 15660312
1659630436 16457640
1659630437 17076646
1659630438 15818760
1659630439 14999276
1659630440 16501924
1659630441 14460368
1659630442 16171124
1659630443 16953134
1659630444 16183976
1659630445 14735100
1659630446 16068592
1659630447 16184788
1659630448 17058210
1659630449 14993756
1659630450 14751308
1659630451 16635984
1659630452 15232844
1659630453 14893788
1659630454 15526204
1659630455 15338588
1659630456 16613396
1659630457 13432916
1659630458 15379378
1659630459 16101820
1659630460 14788284
1659630461 16340370
1659630462 15412906
1659630463 16004492
1659630464 16330192
1659630465 13762142
1659630466 17002088
1659630467 14378912
1659630468 16435978
1659630469 16243628
1659630470 14314384
1659630471 15781624
1659630472 15824674
1659630473 15824774
1659630474 15335104
1659630475 16860228
1659630476 16188734
1659630477 14505904
1659630478 17154918
1659630479 15366120
1659630480 14073996
1659630481 15327586
1659630482 16215816
1659630483 18439718
1659630484 16742276
1659630485 13329308
1659630486 14980938
1659630487 16085462
1659630488 14979198
1659630489 18213124
1659630490 15072532
1659630491 15143236
1659630492 16311026
1659630493 14260012
1659630494 17045110
1659630495 15375652
1659630496 15076638
1659630497 18981874
1659630498 16064798
1659630499 15647528
1659630500 17715058
1659630501 14862646
1659630502 16291240
1659630503 17194492
1659630504 15964190
1659630505 14910422
1659630506 16950376
1659630507 13831536
1659630508 17306702
1659630509 16454450
1659630510 14176330
1659630511 15773006
1659630512 14727880
1659630513 15741340
1659630514 16963644
1659630515 13974482
1659630516 15847992
1659630517 15271226
1659630518 16117662
1659630519 14655204
1659630520 16619360
1659630521 14224258
1659630522 16537846
1659630523 15593526
1659630524 15951128
1659630525 14688222
1659630526 15784618
1659630527 16693614
1659630528 15552444
1659630529 17034628
1659630530 15396408
1659630531 16208770
1659630532 14614150
1659630533 17039232
1659630534 15377540
1659630535 14642250
1659630536 15893248
1659630537 18459606
1659630538 14416364
1659630539 14762886
1659630540 15646688
1659630541 13876142
1659630542 18161340
1659630543 14708268
1659630544 16034430
1659630545 14335642
1659630546 15411910
1659630547 15567776
1659630548 15652740
1659630549 16967788
1659630550 13751018
1659630551 15253212
1659630552 17121382
1659630553 15090326
1659630554 15736330
1659630555 15814384
1659630556 15731164
1659630557 15320158
1659630558 16585846
1659630559 14902466
1659630560 15324130
1659630561 16397892
1659630562 15269776
1659630563 16478146
1659630564 16436906
1659630565 13762822
1659630566 17667650
1659630567 15626992
1659630568 15531860
1659630569 17227468
1659630570 14896078
1659630571 15222146
1659630572 15421356
1659630573 14669742
1659630574 16600250
1659630575 15999478
1659630576 16223562
1659630577 14787198
1659630578 16631664
1659630579 16976582
1659630580 15690316
1659630581 15734768
1659630582 16954192
1659630583 14563452
1659630584 15967552
1659630585 14024426
1659630586 17160378
1659630587 15015788
1659630588 15893956
1659630589 16211134
1659630590 13452654
1659630591 15589374
1659630592 16170050
1659630593 14988682
1659630594 15951004
1659630595 16044824
1659630596 19081384
1659630597 15616364
1659630598 14856774
1659630599 16776624
1659630600 14364400
1659630601 16928084
1659630602 16467522
1659630603 16846828
1659630604 14492892
1659630605 15154286
1659630606 17747448
1659630607 16272254
1659630608 17204960
1659630609 16557774
1659630610 16459114
1659630611 14650988
1659630612 16284828
1659630613 17883742
1659630614 18156040
1659630615 14827476
1659630616 15504366
1659630617 16436542
1659630618 15159462
1659630619 15380754
1659630620 14296292
1659630621 15022016
1659630622 15828140
1659630623 14807778
1659630624 16875702
1659630625 14078998
1659630626 16347154
1659630627 15372296
1659630628 15909748
1659630629 18436072
1659630630 14395296
1659630631 14674570
1659630632 17477594
1659630633 14629846
1659630634 15768004
1659630635 14965674
1659630636 15366988
1659630637 16853718
1659630638 15505378
1659630639 15830210
1659630640 14651938
1659630641 16921472
1659630642 15288226
1659630643 15793754
1659630644 16083766
1659630645 14775386
1659630646 16266822
1659630647 17159726
1659630648 16221802
1659630649 16334254
1659630650 14370012
1659630651 16206880
1659630652 14831090
1659630653 16340942
1659630654 14250296
1659630655 16709968
1659630656 15126640
1659630657 12604116
1659630658 1180


# events submitted
1659629455 1653242
1659629456 1605512
1659629457 4062532
1659629458 12031204
1659629459 17321936
1659629460 18373322
1659629461 17224200
1659629462 17615250
1659629463 17441726
1659629464 17812400
1659629465 18002186
1659629466 15912884
1659629467 17473740
1659629468 17690456
1659629469 16897956
1659629470 17374306
1659629471 15832728
1659629472 17711930
1659629473 17312200
1659629474 17846806
1659629475 17806864
1659629476 16499046
1659629477 17276666
1659629478 17646892
1659629479 17453104
1659629480 16809932
1659629481 15491246
1659629482 17624704
1659629483 17621754
1659629484 16760926
1659629485 17298152
1659629486 15940704
1659629487 17200494
1659629488 17867624
1659629489 17109738
1659629490 17800234
1659629491 16697306
1659629492 17540220
1659629493 17038066
1659629494 16622026
1659629495 15893200
1659629496 14121840
1659629497 14863220
1659629498 15763550
1659629499 15985102
1659629500 16120972
1659629501 14384916
1659629502 16039702
1659629503 15886586
1659629504 14740406
1659629505 16355634
1659629506 15207234
1659629507 16115262
1659629508 15590596
1659629509 15136354
1659629510 14894436
1659629511 11519846
1659629512 11302224
1659629513 6497368
1659629514 4276508
1659629515 3474058
1659629516 4407156
1659629517 4656694
1659629518 4001422
1659629519 3546856
1659629520 4440478
1659629521 3320964
1659629522 3607710
1659629523 3470250
1659629524 2150640
1659629525 240
1659629526 2017962
1659629527 2344012
1659629528 1091298
1659629529 1346380
1659629530 1826088
1659629531 1193242
1659629532 1090068
1659629533 1086788
1659629534 1645154
1659629535 539362
1659629536 1089542
1659629537 1288938
1659629538 1852794
1659629539 1223566
1659629540 1376900
1659629541 1196904
1659629542 1160160
1659629543 1724052
1659629544 1024344
1659629545 1153814
1659629546 1091848
1659629547 1090540
1659629548 110664
1659629549 1839378
1659629550 1353000
1659629551 1921828
1659629552 1092998
1659629553 56674
1659629554 2125662
1659629555 2182674
1659629556 16084
1659629557 2730490
1659629558 1620340
1659629559 1228440
1659629560 2046558
1659629561 752030
1659629562 2248714
1659629563 751754
1659629564 1705198
1659629565 1090032
1659629566 2180748
1659629567 1090780
1659629568 1469630
1659629569 1805592
1659629570 778678
1659629571 1972964
1659629572 1140184
1659629573 1565242
1659629574 1091598
1659629575 1940308
1659629576 243658
1659629577 1091162
1659629578 1677922
1659629579 1654762
1659629580 595742
1659629581 2249100
1659629582 431194
1659629583 905732
1659629584 1278058
1659629585 2113954
1659629586 230068
1659629587 2028202
1659629588 2047856
1659629589 627860
1659629590 1690338
1659629591 1131382
1659629592 1887162
1659629593 1348214
1659629594 1435086
1659629595 1639902
1659629596 1126850
1659629597 1255538
1659629598 1091960
1659629599 922390
1659629600 1262120
1659629601 1091264
1659629602 1091186
1659629603 1091934
1659629604 1351312
1659629605 832162
1659629606 1091844
1659629607 2060806
1659629608 1210690
1659629609 924348
1659629610 2350502
1659629611 372074
1659629612 2190038
1659629613 1294202
1659629614 2045872
1659629615 1092116
1659629616 1224392
1659629617 1790410
1659629618 1351934
1659629619 1767774
1659629620 1507274
1659629621 1091216
1659629622 1090716
1659629623 1869834
1659629624 1405910
1659629625 2002356
1659629626 1272580
1659629627 1092050
1659629628 1250040
1659629629 1966860
1659629630 1295362
1659629631 1555120
1659629632 1573610
1659629633 1091404
1659629634 1131534
1659629635 1528270
1659629636 615728
1659629637 1207746
1659629638 2534546
1659629639 625338
1659629640 1091252
1659629641 2090430
1659629642 1183926
1659629643 1091158
1659629644 1559298
1659629645 624230
1659629646 1091842
1659629647 2383520
1659629648 1515502
1659629649 1556982
1659629650 1091754
1659629651 1887254
1659629652 1388066
1659629653 1183028
1659629654 2091180
1659629656 2105040
1659629657 1169344
1659629658 1073978
1659629659 1484400
1659629660 846426
1659629661 1001092
1659629662 2145164
1659629663 565596
1659629664 1679820
1659629665 1029774
1659629666 1362052
1659629667 1911940
1659629668 49644
1659629669 1639706
1659629670 1967432
1659629671 1572558
1659629672 1826278
1659629673 1387834
1659629674 175002
1659629675 2984958
1659629676 1588996
1659629677 1734850
1659629678 1573024
1659629679 1738474
1659629680 1449874
1659629681 952994
1659629682 1989212
1659629683 1182932
1659629684 2092172
1659629685 1311272
1659629686 1332514
1659629687 1723412
1659629688 1546752
1659629689 1114952
1659629690 1719114
1659629691 1835904
1659629692 1273620
1659629693 2021114
1659629694 1115196
1659629695 1395204
1659629696 1920416
1659629697 354974
1659629698 1509528
1659629699 1665144
1659629700 1583970
1659629701 2301064
1659629702 484280
1659629703 1260516
1659629704 2505600
1659629705 1693088
1659629706 1091296
1659629707 1962922
1659629708 1316474
1659629709 1092542
1659629710 1542552
1659629711 1734458
1659629712 2029580
1659629713 524810
1659629714 1979970
1659629715 992920
1659629716 2065856
1659629717 1143432
1659629718 1740464
1659629719 1535790
1659629720 1145338
1659629721 2131426
1659629722 1243468
1659629723 1533840
1659629724 1591650
1659629725 1399740
1659629726 1384034
1659629727 1586468
1659629728 466998
1659629729 1717160
1659629730 2185752
1659629731 734352
1659629732 1795568
1659629733 1267622
1659629734 2267088
1659629735 1013080
1659629736 865308
1659629737 2663196
1659629738 1935142
1659629739 1510360
1659629740 1544070
1659629741 1312884
1659629742 2185042
1659629743 1091454
1659629744 1854014
1659629745 1167134
1659629746 1488938
1659629747 951614
1659629748 2392464
1659629749 1157882
1659629750 1909918
1659629751 1105894
1659629752 2170434
1659629753 1091754
1659629754 1091954
1659629755 38010
1659629756 1093162
1659629757 1769190
1659629758 2601372
1659629759 47152
1659629760 1092358
1659629761 1091764
1659629762 2183922
1659629763 588406
1659629764 1597184
1659629765 464442
1659629766 1718656
1659629767 1348974
1659629768 2599206
1659629769 1174588
1659629770 1670934
1659629771 1423580
1659629772 1135708
1659629773 1573008
1659629774 2186130
1659629775 1091460
1659629776 1441410
1659629777 1836012
1659629778 1092146
1659629779 1199512
1659629780 983872
1659629781 1604616
1659629782 1675844
1659629783 2004330
1659629784 1269166
1659629785 1503810
1659629786 704576
1659629787 1092292
1659629788 1599588
1659629789 1630154
1659629790 2543206
1659629791 1092228
1659629792 1087800
1659629793 1090912
1659629794 2054198
1659629795 2316222
1659629796 1092310
1659629797 1091800
1659629798 1436960
1659629799 1840080
1659629800 1091858
1659629801 1376098
1659629802 1901798
1659629803 1875980
1659629804 1400646
1659629805 1417682
1659629806 1821060
1659629807 1130602
1659629808 1091706
1659629809 2185884
1659629810 1365578
1659629811 1910344
1659629812 1017378
1659629813 1166244
1659629814 1091780
1659629815 1432840
1659629816 1573590
1659629817 282382
1659629818 1417148
1659629819 1847904
1659629820 1687120
1659629821 1064790
1659629822 1590680
1659629823 3197930
1659629824 344604
1659629825 1945208
1659629826 1093728
1659629827 1464162
1659629828 1812812
1659629829 1291876
1659629830 1983128
1659629831 1092158
1659629832 1157214
1659629833 2118644
1659629834 1699900
1659629835 1577272
1659629836 1379706
1659629837 881460
1659629838 2106480
1659629839 1092066
1659629840 2012828
1659629841 1264476
1659629842 1475580
1659629843 1798622
1659629845 110338
1659629846 1091018
1659629847 1446498
1659629848 1410848
1659629849 2167468
1659629850 1285530
1659629851 1552684
1659629852 632196
1659629853 611076
1659629854 1749112
1659629855 2033454
1659629856 1066110
1659629857 1092704
1659629858 1084178
1659629859 2193464
1659629860 1093268
1659629861 1562224
1659629862 621172
1659629863 1381166
1659629864 1895430
1659629865 1092300
1659629866 1409216
1659629867 1409394
1659629868 1394592
1659629869 1247070
1659629870 1116734
1659629871 2161002
1659629872 1092584
1659629873 1091616
1659629874 1091916
1659629875 1092356
1659629876 867608
1659629877 2007148
1659629878 407164
1659629879 1724520
1659629880 1330470
1659629881 1567062
1659629882 2545882
1659629883 502820
1659629884 1929214
1659629885 2437116
1659629886 1140014
1659629887 1263730
1659629888 1963418
1659629889 1262574
1659629890 2013326
1659629891 1093360
1659629892 2184582
1659629893 1091894
1659629894 1092180
1659629895 1551156
1659629896 1725300
1659629897 1197946
1659629898 1890084
1659629899 1278072
1659629900 1564592
1659629901 1708206
1659629902 1397604
1659629903 1879382
1659629904 1338438
1659629905 1706144
1659629906 231334
1659629907 1382504
1659629908 1903960
1659629909 1092510
1659629910 2061788
1659629911 1220446
1659629912 1599368
1659629913 930892
1659629914 2209780
1659629915 1781192
1659629916 1126724
1659629917 1431406
1659629918 1008048
1659629919 1928568
1659629920 1091148
1659629921 1166270
1659629922 2110716
1659629923 631810
1659629924 1557622
1659629925 1598430
1659629926 1579444
1659629927 1184442
1659629928 1406998
1659629929 1869346
1659629930 1234774
1659629931 2042310
1659629932 1092624
1659629933 2183970
1659629934 1092310
1659629935 1122918
1659629936 1091756
1659629937 1634168
1659629938 2416298
1659629939 325460
1659629940 2098636
1659629941 1176638
1659629942 2175484
1659629943 1464828
1659629944 1886994
1659629945 1866374
1659629946 1343642
1659629947 1659976
1659629948 1616544
1659629949 1560178
1659629950 1715256
1659629951 1265110
1659629952 1175552
1659629953 1762176
1659629954 1406584
1659629955 1940832
1659629956 1236394
1659629957 1122636
1659629958 1318142
1659629959 1879678
1659629960 1597460
1659629961 1678548
1659629962 1342150
1659629963 1932814
1659629964 508772
1659629965 1675136
1659629966 1101824
1659629967 1098092
1659629968 1092114
1659629969 2185256
1659629970 668
1659629971 2164390
1659629972 2202492
1659629973 854
1659629974 1359044
1659629975 1580720
1659629976 1381358
1659629977 1894116
1659629978 1092282
1659629979 1175902
1659629980 2099650
1659629981 1091482
1659629982 2018906
1659629983 1258222
1659629984 1557490
1659629985 1717236
1659629986 1352478
1659629987 1132724
1659629988 1883506
1659629989 1965388
1659629990 345094
1659629991 1190660
1659629992 1961120
1659629993 1311482
1659629994 1963992
1659629995 1092108
1659629996 2184362
1659629997 45946
1659629998 1604904
1659629999 1672068
1659630000 1093702
1659630001 2103602
1659630002 2263018
1659630003 694
1659630004 1093146
1659630005 2184566
1659630006 1696356
1659630007 2668072
1659630008 1092756
1659630009 2011800
1659630010 1263518
1659630011 1140422
1659630012 2134776
1659630013 1091722
1659630014 1666790
1659630015 1610488
1659630016 1959668
1659630017 1269344
1659630018 1523134
1659630019 1513030
1659630020 1382810
1659630021 1090662
1659630022 1660708
1659630023 1615416
1659630024 1091690
1659630025 1643422
1659630026 560266
1659630027 1129208
1659630028 1184638
1659630029 1826084
1659630030 1436354
1659630031 1128120
1659630032 1889166
1659630033 2443406
1659630034 1092788
1659630035 1893246
1659630036 1383444
1659630037 1213996
1659630038 2056604
1659630039 1966790
1659630040 1310862
1659630041 1091992
1659630042 1344942
1659630043 1553336
1659630044 1487474
1659630045 1476114
1659630046 1502384
1659630047 1269158
1659630048 1199242
1659630049 1223694
1659630050 1332794
1659630051 1812402
1659630052 1141520
1659630053 1267264
1659630054 1807214
1659630055 1243904
1659630056 2067492
1659630057 119538
1659630058 1865752
1659630059 2146432
1659630060 1451006
1659630061 1057522
1659630062 1779656
1659630063 797354
1659630064 1026280
1659630065 1901472
1659630066 1259490
1659630067 2532320
1659630068 1668078
1659630069 1092230
1659630070 1091928
1659630071 1348720
1659630072 1928122
1659630073 1389230
1659630074 1886554
1659630075 1092118
1659630076 1092452
1659630077 1092872
1659630078 1091764
1659630079 1092152
1659630080 1091972
1659630081 1092102
1659630082 1091986
1659630083 1347546
1659630084 1637524
1659630085 1656762
1659630086 917748
1659630087 2086700
1659630088 1093746
1659630089 1487912
1659630090 1485776
1659630091 2529076
1659630092 354608
1659630093 1794686
1659630094 2571296
1659630095 952
1659630096 1785416
1659630097 2347628
1659630098 1848336
1659630099 1661334
1659630100 1440284
1659630101 1638954
1659630102 1289082
1659630103 1096078
1659630104 2184092
1659630105 1091892
1659630106 2117780
1659630107 1161394
1659630108 1093170
1659630109 1434104
1659630110 1107422
1659630111 2083870
1659630112 1927530
1659630113 1132414
1659630114 1491598
1659630115 1745124
1659630116 1091916
1659630117 1158530
1659630118 1092516
1659630119 1818086
1659630120 1460596
1659630121 944944
1659630122 1598812
1659630123 1081770
1659630124 2195036
1659630125 1092580
1659630126 1016668
1659630127 2260344
1659630128 1002950
1659630129 1181366
1659630130 1231296
1659630131 1442072
1659630132 1842002
1659630133 1894876
1659630134 1004056
1659630135 1591540
1659630136 1922394
1659630137 1241310
1659630138 2028186
1659630139 1405662
1659630140 1873208
1659630141 1092226
1659630142 2131238
1659630143 1147318
1659630144 1633260
1659630145 1642140
1659630146 30508
1659630147 1865698
1659630148 2503358
1659630149 1092954
1659630150 339602
1659630151 2012970
1659630152 924644
1659630153 1092902
1659630154 1433316
1659630155 2937202
1659630156 1093512
1659630157 1447464
1659630158 1828634
1659630159 1211320
1659630160 2068124
1659630161 937098
1659630162 1358776
1659630163 2068974
1659630164 1340536
1659630165 1499348
1659630166 1528918
1659630167 1092744
1659630168 1180930
1659630169 2096280
1659630170 1476428
1659630171 1545294
1659630172 1358572
1659630173 2171160
1659630174 1091340
1659630175 1098470
1659630176 406918
1659630177 2225496
1659630178 2060926
1659630179 1861524
1659630181 1092064
1659630182 770
1659630183 2184796
1659630184 239232
1659630185 2857848
1659630186 1270532
1659630187 1168874
1659630188 2102740
1659630189 1091646
1659630190 1492422
1659630191 1785544
1659630192 1333760
1659630193 1533310
1659630194 1553750
1659630195 1427400
1659630196 1743250
1659630197 1149582
1659630198 1091768
1659630199 1367166
1659630200 817088
1659630201 2282034
1659630202 1582248
1659630203 1596152
1659630204 1092370
1659630205 1221082
1659630206 2053694
1659630207 1092010
1659630208 686
1659630209 1341336
1659630210 2308058
1659630211 1370732
1659630212 1909144
1659630213 1093158
1659630214 93306
1659630215 2090220
1659630216 2183932
1659630217 1992562
1659630218 1286834
1659630219 1171520
1659630220 1068470
1659630221 2385766
1659630222 1755344
1659630223 1264254
1659630224 1384024
1659630225 1891548
1659630226 1572048
1659630227 1704130
1659630228 1092138
1659630229 1093260
1659630230 1086480
1659630231 1110314
1659630232 1907738
1659630233 1349670
1659630234 1092638
1659630235 1063944
1659630236 1183406
1659630237 1601968
1659630238 1581994
1659630239 1994550
1659630240 189752
1659630241 1096478
1659630242 1914982
1659630243 2449008
1659630244 1392
1659630245 2185134
1659630246 1373362
1659630247 810224
1659630248 2184862
1659630249 2031390
1659630250 1245960
1659630251 1689420
1659630252 1585138
1659630253 1690634
1659630254 1309390
1659630255 1666382
1659630256 1343316
1659630257 1636374
1659630258 1167124
1659630259 2111354
1659630260 1091462
1659630261 2183872
1659630262 1091894
1659630263 2176828
1659630264 1098400
1659630265 2185640
1659630266 9274
1659630267 1503172
1659630268 2606380
1659630269 565834
1659630270 1880318
1659630271 1091804
1659630272 1093842
1659630273 2391802
1659630274 881502
1659630275 2184522
1659630276 1956894
1659630277 1320162
1659630278 1149172
1659630279 1649092
1659630280 1568734
1659630281 1376342
1659630282 808524
1659630283 1954614
1659630284 1319328
1659630285 1091402
1659630286 1092110
1659630287 1092126
1659630288 1538520
1659630289 646312
1659630290 1583682
1659630291 1693078
1659630292 1093794
1659630293 2102912
1659630294 1172822
1659630295 1096686
1659630296 918178
1659630297 1926580
1659630298 1548144
1659630299 2184088
1659630300 1092080
1659630301 883982
1659630302 1515486
1659630303 1970536
1659630304 2183286
1659630305 1385110
1659630306 1510928
1659630307 1572638
1659630308 1104504
1659630309 2067598
1659630310 1092330
1659630311 2084044
1659630312 1118850
1659630313 1161058
1659630314 2040418
1659630315 1236560
1659630316 2186370
1659630317 1093176
1659630318 1550726
1659630319 1721404
1659630320 1264138
1659630321 998034
1659630322 2148606
1659630323 1570226
1659630324 1666804
1659630325 1097250
1659630326 825068
1659630327 2451320
1659630328 1130052
1659630329 1093428
1659630330 587732
1659630331 2689578
1659630332 350652
1659630333 2592026
1659630334 1771812
1659630335 1843574
1659630336 1097342
1659630337 1497940
1659630338 1773554
1659630339 1095492
1659630340 1545970
1659630341 1729408
1659630342 1186178
1659630343 1813298
1659630344 1369178
1659630345 1758852
1659630346 1395008
1659630347 1344008
1659630348 1990208
1659630349 1159162
1659630350 1091834
1659630351 2002294
1659630352 1274688
1659630353 2183878
1659630354 1093270
1659630355 226472
1659630356 1092704
1659630357 1092562
1659630358 2249756
1659630359 1093288
1659630360 1173790
1659630361 2103696
1659630362 1781896
1659630363 1861340
1659630364 1189320
1659630365 1720942
1659630366 1343484
1659630367 1931004
1659630368 1157788
1659630369 2117176
1659630370 1092388
1659630371 1125298
1659630372 2150594
1659630373 1377694
1659630374 1897850
1659630375 1167162
1659630376 2108918
1659630377 1092160
1659630378 2184578
1659630379 1092022
1659630380 1948480
1659630381 769814
1659630382 2230888
1659630383 1398784
1659630384 1527580
1659630385 859898
1659630386 1091892
1659630387 1665036
1659630388 519176
1659630389 1094036
1659630390 1091450
1659630391 720528
1659630392 1247444
1659630393 1310780
1659630394 1022770
1659630395 1162608
1659630396 2183676
1659630397 1134470
1659630398 1084444
1659630399 1444260
1659630400 2933998
1659630401 1091358
1659630402 1492186
1659630403 1782986
1659630404 926454
1659630405 1257840
1659630406 1802354
1659630407 1581728
1659630408 1021380
1659630409 2146968
1659630410 1108520
1659630411 2168206
1659630412 1131012
1659630413 2142002
1659630414 1090038
1659630415 2167524
1659630416 17842
1659630417 1091816
1659630418 1798572
1659630419 1304890
1659630420 1622520
1659630421 978478
1659630422 1195154
1659630423 2211656
1659630424 960098
1659630425 1092512
1659630426 1814056
1659630427 2211658
1659630428 1434614
1659630429 2027270
1659630430 1248252
1659630431 1092418
1659630432 1639452
1659630433 1546632
1659630434 1715894
1659630435 1649358
1659630436 1093260
1659630437 1092022
1659630438 1118536
1659630439 1911378
1659630440 1339808
1659630441 1596488
1659630442 1680472
1659630443 1092126
1659630444 1091876
1659630445 1855514
1659630446 1419174
1659630447 1093138
1659630448 653486
1659630449 2253954
1659630450 1457354
1659630451 1092696
1659630452 1553066
1659630453 1787856
1659630454 2118984
1659630455 382580
1659630456 1088882
1659630457 1416130
1659630458 2954912
1659630459 1091942
1659630460 2187832
1659630461 1091554
1659630462 1597210
1659630463 1679272
1659630464 1092550
1659630465 2186506
1659630466 1093804
1659630467 2184010
1659630468 1092224
1659630469 1242026
1659630470 1791500
1659630471 1337294
1659630472 1769802
1659630473 1509432
1659630474 1703048
1659630475 481112
1659630476 1091854
1659630477 2212566
1659630478 1092520
1659630479 1465606
1659630480 1810672
1659630481 1601168
1659630482 1265966
1659630483 407090
1659630484 1091606
1659630485 2201852
1659630486 2167556
1659630487 1092416
1659630488 2184936
1659630489 187784
1659630490 1129672
1659630491 1957344
1659630492 1092600
1659630493 2184076
1659630494 1092432
1659630495 1185238
1659630496 2080114
1659630497 10914
1659630498 1455924
1659630499 1820712
1659630500 113064
1659630501 1759640
1659630502 1403176
1659630503 1093112
1659630504 1143680
1659630505 1334762
1659630506 797016
1659630507 2257712
1659630508 1017444
1659630509 1092496
1659630510 1642362
1659630511 1722376
1659630512 1992286
1659630513 1350368
1659630514 1091160
1659630515 1662590
1659630516 1614000
1659630517 2183636
1659630518 1092174
1659630519 2183054
1659630520 1092896
1659630521 2009832
1659630522 1205516
1659630523 1207426
1659630524 2128100
1659630525 1728288
1659630526 1549576
1659630527 1155780
1659630528 1658408
1659630529 891360
1659630530 1759104
1659630531 1092308
1659630532 2184012
1659630533 1092452
1659630534 1367956
1659630535 1698986
1659630536 1303696
1659630537 868
1659630538 1386346
1659630539 2983010
1659630540 287480
1659630541 2438052
1659630542 551254
1659630543 2182058
1659630544 1093558
1659630545 1785606
1659630546 1492160
1659630547 1480530
1659630548 1794932
1659630549 1092254
1659630550 1139060
1659630551 2137874
1659630552 1092316
1659630553 1421454
1659630554 1814458
1659630555 1131992
1659630556 1402516
1659630557 1874160
1659630558 1092138
1659630559 1702338
1659630560 1572726
1659630561 1239848
1659630562 2037680
1659630563 1091304
1659630564 1111592
1659630565 1550354
1659630566 639744
1659630567 1509954
1659630568 1755430
1659630569 598926
1659630570 1899632
1659630571 1873848
1659630572 1318432
1659630573 2474616
1659630574 869878
1659630575 1892674
1659630576 1091744
1659630577 1521746
1659630578 1757492
1659630579 593106
1659630580 877660
1659630581 1805494
1659630582 1116938
1659630583 2047274
1659630584 1204136
1659630585 2183996
1659630586 1092324
1659630587 1166870
1659630588 1288562
1659630589 1914290
1659630590 1569884
1659630591 1681824
1659630592 1434128
1659630593 1494562
1659630594 1465780
1659630595 1128932
1659630597 1354122
1659630598 2065724
1659630599 1264814
1659630600 1647632
1659630601 1630604
1659630602 967590
1659630603 1214930
1659630604 2183972
1659630605 1167904
1659630606 1016642
1659630607 1094472
1659630608 1092464
1659630609 1091994
1659630610 1092100
1659630611 1806252
1659630612 1468492
1659630613 391826
1659630614 703296
1659630615 1092174
1659630616 1950236
1659630617 1325160
1659630618 1459516
1659630619 1816532
1659630620 1248702
1659630621 2025996
1659630622 1112678
1659630623 1898106
1659630624 1358270
1659630625 2097588
1659630626 1119850
1659630627 1877222
1659630628 1396498
1659630629 6590
1659630630 1091218
1659630631 1221118
1659630632 1678074
1659630633 2042836
1659630634 1611046
1659630635 2080344
1659630636 1552052
1659630637 737580
1659630638 2184240
1659630639 1315056
1659630640 1919234
1659630641 1135648
1659630642 1639550
1659630643 1638946
1659630644 1297280
1659630645 1980572
1659630646 1093038
1659630647 868064
1659630648 1317366
1659630649 1328740
1659630650 1948584
1659630651 1092124
1659630652 1472894
1659630653 1804554
1659630654 1604004
1659630655 804880
1659630656 1395618
1659630657 991774
1659630658 264


# events lost
1659629510 844600
1659629511 4207480
1659629512 4310650
1659629513 11504428
1659629514 12308498
1659629515 13101336
1659629516 10128280
1659629517 14287934
1659629518 11330552
1659629519 12033856
1659629520 10909024
1659629521 12230426
1659629522 14611494
1659629523 10996690
1659629524 13141558
1659629525 18520844
1659629526 11716618
1659629527 12538886
1659629528 16165800
1659629529 14221410
1659629530 13206600
1659629531 15497056
1659629532 15365004
1659629533 16053230
1659629534 13858520
1659629535 17150352
1659629536 13611110
1659629537 15369246
1659629538 13725162
1659629539 15299764
1659629540 14962808
1659629541 13354934
1659629542 15266350
1659629543 14733454
1659629544 15844460
1659629545 15289794
1659629546 15060328
1659629547 16121386
1659629548 17981708
1659629549 14103352
1659629550 14491176
1659629551 13789146
1659629552 14947216
1659629553 17926820
1659629554 13727946
1659629555 12531078
1659629556 15911298
1659629557 11277344
1659629558 14171630
1659629559 15235092
1659629560 13254752
1659629561 14987646
1659629562 13461694
1659629563 16404178
1659629564 13748898
1659629565 15854276
1659629566 11893712
1659629567 15229744
1659629568 14455102
1659629569 13728250
1659629570 15550484
1659629571 12434316
1659629572 15158508
1659629573 14360098
1659629574 15911470
1659629575 12595146
1659629576 16740090
1659629577 15545416
1659629578 13478608
1659629579 14388268
1659629580 15882128
1659629581 12095048
1659629582 17842924
1659629583 15372182
1659629584 15856640
1659629585 12732188
1659629586 16154744
1659629587 13437202
1659629588 12890090
1659629589 15999020
1659629590 14400508
1659629591 14238766
1659629592 13821310
1659629593 14853094
1659629594 13758346
1659629595 13974326
1659629596 15437806
1659629597 15030114
1659629598 15986284
1659629599 15509316
1659629600 15803402
1659629601 13555268
1659629602 15936504
1659629603 15060746
1659629604 14976860
1659629605 16328240
1659629606 15566754
1659629607 12664230
1659629608 15718180
1659629609 15485364
1659629610 12245832
1659629611 15113588
1659629612 12536306
1659629613 14813852
1659629614 13250786
1659629615 15597276
1659629616 13638550
1659629617 13589204
1659629618 15303932
1659629619 12809150
1659629620 15155978
1659629621 15331122
1659629622 14965568
1659629623 14035510
1659629624 14723978
1659629625 12768728
1659629626 14536180
1659629627 15969792
1659629628 13826862
1659629629 14012884
1659629630 14451428
1659629631 13604444
1659629632 14585810
1659629633 15943596
1659629634 14976322
1659629635 13087810
1659629636 16944514
1659629637 14801166
1659629638 11730482
1659629639 16670310
1659629640 15513264
1659629641 12197670
1659629642 15486340
1659629643 15411934
1659629644 13635962
1659629645 16829036
1659629646 15248226
1659629647 11425814
1659629648 14709066
1659629649 14202378
1659629650 15433996
1659629651 13312974
1659629652 14667352
1659629653 14831184
1659629654 13570518
1659629655 17213618
1659629656 12501094
1659629657 15014316
1659629658 16088086
1659629659 13852092
1659629660 15885138
1659629661 15334466
1659629662 13322986
1659629663 16319244
1659629664 13958090
1659629665 14894432
1659629666 13917614
1659629667 13517044
1659629668 18218312
1659629669 13719980
1659629670 12228332
1659629671 14033562
1659629672 13393376
1659629673 15294262
1659629674 16394146
1659629675 11284302
1659629676 13915978
1659629677 13644976
1659629678 13758516
1659629679 14172034
1659629680 13815270
1659629681 15501916
1659629682 13178074
1659629683 15003308
1659629684 12972474
1659629685 13630776
1659629686 13998760
1659629687 15066210
1659629688 13275446
1659629689 14902438
1659629690 13141326
1659629691 13224632
1659629692 14881340
1659629693 13525778
1659629694 15107330
1659629695 13629470
1659629696 13955442
1659629697 16770008
1659629698 14494176
1659629699 14523982
1659629700 12814908
1659629701 12016724
1659629702 17906784
1659629703 15162174
1659629704 10979492
1659629705 13978886
1659629706 14668850
1659629707 14172786
1659629708 15090540
1659629709 15281672
1659629710 12514594
1659629711 15195116
1659629712 12815146
1659629713 16702448
1659629714 13493198
1659629715 14634450
1659629716 13653466
1659629717 15248470
1659629718 12667738
1659629719 14644968
1659629720 14348216
1659629721 13183446
1659629722 14255876
1659629723 13491096
1659629724 15699130
1659629725 13384244
1659629726 14874054
1659629727 14460652
1659629728 17137714
1659629729 13888654
1659629730 11909362
1659629731 16249048
1659629732 13939016
1659629733 14350866
1659629734 12625764
1659629735 15418028
1659629736 15436374
1659629737 11118088
1659629738 14259192
1659629739 13534446
1659629740 11717864
1659629741 15045542
1659629742 13192460
1659629743 14983312
1659629744 13777394
1659629745 13447816
1659629746 14154844
1659629747 14846856
1659629748 13322930
1659629749 14518102
1659629750 13583560
1659629751 15343172
1659629752 12522588
1659629753 15223250
1659629754 15934344
1659629755 16914220
1659629756 15347626
1659629757 13635408
1659629758 11530168
1659629759 17935410
1659629760 13723608
1659629761 15281930
1659629762 13280874
1659629763 15628002
1659629764 14317838
1659629765 16521996
1659629766 13934392
1659629767 14236198
1659629768 11803690
1659629769 15453442
1659629770 12892476
1659629771 15089198
1659629772 14832698
1659629773 15698704
1659629774 12405756
1659629775 14996930
1659629776 14101784
1659629777 13908772
1659629778 15926846
1659629779 14347094
1659629780 14245990
1659629781 13505592
1659629782 14123152
1659629783 12697556
1659629784 14616416
1659629785 13743218
1659629786 16471762
1659629787 15887964
1659629788 13017270
1659629789 14212526
1659629790 11257348
1659629791 15455076
1659629792 15171666
1659629793 15958108
1659629794 11944700
1659629795 11437040
1659629796 15087690
1659629797 15824194
1659629798 14133124
1659629799 13566534
1659629800 15482602
1659629801 13088238
1659629802 14427708
1659629803 13476748
1659629804 14557090
1659629805 13633252
1659629806 13703284
1659629807 15440130
1659629808 13781998
1659629809 13984196
1659629810 14508726
1659629811 13279816
1659629812 15203862
1659629813 15954622
1659629814 15245870
1659629815 13022298
1659629816 14142882
1659629817 17906904
1659629818 14209190
1659629819 13866494
1659629820 13122918
1659629821 14634104
1659629822 12772466
1659629823 11360206
1659629824 17623598
1659629825 12980038
1659629826 15872352
1659629827 13874204
1659629828 13640542
1659629829 15117380
1659629830 12733956
1659629831 15101408
1659629832 13474554
1659629833 14629998
1659629834 12998062
1659629835 12647586
1659629836 14295576
1659629837 16331620
1659629838 12878914
1659629839 15340254
1659629840 11891832
1659629841 14938848
1659629842 14596150
1659629843 13577726
1659629844 19075358
1659629845 17620260
1659629846 15040934
1659629847 13003058
1659629848 15611398
1659629849 12869614
1659629850 15013486
1659629851 13656254
1659629852 17204850
1659629853 16489806
1659629854 14015052
1659629855 12480806
1659629856 15448564
1659629857 15835616
1659629858 14426222
1659629859 12978772
1659629860 15307130
1659629861 12931768
1659629862 18450328
1659629863 13894548
1659629864 13500400
1659629865 15404638
1659629866 13417776
1659629867 14881258
1659629868 15920216
1659629869 15125792
1659629870 15120736
1659629871 12941602
1659629872 15508154
1659629873 15884772
1659629874 15277246
1659629875 15442616
1659629876 15918178
1659629877 12817554
1659629878 17409564
1659629879 13619636
1659629880 13419744
1659629881 15525106
1659629882 11138358
1659629883 17769896
1659629884 12812754
1659629885 11534002
1659629886 15307532
1659629887 14659406
1659629888 13031076
1659629889 15277136
1659629890 11493648
1659629891 15243230
1659629892 12384822
1659629893 15809870
1659629894 15089248
1659629895 13118466
1659629896 14660692
1659629897 14597910
1659629898 13925902
1659629899 14993716
1659629900 13566834
1659629901 13603472
1659629902 14699266
1659629903 13477166
1659629904 14057626
1659629905 11872894
1659629906 18355228
1659629907 14536520
1659629908 13415910
1659629909 15099474
1659629910 11617762
1659629911 15938042
1659629912 13012024
1659629913 16764178
1659629914 12467914
1659629915 13004260
1659629916 16092038
1659629917 13610988
1659629918 16089686
1659629919 13364266
1659629920 15143278
1659629921 15502858
1659629922 12820656
1659629923 15856548
1659629924 14355150
1659629925 12153884
1659629926 15090478
1659629927 15336326
1659629928 13951122
1659629929 13916160
1659629930 13949492
1659629931 12864932
1659629932 15532736
1659629933 12452464
1659629934 14853202
1659629935 13266604
1659629936 15871762
1659629937 12936186
1659629938 12381494
1659629939 17922344
1659629940 11967984
1659629941 14981790
1659629942 11890432
1659629943 13849676
1659629944 14258556
1659629945 10728874
1659629946 15756334
1659629947 13020348
1659629948 14296174
1659629949 13994366
1659629950 13478738
1659629951 14106152
1659629952 15705438
1659629953 13276228
1659629954 13904196
1659629955 12057412
1659629956 14546728
1659629957 15441398
1659629958 13814940
1659629959 14638976
1659629960 13103698
1659629961 13809162
1659629962 14730366
1659629963 13326346
1659629964 17221952
1659629965 13471316
1659629966 14778686
1659629967 16402586
1659629968 14470628
1659629969 13256422
1659629970 16367730
1659629971 12284536
1659629972 12867336
1659629973 18737630
1659629974 14580030
1659629975 14595626
1659629976 13928406
1659629977 14052920
1659629978 15214120
1659629979 15517652
1659629980 11665120
1659629981 15281468
1659629982 13027316
1659629983 15130320
1659629984 13701858
1659629985 12523776
1659629986 14942384
1659629987 14121700
1659629988 14287658
1659629989 13400760
1659629990 14921108
1659629991 15731442
1659629992 14227054
1659629993 14249620
1659629994 13314904
1659629995 15285760
1659629996 12538678
1659629997 18620908
1659629998 13294672
1659629999 14206764
1659630000 15422862
1659630001 11692438
1659630002 13046870
1659630003 18386838
1659630004 14135664
1659630005 14211280
1659630006 12830706
1659630007 11633508
1659630008 14976698
1659630009 13182198
1659630010 14434214
1659630011 14807362
1659630012 12787300
1659630013 15675508
1659630014 12773286
1659630015 13684286
1659630016 13215960
1659630017 14718502
1659630018 13579118
1659630019 14137008
1659630020 14068226
1659630021 15902226
1659630022 14247274
1659630023 14178086
1659630024 15250162
1659630025 12234810
1659630026 15784722
1659630027 16740600
1659630028 14830810
1659630029 13428802
1659630030 14409072
1659630031 13713438
1659630032 14965370
1659630033 11983860
1659630034 14907612
1659630035 11580298
1659630036 15411246
1659630037 13305012
1659630038 13443524
1659630039 12606942
1659630040 15014490
1659630041 15149822
1659630042 15016454
1659630043 13574580
1659630044 14643350
1659630045 12934214
1659630046 13991728
1659630047 15023332
1659630048 15911068
1659630049 14202992
1659630050 13498760
1659630051 13514176
1659630052 14581496
1659630053 15515508
1659630054 13456622
1659630055 14604268
1659630056 12562064
1659630057 18437922
1659630058 12572286
1659630059 13454168
1659630060 14455754
1659630061 15516180
1659630062 13003024
1659630063 15813768
1659630064 15816458
1659630065 12785394
1659630066 14308414
1659630067 11307896
1659630068 14996012
1659630069 15000788
1659630070 15383828
1659630071 13969848
1659630072 13106958
1659630073 15029154
1659630074 13320684
1659630075 15039638
1659630076 16064390
1659630077 15254172
1659630078 16016884
1659630079 15280844
1659630080 15473722
1659630081 15345876
1659630082 15967486
1659630083 14169614
1659630084 14539510
1659630085 13008364
1659630086 14620876
1659630087 13547732
1659630088 15946522
1659630089 14117088
1659630090 13704002
1659630091 11262508
1659630092 17714916
1659630093 12478264
1659630094 12313244
1659630095 15962532
1659630096 13731878
1659630097 12075066
1659630098 12714968
1659630099 13952886
1659630100 13717122
1659630101 13823308
1659630102 15212560
1659630103 15915954
1659630104 12168416
1659630105 14406994
1659630106 13004590
1659630107 15108402
1659630108 15556242
1659630109 14018398
1659630110 13491148
1659630111 12996692
1659630112 14013582
1659630113 14814464
1659630114 14494070
1659630115 12908908
1659630116 15385404
1659630117 15616816
1659630118 15457330
1659630119 13671138
1659630120 13764436
1659630121 15512146
1659630122 14520650
1659630123 14603876
1659630124 12912040
1659630125 14915520
1659630126 15097768
1659630127 13295440
1659630128 15302108
1659630129 15706426
1659630130 12013010
1659630131 14492112
1659630132 14172992
1659630133 13481714
1659630134 14838496
1659630135 12941768
1659630136 13190358
1659630137 14862278
1659630138 12618868
1659630139 14957590
1659630140 12738564
1659630141 15170872
1659630142 12362148
1659630143 15569148
1659630144 13503502
1659630145 13431420
1659630146 18323952
1659630147 12194210
1659630148 12531056
1659630149 15798806
1659630150 15221054
1659630151 12654650
1659630152 15763854
1659630153 16140582
1659630154 13013390
1659630155 11851564
1659630156 16088042
1659630157 13583000
1659630158 13613566
1659630159 14777444
1659630160 12795956
1659630161 15086212
1659630162 13075096
1659630163 14354242
1659630164 13831584
1659630165 13008914
1659630166 14217508
1659630167 15383642
1659630168 14561474
1659630169 13424044
1659630170 13414382
1659630171 13830276
1659630172 15176270
1659630173 12508622
1659630174 15115184
1659630175 14967848
1659630176 16023180
1659630177 13553934
1659630178 12238406
1659630179 14113066
1659630180 17592972
1659630181 15813066
1659630182 18442352
1659630183 12126876
1659630184 17103026
1659630185 11188226
1659630186 14907394
1659630187 15180512
1659630188 12929008
1659630189 14987234
1659630190 12596838
1659630191 15397352
1659630192 13735650
1659630193 14807470
1659630194 13924060
1659630195 12187064
1659630196 14050940
1659630197 15515960
1659630198 14896062
1659630199 14395536
1659630200 13432332
1659630201 12904148
1659630202 14328178
1659630203 14092250
1659630204 15113614
1659630205 14473110
1659630206 12715470
1659630207 15072716
1659630208 18512966
1659630209 14817228
1659630210 12172982
1659630211 14027934
1659630212 13357930
1659630213 15651032
1659630214 17658872
1659630215 12682182
1659630216 12498836
1659630217 12311166
1659630218 15569942
1659630219 13421866
1659630220 14478300
1659630221 13666216
1659630222 13533244
1659630223 14890674
1659630224 14647212
1659630225 12911024
1659630226 13395914
1659630227 14094628
1659630228 15822432
1659630229 15235122
1659630230 15237430
1659630231 14800788
1659630232 13764610
1659630233 14705280
1659630234 15360970
1659630235 15504036
1659630236 14576094
1659630237 13724156
1659630238 14703450
1659630239 12645496
1659630240 16687372
1659630241 14898298
1659630242 12704548
1659630243 13094904
1659630244 17881986
1659630245 12075292
1659630246 13557220
1659630247 17032708
1659630248 12191468
1659630249 12844782
1659630250 14673770
1659630251 13331192
1659630252 14655096
1659630253 13370012
1659630254 15401624
1659630255 12812846
1659630256 14261250
1659630257 13628206
1659630258 15087222
1659630259 13442664
1659630260 13833496
1659630261 12438100
1659630262 14656312
1659630263 12235072
1659630264 15221958
1659630265 12414884
1659630266 17852796
1659630267 14400400
1659630268 11390950
1659630269 16218624
1659630270 11789588
1659630271 15613262
1659630272 14670622
1659630273 11385982
1659630274 16692482
1659630275 11892676
1659630276 12251406
1659630277 15223006
1659630278 14344604
1659630279 15410722
1659630280 13043102
1659630281 14682572
1659630282 16796184
1659630283 12506004
1659630284 14881218
1659630285 14250096
1659630286 15240316
1659630287 15861816
1659630288 13485520
1659630289 15728896
1659630290 12237630
1659630291 15655172
1659630292 15956890
1659630293 12251196
1659630294 15333528
1659630295 14593904
1659630296 15703364
1659630297 12994766
1659630298 14362980
1659630299 12404092
1659630300 13553660
1659630301 15497656
1659630302 13308094
1659630303 14598556
1659630304 12291016
1659630305 12699520
1659630306 14572442
1659630307 13251674
1659630308 15753514
1659630309 13065710
1659630310 13738194
1659630311 12929468
1659630312 15321368
1659630313 14733290
1659630314 12660342
1659630315 14535048
1659630316 12373276
1659630317 14904896
1659630318 13607714
1659630319 14505052
1659630320 13831320
1659630321 14998984
1659630322 13442856
1659630323 14037966
1659630324 13865824
1659630325 13757100
1659630326 15810876
1659630327 11881916
1659630328 15509018
1659630329 15379376
1659630330 14764904
1659630331 12486246
1659630332 17325100
1659630333 10899798
1659630334 13166826
1659630335 13229498
1659630336 15107250
1659630337 14137934
1659630338 13664096
1659630339 15091218
1659630340 12173332
1659630341 13854434
1659630342 14984574
1659630343 13315094
1659630344 14532032
1659630345 11910790
1659630346 14115872
1659630347 14156616
1659630348 13686292
1659630349 15116956
1659630350 14073860
1659630351 13626404
1659630352 14512652
1659630353 12104188
1659630354 15301470
1659630355 15932294
1659630356 16275584
1659630357 14479662
1659630358 12658288
1659630359 16118940
1659630360 14324718
1659630361 13147624
1659630362 12851362
1659630363 14036046
1659630364 14530308
1659630365 12860156
1659630366 14991126
1659630367 13163382
1659630368 14683580
1659630369 12661310
1659630370 15068394
1659630371 14518014
1659630372 12878050
1659630373 14574990
1659630374 13498602
1659630375 13585874
1659630376 12859170
1659630377 16027076
1659630378 12130972
1659630379 15257270
1659630380 11884904
1659630381 15242760
1659630382 12567472
1659630383 15157068
1659630384 13661558
1659630385 14538678
1659630386 15858696
1659630387 13423484
1659630388 18261712
1659630389 15186042
1659630390 13767160
1659630391 16742334
1659630392 14790528
1659630393 14895312
1659630394 16218732
1659630395 14792388
1659630396 12978528
1659630397 14773772
1659630398 15659392
1659630399 13961408
1659630400 10124322
1659630401 14917888
1659630402 13884454
1659630403 14137278
1659630404 15917922
1659630405 13611816
1659630406 13766584
1659630407 13677828
1659630408 15146794
1659630409 13656640
1659630410 14332768
1659630411 12299044
1659630412 15064246
1659630413 12745072
1659630414 14578372
1659630415 12112912
1659630416 18620584
1659630417 15277768
1659630418 13697398
1659630419 14791958
1659630420 12922104
1659630421 15610606
1659630422 15038124
1659630423 12389128
1659630424 15469560
1659630425 15104722
1659630426 12966984
1659630427 11817278
1659630428 15565834
1659630429 12309312
1659630430 14542178
1659630431 15850106
1659630432 13127620
1659630433 14322050
1659630434 13360496
1659630435 13932968
1659630436 15282738
1659630437 15924144
1659630438 14656278
1659630439 13066074
1659630440 15108590
1659630441 12831376
1659630442 14441588
1659630443 15793472
1659630444 15026120
1659630445 12843412
1659630446 14595060
1659630447 15050700
1659630448 16335002
1659630449 12691590
1659630450 13248106
1659630451 15483060
1659630452 13642678
1659630453 13080412
1659630454 13379680
1659630455 14860138
1659630456 15459554
1659630457 11996238
1659630458 12415802
1659630459 14941024
1659630460 12580494
1659630461 15142738
1659630462 13741176
1659630463 14261406
1659630464 15175220
1659630465 11564564
1659630466 15809310
1659630467 12171088
1659630468 15259498
1659630469 14964970
1659630470 12498864
1659630471 14406250
1659630472 13994548
1659630473 14266246
1659630474 13590578
1659630475 16270070
1659630476 15035554
1659630477 12243354
1659630478 15966272
1659630479 13852420
1659630480 12219650
1659630481 13666224
1659630482 14887298
1659630483 17931934
1659630484 15577778
1659630485 11103138
1659630486 12786454
1659630487 14914712
1659630488 12778684
1659630489 17926412
1659630490 13881496
1659630491 13148528
1659630492 15123614
1659630493 12047006
1659630494 15881648
1659630495 14132730
1659630496 12959636
1659630497 18842620
1659630498 14549468
1659630499 13783652
1659630500 17505414
1659630501 13049822
1659630502 14798574
1659630503 16033424
1659630504 14764556
1659630505 13519918
1659630506 16072318
1659630507 11556158
1659630508 16197454
1659630509 15278982
1659630510 12495914
1659630511 14027538
1659630512 12709988
1659630513 14334904
1659630514 15789392
1659630515 12272824
1659630516 14193122
1659630517 13057676
1659630518 14964300
1659630519 12445328
1659630520 15411532
1659630521 12194234
1659630522 15277542
1659630523 14338222
1659630524 13777828
1659630525 12914334
1659630526 14189840
1659630527 15465522
1659630528 13838838
1659630529 16074278
1659630530 13595776
1659630531 15052798
1659630532 12403568
1659630533 15876148
1659630534 13952748
1659630535 12909070
1659630536 14552246
1659630537 18302958
1659630538 13008554
1659630539 11751278
1659630540 15236142
1659630541 11419830
1659630542 17492142
1659630543 12495014
1659630544 14870752
1659630545 12513664
1659630546 13875522
1659630547 14036910
1659630548 13798080
1659630549 15825576
1659630550 12572760
1659630551 13079582
1659630552 15970304
1659630553 13628492
1659630554 13884054
1659630555 14630026
1659630556 14272816
1659630557 13403500
1659630558 15418128
1659630559 13174904
1659630560 13705042
1659630561 15108412
1659630562 13192442
1659630563 15307392
1659630564 15258004
1659630565 12196250
1659630566 16883858
1659630567 14052190
1659630568 13712866
1659630569 16517846
1659630570 12956278
1659630571 13310928
1659630572 14036476
1659630573 12183430
1659630574 15652484
1659630575 14061012
1659630576 15035220
1659630577 13227666
1659630578 14800942
1659630579 16302396
1659630580 14732964
1659630581 13885634
1659630582 15740768
1659630583 12480822
1659630584 14710302
1659630585 11826010
1659630586 15981856
1659630587 13803638
1659630588 14565682
1659630589 14257902
1659630590 11856502
1659630591 13873584
1659630592 14683486
1659630593 13444184
1659630594 14452190
1659630595 14839030
1659630596 18915148
1659630597 14210340
1659630598 12738338
1659630599 15429858
1659630600 12679486
1659630601 15203976
1659630602 15412008
1659630603 15527780
1659630604 12290096
1659630605 13931886
1659630606 16642176
1659630607 15119924
1659630608 16013160
1659630609 15383468
1659630610 15254358
1659630611 12823378
1659630612 14749674
1659630613 17394548
1659630614 17362360
1659630615 13639928
1659630616 13513922
1659630617 15032382
1659630618 13656654
1659630619 13517118
1659630620 13012356
1659630621 12962080
1659630622 14660994
1659630623 12872052
1659630624 15453474
1659630625 11953034
1659630626 15169682
1659630627 13446772
1659630628 14451412
1659630629 18325386
1659630630 13224876
1659630631 13421774
1659630632 15750880
1659630633 12563756
1659630634 14081802
1659630635 12811124
1659630636 13760250
1659630637 16027368
1659630638 13285602
1659630639 14446462
1659630640 12701772
1659630641 15693718
1659630642 13605430
1659630643 14111718
1659630644 14735302
1659630645 12758404
1659630646 15086760
1659630647 16224538
1659630648 14848916
1659630649 14943178
1659630650 12389080
1659630651 15052060
1659630652 13328180
1659630653 14488946
1659630654 12608372
1659630655 15786778
1659630656 13680654
1659630657 11555662
1659630658 916
