# events called
1659733797 1647962
1659733798 1481512
1659733799 3945894
1659733800 11651314
1659733801 13812704
1659733802 13370634
1659733803 12770344
1659733804 13133882
1659733805 13025772
1659733806 12676702
1659733807 12993036
1659733808 12073124
1659733809 12824100
1659733810 12555114
1659733811 12639176
1659733812 13098492
1659733813 11961496
1659733814 12878182
1659733815 12830660
1659733816 12677274
1659733817 12831202
1659733818 11984774
1659733819 12739986
1659733820 12583530
1659733821 12535030
1659733822 12606240
1659733823 12307520
1659733824 12810512
1659733825 12627026
1659733826 12613732
1659733827 12371300
1659733828 12326868
1659733829 12473268
1659733830 12494654
1659733831 12526972
1659733832 12036844
1659733833 11899336
1659733834 12832018
1659733835 12802134
1659733836 12522866
1659733837 12138442
1659733838 11737570
1659733839 12689384
1659733840 12597852
1659733841 12534608
1659733842 12645870
1659733843 12217458
1659733844 12656476
1659733845 12314318
1659733846 12217852
1659733847 12772090
1659733848 11586504
1659733849 12712976
1659733850 12397696
1659733851 12272534
1659733852 12341316
1659733853 11755868
1659733854 12550298
1659733855 12341984
1659733856 12588778
1659733857 12529236
1659733858 11619044
1659733859 12800744
1659733860 12824278
1659733861 12592528
1659733862 12602758
1659733863 11580508
1659733864 12810202
1659733865 12963720
1659733866 12546392
1659733867 12498632
1659733868 10918276
1659733869 12193452
1659733870 12474812
1659733871 12678870
1659733872 12753986
1659733873 11943994
1659733874 12982380
1659733875 12757122
1659733876 12460986
1659733877 12873898
1659733878 12247256
1659733879 12922544
1659733880 12935522
1659733881 12416558
1659733882 12581786
1659733883 12308720
1659733884 12869050
1659733885 12698666
1659733886 12823578
1659733887 12830006
1659733888 11674778
1659733889 12592154
1659733890 13067248
1659733891 13112506
1659733892 13005580
1659733893 12204258
1659733894 12350726
1659733895 13105228
1659733896 13176716
1659733897 12606982
1659733898 11786072
1659733899 12788506
1659733900 12808882
1659733901 12909636
1659733902 13275774
1659733903 12251608
1659733904 12454222
1659733905 12947490
1659733906 13080168
1659733907 13168462
1659733908 11982692
1659733909 12531374
1659733910 12944016
1659733911 12899282
1659733912 13159650
1659733913 12237490
1659733914 12415164
1659733915 13226720
1659733916 12884062
1659733917 13029648
1659733918 12090740
1659733919 12502990
1659733920 12811202
1659733921 12730798
1659733922 13073468
1659733923 11598586
1659733924 12519584
1659733925 12963142
1659733926 13179388
1659733927 12859208
1659733928 12421812
1659733929 12294516
1659733930 12840900
1659733931 12623348
1659733932 13265472
1659733933 11611676
1659733934 12474504
1659733935 12619976
1659733936 12677750
1659733937 13152634
1659733938 12027416
1659733939 12855324
1659733940 12672526
1659733941 12741790
1659733942 12880998
1659733943 12047874
1659733944 12317824
1659733945 12837406
1659733946 12741640
1659733947 13035110
1659733948 12102730
1659733949 12554988
1659733950 12584230
1659733951 12799132
1659733952 12843182
1659733953 11979846
1659733954 12708034
1659733955 13077814
1659733956 12930706
1659733957 12783108
1659733958 12649902
1659733959 12672092
1659733960 12984848
1659733961 12743572
1659733962 12915778
1659733963 12139156
1659733964 12591346
1659733965 13198866
1659733966 12815012
1659733967 12979102
1659733968 12212704
1659733969 12599338
1659733970 13129172
1659733971 13357722
1659733972 13046270
1659733973 12184088
1659733974 12475246
1659733975 13024082
1659733976 12702422
1659733977 12513478
1659733978 11810364
1659733979 12601872
1659733980 13150868
1659733981 13050148
1659733982 12988120
1659733983 12268326
1659733984 12828216
1659733985 12868142
1659733986 13435886
1659733987 12124992
1659733988 12804300
1659733989 13195526
1659733990 12621080
1659733991 12741298
1659733992 11892950
1659733993 12622190
1659733994 12495584
1659733995 13183282
1659733996 13088838
1659733997 12505130
1659733998 13268250
1659733999 12761802
1659734000 12746552
1659734001 13091018
1659734002 12159058
1659734003 13172884
1659734004 12572502
1659734005 12504974
1659734006 12824258
1659734007 12055458
1659734008 12742268
1659734009 12678288
1659734010 12670394
1659734011 12755326
1659734012 12672226
1659734013 13000076
1659734014 13260532
1659734015 12585170
1659734016 13136534
1659734017 12616470
1659734018 13330076
1659734019 12732204
1659734020 12469002
1659734021 12666116
1659734022 12514578
1659734023 12957210
1659734024 12625208
1659734025 12772386
1659734026 13136776
1659734027 12020182
1659734028 12764986
1659734029 13240904
1659734030 12833422
1659734031 12598962
1659734032 12215818
1659734033 13056174
1659734034 13064706
1659734035 12568198
1659734036 12785732
1659734037 12500878
1659734038 13012178
1659734039 13077452
1659734040 12825536
1659734041 12902982
1659734042 12546228
1659734043 12979246
1659734044 12737472
1659734045 12853764
1659734046 13450286
1659734047 12520464
1659734048 12835856
1659734049 13039762
1659734050 12629692
1659734051 13145076
1659734052 11905926
1659734053 12449074
1659734054 12607862
1659734055 12890950
1659734056 12952402
1659734057 12366446
1659734058 13224174
1659734059 12719508
1659734060 13137350
1659734061 12799338
1659734062 12154386
1659734063 12914200
1659734064 13306622
1659734065 12488474
1659734066 12967144
1659734067 11903514
1659734068 12098752
1659734069 12897470
1659734070 12913764
1659734071 13097960
1659734072 12577332
1659734073 13120572
1659734074 12825384
1659734075 12720710
1659734076 12613090
1659734077 12142402
1659734078 13162530
1659734079 12562416
1659734080 13239068
1659734081 13024960
1659734082 12468514
1659734083 12870902
1659734084 12414374
1659734085 13078038
1659734086 12969966
1659734087 12350508
1659734088 12935972
1659734089 12882454
1659734090 13159706
1659734091 12967422
1659734092 12633454
1659734093 13040648
1659734094 12746964
1659734095 13086734
1659734096 13214368
1659734097 12524600
1659734098 13118428
1659734099 12683218
1659734100 13091562
1659734101 12886044
1659734102 12603848
1659734103 12591966
1659734104 13083210
1659734105 13066448
1659734106 12832508
1659734107 12556074
1659734108 12814452
1659734109 12899246
1659734110 12837496
1659734111 13376834
1659734112 12691272
1659734113 13113014
1659734114 12828556
1659734115 12813848
1659734116 13067740
1659734117 12617382
1659734118 12979324
1659734119 12738110
1659734120 13051890
1659734121 13116124
1659734122 12508794
1659734123 13031510
1659734124 12816520
1659734125 13271424
1659734126 13056690
1659734127 12064984
1659734128 12950780
1659734129 12932018
1659734130 12722992
1659734131 13103060
1659734132 12426866
1659734133 12889618
1659734134 13159094
1659734135 12854600
1659734136 13248146
1659734137 12180050
1659734138 13019348
1659734139 12981582
1659734140 12604194
1659734141 12778082
1659734142 12402332
1659734143 13056542
1659734144 12925170
1659734145 12835372
1659734146 13189836
1659734147 12557180
1659734148 12906732
1659734149 12832810
1659734150 12438080
1659734151 12934760
1659734152 12330890
1659734153 13052124
1659734154 13186018
1659734155 12978002
1659734156 13237556
1659734157 12266654
1659734158 13113046
1659734159 12822272
1659734160 12981984
1659734161 11988684
1659734162 11878040
1659734163 12867554
1659734164 12936222
1659734165 12863910
1659734166 13079190
1659734167 11796100
1659734168 13107682
1659734169 12804928
1659734170 13143394
1659734171 12940632
1659734172 11796718
1659734173 12911806
1659734174 12933190
1659734175 13216656
1659734176 12882166
1659734177 11608890
1659734178 12810866
1659734179 12751754
1659734180 12803512
1659734181 12918280
1659734182 11604378
1659734183 12589486
1659734184 12928654
1659734185 12612452
1659734186 13357634
1659734187 12216852
1659734188 12698864
1659734189 13146992
1659734190 12830136
1659734191 13222016
1659734192 11769648
1659734193 12505016
1659734194 12950074
1659734195 13031024
1659734196 12908272
1659734197 12192702
1659734198 12907794
1659734199 12772160
1659734200 13341426
1659734201 13234882
1659734202 12288848
1659734203 11816572
1659734204 12736750
1659734205 12689624
1659734206 13053838
1659734207 12664370
1659734208 12947832
1659734209 13090372
1659734210 12730298
1659734211 13341816
1659734212 12394116
1659734213 12838170
1659734214 12987928
1659734215 12979052
1659734216 13161388
1659734217 12070266
1659734218 12782358
1659734219 12863718
1659734220 12188910
1659734221 12919770
1659734222 12792888
1659734223 12574938
1659734224 12932926
1659734225 12483826
1659734226 12973164
1659734227 13008076
1659734228 12649936
1659734229 12575010
1659734230 11831984
1659734231 13128814
1659734232 12559568
1659734233 13169714
1659734234 13042256
1659734235 11290884
1659734236 12905798
1659734237 13157094
1659734238 13287598
1659734239 12534554
1659734240 11514344
1659734241 13066486
1659734242 13143134
1659734243 13294970
1659734244 12980088
1659734245 12332286
1659734246 13084338
1659734247 13321982
1659734248 13052374
1659734249 13193558
1659734250 12456248
1659734251 13413964
1659734252 13279494
1659734253 13380066
1659734254 13121172
1659734255 12294584
1659734256 12731306
1659734257 12432220
1659734258 12850028
1659734259 13094672
1659734260 12189594
1659734261 13175380
1659734262 13068768
1659734263 13173836
1659734264 13047000
1659734265 12034476
1659734266 13053296
1659734267 13052542
1659734268 12793966
1659734269 13184896
1659734270 11453840
1659734271 13189214
1659734272 12829246
1659734273 12853968
1659734274 12942078
1659734275 12492320
1659734276 12845784
1659734277 12948178
1659734278 13112870
1659734279 12881470
1659734280 12047512
1659734281 13125140
1659734282 12761922
1659734283 12896990
1659734284 13072068
1659734285 12233084
1659734286 12906602
1659734287 12844280
1659734288 12790636
1659734289 12711502
1659734290 11693410
1659734291 12615248
1659734292 12818392
1659734293 12536562
1659734294 12965986
1659734295 12453344
1659734296 12813746
1659734297 13024644
1659734298 13322756
1659734299 13057636
1659734300 11854822
1659734301 12462850
1659734302 12731812
1659734303 13096298
1659734304 12822912
1659734305 11613090
1659734306 12952996
1659734307 13005124
1659734308 12681420
1659734309 12945944
1659734310 12384418
1659734311 12869812
1659734312 12919396
1659734313 13020734
1659734314 13034390
1659734315 12182338
1659734316 12560228
1659734317 12920774
1659734318 12883366
1659734319 12597106
1659734320 11678354
1659734321 12307306
1659734322 13036100
1659734323 12948320
1659734324 12886246
1659734325 12235712
1659734326 12601214
1659734327 12887594
1659734328 12834028
1659734329 12972638
1659734330 11991350
1659734331 11881150
1659734332 12536058
1659734333 12925020
1659734334 12846174
1659734335 12249812
1659734336 13116306
1659734337 12814196
1659734338 13010586
1659734339 12965808
1659734340 12100842
1659734341 12812820
1659734342 13439944
1659734343 12778526
1659734344 12911870
1659734345 12331892
1659734346 12714640
1659734347 13168572
1659734348 13148412
1659734349 13299656
1659734350 11980172
1659734351 12697950
1659734352 12002038
1659734353 13160514
1659734354 13190538
1659734355 12692380
1659734356 13314246
1659734357 12704138
1659734358 13000660
1659734359 12982226
1659734360 12397486
1659734361 12880500
1659734362 12642750
1659734363 13170578
1659734364 12744684
1659734365 12234574
1659734366 12690576
1659734367 12337320
1659734368 12780982
1659734369 13004562
1659734370 12454332
1659734371 12750344
1659734372 12213232
1659734373 13260756
1659734374 13223108
1659734375 12035020
1659734376 12905080
1659734377 13313914
1659734378 12523324
1659734379 13029554
1659734380 12563890
1659734381 12732064
1659734382 12744346
1659734383 12560192
1659734384 13104122
1659734385 12644804
1659734386 13085762
1659734387 12719536
1659734388 12750382
1659734389 12690972
1659734390 12539894
1659734391 12978260
1659734392 13021300
1659734393 12343508
1659734394 12624762
1659734395 12213342
1659734396 13095910
1659734397 12710872
1659734398 12705798
1659734399 12711986
1659734400 12663464
1659734401 12531566
1659734402 13133164
1659734403 12600944
1659734404 12729770
1659734405 12629140
1659734406 13242802
1659734407 12782334
1659734408 12741650
1659734409 13077146
1659734410 12581972
1659734411 13314444
1659734412 12558884
1659734413 12096748
1659734414 12934124
1659734415 12397084
1659734416 12925638
1659734417 12889424
1659734418 12815262
1659734419 12785168
1659734420 12166872
1659734421 12676348
1659734422 12441856
1659734423 12661132
1659734424 12837742
1659734425 12234174
1659734426 12937088
1659734427 12743042
1659734428 13025142
1659734429 13125186
1659734430 12194742
1659734431 12951166
1659734432 12621084
1659734433 12732762
1659734434 12566658
1659734435 12666990
1659734436 12971090
1659734437 12940166
1659734438 13050402
1659734439 12450802
1659734440 12100166
1659734441 13092202
1659734442 12911606
1659734443 12958474
1659734444 12909228
1659734445 12139572
1659734446 12861258
1659734447 13332588
1659734448 13184040
1659734449 12867048
1659734450 12448974
1659734451 12683570
1659734452 13204004
1659734453 12730908
1659734454 12592820
1659734455 11933316
1659734456 13093952
1659734457 12887270
1659734458 12962496
1659734459 12649794
1659734460 11397284
1659734461 12980278
1659734462 12827916
1659734463 12970298
1659734464 12985508
1659734465 11100300
1659734466 12906912
1659734467 12735936
1659734468 12864648
1659734469 13228226
1659734470 12622906
1659734471 12903394
1659734472 13154276
1659734473 13219490
1659734474 13385552
1659734475 11888856
1659734476 12545402
1659734477 12591442
1659734478 12785158
1659734479 12639598
1659734480 10977870
1659734481 12441178
1659734482 13127920
1659734483 13038318
1659734484 12844136
1659734485 12337496
1659734486 12682968
1659734487 13163276
1659734488 12976320
1659734489 13383164
1659734490 12412876
1659734491 12758786
1659734492 12821204
1659734493 13088974
1659734494 12520464
1659734495 12562796
1659734496 13061606
1659734497 12594660
1659734498 13056726
1659734499 13081524
1659734500 12397286
1659734501 13056990
1659734502 12787170
1659734503 13339126
1659734504 13430666
1659734505 12550866
1659734506 12631694
1659734507 12603744
1659734508 12815092
1659734509 12933208
1659734510 12415528
1659734511 13294416
1659734512 12912294
1659734513 13224720
1659734514 13128978
1659734515 12308140
1659734516 13084650
1659734517 12688602
1659734518 13183632
1659734519 12841484
1659734520 11447850
1659734521 12510820
1659734522 13327312
1659734523 12917386
1659734524 12956518
1659734525 12440372
1659734526 13095900
1659734527 12763378
1659734528 13043090
1659734529 12920936
1659734530 11946808
1659734531 12814076
1659734532 12803620
1659734533 12923352
1659734534 12777050
1659734535 12144072
1659734536 12662552
1659734537 13340932
1659734538 12895948
1659734539 12463016
1659734540 12068704
1659734541 12770734
1659734542 13441888
1659734543 12599254
1659734544 12966360
1659734545 12553386
1659734546 12988244
1659734547 12994450
1659734548 12873380
1659734549 12942752
1659734550 12018770
1659734551 12760576
1659734552 13178672
1659734553 12951038
1659734554 12952696
1659734555 12252724
1659734556 12916758
1659734557 12999452
1659734558 12738590
1659734559 12615598
1659734560 12205666
1659734561 12410080
1659734562 12852562
1659734563 12960682
1659734564 12949522
1659734565 12415020
1659734566 12921080
1659734567 12587842
1659734568 12801092
1659734569 13338318
1659734570 10542354
1659734571 12954894
1659734572 13058978
1659734573 13012808
1659734574 12845860
1659734575 12373008
1659734576 12460586
1659734577 12818136
1659734578 13106508
1659734579 12894134
1659734580 11952342
1659734581 13094936
1659734582 12863820
1659734583 12926826
1659734584 12735844
1659734585 11821646
1659734586 12547214
1659734587 12626172
1659734588 12837292
1659734589 12705452
1659734590 11952090
1659734591 11989960
1659734592 12863090
1659734593 12884548
1659734594 12731048
1659734595 12393404
1659734596 12408166
1659734597 12945090
1659734598 12573358
1659734599 12991372
1659734600 12042758
1659734601 12760610
1659734602 12999880
1659734603 12456026
1659734604 13237778
1659734605 12047210
1659734606 12383476
1659734607 12672296
1659734608 12540254
1659734609 12766042
1659734610 11903320
1659734611 12465428
1659734612 12023622
1659734613 12737232
1659734614 12544510
1659734615 12112554
1659734616 12803060
1659734617 12811884
1659734618 12866124
1659734619 12707778
1659734620 12171972
1659734621 12759972
1659734622 12027980
1659734623 12183874
1659734624 12825780
1659734625 12208018
1659734626 12641884
1659734627 12797944
1659734628 12575508
1659734629 12938090
1659734630 12363420
1659734631 12434032
1659734632 12600562
1659734633 12445520
1659734634 12713126
1659734635 12168146
1659734636 12694418
1659734637 12922024
1659734638 12335736
1659734639 12732814
1659734640 12468516
1659734641 12296360
1659734642 12773670
1659734643 12365098
1659734644 12941630
1659734645 12052232
1659734646 12958742
1659734647 13150290
1659734648 12485030
1659734649 13214516
1659734650 12254388
1659734651 13086864
1659734652 12665936
1659734653 12506978
1659734654 11695102
1659734655 12333514
1659734656 13121836
1659734657 13043438
1659734658 13236922
1659734659 12691260
1659734660 12262234
1659734661 13076096
1659734662 12925496
1659734663 12884200
1659734664 12354370
1659734665 12213572
1659734666 13008742
1659734667 13113632
1659734668 12987402
1659734669 12393122
1659734670 12143502
1659734671 13084958
1659734672 12774004
1659734673 12669572
1659734674 12797954
1659734675 10445906
1659734676 12853962
1659734677 13174292
1659734678 13128840
1659734679 13108856
1659734680 12586538
1659734681 12417916
1659734682 12549766
1659734683 12794400
1659734684 12802794
1659734685 12122806
1659734686 12583390
1659734687 12987344
1659734688 12864770
1659734689 12736938
1659734690 12410000
1659734691 12670808
1659734692 12441388
1659734693 13157968
1659734694 13055198
1659734695 11718960
1659734696 12686672
1659734697 12958642
1659734698 12965850
1659734699 12716580
1659734700 11494350
1659734701 12757856
1659734702 13157258
1659734703 12992356
1659734704 12869956
1659734705 12313270
1659734706 12363300
1659734707 12999640
1659734708 13107300
1659734709 13006998
1659734710 11832416
1659734711 12782848
1659734712 13045480
1659734713 12697696
1659734714 12838412
1659734715 12445460
1659734716 12479596
1659734717 13230240
1659734718 13035370
1659734719 12923772
1659734720 11722324
1659734721 12509374
1659734722 12600188
1659734723 12826544
1659734724 12792184
1659734725 12010284
1659734726 12533380
1659734727 13061110
1659734728 13015056
1659734729 12796638
1659734730 11789200
1659734731 12713380
1659734732 12693730
1659734733 12792950
1659734734 13048436
1659734735 12449270
1659734736 12784794
1659734737 13201062
1659734738 12696834
1659734739 12966460
1659734740 11742362
1659734741 12715256
1659734742 13035034
1659734743 12722342
1659734744 13062874
1659734745 12121134
1659734746 12777650
1659734747 12914612
1659734748 12706274
1659734749 13299454
1659734750 11958076
1659734751 12932808
1659734752 12750138
1659734753 12969210
1659734754 12840142
1659734755 11614088
1659734756 12585326
1659734757 13427336
1659734758 13295492
1659734759 13254436
1659734760 11546804
1659734761 12461764
1659734762 13215942
1659734763 12814402
1659734764 12807238
1659734765 12435300
1659734766 12919418
1659734767 13106340
1659734768 12982008
1659734769 12851924
1659734770 11821256
1659734771 13003124
1659734772 12975540
1659734773 12650506
1659734774 12852288
1659734775 12377682
1659734776 12394902
1659734777 13000964
1659734778 12938902
1659734779 13005134
1659734780 11618458
1659734781 12661140
1659734782 12916370
1659734783 12799574
1659734784 13097618
1659734785 12567110
1659734786 12731334
1659734787 12870468
1659734788 12921092
1659734789 12700828
1659734790 12168544
1659734791 12875528
1659734792 12966006
1659734793 13026342
1659734794 12768846
1659734795 12101040
1659734796 13085470
1659734797 12687444
1659734798 12734722
1659734799 13004188
1659734800 12027250
1659734801 12745836
1659734802 13599918
1659734803 12854450
1659734804 13035354
1659734805 11988232
1659734806 12846550
1659734807 12978766
1659734808 13032992
1659734809 12297822
1659734810 11799438
1659734811 12723800
1659734812 13414036
1659734813 12999654
1659734814 12818034
1659734815 12363694
1659734816 12922586
1659734817 12999306
1659734818 12866900
1659734819 12806784
1659734820 12111596
1659734821 12901432
1659734822 13008356
1659734823 13038150
1659734824 13271598
1659734825 12205056
1659734826 12389888
1659734827 12956214
1659734828 13244908
1659734829 12914650
1659734830 12419426
1659734831 12619382
1659734832 13065086
1659734833 13097120
1659734834 13077270
1659734835 11831034
1659734836 12938740
1659734837 12422476
1659734838 12942196
1659734839 12780176
1659734840 12636982
1659734841 12029224
1659734842 13127108
1659734843 13164530
1659734844 12835790
1659734845 12827578
1659734846 13240482
1659734847 12652030
1659734848 13045988
1659734849 12878810
1659734850 11909862
1659734851 11825912
1659734852 12960832
1659734853 13083360
1659734854 12841426
1659734855 12303394
1659734856 13058852
1659734857 12685434
1659734858 13439834
1659734859 12807538
1659734860 12364934
1659734861 12728072
1659734862 12147042
1659734863 13297666
1659734864 13004230
1659734865 12403614
1659734866 12594134
1659734867 12575644
1659734868 12821992
1659734869 12814794
1659734870 12337594
1659734871 12601564
1659734872 13202564
1659734873 13286692
1659734874 13016194
1659734875 12324494
1659734876 12264742
1659734877 12870302
1659734878 13249034
1659734879 13177468
1659734880 12067164
1659734881 12619456
1659734882 12349142
1659734883 12676496
1659734884 12922566
1659734885 12210992
1659734886 13036862
1659734887 12630934
1659734888 12947308
1659734889 12901414
1659734890 12290244
1659734891 12971122
1659734892 12173608
1659734893 12797150
1659734894 12829406
1659734895 12460428
1659734896 13123456
1659734897 12496662
1659734898 13248378
1659734899 13035890
1659734900 12238472
1659734901 12980740
1659734902 12579346
1659734903 12946532
1659734904 13064794
1659734905 12407126
1659734906 12847230
1659734907 12270426
1659734908 12832440
1659734909 12807650
1659734910 12596170
1659734911 12841290
1659734912 12254748
1659734913 13259916
1659734914 12859096
1659734915 12734320
1659734916 12636220
1659734917 13178478
1659734918 12805246
1659734919 12593710
1659734920 12589728
1659734921 12847734
1659734922 12873456
1659734923 11850380
1659734924 12986100
1659734925 12275594
1659734926 13057446
1659734927 13003032
1659734928 12760112
1659734929 13182656
1659734930 12344428
1659734931 12976908
1659734932 12800544
1659734933 12543878
1659734934 12965054
1659734935 12554560
1659734936 12715912
1659734937 12746478
1659734938 12830794
1659734939 12825296
1659734940 12456020
1659734941 12767566
1659734942 12648822
1659734943 13005130
1659734944 12958192
1659734945 12461430
1659734946 13027470
1659734947 12802754
1659734948 12363052
1659734949 12897568
1659734950 12450312
1659734951 12889392
1659734952 12602000
1659734953 13117608
1659734954 12972612
1659734955 12775218
1659734956 12967436
1659734957 12505382
1659734958 12757342
1659734959 13256328
1659734960 12340944
1659734961 13010592
1659734962 12892488
1659734963 12967762
1659734964 12528410
1659734965 12384412
1659734966 12999222
1659734967 12895204
1659734968 12457172
1659734969 12955516
1659734970 12181002
1659734971 13038296
1659734972 13153322
1659734973 12604222
1659734974 12449320
1659734975 11663816
1659734976 12705702
1659734977 12821590
1659734978 13049930
1659734979 12995674
1659734980 12439286
1659734981 12591330
1659734982 12552620
1659734983 13050384
1659734984 12405078
1659734985 11698808
1659734986 13220182
1659734987 13111804
1659734988 12735610
1659734989 13236334
1659734990 12209430
1659734991 12768874
1659734992 12863610
1659734993 12864324
1659734994 12795118
1659734995 11772850
1659734996 12616186
1659734997 13079602
1659734998 13196602
1659734999 10586158
1659735000 1226


# events submitted
1659733797 1647962
1659733798 1481512
1659733799 3926888
1659733800 11607976
1659733801 13766194
1659733802 13352144
1659733803 12740348
1659733804 13104710
1659733805 12991240
1659733806 12648190
1659733807 12974496
1659733808 12050600
1659733809 12799254
1659733810 12535776
1659733811 12618040
1659733812 13053426
1659733813 11937472
1659733814 12846944
1659733815 12805520
1659733816 12656836
1659733817 12804842
1659733818 11962766
1659733819 12707094
1659733820 12558906
1659733821 12508904
1659733822 12586996
1659733823 12292230
1659733824 12789702
1659733825 12607220
1659733826 12590992
1659733827 12355624
1659733828 12316010
1659733829 12461798
1659733830 12455472
1659733831 12489508
1659733832 12022270
1659733833 11867282
1659733834 12807052
1659733835 12780544
1659733836 12490960
1659733837 12125180
1659733838 11716436
1659733839 12668838
1659733840 12571344
1659733841 12512212
1659733842 12617500
1659733843 12197796
1659733844 12640664
1659733845 12291604
1659733846 12199584
1659733847 12744618
1659733848 11561466
1659733849 12681844
1659733850 12366160
1659733851 12251626
1659733852 12313320
1659733853 11731734
1659733854 12523302
1659733855 12318426
1659733856 12568374
1659733857 12510730
1659733858 11590556
1659733859 12771464
1659733860 12810406
1659733861 12566896
1659733862 12575288
1659733863 11561718
1659733864 12776986
1659733865 12940928
1659733866 12527936
1659733867 12452782
1659733868 10897980
1659733869 12163756
1659733870 12457350
1659733871 12656362
1659733872 9131898
1659733873 5572948
1659733874 5517688
1659733875 5749906
1659733876 5836530
1659733877 5618212
1659733878 6228844
1659733879 6839154
1659733880 5763464
1659733881 5954566
1659733882 6368524
1659733883 5951974
1659733884 7095070
1659733885 6275718
1659733886 6078926
1659733887 6003690
1659733888 6515086
1659733889 3703138
1659733890 2596548
1659733891 3887726
1659733892 3361554
1659733893 4086442
1659733894 3209860
1659733895 5660338
1659733896 5288074
1659733897 5672938
1659733898 6692802
1659733899 5596462
1659733900 5449362
1659733901 6094486
1659733902 6205992
1659733903 6037628
1659733904 6665860
1659733905 7402752
1659733906 6220454
1659733907 6633496
1659733908 6097402
1659733909 5954532
1659733910 6359854
1659733911 5355128
1659733912 5901824
1659733913 6474372
1659733914 5766402
1659733915 5741712
1659733916 8183314
1659733917 5277798
1659733918 5665044
1659733919 6408624
1659733920 5901994
1659733921 6703656
1659733922 6704278
1659733923 5051954
1659733924 5816290
1659733925 6217400
1659733926 4875098
1659733927 6545938
1659733928 6016980
1659733929 6058252
1659733930 7940528
1659733931 6806990
1659733932 5320916
1659733933 6484988
1659733934 5122708
1659733935 6757122
1659733936 6282890
1659733937 6431624
1659733938 4605304
1659733939 5574264
1659733940 5342228
1659733941 5734022
1659733942 5478420
1659733943 5623270
1659733944 5536028
1659733945 6476776
1659733946 5925316
1659733947 6742772
1659733948 5002892
1659733949 5314760
1659733950 6860644
1659733951 6831126
1659733952 5514090
1659733953 5312418
1659733954 5562840
1659733955 5602366
1659733956 5953062
1659733957 8008660
1659733958 7184040
1659733959 6008718
1659733960 7145258
1659733961 5726642
1659733962 6912726
1659733963 5109698
1659733964 5162828
1659733965 4324830
1659733966 3102374
1659733967 1870310
1659733968 2223740
1659733969 1797150
1659733970 2119408
1659733971 1839314
1659733972 2823474
1659733973 3252820
1659733974 3185362
1659733975 1301598
1659733976 3956572
1659733977 2329660
1659733978 3270350
1659733979 4165684
1659733980 3444146
1659733981 2097808
1659733982 2523516
1659733983 2763528
1659733984 2781746
1659733985 2821244
1659733986 3717188
1659733987 2889234
1659733988 2624630
1659733989 3545202
1659733990 3650948
1659733991 2392220
1659733992 1943712
1659733993 3364622
1659733994 3527344
1659733995 4367748
1659733996 4441248
1659733997 3707856
1659733998 3962710
1659733999 3967372
1659734000 2704912
1659734001 4117010
1659734002 2641560
1659734003 1642192
1659734004 2208268
1659734005 2819188
1659734006 2899424
1659734007 3494868
1659734008 3373542
1659734009 3521934
1659734010 1970666
1659734011 2651762
1659734012 3121328
1659734013 3250214
1659734014 4184950
1659734015 2618122
1659734016 3658500
1659734017 3226678
1659734018 3794704
1659734019 3575666
1659734020 3145210
1659734021 3294078
1659734022 2928504
1659734023 3096422
1659734024 3219240
1659734025 1109662
1659734026 4256494
1659734027 2918960
1659734028 2547132
1659734029 4244752
1659734030 1436704
1659734031 3162322
1659734032 3245864
1659734033 3579032
1659734034 3771430
1659734035 3210884
1659734036 3311022
1659734037 1843424
1659734038 2630932
1659734039 4085526
1659734040 2150192
1659734041 2729538
1659734042 2095920
1659734043 2664540
1659734044 2591508
1659734045 1464308
1659734046 994598
1659734047 2524578
1659734048 2700412
1659734049 1542742
1659734050 2385408
1659734051 1432146
1659734052 2527214
1659734053 3618036
1659734054 2209012
1659734055 2062602
1659734056 4144524
1659734057 3036616
1659734058 3771980
1659734059 3138618
1659734060 3387330
1659734061 3876146
1659734062 3355572
1659734063 3667126
1659734064 3903602
1659734065 3465122
1659734066 2136378
1659734067 1965202
1659734068 1455396
1659734069 1601280
1659734070 4269366
1659734071 4370682
1659734072 2248392
1659734073 2612236
1659734074 2166620
1659734075 3817332
1659734076 3765384
1659734077 2973726
1659734078 3998524
1659734079 4217624
1659734080 4536646
1659734081 2606146
1659734082 2693574
1659734083 2328346
1659734084 2345770
1659734085 2026986
1659734086 3462372
1659734087 3696146
1659734088 3228704
1659734089 2098540
1659734090 2316250
1659734091 2122232
1659734092 2943652
1659734093 3572458
1659734094 3515970
1659734095 2417986
1659734096 2585016
1659734097 3056436
1659734098 1638108
1659734099 2119060
1659734100 3323632
1659734101 3641224
1659734102 3609900
1659734103 2374036
1659734104 4173936
1659734105 1123550
1659734106 3028468
1659734107 1901750
1659734108 2452550
1659734109 1594954
1659734110 3684498
1659734111 2661386
1659734112 3241772
1659734113 3361144
1659734114 3861078
1659734115 2559284
1659734116 2750416
1659734117 1667992
1659734118 1751384
1659734119 2376166
1659734120 2948366
1659734121 2326098
1659734122 2738110
1659734123 3418732
1659734124 2058464
1659734125 2734068
1659734126 3626310
1659734127 1843730
1659734128 3642364
1659734129 3620584
1659734130 2170528
1659734131 3291716
1659734132 3089116
1659734133 3338232
1659734134 4112026
1659734135 2244158
1659734136 2419348
1659734137 3084772
1659734138 2683314
1659734139 2302628
1659734140 3606992
1659734141 2846614
1659734142 2670292
1659734143 2589804
1659734144 2798930
1659734145 2413416
1659734146 2866724
1659734147 2502000
1659734148 3124892
1659734149 4129828
1659734150 3435382
1659734151 2813550
1659734152 2929990
1659734153 1538566
1659734154 2865454
1659734155 1761546
1659734156 2033926
1659734157 2202750
1659734158 2952664
1659734159 2048596
1659734160 1551278
1659734161 6021772
1659734162 4987870
1659734163 6975550
1659734164 6550604
1659734165 5241144
1659734166 5072992
1659734167 5104420
1659734168 5086312
1659734169 5519614
1659734170 4789888
1659734171 5065586
1659734172 5647102
1659734173 6827656
1659734174 6577750
1659734175 6933002
1659734176 7209280
1659734177 4554604
1659734178 5798752
1659734179 7537990
1659734180 7501274
1659734181 7493938
1659734182 4406078
1659734183 5021758
1659734184 5086162
1659734185 5795806
1659734186 5896654
1659734187 5048590
1659734188 7221614
1659734189 6391046
1659734190 5779100
1659734191 7317056
1659734192 4524416
1659734193 5143596
1659734194 5652034
1659734195 5513786
1659734196 7065696
1659734197 6538790
1659734198 6060108
1659734199 5278084
1659734200 5766412
1659734201 6514156
1659734202 5282586
1659734203 5553620
1659734204 5033908
1659734205 5841822
1659734206 6708426
1659734207 6542114
1659734208 7356412
1659734209 5326052
1659734210 7126600
1659734211 5180532
1659734212 5624070
1659734213 6776364
1659734214 6200726
1659734215 5858308
1659734216 5184332
1659734217 5263724
1659734218 6359500
1659734219 6385404
1659734220 6364618
1659734221 6077810
1659734222 6151360
1659734223 5341600
1659734224 5977816
1659734225 4761410
1659734226 6184426
1659734227 5823826
1659734228 6924632
1659734229 7035474
1659734230 5561266
1659734231 6057790
1659734232 6300920
1659734233 7404086
1659734234 6082808
1659734235 5161746
1659734236 7233600
1659734237 4158300
1659734238 4150734
1659734239 4260766
1659734240 3671716
1659734241 3582554
1659734242 3724924
1659734243 4120682
1659734244 3830430
1659734245 2826286
1659734246 2397356
1659734247 4312344
1659734248 3840516
1659734249 1802356
1659734250 3072422
1659734251 2761026
1659734252 2686380
1659734253 3849646
1659734254 2868586
1659734255 2484046
1659734256 3767018
1659734257 2700908
1659734258 2821380
1659734259 1203394
1659734260 4164248
1659734261 4146510
1659734262 3720180
1659734263 2550024
1659734264 3707102
1659734265 3251554
1659734266 3684798
1659734267 3394106
1659734268 3469090
1659734269 3550844
1659734270 3487412
1659734271 3862772
1659734272 3308686
1659734273 3509114
1659734274 3220858
1659734275 3251168
1659734276 3939056
1659734277 3557506
1659734278 3619838
1659734279 3893314
1659734280 2591042
1659734281 3256986
1659734282 2375470
1659734283 3880660
1659734284 2920962
1659734285 3650092
1659734286 3487954
1659734287 2452988
1659734288 4063102
1659734289 3407286
1659734290 2980032
1659734291 2754264
1659734292 3150360
1659734293 3603418
1659734294 3096468
1659734295 3062098
1659734296 3964370
1659734297 3885312
1659734298 3891112
1659734299 2494888
1659734300 3519500
1659734301 3944122
1659734302 3803310
1659734303 1867268
1659734304 2819482
1659734305 2814506
1659734306 2866582
1659734307 3106586
1659734308 3092730
1659734309 3404146
1659734310 3650242
1659734311 1465954
1659734312 2833388
1659734313 4480492
1659734314 2705806
1659734315 2494982
1659734316 2570672
1659734317 3694976
1659734318 3126176
1659734319 3748458
1659734320 3676114
1659734321 3246126
1659734322 3744574
1659734323 2757716
1659734324 4345500
1659734325 3702524
1659734326 3026502
1659734327 1464420
1659734328 2632088
1659734329 3398816
1659734330 2499836
1659734331 3095072
1659734332 2557410
1659734333 3561104
1659734334 4479376
1659734335 4008748
1659734336 2621300
1659734337 2864754
1659734338 2993364
1659734339 2982666
1659734340 2892790
1659734341 1430716
1659734342 2116372
1659734343 3672514
1659734344 3785602
1659734345 3278996
1659734346 3804610
1659734347 2576632
1659734348 1839146
1659734349 1941312
1659734350 2582738
1659734351 3456152
1659734352 3006934
1659734353 2973590
1659734354 4606654
1659734355 4021636
1659734356 3948016
1659734357 3252142
1659734358 3663974
1659734359 3471600
1659734360 3154138
1659734361 4057910
1659734362 3524934
1659734363 3892240
1659734364 2910346
1659734365 4164814
1659734366 3771092
1659734367 4077650
1659734368 4138488
1659734369 3388126
1659734370 2629998
1659734371 3328014
1659734372 2093250
1659734373 4130448
1659734374 2926812
1659734375 3092624
1659734376 2442840
1659734377 2077444
1659734378 2704588
1659734379 2297802
1659734380 2903802
1659734381 3160208
1659734382 3788288
1659734383 3252514
1659734384 3744220
1659734385 2789650
1659734386 2765910
1659734387 2749040
1659734388 3348024
1659734389 2578310
1659734390 2776232
1659734391 2144080
1659734392 3381670
1659734393 3719178
1659734394 4171472
1659734395 2858200
1659734396 4202634
1659734397 3530228
1659734398 3682096
1659734399 3677712
1659734400 3301004
1659734401 4010820
1659734402 3804366
1659734403 3364512
1659734404 3647282
1659734405 4339026
1659734406 3339028
1659734407 3853780
1659734408 3594084
1659734409 4247558
1659734410 4010216
1659734411 3987944
1659734412 3595368
1659734413 2851266
1659734414 3954960
1659734415 3149138
1659734416 3470086
1659734417 1024268
1659734418 3111516
1659734419 4351924
1659734420 2594936
1659734421 2845838
1659734422 2930360
1659734423 2839280
1659734424 3129964
1659734425 3846284
1659734426 3496948
1659734427 3114398
1659734428 3779696
1659734429 3577724
1659734430 3541120
1659734431 1869960
1659734432 2474532
1659734433 2020724
1659734434 2661116
1659734435 1519222
1659734436 3495876
1659734437 2288472
1659734438 3401212
1659734439 3099586
1659734440 2851406
1659734441 1915898
1659734442 3342890
1659734443 3009410
1659734444 3906820
1659734445 3221618
1659734446 3015634
1659734447 4213138
1659734448 2406444
1659734449 3219736
1659734450 3506908
1659734451 4006384
1659734452 2632862
1659734453 3036102
1659734454 3806330
1659734455 2571462
1659734456 3765392
1659734457 4001094
1659734458 3348078
1659734459 2971570
1659734460 2612030
1659734461 3158764
1659734462 3498576
1659734463 2860604
1659734464 3236626
1659734465 2723186
1659734466 3152296
1659734467 2286330
1659734468 3983536
1659734469 2097160
1659734470 2973420
1659734471 3514808
1659734472 4394746
1659734473 3285800
1659734474 2734580
1659734475 2899874
1659734476 2964186
1659734477 2959890
1659734478 4120134
1659734479 2919180
1659734480 3210054
1659734481 2425670
1659734482 2475938
1659734483 3518398
1659734484 3474592
1659734485 4088384
1659734486 4120444
1659734487 3442818
1659734488 3482236
1659734489 2037418
1659734490 2353868
1659734491 3449784
1659734492 3454718
1659734493 3485846
1659734494 3267454
1659734495 1684704
1659734496 4615636
1659734497 3806290
1659734498 3971090
1659734499 2528382
1659734500 3582084
1659734501 1969720
1659734502 3376454
1659734503 3304262
1659734504 2688694
1659734505 3793108
1659734506 4231090
1659734507 3830594
1659734508 3716192
1659734509 1541620
1659734510 1501002
1659734511 1429420
1659734512 1953552
1659734513 1171484
1659734514 2510242
1659734515 2715268
1659734516 3916906
1659734517 2118718
1659734518 3576228
1659734519 3590120
1659734520 3398266
1659734521 2917284
1659734522 3331606
1659734523 3430274
1659734524 4345984
1659734525 1374550
1659734526 2664660
1659734527 3295026
1659734528 4444052
1659734529 1863492
1659734530 2477844
1659734531 2619002
1659734532 3367670
1659734533 4411334
1659734534 3730964
1659734535 3730644
1659734536 3913606
1659734537 2871872
1659734538 2853870
1659734539 3885770
1659734540 4248654
1659734541 2996184
1659734542 1981288
1659734543 3249740
1659734544 2797970
1659734545 2769998
1659734546 3801728
1659734547 3455772
1659734548 3115132
1659734549 2528070
1659734550 1626092
1659734551 3661116
1659734552 3460118
1659734553 3630414
1659734554 3464718
1659734555 2533008
1659734556 2133642
1659734557 3021614
1659734558 4310674
1659734559 3311588
1659734560 2778186
1659734561 2936896
1659734562 2556850
1659734563 3167626
1659734564 4130366
1659734565 3851278
1659734566 2870898
1659734567 2451694
1659734568 2997598
1659734569 4600194
1659734570 2235038
1659734571 3106194
1659734572 4724390
1659734573 7275620
1659734574 4987204
1659734575 5950336
1659734576 6638112
1659734577 6646976
1659734578 5914426
1659734579 5696978
1659734580 5803280
1659734581 7157576
1659734582 5107818
1659734583 6422888
1659734584 6185506
1659734585 6678026
1659734586 6305476
1659734587 6741932
1659734588 5319546
1659734589 6283306
1659734590 5922470
1659734591 5205926
1659734592 7547492
1659734593 5544734
1659734594 5746984
1659734595 5448714
1659734596 6451312
1659734597 8094232
1659734598 5408546
1659734599 6596958
1659734600 5316298
1659734601 6186896
1659734602 6344202
1659734603 6624442
1659734604 5731332
1659734605 6141772
1659734606 5844042
1659734607 6545650
1659734608 6640284
1659734609 7932240
1659734610 5252076
1659734611 7478102
1659734612 6594270
1659734613 5985688
1659734614 6183532
1659734615 6169444
1659734616 5487312
1659734617 5292490
1659734618 5797886
1659734619 6352378
1659734620 5707054
1659734621 6365062
1659734622 6592832
1659734623 6644692
1659734624 5296802
1659734625 5728414
1659734626 6363978
1659734627 7669872
1659734628 6496036
1659734629 5613108
1659734630 6638176
1659734631 6551742
1659734632 5778040
1659734633 7269338
1659734634 6586210
1659734635 6772192
1659734636 5209960
1659734637 7440426
1659734638 5338524
1659734639 4916094
1659734640 6635988
1659734641 5712174
1659734642 6478368
1659734643 6201212
1659734644 5718170
1659734645 6502796
1659734646 3972930
1659734647 1743090
1659734648 2536390
1659734649 2229318
1659734650 3444816
1659734651 4245092
1659734652 2848342
1659734653 3875962
1659734654 3210152
1659734655 3425754
1659734656 3341054
1659734657 3000910
1659734658 1799104
1659734659 2414052
1659734660 3648070
1659734661 3628440
1659734662 3852260
1659734663 3282590
1659734664 3564456
1659734665 3383180
1659734666 3710302
1659734667 4618842
1659734668 3297676
1659734669 3479772
1659734670 3540438
1659734671 3814816
1659734672 2060600
1659734673 1788154
1659734674 3490148
1659734675 2838306
1659734676 4109552
1659734677 1084874
1659734678 3769626
1659734679 3826072
1659734680 3258812
1659734681 3558910
1659734682 3278180
1659734683 2335752
1659734684 4241692
1659734685 2252620
1659734686 2563552
1659734687 3671016
1659734688 4443818
1659734689 3874878
1659734690 3102160
1659734691 3224776
1659734692 3867118
1659734693 2635750
1659734694 4374406
1659734695 3189264
1659734696 3217550
1659734697 3502274
1659734698 2436580
1659734699 3123442
1659734700 2424894
1659734701 2209458
1659734702 3684246
1659734703 2034026
1659734704 3623196
1659734705 3220988
1659734706 2690312
1659734707 2770250
1659734708 2756116
1659734709 3234106
1659734710 2228304
1659734711 3334776
1659734712 4203310
1659734713 2906872
1659734714 2586308
1659734715 3127058
1659734716 3957748
1659734717 4148676
1659734718 2340296
1659734719 3908396
1659734720 1524178
1659734721 3201816
1659734722 1639796
1659734723 3927026
1659734724 1912086
1659734725 4024212
1659734726 3528662
1659734727 2518022
1659734728 2904248
1659734729 3842390
1659734730 3760580
1659734731 3447042
1659734732 3146828
1659734733 3234366
1659734734 2440860
1659734735 3394622
1659734736 3404246
1659734737 2549712
1659734738 3590676
1659734739 3652442
1659734740 1306496
1659734741 3357840
1659734742 4307988
1659734743 3560974
1659734744 3518800
1659734745 3772098
1659734746 3667164
1659734747 2299842
1659734748 2894914
1659734749 4068850
1659734750 3360810
1659734751 3276604
1659734752 3523246
1659734753 2889970
1659734754 3505136
1659734755 3048264
1659734756 3857322
1659734757 3673988
1659734758 4067160
1659734759 2792310
1659734760 2292670
1659734761 3686036
1659734762 3084244
1659734763 3196832
1659734764 3163432
1659734765 3150878
1659734766 3078626
1659734767 1933062
1659734768 3389232
1659734769 3142554
1659734770 3633224
1659734771 2816532
1659734772 4073390
1659734773 3172150
1659734774 2443758
1659734775 2238398
1659734776 3183258
1659734777 4012234
1659734778 3283460
1659734779 3360420
1659734780 3832942
1659734781 2300580
1659734782 3660064
1659734783 3113534
1659734784 2767506
1659734785 2762162
1659734786 2872688
1659734787 3848156
1659734788 3202664
1659734789 2907164
1659734790 1735718
1659734791 2405742
1659734792 2571056
1659734793 4447520
1659734794 2012792
1659734795 3589766
1659734796 3308240
1659734797 2970636
1659734798 2902154
1659734799 3678376
1659734800 2998008
1659734801 2013400
1659734802 1599056
1659734803 3155570
1659734804 3919300
1659734805 2596150
1659734806 4605430
1659734807 3833364
1659734808 2267528
1659734809 3202958
1659734810 3286100
1659734811 2905762
1659734812 2105258
1659734813 3554570
1659734814 3917644
1659734815 2647652
1659734816 3850324
1659734817 2759490
1659734818 3944530
1659734819 3724058
1659734820 3698340
1659734821 2096330
1659734822 3557356
1659734823 3880196
1659734824 2917166
1659734825 3048166
1659734826 3406870
1659734827 2857428
1659734828 3638310
1659734829 3102062
1659734830 3304558
1659734831 4302352
1659734832 2723882
1659734833 1427572
1659734834 2969974
1659734835 3591912
1659734836 4342026
1659734837 2320794
1659734838 3531894
1659734839 3399380
1659734840 4358658
1659734841 3432236
1659734842 2761204
1659734843 2493538
1659734844 2558924
1659734845 3883486
1659734846 2495306
1659734847 2527252
1659734848 2856542
1659734849 3389688
1659734850 3676030
1659734851 3253602
1659734852 3096018
1659734853 2238950
1659734854 3338376
1659734855 2010872
1659734856 3268838
1659734857 3269528
1659734858 2003834
1659734859 3525122
1659734860 3551916
1659734861 2781010
1659734862 2259022
1659734863 4005212
1659734864 4275816
1659734865 2826530
1659734866 2425494
1659734867 3330458
1659734868 3342974
1659734869 2560168
1659734870 2785134
1659734871 3622632
1659734872 2739480
1659734873 3051422
1659734874 2862248
1659734875 4256472
1659734876 2085386
1659734877 2832520
1659734878 2881200
1659734879 3774058
1659734880 3444516
1659734881 1877954
1659734882 2970978
1659734883 3610276
1659734884 3635440
1659734885 2808380
1659734886 3565890
1659734887 1348632
1659734888 2543808
1659734889 2394628
1659734890 2235740
1659734891 3082208
1659734892 3228592
1659734893 3429588
1659734894 3206354
1659734895 3557504
1659734896 1869784
1659734897 3178074
1659734898 4590354
1659734899 3109542
1659734900 2968102
1659734901 2554274
1659734902 3103860
1659734903 1970182
1659734904 3934816
1659734905 1780650
1659734906 3028878
1659734907 3038334
1659734908 1438828
1659734909 2907520
1659734910 4232290
1659734911 4277802
1659734912 2757086
1659734913 2758056
1659734914 3378796
1659734915 4183890
1659734916 3120196
1659734917 3264310
1659734918 3616634
1659734919 2851866
1659734920 2349396
1659734921 3637926
1659734922 3526634
1659734923 3203034
1659734924 2716704
1659734925 2674944
1659734926 3337828
1659734927 3501756
1659734928 3581398
1659734929 3835014
1659734930 3620884
1659734931 1849364
1659734932 2955394
1659734933 2271840
1659734934 2952990
1659734935 2473862
1659734936 3546126
1659734937 3358116
1659734938 3866764
1659734939 3613554
1659734940 3389096
1659734941 3468096
1659734942 4350078
1659734943 3855842
1659734944 2537012
1659734945 2606668
1659734946 3238618
1659734947 4084130
1659734948 3267088
1659734949 3599452
1659734950 1925634
1659734951 2591820
1659734952 3859324
1659734953 3856040
1659734954 3864200
1659734955 1548656
1659734956 3256512
1659734957 2827494
1659734958 3021676
1659734959 1798122
1659734960 3582586
1659734961 5437146
1659734962 5949774
1659734963 7143704
1659734964 6514216
1659734965 6339872
1659734966 5120110
1659734967 6974376
1659734968 6582488
1659734969 6690010
1659734970 5882544
1659734971 5030552
1659734972 5622200
1659734973 6392926
1659734974 6615544
1659734975 5687270
1659734976 6718670
1659734977 6555754
1659734978 8382822
1659734979 6383540
1659734980 7327716
1659734981 5557478
1659734982 5801980
1659734983 7399590
1659734984 6017108
1659734985 6292048
1659734986 5527740
1659734987 6941446
1659734988 6602612
1659734989 8058450
1659734990 6773762
1659734991 6246696
1659734992 6426522
1659734993 5904518
1659734994 6380810
1659734995 5808636
1659734996 6947014
1659734997 5552204
1659734998 6920888
1659734999 5290984
1659735000 1040


# events lost
1659733872 3618360
1659733873 6400472
1659733874 7500624
1659733875 7033198
1659733876 6656746
1659733877 7286820
1659733878 6044934
1659733879 6119080
1659733880 7206862
1659733881 6483902
1659733882 6243956
1659733883 6385408
1659733884 5808282
1659733885 6449730
1659733886 6775106
1659733887 6858086
1659733888 5180878
1659733889 8893208
1659733890 10463964
1659733891 9247890
1659733892 9655434
1659733893 8130156
1659733894 9139056
1659733895 7467866
1659733896 7917178
1659733897 6967236
1659733898 5120570
1659733899 7221760
1659733900 7394236
1659733901 6851902
1659733902 7100246
1659733903 6236886
1659733904 5825160
1659733905 5576484
1659733906 6888970
1659733907 6567802
1659733908 5915716
1659733909 6606194
1659733910 6617068
1659733911 7572220
1659733912 7293070
1659733913 5794996
1659733914 6681042
1659733915 7526306
1659733916 4733522
1659733917 7780562
1659733918 6456422
1659733919 6125528
1659733920 6941460
1659733921 6059482
1659733922 6402016
1659733923 6580162
1659733924 6729942
1659733925 6777004
1659733926 8335618
1659733927 6344214
1659733928 6434458
1659733929 6266118
1659733930 4932912
1659733931 5846974
1659733932 7980370
1659733933 5153658
1659733934 7374426
1659733935 5892556
1659733936 6433220
1659733937 6755368
1659733938 7450288
1659733939 7320094
1659733940 7360986
1659733941 7038742
1659733942 7440570
1659733943 6454276
1659733944 6804318
1659733945 6390696
1659733946 6846410
1659733947 6326496
1659733948 7129974
1659733949 7271596
1659733950 5760874
1659733951 5999854
1659733952 7363298
1659733953 6694660
1659733954 7175390
1659733955 7509444
1659733956 7008352
1659733957 4809806
1659733958 5495576
1659733959 6693082
1659733960 5870960
1659733961 7046296
1659733962 6038794
1659733963 7059182
1659733964 7458434
1659733965 8910238
1659733966 9720810
1659733967 11095758
1659733968 9981922
1659733969 10789132
1659733970 11017358
1659733971 11501926
1659733972 10219114
1659733973 8943090
1659733974 9297236
1659733975 11709458
1659733976 8768692
1659733977 10174486
1659733978 8554204
1659733979 8466386
1659733980 9708548
1659733981 10928728
1659733982 10468804
1659733983 9522896
1659733984 10028944
1659733985 10050118
1659733986 9740932
1659733987 9231850
1659733988 10168206
1659733989 9637892
1659733990 8964436
1659733991 10351828
1659733992 9937502
1659733993 9260284
1659733994 8974116
1659733995 8849344
1659733996 8681734
1659733997 8819408
1659733998 9324216
1659733999 8813592
1659734000 10041572
1659734001 8997820
1659734002 9517516
1659734003 11506858
1659734004 10351280
1659734005 9696416
1659734006 9924452
1659734007 8581216
1659734008 9385532
1659734009 9165744
1659734010 10691132
1659734011 10107780
1659734012 9567680
1659734013 9756936
1659734014 9103322
1659734015 9965896
1659734016 9490626
1659734017 9407970
1659734018 9544846
1659734019 9174634
1659734020 9330948
1659734021 9386292
1659734022 9591212
1659734023 9865432
1659734024 9413498
1659734025 11643844
1659734026 8910934
1659734027 9109118
1659734028 10206362
1659734029 9021918
1659734030 11379968
1659734031 9446838
1659734032 8984608
1659734033 9492836
1659734034 9302902
1659734035 9369428
1659734036 9483418
1659734037 10648232
1659734038 10376520
1659734039 9011928
1659734040 10668726
1659734041 10166082
1659734042 10427298
1659734043 10307678
1659734044 10144734
1659734045 11375442
1659734046 12431498
1659734047 9989324
1659734048 10139914
1659734049 11485728
1659734050 10248952
1659734051 11696612
1659734052 9387722
1659734053 8827896
1659734054 10378588
1659734055 10807922
1659734056 8824712
1659734057 9342986
1659734058 9473660
1659734059 9591928
1659734060 9743774
1659734061 8927784
1659734062 8812254
1659734063 9253394
1659734064 9434022
1659734065 9016982
1659734066 10819260
1659734067 9931104
1659734068 10623444
1659734069 11280802
1659734070 8662710
1659734071 8746242
1659734072 10320290
1659734073 10494598
1659734074 10642002
1659734075 8922390
1659734076 8871600
1659734077 9174712
1659734078 9185264
1659734079 8369492
1659734080 8736964
1659734081 10403382
1659734082 9772256
1659734083 10537946
1659734084 10069616
1659734085 11045246
1659734086 9515620
1659734087 8673020
1659734088 9705196
1659734089 10774168
1659734090 10826582
1659734091 10826032
1659734092 9703802
1659734093 9491916
1659734094 9233054
1659734095 10648028
1659734096 10607908
1659734097 9463744
1659734098 11462078
1659734099 10555572
1659734100 9770724
1659734101 9248904
1659734102 8999122
1659734103 10207380
1659734104 8926406
1659734105 11924922
1659734106 9796892
1659734107 10644890
1659734108 10368464
1659734109 11280556
1659734110 9166286
1659734111 10718630
1659734112 9466034
1659734113 9769992
1659734114 8974054
1659734115 10255294
1659734116 10308970
1659734117 10931486
1659734118 11216528
1659734119 10350780
1659734120 10106340
1659734121 10778924
1659734122 9776978
1659734123 9612374
1659734124 10752582
1659734125 10544234
1659734126 9451802
1659734127 10226510
1659734128 9328596
1659734129 9324888
1659734130 10540766
1659734131 9811692
1659734132 9334134
1659734133 9554474
1659734134 9077596
1659734135 10608390
1659734136 10829730
1659734137 9103450
1659734138 10349350
1659734139 10675838
1659734140 9013454
1659734141 9901996
1659734142 9728066
1659734143 10474662
1659734144 10132942
1659734145 10425416
1659734146 10330020
1659734147 10056592
1659734148 9780310
1659734149 8721228
1659734150 9011756
1659734151 10128548
1659734152 9407008
1659734153 11484782
1659734154 10324556
1659734155 11189340
1659734156 11202012
1659734157 10056828
1659734158 10164230
1659734159 10767116
1659734160 11397316
1659734161 5984696
1659734162 6912880
1659734163 5928214
1659734164 6419068
1659734165 7655282
1659734166 8040124
1659734167 6715794
1659734168 8053682
1659734169 7314874
1659734170 8387036
1659734171 7904404
1659734172 6173972
1659734173 6113226
1659734174 6385908
1659734175 6317494
1659734176 5704502
1659734177 7081692
1659734178 7042518
1659734179 5239500
1659734180 5339722
1659734181 5452720
1659734182 7226348
1659734183 7592854
1659734184 7874824
1659734185 6842308
1659734186 7493842
1659734187 7199762
1659734188 5511504
1659734189 6793668
1659734190 7085030
1659734191 5940918
1659734192 7270900
1659734193 7399820
1659734194 7322470
1659734195 7551056
1659734196 5871264
1659734197 5686274
1659734198 6880788
1659734199 7525850
1659734200 7608206
1659734201 6755428
1659734202 7036224
1659734203 6291962
1659734204 7731430
1659734205 6877396
1659734206 6375966
1659734207 6161428
1659734208 5623536
1659734209 7796666
1659734210 5642174
1659734211 8189850
1659734212 6803626
1659734213 6092684
1659734214 6825184
1659734215 7157432
1659734216 8013964
1659734217 6836104
1659734218 6457050
1659734219 6517756
1659734220 5854218
1659734221 6872300
1659734222 6676308
1659734223 7263490
1659734224 6990804
1659734225 7755678
1659734226 6822222
1659734227 7217392
1659734228 5756566
1659734229 5571088
1659734230 6296922
1659734231 7106294
1659734232 6289334
1659734233 5803874
1659734234 6991796
1659734235 6157416
1659734236 5702544
1659734237 9013434
1659734238 9114758
1659734239 8302332
1659734240 7875262
1659734241 9511672
1659734242 9433848
1659734243 9194910
1659734244 9173578
1659734245 9499564
1659734246 10675908
1659734247 9042746
1659734248 9238080
1659734249 11379828
1659734250 9385088
1659734251 10647522
1659734252 10593648
1659734253 9554054
1659734254 10258272
1659734255 9806186
1659734256 8980104
1659734257 9743110
1659734258 10030512
1659734259 11875500
1659734260 8042212
1659734261 9058072
1659734262 9373650
1659734263 10616714
1659734264 9352668
1659734265 8779660
1659734266 9379848
1659734267 9675176
1659734268 9326614
1659734269 9648812
1659734270 7968048
1659734271 9334706
1659734272 9533104
1659734273 9351644
1659734274 9730520
1659734275 9254222
1659734276 8918216
1659734277 9386166
1659734278 9505416
1659734279 9006794
1659734280 9460362
1659734281 9877794
1659734282 10379598
1659734283 9032674
1659734284 10151152
1659734285 8610314
1659734286 9423014
1659734287 10394112
1659734288 8747574
1659734289 9318620
1659734290 8715342
1659734291 9859372
1659734292 9689876
1659734293 8936982
1659734294 9869188
1659734295 9398730
1659734296 8873316
1659734297 9166982
1659734298 9456428
1659734299 10555242
1659734300 8330248
1659734301 8526104
1659734302 8937538
1659734303 11207958
1659734304 10007440
1659734305 8797266
1659734306 10073674
1659734307 9893484
1659734308 9604524
1659734309 9556042
1659734310 8756126
1659734311 11387716
1659734312 10089346
1659734313 8561572
1659734314 10331064
1659734315 9692768
1659734316 9983436
1659734317 9248550
1659734318 9770908
1659734319 8859460
1659734320 8025056
1659734321 9059642
1659734322 9299022
1659734323 10182540
1659734324 8563426
1659734325 8551274
1659734326 9578298
1659734327 11396734
1659734328 10192252
1659734329 9592504
1659734330 9483816
1659734331 8786750
1659734332 9991944
1659734333 9382296
1659734334 8383808
1659734335 8267026
1659734336 10491644
1659734337 9952440
1659734338 10028976
1659734339 9987508
1659734340 9215196
1659734341 11376080
1659734342 11329998
1659734343 9130190
1659734344 9143762
1659734345 9044780
1659734346 8922680
1659734347 10596486
1659734348 11294566
1659734349 11328154
1659734350 9401410
1659734351 9259438
1659734352 8999334
1659734353 10184350
1659734354 8608302
1659734355 8687868
1659734356 9376890
1659734357 9462478
1659734358 9361202
1659734359 9512812
1659734360 9257738
1659734361 8842072
1659734362 9130518
1659734363 9298044
1659734364 9826830
1659734365 8096968
1659734366 8925168
1659734367 8282588
1659734368 8666126
1659734369 9634328
1659734370 9819672
1659734371 9441518
1659734372 10106218
1659734373 9138432
1659734374 10291858
1659734375 8959788
1659734376 10452598
1659734377 11214722
1659734378 9811572
1659734379 10732574
1659734380 9668730
1659734381 9582030
1659734382 8973198
1659734383 9318032
1659734384 9387558
1659734385 9857370
1659734386 10326140
1659734387 9972192
1659734388 9414248
1659734389 10115062
1659734390 9763224
1659734391 10829320
1659734392 9647958
1659734393 8646496
1659734394 8452834
1659734395 9354230
1659734396 8904070
1659734397 9195308
1659734398 9043486
1659734399 9055708
1659734400 9362356
1659734401 8543496
1659734402 9329078
1659734403 9251824
1659734404 9093748
1659734405 8317894
1659734406 9915742
1659734407 8943570
1659734408 9161440
1659734409 8846020
1659734410 8581852
1659734411 9345364
1659734412 8976632
1659734413 9255818
1659734414 9000292
1659734415 9256200
1659734416 9460070
1659734417 11821862
1659734418 9709460
1659734419 8442460
1659734420 9570596
1659734421 9826632
1659734422 9509126
1659734423 9804562
1659734424 9717626
1659734425 8420240
1659734426 9454202
1659734427 9636550
1659734428 9268030
1659734429 9553250
1659734430 8666984
1659734431 11083654
1659734432 10149112
1659734433 10701582
1659734434 9920346
1659734435 11131688
1659734436 9496642
1659734437 10641086
1659734438 9665280
1659734439 9363266
1659734440 9251630
1659734441 11164846
1659734442 9584210
1659734443 9953876
1659734444 9014204
1659734445 8925916
1659734446 9833948
1659734447 9140380
1659734448 10763180
1659734449 9663134
1659734450 8956416
1659734451 8687584
1659734452 10555670
1659734453 9695314
1659734454 8805232
1659734455 9358704
1659734456 9326094
1659734457 8906144
1659734458 9625510
1659734459 9682804
1659734460 8792134
1659734461 9826710
1659734462 9336194
1659734463 10118818
1659734464 9754852
1659734465 8380572
1659734466 9769482
1659734467 10445800
1659734468 8901406
1659734469 11115560
1659734470 9653394
1659734471 9404570
1659734472 8786668
1659734473 9948360
1659734474 10642620
1659734475 9004436
1659734476 9586952
1659734477 9628950
1659734478 8690228
1659734479 9733032
1659734480 7780672
1659734481 9993478
1659734482 10623352
1659734483 9535516
1659734484 9377694
1659734485 8263358
1659734486 8586516
1659734487 9740094
1659734488 9500144
1659734489 11333918
1659734490 10051984
1659734491 9318138
1659734492 9375244
1659734493 9626194
1659734494 9256148
1659734495 10874764
1659734496 8450844
1659734497 8811480
1659734498 9093508
1659734499 10544702
1659734500 8835294
1659734501 11066922
1659734502 9424678
1659734503 10033420
1659734504 10737598
1659734505 8769804
1659734506 8415672
1659734507 8769400
1659734508 9108702
1659734509 11374902
1659734510 10901218
1659734511 11855792
1659734512 10930810
1659734513 12026438
1659734514 10605786
1659734515 9587694
1659734516 9194802
1659734517 10577608
1659734518 9631152
1659734519 9270048
1659734520 8063156
1659734521 9580534
1659734522 9992310
1659734523 9505888
1659734524 8637384
1659734525 11057122
1659734526 10434604
1659734527 9479806
1659734528 8635506
1659734529 11047650
1659734530 9482324
1659734531 10194084
1659734532 9448432
1659734533 8538514
1659734534 9044960
1659734535 8430254
1659734536 8753298
1659734537 10468498
1659734538 10036722
1659734539 8586468
1659734540 7845686
1659734541 9788684
1659734542 11434432
1659734543 9353892
1659734544 10170062
1659734545 9789676
1659734546 9189604
1659734547 9538052
1659734548 9763354
1659734549 10407712
1659734550 10374688
1659734551 9100112
1659734552 9720496
1659734553 9330582
1659734554 9498362
1659734555 9717146
1659734556 10767588
1659734557 9974286
1659734558 8444408
1659734559 9304320
1659734560 9435234
1659734561 9481700
1659734562 10279212
1659734563 9804716
1659734564 8826512
1659734565 8591162
1659734566 10057242
1659734567 10139294
1659734568 9815716
1659734569 8778654
1659734570 8317320
1659734571 9837626
1659734572 8348850
1659734573 5770852
1659734574 7874130
1659734575 6457028
1659734576 5851740
1659734577 6209988
1659734578 7218050
1659734579 7226394
1659734580 6173070
1659734581 5971114
1659734582 7783968
1659734583 6538316
1659734584 6582642
1659734585 5170454
1659734586 6272140
1659734587 5919116
1659734588 7540832
1659734589 6460920
1659734590 6058324
1659734591 6811490
1659734592 5352542
1659734593 7371176
1659734594 7019338
1659734595 6973720
1659734596 5990712
1659734597 4876300
1659734598 7199094
1659734599 6429310
1659734600 6750262
1659734601 6605680
1659734602 6690402
1659734603 5859510
1659734604 7540900
1659734605 5937606
1659734606 6571608
1659734607 6154032
1659734608 5928228
1659734609 4862850
1659734610 6684604
1659734611 5019860
1659734612 5456874
1659734613 6782470
1659734614 6392120
1659734615 5968470
1659734616 7347862
1659734617 7557948
1659734618 7102640
1659734619 6383524
1659734620 6502236
1659734621 6427620
1659734622 5450376
1659734623 5562554
1659734624 7558116
1659734625 6511174
1659734626 6310650
1659734627 5158446
1659734628 6109832
1659734629 7361660
1659734630 5755504
1659734631 5915872
1659734632 6849140
1659734633 5206476
1659734634 6160248
1659734635 5425754
1659734636 7512742
1659734637 5505674
1659734638 7027454
1659734639 7844160
1659734640 5870528
1659734641 6613458
1659734642 6325604
1659734643 6195490
1659734644 7251484
1659734645 5570798
1659734646 9002508
1659734647 11392890
1659734648 9935642
1659734649 10949488
1659734650 8823200
1659734651 8845002
1659734652 9818098
1659734653 8649340
1659734654 8491590
1659734655 8918014
1659734656 9793836
1659734657 10042308
1659734658 11418630
1659734659 10275642
1659734660 8637364
1659734661 9465910
1659734662 9096082
1659734663 9619736
1659734664 8808112
1659734665 8839310
1659734666 9318666
1659734667 8523014
1659734668 9681560
1659734669 8923674
1659734670 8627082
1659734671 9284436
1659734672 10700076
1659734673 10858410
1659734674 9319228
1659734675 7613114
1659734676 8774616
1659734677 12065896
1659734678 9376968
1659734679 9288162
1659734680 9339864
1659734681 8868508
1659734682 9274746
1659734683 10452954
1659734684 8584930
1659734685 9859874
1659734686 10018888
1659734687 9325362
1659734688 8450668
1659734689 8882718
1659734690 9311110
1659734691 9438486
1659734692 8576354
1659734693 10511474
1659734694 8711666
1659734695 8533710
1659734696 9479480
1659734697 9471450
1659734698 10525710
1659734699 9584882
1659734700 9072270
1659734701 10545934
1659734702 9493492
1659734703 10941338
1659734704 9273600
1659734705 9105784
1659734706 9677958
1659734707 10218698
1659734708 10343486
1659734709 9779080
1659734710 9589270
1659734711 9453230
1659734712 8868454
1659734713 9789330
1659734714 10250016
1659734715 9314222
1659734716 8533858
1659734717 9087000
1659734718 10702730
1659734719 9020594
1659734720 10181934
1659734721 9312302
1659734722 10948360
1659734723 8925258
1659734724 10882630
1659734725 8001476
1659734726 9021402
1659734727 10511004
1659734728 10114974
1659734729 8975962
1659734730 8039822
1659734731 9279802
1659734732 9542000
1659734733 9540170
1659734734 10593690
1659734735 9059988
1659734736 9363496
1659734737 10634724
1659734738 9118388
1659734739 9312674
1659734740 10418864
1659734741 9355500
1659734742 8759366
1659734743 9164684
1659734744 9550628
1659734745 8350494
1659734746 9118102
1659734747 10613264
1659734748 9822100
1659734749 9256550
1659734750 8596764
1659734751 9659530
1659734752 9233012
1659734753 10079184
1659734754 9351232
1659734755 8569406
1659734756 8744654
1659734757 9770260
1659734758 9249576
1659734759 10456312
1659734760 9246850
1659734761 8789672
1659734762 10135876
1659734763 9613980
1659734764 9656128
1659734765 9297186
1659734766 9860284
1659734767 11148576
1659734768 9611180
1659734769 9700472
1659734770 8199698
1659734771 10200346
1659734772 8917324
1659734773 9486452
1659734774 10398752
1659734775 10128918
1659734776 9205206
1659734777 9001026
1659734778 9662056
1659734779 9637274
1659734780 7809332
1659734781 10356300
1659734782 9269646
1659734783 9697890
1659734784 10322714
1659734785 9818714
1659734786 9853598
1659734787 9015156
1659734788 9730924
1659734789 9805356
1659734790 10409298
1659734791 10469948
1659734792 10388830
1659734793 8604544
1659734794 10728534
1659734795 8508282
1659734796 9777504
1659734797 9722482
1659734798 9838674
1659734799 9316612
1659734800 9032298
1659734801 10726198
1659734802 11981126
1659734803 9698224
1659734804 9128562
1659734805 9387916
1659734806 8268638
1659734807 9169602
1659734808 10751242
1659734809 9087336
1659734810 8512880
1659734811 9822510
1659734812 11297078
1659734813 9445620
1659734814 8927318
1659734815 9736454
1659734816 9084492
1659734817 10217588
1659734818 8942754
1659734819 9085126
1659734820 8426570
1659734821 10797590
1659734822 9464284
1659734823 9166434
1659734824 10342022
1659734825 9143342
1659734826 8982118
1659734827 10100604
1659734828 9633384
1659734829 9824126
1659734830 9122076
1659734831 8350614
1659734832 10331632
1659734833 11627098
1659734834 10098842
1659734835 8240536
1659734836 8627920
1659734837 10096986
1659734838 9413854
1659734839 9388588
1659734840 8305868
1659734841 8615472
1659734842 10340212
1659734843 10660804
1659734844 10281042
1659734845 8975220
1659734846 10719992
1659734847 10115672
1659734848 10197536
1659734849 9495670
1659734850 8239696
1659734851 8579702
1659734852 9879936
1659734853 10830914
1659734854 9516686
1659734855 10291944
1659734856 9779180
1659734857 9403352
1659734858 11430466
1659734859 9288368
1659734860 8831382
1659734861 9942144
1659734862 9873102
1659734863 9275756
1659734864 8758268
1659734865 9577422
1659734866 10161252
1659734867 9247230
1659734868 9494194
1659734869 10255524
1659734870 9552724
1659734871 8992652
1659734872 10474940
1659734873 10247688
1659734874 10161118
1659734875 8084748
1659734876 10168910
1659734877 10029744
1659734878 10377824
1659734879 9420286
1659734880 8627758
1659734881 10723886
1659734882 9365808
1659734883 9071152
1659734884 9300448
1659734885 9411702
1659734886 9473728
1659734887 11258498
1659734888 10394714
1659734889 10484066
1659734890 10048348
1659734891 9892812
1659734892 8952970
1659734893 9391256
1659734894 9635858
1659734895 8924540
1659734896 11237962
1659734897 9309064
1659734898 8687048
1659734899 9934842
1659734900 9278966
1659734901 10427560
1659734902 9476756
1659734903 10960682
1659734904 9147216
1659734905 10614180
1659734906 9815432
1659734907 9240004
1659734908 11372526
1659734909 9904274
1659734910 8398382
1659734911 8577000
1659734912 9492854
1659734913 10488628
1659734914 9479038
1659734915 8573168
1659734916 9517760
1659734917 9919272
1659734918 9206756
1659734919 9743536
1659734920 10215738
1659734921 9222846
1659734922 9367622
1659734923 8659992
1659734924 10266748
1659734925 9595322
1659734926 9731024
1659734927 9509102
1659734928 9182056
1659734929 9356844
1659734930 8727732
1659734931 11127058
1659734932 9854028
1659734933 10259604
1659734934 10018782
1659734935 10064634
1659734936 9166828
1659734937 9388050
1659734938 8995454
1659734939 9230036
1659734940 9076762
1659734941 9298962
1659734942 8322004
1659734943 9168650
1659734944 10417046
1659734945 9854598
1659734946 9773416
1659734947 8733618
1659734948 9102516
1659734949 9307854
1659734950 10504638
1659734951 10301116
1659734952 8763266
1659734953 9279194
1659734954 9130336
1659734955 11184548
1659734956 9720934
1659734957 9677650
1659734958 9741650
1659734959 11450964
1659734960 8773750
1659734961 7600626
1659734962 6977376
1659734963 5858536
1659734964 6047994
1659734965 6083038
1659734966 7912094
1659734967 5949878
1659734968 5906194
1659734969 6295488
1659734970 6325784
1659734971 8038574
1659734972 7570298
1659734973 6243802
1659734974 5865016
1659734975 5999126
1659734976 6015746
1659734977 6301672
1659734978 4703906
1659734979 6645040
1659734980 5141562
1659734981 7062898
1659734982 6783094
1659734983 5683094
1659734984 6419348
1659734985 5433258
1659734986 7726204
1659734987 6202978
1659734988 6161226
1659734989 5209038
1659734990 5465432
1659734991 6551260
1659734992 6468108
1659734993 6990742
1659734994 6446528
1659734995 5989664
1659734996 5700146
1659734997 7565014
1659734998 6311404
1659734999 5319066
1659735000 186
