# events called
1659659906 8818
1659659907 3549708
1659659908 8578
1659659909 10402018
1659659910 14491440
1659659911 14441366
1659659912 14883876
1659659913 13905372
1659659914 14330928
1659659915 14303160
1659659916 14057554
1659659917 13926476
1659659918 13395420
1659659919 13832216
1659659920 14014112
1659659921 14170154
1659659922 13887602
1659659923 13745114
1659659924 13570238
1659659925 14299916
1659659926 14362818
1659659927 14245818
1659659928 13431460
1659659929 13722522
1659659930 14064690
1659659931 14358308
1659659932 14275002
1659659933 13544808
1659659934 14321534
1659659935 13658520
1659659936 14090340
1659659937 14339582
1659659938 13355718
1659659939 14102434
1659659940 13931724
1659659941 13672332
1659659942 14119602
1659659943 13159522
1659659944 13708744
1659659945 13368394
1659659946 13698792
1659659947 14192422
1659659948 13428270
1659659949 13899000
1659659950 13554152
1659659951 14051602
1659659952 13697722
1659659953 13306502
1659659954 13604696
1659659955 13752834
1659659956 13030232
1659659957 13877264
1659659958 13479102
1659659959 14125718
1659659960 13939166
1659659961 13566176
1659659962 13813040
1659659963 13626360
1659659964 13985326
1659659965 13865134
1659659966 14186934
1659659967 14225666
1659659968 13907956
1659659969 14029388
1659659970 13873838
1659659971 13565082
1659659972 14151186
1659659973 13196344
1659659974 14135622
1659659975 13964980
1659659976 13842860
1659659977 14191768
1659659978 13143416
1659659979 13870122
1659659980 14354816
1659659981 13960996
1659659982 14234254
1659659983 13664092
1659659984 13736624
1659659985 14270910
1659659986 13808512
1659659987 14251464
1659659988 13323350
1659659989 14480704
1659659990 14314080
1659659991 14054926
1659659992 14462358
1659659993 13624118
1659659994 14327254
1659659995 14162064
1659659996 14412602
1659659997 13834050
1659659998 13659644
1659659999 14930316
1659660000 14566972
1659660001 14401402
1659660002 13545428
1659660003 13568212
1659660004 14563242
1659660005 14141016
1659660006 14662992
1659660007 14090542
1659660008 13681736
1659660009 14147030
1659660010 14730224
1659660011 14297614
1659660012 14440142
1659660013 13592978
1659660014 14308458
1659660015 14116760
1659660016 14285034
1659660017 14273160
1659660018 13088204
1659660019 14742284
1659660020 14306398
1659660021 14139094
1659660022 13897684
1659660023 12788676
1659660024 14425688
1659660025 14582798
1659660026 14369572
1659660027 13809504
1659660028 13017014
1659660029 14464186
1659660030 13974356
1659660031 14047958
1659660032 13936408
1659660033 13022498
1659660034 14305478
1659660035 14169350
1659660036 13977170
1659660037 14291754
1659660038 13060774
1659660039 14272522
1659660040 14496572
1659660041 14519044
1659660042 14368002
1659660043 13519176
1659660044 14102828
1659660045 14717618
1659660046 14551318
1659660047 14456956
1659660048 14298896
1659660049 14557368
1659660050 14280548
1659660051 14307588
1659660052 14143262
1659660053 13364532
1659660054 14683226
1659660055 14412624
1659660056 13977552
1659660057 14483988
1659660058 14466186
1659660059 14125326
1659660060 14139704
1659660061 13776798
1659660062 14295452
1659660063 14179298
1659660064 14220622
1659660065 14012792
1659660066 13731016
1659660067 14382492
1659660068 14366450
1659660069 14450426
1659660070 15031700
1659660071 14149048
1659660072 14291576
1659660073 14596396
1659660074 14627302
1659660075 14590258
1659660076 13970696
1659660077 14025616
1659660078 13726358
1659660079 14216202
1659660080 14499550
1659660081 13681170
1659660082 14019350
1659660083 14765230
1659660084 13899612
1659660085 14528786
1659660086 13878342
1659660087 13979300
1659660088 14808406
1659660089 14055996
1659660090 14628168
1659660091 14165844
1659660092 14710898
1659660093 14329618
1659660094 14656704
1659660095 14203564
1659660096 13167646
1659660097 13788672
1659660098 14559708
1659660099 14393820
1659660100 14083108
1659660101 13645474
1659660102 14302208
1659660103 14397926
1659660104 14406434
1659660105 14223980
1659660106 13477312
1659660107 14268134
1659660108 14280824
1659660109 14217796
1659660110 14630924
1659660111 13137422
1659660112 13462640
1659660113 14663498
1659660114 14224934
1659660115 14616958
1659660116 13612994
1659660117 14472358
1659660118 13973294
1659660119 14453592
1659660120 14593000
1659660121 13732368
1659660122 14360432
1659660123 14367786
1659660124 14057216
1659660125 14278578
1659660126 13550144
1659660127 14170554
1659660128 14300250
1659660129 14988762
1659660130 14588110
1659660131 13863566
1659660132 14164778
1659660133 14588284
1659660134 14611196
1659660135 14449104
1659660136 13555926
1659660137 14639720
1659660138 14253422
1659660139 14171424
1659660140 14390614
1659660141 14018908
1659660142 14370198
1659660143 14741852
1659660144 14048414
1659660145 14557744
1659660146 13942584
1659660147 14117404
1659660148 14834082
1659660149 14163756
1659660150 14343452
1659660151 13363748
1659660152 13898528
1659660153 14313328
1659660154 14468794
1659660155 14430308
1659660156 14039444
1659660157 13963334
1659660158 14258256
1659660159 14495026
1659660160 14625484
1659660161 14244540
1659660162 14327038
1659660163 14265416
1659660164 14434856
1659660165 14431948
1659660166 13457030
1659660167 14019118
1659660168 14427184
1659660169 14656950
1659660170 14953506
1659660171 13416950
1659660172 13760734
1659660173 14349312
1659660174 14497912
1659660175 14539262
1659660176 13498272
1659660177 14299644
1659660178 14295162
1659660179 14452698
1659660180 14513832
1659660181 13491076
1659660182 14038816
1659660183 14091650
1659660184 14619866
1659660185 14484470
1659660186 13806750
1659660187 14528626
1659660188 14047854
1659660189 14412752
1659660190 13894322
1659660191 13495006
1659660192 14649210
1659660193 13883508
1659660194 14592928
1659660195 14340132
1659660196 13442344
1659660197 14350860
1659660198 13956938
1659660199 14365018
1659660200 14307158
1659660201 13952348
1659660202 14344448
1659660203 14394972
1659660204 14578474
1659660205 14258370
1659660206 13654644
1659660207 14735332
1659660208 14837420
1659660209 14050260
1659660210 14555174
1659660211 13432138
1659660212 13895990
1659660213 14070648
1659660214 14112382
1659660215 14529522
1659660216 13853086
1659660217 14251620
1659660218 14321774
1659660219 13794938
1659660220 14406756
1659660221 13767120
1659660222 14275004
1659660223 14460952
1659660224 14096042
1659660225 14722136
1659660226 13878128
1659660227 14682980
1659660228 13911330
1659660229 14566202
1659660230 14093562
1659660231 13964402
1659660232 14635302
1659660233 14445774
1659660234 14403962
1659660235 13757170
1659660236 14190612
1659660237 14616802
1659660238 14391736
1659660239 14311152
1659660240 14327830
1659660241 13985596
1659660242 14639068
1659660243 14435592
1659660244 14159556
1659660245 14069786
1659660246 13415838
1659660247 14776496
1659660248 14607300
1659660249 14148676
1659660250 13812526
1659660251 13762266
1659660252 14309088
1659660253 14397396
1659660254 14201136
1659660255 14398390
1659660256 13818418
1659660257 14251584
1659660258 14251454
1659660259 14159710
1659660260 13886860
1659660261 13430106
1659660262 14890334
1659660263 14405208
1659660264 14423330
1659660265 14490922
1659660266 13222252
1659660267 14701128
1659660268 14407090
1659660269 14703146
1659660270 14676546
1659660271 13277360
1659660272 14751796
1659660273 14342708
1659660274 13978572
1659660275 14096376
1659660276 13056204
1659660277 14773902
1659660278 14464974
1659660279 14226686
1659660280 14097124
1659660281 13934800
1659660282 13915124
1659660283 14539794
1659660284 13896128
1659660285 14296480
1659660286 13577132
1659660287 14523428
1659660288 14284990
1659660289 14226888
1659660290 14338266
1659660291 13644740
1659660292 14181426
1659660293 14109990
1659660294 14474780
1659660295 14443174
1659660296 14291236
1659660297 14497972
1659660298 14267136
1659660299 14371120
1659660300 14607610
1659660301 13944064
1659660302 13944368
1659660303 14315100
1659660304 14221520
1659660305 14170162
1659660306 13623672
1659660307 14274702
1659660308 14110100
1659660309 14461774
1659660310 14444262
1659660311 13978756
1659660312 13899606
1659660313 14213126
1659660314 14797842
1659660315 14559860
1659660316 13657274
1659660317 14267914
1659660318 14466626
1659660319 14331114
1659660320 14518230
1659660321 14185292
1659660322 13765608
1659660323 14310546
1659660324 14606008
1659660325 14307630
1659660326 13382994
1659660327 14127552
1659660328 13900172
1659660329 13821968
1659660330 13870782
1659660331 13161994
1659660332 13936360
1659660333 14343964
1659660334 14502874
1659660335 14529644
1659660336 13360482
1659660337 14599522
1659660338 14357660
1659660339 14221074
1659660340 13816482
1659660341 14066128
1659660342 14449384
1659660343 13814850
1659660344 14373446
1659660345 14033278
1659660346 13760716
1659660347 14114188
1659660348 14028174
1659660349 14291668
1659660350 13686584
1659660351 13960408
1659660352 14425066
1659660353 14018016
1659660354 13618350
1659660355 13708068
1659660356 14155350
1659660357 14136612
1659660358 14339044
1659660359 14600698
1659660360 13677922
1659660361 13313760
1659660362 14498074
1659660363 14487114
1659660364 14146448
1659660365 13521692
1659660366 13594064
1659660367 14082780
1659660368 13842892
1659660369 14330668
1659660370 13541444
1659660371 14144846
1659660372 14001146
1659660373 14086828
1659660374 14366756
1659660375 13264954
1659660376 13839596
1659660377 14184304
1659660378 14343542
1659660379 14615386
1659660380 13873606
1659660381 13668330
1659660382 14211702
1659660383 14260676
1659660384 14345992
1659660385 13992860
1659660386 13609124
1659660387 14049652
1659660388 14488122
1659660389 13845524
1659660390 13917864
1659660391 14685184
1659660392 14057274
1659660393 14290002
1659660394 14038894
1659660395 13941920
1659660396 14649630
1659660397 14363788
1659660398 14546780
1659660399 14447118
1659660400 13894180
1659660401 14363658
1659660402 13857412
1659660403 15049222
1659660404 14466354
1659660405 13692940
1659660406 14204960
1659660407 14432238
1659660408 14567200
1659660409 14785050
1659660410 14042876
1659660411 14620444
1659660412 13847268
1659660413 14074964
1659660414 14424956
1659660415 13705172
1659660416 14471150
1659660417 14171816
1659660418 14311800
1659660419 14599000
1659660420 13915824
1659660421 13425098
1659660422 13902316
1659660423 14648918
1659660424 14326716
1659660425 14071452
1659660426 14099070
1659660427 13822622
1659660428 14563012
1659660429 14653408
1659660430 13263024
1659660431 14636338
1659660432 14486912
1659660433 14255514
1659660434 14465050
1659660435 12777484
1659660436 14125178
1659660437 14369660
1659660438 14871440
1659660439 14606592
1659660440 13739826
1659660441 14556176
1659660442 14047210
1659660443 14436584
1659660444 14373676
1659660445 13909250
1659660446 13129964
1659660447 14477270
1659660448 14573340
1659660449 14541496
1659660450 13950248
1659660451 14619924
1659660452 14122434
1659660453 14538242
1659660454 14561834
1659660455 14212612
1659660456 13750954
1659660457 14519174
1659660458 14408096
1659660459 14398224
1659660460 13659568
1659660461 13801516
1659660462 14538988
1659660463 14167066
1659660464 14559112
1659660465 13923252
1659660466 14328318
1659660467 14696492
1659660468 14321140
1659660469 14495814
1659660470 13571204
1659660471 13263744
1659660472 14497310
1659660473 14217634
1659660474 14660912
1659660475 14040962
1659660476 13973236
1659660477 14395284
1659660478 14661722
1659660479 14465098
1659660480 13820976
1659660481 14266126
1659660482 14261366
1659660483 14182354
1659660484 14109472
1659660485 13615584
1659660486 13806314
1659660487 14627158
1659660488 14550546
1659660489 14787106
1659660490 13472636
1659660491 13899162
1659660492 14218860
1659660493 14082700
1659660494 14293166
1659660495 14028026
1659660496 14247998
1659660497 13972572
1659660498 14108678
1659660499 14147442
1659660500 13855026
1659660501 13717480
1659660502 14372292
1659660503 14469060
1659660504 14931436
1659660505 14300552
1659660506 13531364
1659660507 14385508
1659660508 14302470
1659660509 14151482
1659660510 13789058
1659660511 14273684
1659660512 14439746
1659660513 14132844
1659660514 14416258
1659660515 13701118
1659660516 13704440
1659660517 14712822
1659660518 14269724
1659660519 14435688
1659660520 13895506
1659660521 13664074
1659660522 14604408
1659660523 14787668
1659660524 15143246
1659660525 14028910
1659660526 14223590
1659660527 14188104
1659660528 14665544
1659660529 14326940
1659660530 13610060
1659660531 13378216
1659660532 14271562
1659660533 14270684
1659660534 14421570
1659660535 13943304
1659660536 13715586
1659660537 14354562
1659660538 14153800
1659660539 14421866
1659660540 13946000
1659660541 13805670
1659660542 14157600
1659660543 14292714
1659660544 14282350
1659660545 13847884
1659660546 14198592
1659660547 14555278
1659660548 14619596
1659660549 14543636
1659660550 13825048
1659660551 14014956
1659660552 13876166
1659660553 14402714
1659660554 14479012
1659660555 13788854
1659660556 14445122
1659660557 13838090
1659660558 14633768
1659660559 14443230
1659660560 13396254
1659660561 13488052
1659660562 14699532
1659660563 14364822
1659660564 14487280
1659660565 13974800
1659660566 14277288
1659660567 14284010
1659660568 14096378
1659660569 14925744
1659660570 14347340
1659660571 13944128
1659660572 14063070
1659660573 14326048
1659660574 14087158
1659660575 13614858
1659660576 13020082
1659660577 14338368
1659660578 14561694
1659660579 14733622
1659660580 13904806
1659660581 13848338
1659660582 14697526
1659660583 14271910
1659660584 14239854
1659660585 14657962
1659660586 13893838
1659660587 14630638
1659660588 14016956
1659660589 14326206
1659660590 13996628
1659660591 13464522
1659660592 14694238
1659660593 14337108
1659660594 14298988
1659660595 13767856
1659660596 13839076
1659660597 14718718
1659660598 14126118
1659660599 14452462
1659660600 13912412
1659660601 13919898
1659660602 14613342
1659660603 14404462
1659660604 14435282
1659660605 13637326
1659660606 13846580
1659660607 13898206
1659660608 14232550
1659660609 14419054
1659660610 14227628
1659660611 14130540
1659660612 14518898
1659660613 13976614
1659660614 14444394
1659660615 13921964
1659660616 14366628
1659660617 13995764
1659660618 14158012
1659660619 14345226
1659660620 14050974
1659660621 13680970
1659660622 13546392
1659660623 14268308
1659660624 14076812
1659660625 13840428
1659660626 14243642
1659660627 14486406
1659660628 14131036
1659660629 14835926
1659660630 13978294
1659660631 14108654
1659660632 13925748
1659660633 14207162
1659660634 14308298
1659660635 14037672
1659660636 13758890
1659660637 14322034
1659660638 14200096
1659660639 14641248
1659660640 13880940
1659660641 13887052
1659660642 14417292
1659660643 14170296
1659660644 14313726
1659660645 14723458
1659660646 13606058
1659660647 13700564
1659660648 14039532
1659660649 14405728
1659660650 14358540
1659660651 13569346
1659660652 14451646
1659660653 14872980
1659660654 14340094
1659660655 14223354
1659660656 13658174
1659660657 14391886
1659660658 14728740
1659660659 14754578
1659660660 14606592
1659660661 13367518
1659660662 13882492
1659660663 14079050
1659660664 14242278
1659660665 13749710
1659660666 13605230
1659660667 14403152
1659660668 14376406
1659660669 14131246
1659660670 14367272
1659660671 13635532
1659660672 14106644
1659660673 14314732
1659660674 14189782
1659660675 14182788
1659660676 13399904
1659660677 14112664
1659660678 14564080
1659660679 14351714
1659660680 14458122
1659660681 13552898
1659660682 14129452
1659660683 14210690
1659660684 14780858
1659660685 13791216
1659660686 13596792
1659660687 14399072
1659660688 14182726
1659660689 14702518
1659660690 14003000
1659660691 13734672
1659660692 14804768
1659660693 14338970
1659660694 14724502
1659660695 13901044
1659660696 13464494
1659660697 14360030
1659660698 14223768
1659660699 14269024
1659660700 14150580
1659660701 12035700
1659660702 14204866
1659660703 14423314
1659660704 14448072
1659660705 14316980
1659660706 13183736
1659660707 14138290
1659660708 13816796
1659660709 14336238
1659660710 14338060
1659660711 13193064
1659660712 14693288
1659660713 14840582
1659660714 14089214
1659660715 14324622
1659660716 13586658
1659660717 14513028
1659660718 14179124
1659660719 14229014
1659660720 14552222
1659660721 13431324
1659660722 14315260
1659660723 14343910
1659660724 14614434
1659660725 14280214
1659660726 13593448
1659660727 14434176
1659660728 14259842
1659660729 14309728
1659660730 14649686
1659660731 13855418
1659660732 14261248
1659660733 14401702
1659660734 14408376
1659660735 14589350
1659660736 13461860
1659660737 14840566
1659660738 14571146
1659660739 14694154
1659660740 14740184
1659660741 13697206
1659660742 14063372
1659660743 14174476
1659660744 14890730
1659660745 14521906
1659660746 13843194
1659660747 14332248
1659660748 14590732
1659660749 13999104
1659660750 14437666
1659660751 13161766
1659660752 14888938
1659660753 14969946
1659660754 14661928
1659660755 14649814
1659660756 13479332
1659660757 14144816
1659660758 14567056
1659660759 14585158
1659660760 14359640
1659660761 13910122
1659660762 14507262
1659660763 14117270
1659660764 14280944
1659660765 14069806
1659660766 13032688
1659660767 14423406
1659660768 14649002
1659660769 14580032
1659660770 14026732
1659660771 14144380
1659660772 14578774
1659660773 14244996
1659660774 14447146
1659660775 14332206
1659660776 13947974
1659660777 14366962
1659660778 13805002
1659660779 14212246
1659660780 14270630
1659660781 13295350
1659660782 13585504
1659660783 14404276
1659660784 14122532
1659660785 14615526
1659660786 13772726
1659660787 14746938
1659660788 13834782
1659660789 14425902
1659660790 14577398
1659660791 13483982
1659660792 14316606
1659660793 14035334
1659660794 14263204
1659660795 14549494
1659660796 12985240
1659660797 14424346
1659660798 14142668
1659660799 14581064
1659660800 13962186
1659660801 13491242
1659660802 14350704
1659660803 14901842
1659660804 14677746
1659660805 14689474
1659660806 13337448
1659660807 14284884
1659660808 14304562
1659660809 14335582
1659660810 14049768
1659660811 12450870
1659660812 14655210
1659660813 14197870
1659660814 14571788
1659660815 14496938
1659660816 13626392
1659660817 14423270
1659660818 14356824
1659660819 14431516
1659660820 14391810
1659660821 13383570
1659660822 13918880
1659660823 14190652
1659660824 14513748
1659660825 14455418
1659660826 13472890
1659660827 14833656
1659660828 14358500
1659660829 14962408
1659660830 14344270
1659660831 13295324
1659660832 14640284
1659660833 14775226
1659660834 14665074
1659660835 14570064
1659660836 14107562
1659660837 14021852
1659660838 14334524
1659660839 14430316
1659660840 14260404
1659660841 13665306
1659660842 13903564
1659660843 14461330
1659660844 14165100
1659660845 14390972
1659660846 13600310
1659660847 13914800
1659660848 14344876
1659660849 14264294
1659660850 14577624
1659660851 13872974
1659660852 14059876
1659660853 14276036
1659660854 14327556
1659660855 14527328
1659660856 13258936
1659660857 13746848
1659660858 14115078
1659660859 14901744
1659660860 14432898
1659660861 13535730
1659660862 13930860
1659660863 14161356
1659660864 13938172
1659660865 14378132
1659660866 13345166
1659660867 13861752
1659660868 13628016
1659660869 14344172
1659660870 14511402
1659660871 13843702
1659660872 14505804
1659660873 13907738
1659660874 14832928
1659660875 14568976
1659660876 14091748
1659660877 14629898
1659660878 13775034
1659660879 14434126
1659660880 14699546
1659660881 13802202
1659660882 14272352
1659660883 13880134
1659660884 14417758
1659660885 14186690
1659660886 13881102
1659660887 14110288
1659660888 14303890
1659660889 14363424
1659660890 13838622
1659660891 13297022
1659660892 14226668
1659660893 13904504
1659660894 13953302
1659660895 14428866
1659660896 13701110
1659660897 14478980
1659660898 14523172
1659660899 13993558
1659660900 14243238
1659660901 13693976
1659660902 14368100
1659660903 13933576
1659660904 13725586
1659660905 14230832
1659660906 13407116
1659660907 14528212
1659660908 14791466
1659660909 14647036
1659660910 14457228
1659660911 13902616
1659660912 14387630
1659660913 14374380
1659660914 14074000
1659660915 14195322
1659660916 13750408
1659660917 14733556
1659660918 14566878
1659660919 14288108
1659660920 14608592
1659660921 13648428
1659660922 14188014
1659660923 14344704
1659660924 14603130
1659660925 14143318
1659660926 13707618
1659660927 14184888
1659660928 14404018
1659660929 14341416
1659660930 13863338
1659660931 13575664
1659660932 14380086
1659660933 14560436
1659660934 14584822
1659660935 13939058
1659660936 13711374
1659660937 14238994
1659660938 14490012
1659660939 13944780
1659660940 14219484
1659660941 13581202
1659660942 14214372
1659660943 14164734
1659660944 14399162
1659660945 14303018
1659660946 13828632
1659660947 14304314
1659660948 14437384
1659660949 14816124
1659660950 14098234
1659660951 13893928
1659660952 13939214
1659660953 14923992
1659660954 14081312
1659660955 13967596
1659660956 13775036
1659660957 14272494
1659660958 13875694
1659660959 14389966
1659660960 13901078
1659660961 13435348
1659660962 14588548
1659660963 14257136
1659660964 14384684
1659660965 14194632
1659660966 13737654
1659660967 14235252
1659660968 14457438
1659660969 14002114
1659660970 14122514
1659660971 13644490
1659660972 14297126
1659660973 14433546
1659660974 14442066
1659660975 14306158
1659660976 13195030
1659660977 14317962
1659660978 14311030
1659660979 14292494
1659660980 14248388
1659660981 13262100
1659660982 14766796
1659660983 13954798
1659660984 14665486
1659660985 14504406
1659660986 13338412
1659660987 14864878
1659660988 14217710
1659660989 14461250
1659660990 14151010
1659660991 12708096
1659660992 14053830
1659660993 14408814
1659660994 14140790
1659660995 14241024
1659660996 13106716
1659660997 14530990
1659660998 14424452
1659660999 14448452
1659661000 14041618
1659661001 13057386
1659661002 14296334
1659661003 13882096
1659661004 14079110
1659661005 14493742
1659661006 13051354
1659661007 13974356
1659661008 14719556
1659661009 15013082
1659661010 14899908
1659661011 13495804
1659661012 13846060
1659661013 14437496
1659661014 14220360
1659661015 14472102
1659661016 13744706
1659661017 14358870
1659661018 14347656
1659661019 14090936
1659661020 14080580
1659661021 13082814
1659661022 14149560
1659661023 13994052
1659661024 14551400
1659661025 14350970
1659661026 13929072
1659661027 13895092
1659661028 14191876
1659661029 14672206
1659661030 14884578
1659661031 13367126
1659661032 13979468
1659661033 14101668
1659661034 14348334
1659661035 14492724
1659661036 14016174
1659661037 14324294
1659661038 14029588
1659661039 14278828
1659661040 14523968
1659661041 14113138
1659661042 14387968
1659661043 13437782
1659661044 14474390
1659661045 14499562
1659661046 14029646
1659661047 14690396
1659661048 14374814
1659661049 14505774
1659661050 14031924
1659661051 14026312
1659661052 14536192
1659661053 14226756
1659661054 14115758
1659661055 14323330
1659661056 13654900
1659661057 14540920
1659661058 14355294
1659661059 13764560
1659661060 14321716
1659661061 13341868
1659661062 14248300
1659661063 14053820
1659661064 13701714
1659661065 13988290
1659661066 13532672
1659661067 14431128
1659661068 14322308
1659661069 13975220
1659661070 14366272
1659661071 13503476
1659661072 14391156
1659661073 13842374
1659661074 14111318
1659661075 13986124
1659661076 13650390
1659661077 14371100
1659661078 14593932
1659661079 14293708
1659661080 14069570
1659661081 13245888
1659661082 14584126
1659661083 14129648
1659661084 13300472
1659661085 14619890
1659661086 13521420
1659661087 14333602
1659661088 14213764
1659661089 13934062
1659661090 14383274
1659661091 13430184
1659661092 14430350
1659661093 14201282
1659661094 14316276
1659661095 14371308
1659661096 13642106
1659661097 14559906
1659661098 14088578
1659661099 13947054
1659661100 14107680
1659661101 13245996
1659661102 14021880
1659661103 14131340
1659661104 14376894
1659661105 13976494
1659661106 13436432
1659661107 14564614
1659661108 14463586
1659661109 5203218
1659661110 1222


# events submitted
1659659906 8818
1659659907 3549708
1659659908 8578
1659659909 10366302
1659659910 14442556
1659659911 14402656
1659659912 14859066
1659659913 13867746
1659659914 14304210
1659659915 14267558
1659659916 14039382
1659659917 13896576
1659659918 13367678
1659659919 13810634
1659659920 13986880
1659659921 14134020
1659659922 13861390
1659659923 13719208
1659659924 13548560
1659659925 14286996
1659659926 14339458
1659659927 14219310
1659659928 13403100
1659659929 13692694
1659659930 14032992
1659659931 14344508
1659659932 14257574
1659659933 13520110
1659659934 14297966
1659659935 13638780
1659659936 14069884
1659659937 14316306
1659659938 13324590
1659659939 14072932
1659659940 13916396
1659659941 13647654
1659659942 14097434
1659659943 13148206
1659659944 13690934
1659659945 13339398
1659659946 13669678
1659659947 14175064
1659659948 13411538
1659659949 13869854
1659659950 13538560
1659659951 14034740
1659659952 13683508
1659659953 13275062
1659659954 13576392
1659659955 13726138
1659659956 13002186
1659659957 13852014
1659659958 13453128
1659659959 14097972
1659659960 13921240
1659659961 13543874
1659659962 13783382
1659659963 13604180
1659659964 13957088
1659659965 13850582
1659659966 14172046
1659659967 14199908
1659659968 13878012
1659659969 14014902
1659659970 13860624
1659659971 13551748
1659659972 14129902
1659659973 13178424
1659659974 11629166
1659659975 9587286
1659659976 10294688
1659659977 10000440
1659659978 9077498
1659659979 10290268
1659659980 9221552
1659659981 9521456
1659659982 11155472
1659659983 9171226
1659659984 10475450
1659659985 11353900
1659659986 9754146
1659659987 9205686
1659659988 9836970
1659659989 7725224
1659659990 6917494
1659659991 7698914
1659659992 7651726
1659659993 6853530
1659659994 8623112
1659659995 6300834
1659659996 8388034
1659659997 8555284
1659659998 6547232
1659659999 6489250
1659660000 7139086
1659660001 6227166
1659660002 7160078
1659660003 6634802
1659660004 5413826
1659660005 7348458
1659660006 6337216
1659660007 7925298
1659660008 6024000
1659660009 7484076
1659660010 7061860
1659660011 7006300
1659660012 7531322
1659660013 6145628
1659660014 7956418
1659660015 8025026
1659660016 6178540
1659660017 6313744
1659660018 6226448
1659660019 6277906
1659660020 7185686
1659660021 6315984
1659660022 7081712
1659660023 6234876
1659660024 7095000
1659660025 6888090
1659660026 8411240
1659660027 6684036
1659660028 6802034
1659660029 5950922
1659660030 7639444
1659660031 9128812
1659660032 6975924
1659660033 5563794
1659660034 7510782
1659660035 6888142
1659660036 6627948
1659660037 7767566
1659660038 4192754
1659660039 3068082
1659660040 2929152
1659660041 3248170
1659660042 4197962
1659660043 2858682
1659660044 4076308
1659660045 4788804
1659660046 3075140
1659660047 3362696
1659660048 4039604
1659660049 2867646
1659660050 3884420
1659660051 4878796
1659660052 3284714
1659660053 3191294
1659660054 4118306
1659660055 3690404
1659660056 3286760
1659660057 2347714
1659660058 3752894
1659660059 2416448
1659660060 3447994
1659660061 4260080
1659660062 3922208
1659660063 1695044
1659660064 3345864
1659660065 3170546
1659660066 2544054
1659660067 3732480
1659660068 3210936
1659660069 4282940
1659660070 3794776
1659660071 4257090
1659660072 4628906
1659660073 2721416
1659660074 1681382
1659660075 2826212
1659660076 3071148
1659660077 3453378
1659660078 3059882
1659660079 4084066
1659660080 2917474
1659660081 2791726
1659660082 2849868
1659660083 3737792
1659660084 4822430
1659660085 4644702
1659660086 2565694
1659660087 3936882
1659660088 2705040
1659660089 3695790
1659660090 2845242
1659660091 3483754
1659660092 4060918
1659660093 4636934
1659660094 2524726
1659660095 3380586
1659660096 3637102
1659660097 2967248
1659660098 3298328
1659660099 3352714
1659660100 3169022
1659660101 4527314
1659660102 3340984
1659660103 4514356
1659660104 4626980
1659660105 3432074
1659660106 4184380
1659660107 3523868
1659660108 3863482
1659660109 4472918
1659660110 3616022
1659660111 3562172
1659660112 3162040
1659660113 3999106
1659660114 3528066
1659660115 3004472
1659660116 4424744
1659660117 4060484
1659660118 4160712
1659660119 3344730
1659660120 4213516
1659660121 3840688
1659660122 3481170
1659660123 3277884
1659660124 4709234
1659660125 3235214
1659660126 3658030
1659660127 2663446
1659660128 3173318
1659660129 3554420
1659660130 3535684
1659660131 4753072
1659660132 4270604
1659660133 3751462
1659660134 2670958
1659660135 4482560
1659660136 4695936
1659660137 2661842
1659660138 3558136
1659660139 2596858
1659660140 4414712
1659660141 3672860
1659660142 3613258
1659660143 1651838
1659660144 4480558
1659660145 3758344
1659660146 2260542
1659660147 4787288
1659660148 2968750
1659660149 2146044
1659660150 2757056
1659660151 2840974
1659660152 3617810
1659660153 4009854
1659660154 2639148
1659660155 3956634
1659660156 2887332
1659660157 4219534
1659660158 3487692
1659660159 4323876
1659660160 4996682
1659660161 3514876
1659660162 3885980
1659660163 4015386
1659660164 3102620
1659660165 4767206
1659660166 3108120
1659660167 3803068
1659660168 4110762
1659660169 2971996
1659660170 4233588
1659660171 4157286
1659660172 3741450
1659660173 2949592
1659660174 4224586
1659660175 3096634
1659660176 3268884
1659660177 4722036
1659660178 3697924
1659660179 2421548
1659660180 3312384
1659660181 3522558
1659660182 3425344
1659660183 2859210
1659660184 1168350
1659660185 3086410
1659660186 2724534
1659660187 2972512
1659660188 3308938
1659660189 4143038
1659660190 3656806
1659660191 2908990
1659660192 5002424
1659660193 2846370
1659660194 3123482
1659660195 3722038
1659660196 2865616
1659660197 2679126
1659660198 2384886
1659660199 4394048
1659660200 4388498
1659660201 3324680
1659660202 4673672
1659660203 3469046
1659660204 4152580
1659660205 2740898
1659660206 4139756
1659660207 4326384
1659660208 4854160
1659660209 2753156
1659660210 2707448
1659660211 3315274
1659660212 3754852
1659660213 4136994
1659660214 2312834
1659660215 3909522
1659660216 3705042
1659660217 3003814
1659660218 3589500
1659660219 2845636
1659660220 2526430
1659660221 3453862
1659660222 3904850
1659660223 3194176
1659660224 3537004
1659660225 4482330
1659660226 3771754
1659660227 3007524
1659660228 3131192
1659660229 4047762
1659660230 4586468
1659660231 3682322
1659660232 3648532
1659660233 3294290
1659660234 3125756
1659660235 2616498
1659660236 4397874
1659660237 4291800
1659660238 3343850
1659660239 4249046
1659660240 4808920
1659660241 4768950
1659660242 4168566
1659660243 4753876
1659660244 3370252
1659660245 4526984
1659660246 3890202
1659660247 3241420
1659660248 3504656
1659660249 3171958
1659660250 3377800
1659660251 3801236
1659660252 2459900
1659660253 3041766
1659660254 4232802
1659660255 4727240
1659660256 3586882
1659660257 2386154
1659660258 4323240
1659660259 3509168
1659660260 3416552
1659660261 3084980
1659660262 5004440
1659660263 2412572
1659660264 3840854
1659660265 4448266
1659660266 3722036
1659660267 2167426
1659660268 3307078
1659660269 4324422
1659660270 3432630
1659660271 4138326
1659660272 4389934
1659660273 3673220
1659660274 3647142
1659660275 4022592
1659660276 2919584
1659660277 1926494
1659660278 3321610
1659660279 2475454
1659660280 4442902
1659660281 4036222
1659660282 2399754
1659660283 3397616
1659660284 3512482
1659660285 3196734
1659660286 2172572
1659660287 4900454
1659660288 3726948
1659660289 3139610
1659660290 2858318
1659660291 3661716
1659660292 3971140
1659660293 4676530
1659660294 4638586
1659660295 3224248
1659660296 2212504
1659660297 4862250
1659660298 5082800
1659660299 3453622
1659660300 4833000
1659660301 4103036
1659660302 2014516
1659660303 3234472
1659660304 2913086
1659660305 3019038
1659660306 4046038
1659660307 3610152
1659660308 3717778
1659660309 3786732
1659660310 4400454
1659660311 3110200
1659660312 2888260
1659660313 2600054
1659660314 3454768
1659660315 4627540
1659660316 2803470
1659660317 3860528
1659660318 1923610
1659660319 3033554
1659660320 1479314
1659660321 5523022
1659660322 6258766
1659660323 6808544
1659660324 6458492
1659660325 7698566
1659660326 6651768
1659660327 7889776
1659660328 6809002
1659660329 6769376
1659660330 6301280
1659660331 7236928
1659660332 6726026
1659660333 8789104
1659660334 8665266
1659660335 5882460
1659660336 5500292
1659660337 6581382
1659660338 7129200
1659660339 7604366
1659660340 5954358
1659660341 6751126
1659660342 7284994
1659660343 6859774
1659660344 7012134
1659660345 7622360
1659660346 6956296
1659660347 8171408
1659660348 7465230
1659660349 6392078
1659660350 8672070
1659660351 5494342
1659660352 7680606
1659660353 7834270
1659660354 8507434
1659660355 7018788
1659660356 7094894
1659660357 6669288
1659660358 6784742
1659660359 5864650
1659660360 5813456
1659660361 5428270
1659660362 6251938
1659660363 7089130
1659660364 7449982
1659660365 6185276
1659660366 6728380
1659660367 6497684
1659660368 7504530
1659660369 6318810
1659660370 7540074
1659660371 6488540
1659660372 6005606
1659660373 8975440
1659660374 8607940
1659660375 6842732
1659660376 6163556
1659660377 7756018
1659660378 6396020
1659660379 8100260
1659660380 7497002
1659660381 7892406
1659660382 6969996
1659660383 6253652
1659660384 7191560
1659660385 5146156
1659660386 4094422
1659660387 2396434
1659660388 3420008
1659660389 3480710
1659660390 4671864
1659660391 3824078
1659660392 3919066
1659660393 4692844
1659660394 3930474
1659660395 3788638
1659660396 3088838
1659660397 4248794
1659660398 3205048
1659660399 4649454
1659660400 3509150
1659660401 3452510
1659660402 3461732
1659660403 3998862
1659660404 3239918
1659660405 3001130
1659660406 4899130
1659660407 4063386
1659660408 4817896
1659660409 2948944
1659660410 2123836
1659660411 3147570
1659660412 4101630
1659660413 2988330
1659660414 2895416
1659660415 3013278
1659660416 4313582
1659660417 3675390
1659660418 4586788
1659660419 2386960
1659660420 3136960
1659660421 2957806
1659660422 4072476
1659660423 4796046
1659660424 4027644
1659660425 4536870
1659660426 3670104
1659660427 4295168
1659660428 4179022
1659660429 4172916
1659660430 2857412
1659660431 4349780
1659660432 3987856
1659660433 2899048
1659660434 3842152
1659660435 3635622
1659660436 2782306
1659660437 3644260
1659660438 2059544
1659660439 4889406
1659660440 3844642
1659660441 2248420
1659660442 3929542
1659660443 3717930
1659660444 3815996
1659660445 3433346
1659660446 3369976
1659660447 3030240
1659660448 3624768
1659660449 3596192
1659660450 3729162
1659660451 4269254
1659660452 3060154
1659660453 3240286
1659660454 2870154
1659660455 1678418
1659660456 3283520
1659660457 3314924
1659660458 3551704
1659660459 2854290
1659660460 1866698
1659660461 2823524
1659660462 2218032
1659660463 2611768
1659660464 3386632
1659660465 1816004
1659660466 3727670
1659660467 4816484
1659660468 3585406
1659660469 5068252
1659660470 3204238
1659660471 4384252
1659660472 3351894
1659660473 2634756
1659660474 4286414
1659660475 1679570
1659660476 3241000
1659660477 1598258
1659660478 1785644
1659660479 4150930
1659660480 3684096
1659660481 3331028
1659660482 2216310
1659660483 4163660
1659660484 3442970
1659660485 2972570
1659660486 2210928
1659660487 2687712
1659660488 3288998
1659660489 3051512
1659660490 3380766
1659660491 4382798
1659660492 3984186
1659660493 3561830
1659660494 3782200
1659660495 4041698
1659660496 3243680
1659660497 4019340
1659660498 2970672
1659660499 2311600
1659660500 3008394
1659660501 2430568
1659660502 2778732
1659660503 3429740
1659660504 2424434
1659660505 4360090
1659660506 1985242
1659660507 4099208
1659660508 4151302
1659660509 3920988
1659660510 4440040
1659660511 2665006
1659660512 3239598
1659660513 3642728
1659660514 4596936
1659660515 2624116
1659660516 2800256
1659660517 4282032
1659660518 3668834
1659660519 4142744
1659660520 4375268
1659660521 3488326
1659660522 3609922
1659660523 2789980
1659660524 4497060
1659660525 3549894
1659660526 3029976
1659660527 4760912
1659660528 3132434
1659660529 3527776
1659660530 3639244
1659660531 4804722
1659660532 4275378
1659660533 4165114
1659660534 3871630
1659660535 2453082
1659660536 3623952
1659660537 4996802
1659660538 2817116
1659660539 2617280
1659660540 3021936
1659660541 3276736
1659660542 4028030
1659660543 4134786
1659660544 3568744
1659660545 3217812
1659660546 2605906
1659660547 2556990
1659660548 4046766
1659660549 3034888
1659660550 4016482
1659660551 2986800
1659660552 3784638
1659660553 4372974
1659660554 4048124
1659660555 2554848
1659660556 4172626
1659660557 4802508
1659660558 4358836
1659660559 3924470
1659660560 3051978
1659660561 2774890
1659660562 4114348
1659660563 3464298
1659660564 4501538
1659660565 2144200
1659660566 2776482
1659660567 3842160
1659660568 4207124
1659660569 3340308
1659660570 3795870
1659660571 3851142
1659660572 2875680
1659660573 2302824
1659660574 3971500
1659660575 3595820
1659660576 2910266
1659660577 3513720
1659660578 4198458
1659660579 4683450
1659660580 3669448
1659660581 1939082
1659660582 1414012
1659660583 3147972
1659660584 3066210
1659660585 3262406
1659660586 2627846
1659660587 3132152
1659660588 4044168
1659660589 3055668
1659660590 2767332
1659660591 2180182
1659660592 4428634
1659660593 3555912
1659660594 4009300
1659660595 2731934
1659660596 2766398
1659660597 1876466
1659660598 2815232
1659660599 4157922
1659660600 4146222
1659660601 3744926
1659660602 3830752
1659660603 3141708
1659660604 4833300
1659660605 2815402
1659660606 3865802
1659660607 2916804
1659660608 4452862
1659660609 3212018
1659660610 1270582
1659660611 4181502
1659660612 3768514
1659660613 2442268
1659660614 2661758
1659660615 2416564
1659660616 4153238
1659660617 4180020
1659660618 4136014
1659660619 2869254
1659660620 2946976
1659660621 3306420
1659660622 2642550
1659660623 3319374
1659660624 4509584
1659660625 1577240
1659660626 2596334
1659660627 3609926
1659660628 3764102
1659660629 4391830
1659660630 3842896
1659660631 3393426
1659660632 4380154
1659660633 2614142
1659660634 4262634
1659660635 4251200
1659660636 4137660
1659660637 2875674
1659660638 3839758
1659660639 1693918
1659660640 3791914
1659660641 3926220
1659660642 3061882
1659660643 2200854
1659660644 3197766
1659660645 3529496
1659660646 4380288
1659660647 4301904
1659660648 6992926
1659660649 7413994
1659660650 6301938
1659660651 7516412
1659660652 6638774
1659660653 7765258
1659660654 7422764
1659660655 7503572
1659660656 7265868
1659660657 7404066
1659660658 8715546
1659660659 7584004
1659660660 8321278
1659660661 6061956
1659660662 6870564
1659660663 6335096
1659660664 7366102
1659660665 7541578
1659660666 7800976
1659660667 7889612
1659660668 7415964
1659660669 5689874
1659660670 7161560
1659660671 6445802
1659660672 6792600
1659660673 7212166
1659660674 7517170
1659660675 8188102
1659660676 7075130
1659660677 6910402
1659660678 7731128
1659660679 7875002
1659660680 6112910
1659660681 6763332
1659660682 6869542
1659660683 7460516
1659660684 6390592
1659660685 6740198
1659660686 6928092
1659660687 8600884
1659660688 7543994
1659660689 7331444
1659660690 7681110
1659660691 7504844
1659660692 6621318
1659660693 6603916
1659660694 5926438
1659660695 5885176
1659660696 8030646
1659660697 7308668
1659660698 7243894
1659660699 5521286
1659660700 6734518
1659660701 5823898
1659660702 6135056
1659660703 8042802
1659660704 6268206
1659660705 9085544
1659660706 7214486
1659660707 7351014
1659660708 7628352
1659660709 7068944
1659660710 6759670
1659660711 6504790
1659660712 5585432
1659660713 3733132
1659660714 4342420
1659660715 4629230
1659660716 3488348
1659660717 4161504
1659660718 4155732
1659660719 4173534
1659660720 3388826
1659660721 3432346
1659660722 3270394
1659660723 4099582
1659660724 3171390
1659660725 3837054
1659660726 2042596
1659660727 3895594
1659660728 3237426
1659660729 4745742
1659660730 4815050
1659660731 3852880
1659660732 3137264
1659660733 3993458
1659660734 4020312
1659660735 3797004
1659660736 2835416
1659660737 4390038
1659660738 4457676
1659660739 4334952
1659660740 2772048
1659660741 4192522
1659660742 3194602
1659660743 1839142
1659660744 2297156
1659660745 3889446
1659660746 3504350
1659660747 4328158
1659660748 4487810
1659660749 3901490
1659660750 3429470
1659660751 3173296
1659660752 4084752
1659660753 4571706
1659660754 3220978
1659660755 4142306
1659660756 4033138
1659660757 1540186
1659660758 2300696
1659660759 4790284
1659660760 5015890
1659660761 2631458
1659660762 4895838
1659660763 4904172
1659660764 3422542
1659660765 3504050
1659660766 3222912
1659660767 4182650
1659660768 2546002
1659660769 3638388
1659660770 4468488
1659660771 1658644
1659660772 2445838
1659660773 2149674
1659660774 3150772
1659660775 3807160
1659660776 4216280
1659660777 4014424
1659660778 3174974
1659660779 2465170
1659660780 4086192
1659660781 2389616
1659660782 3647326
1659660783 2838192
1659660784 4001278
1659660785 3614150
1659660786 2204652
1659660787 2639870
1659660788 3943792
1659660789 4081552
1659660790 4560074
1659660791 2984814
1659660792 2642362
1659660793 3677050
1659660794 3747112
1659660795 3594322
1659660796 3347228
1659660797 4181444
1659660798 4113392
1659660799 4708952
1659660800 3337186
1659660801 3669616
1659660802 3634192
1659660803 4818648
1659660804 3677664
1659660805 3989742
1659660806 2460200
1659660807 2908272
1659660808 4627646
1659660809 3752550
1659660810 3438668
1659660811 2279416
1659660812 3514820
1659660813 3311428
1659660814 4948308
1659660815 2989872
1659660816 1907810
1659660817 3876538
1659660818 3509908
1659660819 3214892
1659660820 3963768
1659660821 3502676
1659660822 3621266
1659660823 3919604
1659660824 4046092
1659660825 1982736
1659660826 3280444
1659660827 3704558
1659660828 2905758
1659660829 1921500
1659660830 4608240
1659660831 2373050
1659660832 4188280
1659660833 4350288
1659660834 3979944
1659660835 2421676
1659660836 3456802
1659660837 3542074
1659660838 2166648
1659660839 3639168
1659660840 3483068
1659660841 3318076
1659660842 2235196
1659660843 4686704
1659660844 4083360
1659660845 4788358
1659660846 3872420
1659660847 3318378
1659660848 4493810
1659660849 4779172
1659660850 4554570
1659660851 4528556
1659660852 2909668
1659660853 3087708
1659660854 4421384
1659660855 4531586
1659660856 3884328
1659660857 3686904
1659660858 4216428
1659660859 2769732
1659660860 3112422
1659660861 3222788
1659660862 3685336
1659660863 4160204
1659660864 3396710
1659660865 4578332
1659660866 2176914
1659660867 3380056
1659660868 3307992
1659660869 2381920
1659660870 5118858
1659660871 2232052
1659660872 3240020
1659660873 2855276
1659660874 2943110
1659660875 4938368
1659660876 3409886
1659660877 1931360
1659660878 3582400
1659660879 3610356
1659660880 3563584
1659660881 3663118
1659660882 4587376
1659660883 2440124
1659660884 2515676
1659660885 4334968
1659660886 4419046
1659660887 4178160
1659660888 4020734
1659660889 3315890
1659660890 2941886
1659660891 3414574
1659660892 4054610
1659660893 2788118
1659660894 3046516
1659660895 4383730
1659660896 2165900
1659660897 2163670
1659660898 1572974
1659660899 4976940
1659660900 4006940
1659660901 3074384
1659660902 2136786
1659660903 4322506
1659660904 4054910
1659660905 3238100
1659660906 3341184
1659660907 3293762
1659660908 5066940
1659660909 4388742
1659660910 3205882
1659660911 3979010
1659660912 2031654
1659660913 3241786
1659660914 2272062
1659660915 4119208
1659660916 2536030
1659660917 2802872
1659660918 4923576
1659660919 4548094
1659660920 2109686
1659660921 2870000
1659660922 3824568
1659660923 3051172
1659660924 4234586
1659660925 3583092
1659660926 4573344
1659660927 4426746
1659660928 4046512
1659660929 3447854
1659660930 3627356
1659660931 3198318
1659660932 4604392
1659660933 3255492
1659660934 1671896
1659660935 3772766
1659660936 4323180
1659660937 2900666
1659660938 2974448
1659660939 4454924
1659660940 3215894
1659660941 3402900
1659660942 4154070
1659660943 4083618
1659660944 4891940
1659660945 3814624
1659660946 2978748
1659660947 2517772
1659660948 3993234
1659660949 2804920
1659660950 4076610
1659660951 3491254
1659660952 4711676
1659660953 5142692
1659660954 3219188
1659660955 3531388
1659660956 3687486
1659660957 4545620
1659660958 4464588
1659660959 2966848
1659660960 3372240
1659660961 2568536
1659660962 2048478
1659660963 4902510
1659660964 4235496
1659660965 2702334
1659660966 2260822
1659660967 2668356
1659660968 2582416
1659660969 2845462
1659660970 3864478
1659660971 4382142
1659660972 4611648
1659660973 3904774
1659660974 4795434
1659660975 3356656
1659660976 4587066
1659660977 3491862
1659660978 4712994
1659660979 4398570
1659660980 3929446
1659660981 4392620
1659660982 2623734
1659660983 4169860
1659660984 4454064
1659660985 3694610
1659660986 3414780
1659660987 4122406
1659660988 3839890
1659660989 3468434
1659660990 3414634
1659660991 2756668
1659660992 3780698
1659660993 2916842
1659660994 3805752
1659660995 4017866
1659660996 2557332
1659660997 5184450
1659660998 4328334
1659660999 1806972
1659661000 2586010
1659661001 2214960
1659661002 2207958
1659661003 2981574
1659661004 4023152
1659661005 3460968
1659661006 4191368
1659661007 3092476
1659661008 2583612
1659661009 4194900
1659661010 3497640
1659661011 3512322
1659661012 2954862
1659661013 4333224
1659661014 3212312
1659661015 2711008
1659661016 4873180
1659661017 3587058
1659661018 2648766
1659661019 2848296
1659661020 4011826
1659661021 2772812
1659661022 3499314
1659661023 3430910
1659661024 4538136
1659661025 4728948
1659661026 2231346
1659661027 2979500
1659661028 3939010
1659661029 4390450
1659661030 2829834
1659661031 2907748
1659661032 3646902
1659661033 2974138
1659661034 4258300
1659661035 3566196
1659661036 4621036
1659661037 3902276
1659661038 3074932
1659661039 4114966
1659661040 3236254
1659661041 4366040
1659661042 4127146
1659661043 3001090
1659661044 4577416
1659661045 3485524
1659661046 4159238
1659661047 4339576
1659661048 2772666
1659661049 3003238
1659661050 3140182
1659661051 3895514
1659661052 2942392
1659661053 3891144
1659661054 5041148
1659661055 2417808
1659661056 2847666
1659661057 3868982
1659661058 6896614
1659661059 6885962
1659661060 6566980
1659661061 6671958
1659661062 6008872
1659661063 6544810
1659661064 6437126
1659661065 5953302
1659661066 7531854
1659661067 6841684
1659661068 6470824
1659661069 7763736
1659661070 6560636
1659661071 7097912
1659661072 6431882
1659661073 7794996
1659661074 8295478
1659661075 7882270
1659661076 6843598
1659661077 8001258
1659661078 7127062
1659661079 6468448
1659661080 6927440
1659661081 5865154
1659661082 6942910
1659661083 6498088
1659661084 5820002
1659661085 6269926
1659661086 6024832
1659661087 7012156
1659661088 6334536
1659661089 7404766
1659661090 7032640
1659661091 6530776
1659661092 7791240
1659661093 6621012
1659661094 7341992
1659661095 5196180
1659661096 5347622
1659661097 7168240
1659661098 6654594
1659661099 5696488
1659661100 8272988
1659661101 7071038
1659661102 7831720
1659661103 7154018
1659661104 6610366
1659661105 5921092
1659661106 5153396
1659661107 6818564
1659661108 8015424
1659661109 2503416
1659661110 896


# events lost
1659659974 2519548
1659659975 4392794
1659659976 3560346
1659659977 4207510
1659659978 4093940
1659659979 3601614
1659659980 5161290
1659659981 4465016
1659659982 3092084
1659659983 4520608
1659659984 3271314
1659659985 2929674
1659659986 4063600
1659659987 5070460
1659659988 3502076
1659659989 6796684
1659659990 7436848
1659659991 6398488
1659659992 6838116
1659659993 6805574
1659659994 5741066
1659659995 7899220
1659659996 6065786
1659659997 5313068
1659659998 7143736
1659659999 8475146
1659660000 7460488
1659660001 8209488
1659660002 6421078
1659660003 6965356
1659660004 9184604
1659660005 6833788
1659660006 8361830
1659660007 6197662
1659660008 7695874
1659660009 6703326
1659660010 7702262
1659660011 7324610
1659660012 6948166
1659660013 7476990
1659660014 6390762
1659660015 6130248
1659660016 8144056
1659660017 7992756
1659660018 6893394
1659660019 8503004
1659660020 7160666
1659660021 7854542
1659660022 6852788
1659660023 6585572
1659660024 7371886
1659660025 7734828
1659660026 5993316
1659660027 7162546
1659660028 6251616
1659660029 8550580
1659660030 6376900
1659660031 4951058
1659660032 6995506
1659660033 7494708
1659660034 6830034
1659660035 7318816
1659660036 7387598
1659660037 6557112
1659660038 8876986
1659660039 11210682
1659660040 11565298
1659660041 11281400
1659660042 10182518
1659660043 10658170
1659660044 10052098
1659660045 9953630
1659660046 11475336
1659660047 11105076
1659660048 10278132
1659660049 11684938
1659660050 10414354
1659660051 9453950
1659660052 10868472
1659660053 10179076
1659660054 10564720
1659660055 10732280
1659660056 10706636
1659660057 12131770
1659660058 10727408
1659660059 11709206
1659660060 10707514
1659660061 9528088
1659660062 10385022
1659660063 12479522
1659660064 10885306
1659660065 10850074
1659660066 11181360
1659660067 10667382
1659660068 11154140
1659660069 10185034
1659660070 11230240
1659660071 9909048
1659660072 9685624
1659660073 11875230
1659660074 12935736
1659660075 11767992
1659660076 10899684
1659660077 10568880
1659660078 10666590
1659660079 10145614
1659660080 11589878
1659660081 10878964
1659660082 11170762
1659660083 11050734
1659660084 9098224
1659660085 9903830
1659660086 11304076
1659660087 10062006
1659660088 12100500
1659660089 10358966
1659660090 11778630
1659660091 10703558
1659660092 10652204
1659660093 9709980
1659660094 12111642
1659660095 10824972
1659660096 9543564
1659660097 10818492
1659660098 11283328
1659660099 11056010
1659660100 10924136
1659660101 9148906
1659660102 10955050
1659660103 9900546
1659660104 9791100
1659660105 10802920
1659660106 9318370
1659660107 10741090
1659660108 10435588
1659660109 9776066
1659660110 11029240
1659660111 9570804
1659660112 10316864
1659660113 10680594
1659660114 10699780
1659660115 11608080
1659660116 9221556
1659660117 10421660
1659660118 9834718
1659660119 11121734
1659660120 10392660
1659660121 9912072
1659660122 10888608
1659660123 11103898
1659660124 9372894
1659660125 11052252
1659660126 9905010
1659660127 11498976
1659660128 11136628
1659660129 11451664
1659660130 11063194
1659660131 9141386
1659660132 9921680
1659660133 10852314
1659660134 11946894
1659660135 9993550
1659660136 8887192
1659660137 11982682
1659660138 10708442
1659660139 11570700
1659660140 9994546
1659660141 10362198
1659660142 10765990
1659660143 13089052
1659660144 9600320
1659660145 10801338
1659660146 11672512
1659660147 9356114
1659660148 11872236
1659660149 12018314
1659660150 11579996
1659660151 10521242
1659660152 10290202
1659660153 10330458
1659660154 11829830
1659660155 10486156
1659660156 11128964
1659660157 9771262
1659660158 10797802
1659660159 10188414
1659660160 9658914
1659660161 10735550
1659660162 10463070
1659660163 10273496
1659660164 11319026
1659660165 9689602
1659660166 10356992
1659660167 10241274
1659660168 10338026
1659660169 11689048
1659660170 10745764
1659660171 9266172
1659660172 10030838
1659660173 11399144
1659660174 10298452
1659660175 11453722
1659660176 10233420
1659660177 9605244
1659660178 10604816
1659660179 12040124
1659660180 11200448
1659660181 9982070
1659660182 10598454
1659660183 11238780
1659660184 13415794
1659660185 11374634
1659660186 11077926
1659660187 11561414
1659660188 10736280
1659660189 10295192
1659660190 10246302
1659660191 10590436
1659660192 9686522
1659660193 11039860
1659660194 11480410
1659660195 10633866
1659660196 10581076
1659660197 11667918
1659660198 11563322
1659660199 9995578
1659660200 9939704
1659660201 10638544
1659660202 9689206
1659660203 10945902
1659660204 10454686
1659660205 11522160
1659660206 9522796
1659660207 10427462
1659660208 10020922
1659660209 11307248
1659660210 11854432
1659660211 10119434
1659660212 10140196
1659660213 9956202
1659660214 11793910
1659660215 10646096
1659660216 10160192
1659660217 11255422
1659660218 10739200
1659660219 10954770
1659660220 11851168
1659660221 10317944
1659660222 10376340
1659660223 11261792
1659660224 10570552
1659660225 10266782
1659660226 10118318
1659660227 11676788
1659660228 10785788
1659660229 10537616
1659660230 9532178
1659660231 10291632
1659660232 10978764
1659660233 11162776
1659660234 11276660
1659660235 11146114
1659660236 9821698
1659660237 10341240
1659660238 11054822
1659660239 10091430
1659660240 9530814
1659660241 9241430
1659660242 10484264
1659660243 9709966
1659660244 10806316
1659660245 9570462
1659660246 9539966
1659660247 11544154
1659660248 11089876
1659660249 10991948
1659660250 10444414
1659660251 9972220
1659660252 11849558
1659660253 11352062
1659660254 9982988
1659660255 9690932
1659660256 10249814
1659660257 11856468
1659660258 9960132
1659660259 10650156
1659660260 10463984
1659660261 10350192
1659660262 9902578
1659660263 11972348
1659660264 10591724
1659660265 10071022
1659660266 9514370
1659660267 12527382
1659660268 11113942
1659660269 10394362
1659660270 11252884
1659660271 9151216
1659660272 10390706
1659660273 10681310
1659660274 10345248
1659660275 10091646
1659660276 10152732
1659660277 12839458
1659660278 11160700
1659660279 11746300
1659660280 9674884
1659660281 9918758
1659660282 11504192
1659660283 11162142
1659660284 10398544
1659660285 11103744
1659660286 11395834
1659660287 9664468
1659660288 10584792
1659660289 11100168
1659660290 11473180
1659660291 9998318
1659660292 10223858
1659660293 9459730
1659660294 9873724
1659660295 11227084
1659660296 12072302
1659660297 9673572
1659660298 9209000
1659660299 10928136
1659660300 9811220
1659660301 9870644
1659660302 11928784
1659660303 11073732
1659660304 11309702
1659660305 11161890
1659660306 9599568
1659660307 10666358
1659660308 10401542
1659660309 10678814
1659660310 10061272
1659660311 10866090
1659660312 11007986
1659660313 11608580
1659660314 11357270
1659660315 9937126
1659660316 10860912
1659660317 10416652
1659660318 12534420
1659660319 11305882
1659660320 13024716
1659660321 8688990
1659660322 7532854
1659660323 7541810
1659660324 8191220
1659660325 6653708
1659660326 6764086
1659660327 6266718
1659660328 7128842
1659660329 7089168
1659660330 7603272
1659660331 5953584
1659660332 7236806
1659660333 5587642
1659660334 5875054
1659660335 8683568
1659660336 7893116
1659660337 8059118
1659660338 7261130
1659660339 6649088
1659660340 7892976
1659660341 7353718
1659660342 7205186
1659660343 6991912
1659660344 7400946
1659660345 6455842
1659660346 6839040
1659660347 5979560
1659660348 6595762
1659660349 7940696
1659660350 5050880
1659660351 8504454
1659660352 6775942
1659660353 6216100
1659660354 5148828
1659660355 6727100
1659660356 7103396
1659660357 7510074
1659660358 7594042
1659660359 8770350
1659660360 7899214
1659660361 7915516
1659660362 8287192
1659660363 7433718
1659660364 6730620
1659660365 7375752
1659660366 6901508
1659660367 7621248
1659660368 6370316
1659660369 8049818
1659660370 6035692
1659660371 7690460
1659660372 8034856
1659660373 5145036
1659660374 5800626
1659660375 6452444
1659660376 7714768
1659660377 6462488
1659660378 7982236
1659660379 6547978
1659660380 6412330
1659660381 5809884
1659660382 7280826
1659660383 8042932
1659660384 7196532
1659660385 8859498
1659660386 9523854
1659660387 11652192
1659660388 11087010
1659660389 10376386
1659660390 9282070
1659660391 10850386
1659660392 10147614
1659660393 9610928
1659660394 10114440
1659660395 10157920
1659660396 11559688
1659660397 10141902
1659660398 11343234
1659660399 9830392
1659660400 10387750
1659660401 10927688
1659660402 10400076
1659660403 11074932
1659660404 11222756
1659660405 10697010
1659660406 9327954
1659660407 10381712
1659660408 9762908
1659660409 11829194
1659660410 11901266
1659660411 11477610
1659660412 9766562
1659660413 11086740
1659660414 11529508
1659660415 10677872
1659660416 10170652
1659660417 10505916
1659660418 9738130
1659660419 12193172
1659660420 10778824
1659660421 10459224
1659660422 9844184
1659660423 9856712
1659660424 10310446
1659660425 9554542
1659660426 10431958
1659660427 9552954
1659660428 10390334
1659660429 10507306
1659660430 10417098
1659660431 10307846
1659660432 10519642
1659660433 11352006
1659660434 10636390
1659660435 9158442
1659660436 11337022
1659660437 10738144
1659660438 12801296
1659660439 9757528
1659660440 9914130
1659660441 12294764
1659660442 10123376
1659660443 10736566
1659660444 10566314
1659660445 10485446
1659660446 9763402
1659660447 11433424
1659660448 10972474
1659660449 10956324
1659660450 10236738
1659660451 10382226
1659660452 11058574
1659660453 11311550
1659660454 11695740
1659660455 12521206
1659660456 10472104
1659660457 11208698
1659660458 10854826
1659660459 11550632
1659660460 11790226
1659660461 10978642
1659660462 12318372
1659660463 11543694
1659660464 11165478
1659660465 12090382
1659660466 10609670
1659660467 9918196
1659660468 10728954
1659660469 9438678
1659660470 10362764
1659660471 8901990
1659660472 11170140
1659660473 11569778
1659660474 10397006
1659660475 12353622
1659660476 10731842
1659660477 12780956
1659660478 12859514
1659660479 10326484
1659660480 10154860
1659660481 10929120
1659660482 12029650
1659660483 10049350
1659660484 10682116
1659660485 10650232
1659660486 11587062
1659660487 11947814
1659660488 11269546
1659660489 11726906
1659660490 10080306
1659660491 9537630
1659660492 10250004
1659660493 10535648
1659660494 10526146
1659660495 10011096
1659660496 11012968
1659660497 9974422
1659660498 11146598
1659660499 11834140
1659660500 10847284
1659660501 11284258
1659660502 11571162
1659660503 11042558
1659660504 12503204
1659660505 9965358
1659660506 11539464
1659660507 10300368
1659660508 10163766
1659660509 10254892
1659660510 9370990
1659660511 11618258
1659660512 11211916
1659660513 10495814
1659660514 9834160
1659660515 11057406
1659660516 10899432
1659660517 10425456
1659660518 10612290
1659660519 10307514
1659660520 9541436
1659660521 10186182
1659660522 10996942
1659660523 11982086
1659660524 10661016
1659660525 10483616
1659660526 11192864
1659660527 9456458
1659660528 11549494
1659660529 10806534
1659660530 9966768
1659660531 8602584
1659660532 10010536
1659660533 10115258
1659660534 10562218
1659660535 11479220
1659660536 10104974
1659660537 9372724
1659660538 11329562
1659660539 11811898
1659660540 10906872
1659660541 10545458
1659660542 10139342
1659660543 10159136
1659660544 10718096
1659660545 10630058
1659660546 11588616
1659660547 11996998
1659660548 10580270
1659660549 11512890
1659660550 9834002
1659660551 11041492
1659660552 10115516
1659660553 10040836
1659660554 10435788
1659660555 11239174
1659660556 10307524
1659660557 9058824
1659660558 10293906
1659660559 10545400
1659660560 10328662
1659660561 10710170
1659660562 10588018
1659660563 10907820
1659660564 10000026
1659660565 11811648
1659660566 11501564
1659660567 10452320
1659660568 9902712
1659660569 11595970
1659660570 10559220
1659660571 10089568
1659660572 11185428
1659660573 12018484
1659660574 10124758
1659660575 10025798
1659660576 10110554
1659660577 10836742
1659660578 10391072
1659660579 10076242
1659660580 10238948
1659660581 11905006
1659660582 13259460
1659660583 11135148
1659660584 11180306
1659660585 11413538
1659660586 11257724
1659660587 11493206
1659660588 9987690
1659660589 11259368
1659660590 11238584
1659660591 11290336
1659660592 10286492
1659660593 10781718
1659660594 10296496
1659660595 11036800
1659660596 11080970
1659660597 12836556
1659660598 11325388
1659660599 10309770
1659660600 9779386
1659660601 10196478
1659660602 10807788
1659660603 11261254
1659660604 9612598
1659660605 10829894
1659660606 9994254
1659660607 10984784
1659660608 9793396
1659660609 11210664
1659660610 12936630
1659660611 9954596
1659660612 10752246
1659660613 11533818
1659660614 11774556
1659660615 11493666
1659660616 10241656
1659660617 9847084
1659660618 10057652
1659660619 11474636
1659660620 11092704
1659660621 10383226
1659660622 10897716
1659660623 10951718
1659660624 9585468
1659660625 12258478
1659660626 11633190
1659660627 10894562
1659660628 10385554
1659660629 10471256
1659660630 10144984
1659660631 10704794
1659660632 9570262
1659660633 11581984
1659660634 10046424
1659660635 9815120
1659660636 9637486
1659660637 11442762
1659660638 10370650
1659660639 12937626
1659660640 10090038
1659660641 9973804
1659660642 11344330
1659660643 11964088
1659660644 11114310
1659660645 11199778
1659660646 9256992
1659660647 9409992
1659660648 7080958
1659660649 7026498
1659660650 8093614
1659660651 6095488
1659660652 7846346
1659660653 7145304
1659660654 6952838
1659660655 6755610
1659660656 6421920
1659660657 7021622
1659660658 6055458
1659660659 7213344
1659660660 6323064
1659660661 7342234
1659660662 7043878
1659660663 7773258
1659660664 6917096
1659660665 6245066
1659660666 5842440
1659660667 6551530
1659660668 6998242
1659660669 8481182
1659660670 7247268
1659660671 7217774
1659660672 7345804
1659660673 7141342
1659660674 6712564
1659660675 6034640
1659660676 6357386
1659660677 7236928
1659660678 6871552
1659660679 6512098
1659660680 8383826
1659660681 6822062
1659660682 7290054
1659660683 6783914
1659660684 8432288
1659660685 7085676
1659660686 6707180
1659660687 5830340
1659660688 6669298
1659660689 7417934
1659660690 6358666
1659660691 6264678
1659660692 8225244
1659660693 7773464
1659660694 8836116
1659660695 8049868
1659660696 5465422
1659660697 7087124
1659660698 7015348
1659660699 8781030
1659660700 7448882
1659660701 6242648
1659660702 8103634
1659660703 6420046
1659660704 8217490
1659660705 5269218
1659660706 6002834
1659660707 6812896
1659660708 6227834
1659660709 7312640
1659660710 7622024
1659660711 6724284
1659660712 9151934
1659660713 11123178
1659660714 9764558
1659660715 9707372
1659660716 10108622
1659660717 10379636
1659660718 10045288
1659660719 10083346
1659660720 11173246
1659660721 10009222
1659660722 11057762
1659660723 10259790
1659660724 11457524
1659660725 10441624
1659660726 11545794
1659660727 10547712
1659660728 11025092
1659660729 9578714
1659660730 9867596
1659660731 10027548
1659660732 11123178
1659660733 10409986
1659660734 10415222
1659660735 10803722
1659660736 10634838
1659660737 10472074
1659660738 10125772
1659660739 10384870
1659660740 11958334
1659660741 9526376
1659660742 10874334
1659660743 12321790
1659660744 12597218
1659660745 10638002
1659660746 10333854
1659660747 10028340
1659660748 10143148
1659660749 10097072
1659660750 11004400
1659660751 9992416
1659660752 10825302
1659660753 10437734
1659660754 11448418
1659660755 10499078
1659660756 9457296
1659660757 12599578
1659660758 12259148
1659660759 9809978
1659660760 9375476
1659660761 11286440
1659660762 9651348
1659660763 9240442
1659660764 10868252
1659660765 10564158
1659660766 9820424
1659660767 10252486
1659660768 12105588
1659660769 10944632
1659660770 9586944
1659660771 12474142
1659660772 12130298
1659660773 12084112
1659660774 11291476
1659660775 10527336
1659660776 9759700
1659660777 10357854
1659660778 10625896
1659660779 11744850
1659660780 10203182
1659660781 10908794
1659660782 9951104
1659660783 11564100
1659660784 10148992
1659660785 11014516
1659660786 11573636
1659660787 12110108
1659660788 9901504
1659660789 10352888
1659660790 10042166
1659660791 10506888
1659660792 11672924
1659660793 10368994
1659660794 10540410
1659660795 10973466
1659660796 9649308
1659660797 10269660
1659660798 10049734
1659660799 9902680
1659660800 10624288
1659660801 9837660
1659660802 10723152
1659660803 10126538
1659660804 11022836
1659660805 10719730
1659660806 10886628
1659660807 11375658
1659660808 9706436
1659660809 10602038
1659660810 10619408
1659660811 10166188
1659660812 11160588
1659660813 10896512
1659660814 9662870
1659660815 11504224
1659660816 11706536
1659660817 10567700
1659660818 10872140
1659660819 11197454
1659660820 10432796
1659660821 9895326
1659660822 10297388
1659660823 10295348
1659660824 10465584
1659660825 12451424
1659660826 10201136
1659660827 11151328
1659660828 11441452
1659660829 13043820
1659660830 9758070
1659660831 10908120
1659660832 10464196
1659660833 10450368
1659660834 10698356
1659660835 12132702
1659660836 10669936
1659660837 10486540
1659660838 12174354
1659660839 10805978
1659660840 10794782
1659660841 10367862
1659660842 11666544
1659660843 9797066
1659660844 10095820
1659660845 9634516
1659660846 9736436
1659660847 10606836
1659660848 9876596
1659660849 9517512
1659660850 10046026
1659660851 9378678
1659660852 11162300
1659660853 11196842
1659660854 9928604
1659660855 10018438
1659660856 9384014
1659660857 10078562
1659660858 9907662
1659660859 12136746
1659660860 11310956
1659660861 10324132
1659660862 10260794
1659660863 10009068
1659660864 10545714
1659660865 9827958
1659660866 11164570
1659660867 10497670
1659660868 10326430
1659660869 11955286
1659660870 9431738
1659660871 11602076
1659660872 11289236
1659660873 11061638
1659660874 11890898
1659660875 9666852
1659660876 10697216
1659660877 12690536
1659660878 10191248
1659660879 10838372
1659660880 11153814
1659660881 10165596
1659660882 9717272
1659660883 11441848
1659660884 11883836
1659660885 9870554
1659660886 9490234
1659660887 9942230
1659660888 10308150
1659660889 11064276
1659660890 10910350
1659660891 9892404
1659660892 10193920
1659660893 11113594
1659660894 10918330
1659660895 10063928
1659660896 11521262
1659660897 12294740
1659660898 12925792
1659660899 9044304
1659660900 10242308
1659660901 10621902
1659660902 12203480
1659660903 9624712
1659660904 9694886
1659660905 11000528
1659660906 10078104
1659660907 11230668
1659660908 9764618
1659660909 10276708
1659660910 11260928
1659660911 9935540
1659660912 12330000
1659660913 11139430
1659660914 11793656
1659660915 10100768
1659660916 11211334
1659660917 11919242
1659660918 9677054
1659660919 9773518
1659660920 12491524
1659660921 10769094
1659660922 10356058
1659660923 11290556
1659660924 10394930
1659660925 10568102
1659660926 9157478
1659660927 9793192
1659660928 10382650
1659660929 10906300
1659660930 10248648
1659660931 10393420
1659660932 9802644
1659660933 11297466
1659660934 12873584
1659660935 10135182
1659660936 9406780
1659660937 11344118
1659660938 11504428
1659660939 9513594
1659660940 11006370
1659660941 10174654
1659660942 10084410
1659660943 10098232
1659660944 9523212
1659660945 10496134
1659660946 10859326
1659660947 11788566
1659660948 10461666
1659660949 11990734
1659660950 10033040
1659660951 10415944
1659660952 9256284
1659660953 9818746
1659660954 10883082
1659660955 10454160
1659660956 10102066
1659660957 9738372
1659660958 9419194
1659660959 11426436
1659660960 10547026
1659660961 10864574
1659660962 12533394
1659660963 9378144
1659660964 10154686
1659660965 11504584
1659660966 11455838
1659660967 11571988
1659660968 11871482
1659660969 11157994
1659660970 10267660
1659660971 9285426
1659660972 9708280
1659660973 10552802
1659660974 9673048
1659660975 10965708
1659660976 8633594
1659660977 10824652
1659660978 9613388
1659660979 9912334
1659660980 10326258
1659660981 8895010
1659660982 12134278
1659660983 9799170
1659660984 10228420
1659660985 10826690
1659660986 9933776
1659660987 10740524
1659660988 10395638
1659660989 11001138
1659660990 10748416
1659660991 9957036
1659660992 10287128
1659660993 11491944
1659660994 10350450
1659660995 10246056
1659660996 10547478
1659660997 9384002
1659660998 10129578
1659660999 12636694
1659661000 11449950
1659661001 10834088
1659661002 12084198
1659661003 10915594
1659661004 10065190
1659661005 11048432
1659661006 8889332
1659661007 10877978
1659661008 12111792
1659661009 10848828
1659661010 11406110
1659661011 9994798
1659661012 10870874
1659661013 10134490
1659661014 11000318
1659661015 11762618
1659661016 8897494
1659661017 10779226
1659661018 11693920
1659661019 11244618
1659661020 10081598
1659661021 10312604
1659661022 10670844
1659661023 10575872
1659661024 10036880
1659661025 9643032
1659661026 11694038
1659661027 10913064
1659661028 10270382
1659661029 10305326
1659661030 12028240
1659661031 10454408
1659661032 10342608
1659661033 11136098
1659661034 10113670
1659661035 10926246
1659661036 9433062
1659661037 10433088
1659661038 10962910
1659661039 10184768
1659661040 11299170
1659661041 9782148
1659661042 10277284
1659661043 10439914
1659661044 9919056
1659661045 11024982
1659661046 9886106
1659661047 10366524
1659661048 11608266
1659661049 11508368
1659661050 10902906
1659661051 10157514
1659661052 11598610
1659661053 10357972
1659661054 9105656
1659661055 11901314
1659661056 10806442
1659661057 10691566
1659661058 7499776
1659661059 6909672
1659661060 7792710
1659661061 6708168
1659661062 8275296
1659661063 7546476
1659661064 7292180
1659661065 8065740
1659661066 6032728
1659661067 7637330
1659661068 7892870
1659661069 6245982
1659661070 7846352
1659661071 6435398
1659661072 7999368
1659661073 6083390
1659661074 5848100
1659661075 6139146
1659661076 6839894
1659661077 6404766
1659661078 7503492
1659661079 7868318
1659661080 7173840
1659661081 7411730
1659661082 7684464
1659661083 7666628
1659661084 7514214
1659661085 8392232
1659661086 7530960
1659661087 7364394
1659661088 7922682
1659661089 6566078
1659661090 7394476
1659661091 6935134
1659661092 6674696
1659661093 7617804
1659661094 7012982
1659661095 9212846
1659661096 8333820
1659661097 7432834
1659661098 7463154
1659661099 8285266
1659661100 5868270
1659661101 6203726
1659661102 6230548
1659661103 7016544
1659661104 7806196
1659661105 8091990
1659661106 8313940
1659661107 7782232
1659661108 6486962
1659661109 2714630
1659661110 326
