# events called
1659730334 3586616
1659730335 361672
1659730336 9737054
1659730337 16708674
1659730338 17336512
1659730339 17431382
1659730340 16322940
1659730341 17167866
1659730342 17291992
1659730343 17212492
1659730344 17063880
1659730345 16098644
1659730346 16716200
1659730347 16413252
1659730348 16733478
1659730349 16642636
1659730350 16424912
1659730351 15521262
1659730352 16710900
1659730353 16680690
1659730354 16645922
1659730355 16352514
1659730356 16753194
1659730357 16555504
1659730358 16649314
1659730359 16845096
1659730360 15224992
1659730361 16182702
1659730362 15873288
1659730363 16719380
1659730364 16672740
1659730365 16179098
1659730366 16567058
1659730367 16771850
1659730368 16803120
1659730369 16457666
1659730370 16212488
1659730371 16893962
1659730372 16419188
1659730373 15943990
1659730374 16576386
1659730375 15224462
1659730376 16557306
1659730377 16813508
1659730378 16510030
1659730379 16688322
1659730380 16187896
1659730381 16190334
1659730382 16713232
1659730383 16482682
1659730384 16518298
1659730385 15856858
1659730386 16403394
1659730387 16432968
1659730388 16434876
1659730389 16768458
1659730390 14613372
1659730391 16599494
1659730392 17109990
1659730393 16706236
1659730394 16748742
1659730395 15528470
1659730396 16807678
1659730397 16413888
1659730398 16928730
1659730399 16725952
1659730400 16493176
1659730401 16383572
1659730402 16878274
1659730403 17165428
1659730404 16569284
1659730405 14784138
1659730406 17113170
1659730407 17113806
1659730408 17047344
1659730409 17680588
1659730410 16312764
1659730411 16689488
1659730412 16675602
1659730413 17276728
1659730414 16971130
1659730415 16300468
1659730416 16924808
1659730417 17270368
1659730418 17059534
1659730419 16957562
1659730420 15609560
1659730421 16682916
1659730422 17099814
1659730423 16832588
1659730424 17122604
1659730425 16384420
1659730426 17150058
1659730427 16776832
1659730428 17194790
1659730429 17109566
1659730430 15989994
1659730431 17000810
1659730432 17082960
1659730433 17229664
1659730434 17344674
1659730435 16093238
1659730436 16681750
1659730437 16973568
1659730438 17085186
1659730439 17476750
1659730440 16586774
1659730441 17296974
1659730442 17383258
1659730443 16613274
1659730444 17174332
1659730445 15009812
1659730446 16559320
1659730447 17414210
1659730448 17526782
1659730449 17514910
1659730450 16602674
1659730451 16824426
1659730452 17395766
1659730453 17483110
1659730454 17169138
1659730455 16452896
1659730456 17397250
1659730457 16669030
1659730458 17104584
1659730459 17193094
1659730460 15181850
1659730461 16725422
1659730462 17331424
1659730463 17417496
1659730464 17054658
1659730465 16106382
1659730466 16380286
1659730467 16641364
1659730468 17160976
1659730469 17054234
1659730470 15618464
1659730471 16903820
1659730472 17122180
1659730473 17081264
1659730474 16953216
1659730475 16039814
1659730476 16506002
1659730477 16586456
1659730478 17232526
1659730479 17380184
1659730480 16480456
1659730481 16796442
1659730482 16773440
1659730483 17195108
1659730484 16887496
1659730485 16200722
1659730486 16603204
1659730487 17082536
1659730488 16481304
1659730489 17252030
1659730490 16792944
1659730491 16793792
1659730492 17139140
1659730493 16481834
1659730494 16281600
1659730495 16120268
1659730496 16818596
1659730497 16966360
1659730498 17000704
1659730499 17231360
1659730500 16105852
1659730501 17104902
1659730502 16760826
1659730503 17237614
1659730504 16433710
1659730505 16136168
1659730506 16817748
1659730507 17269944
1659730508 16877426
1659730509 16935090
1659730510 15959148
1659730511 17486502
1659730512 17241218
1659730513 16808950
1659730514 16842658
1659730515 15881662
1659730516 16507910
1659730517 16575326
1659730518 17153132
1659730519 16512362
1659730520 15604048
1659730521 16915480
1659730522 17579782
1659730523 16818384
1659730524 17614126
1659730525 14271204
1659730526 17227332
1659730527 17223622
1659730528 17114548
1659730529 16878592
1659730530 16534940
1659730531 16536742
1659730532 17087094
1659730533 17178996
1659730534 17032292
1659730535 15510132
1659730536 15218102
1659730537 16922264
1659730538 17113488
1659730539 17292098
1659730540 17078508
1659730541 15728704
1659730542 17305666
1659730543 16826970
1659730544 17260404
1659730545 17192776
1659730546 15672100
1659730547 17104372
1659730548 17336618
1659730549 16798562
1659730550 16836510
1659730551 15440172
1659730552 17519574
1659730553 16924914
1659730554 17418768
1659730555 17388664
1659730556 15284564
1659730557 17257966
1659730558 16941238
1659730559 17212598
1659730560 17059428
1659730561 16109986
1659730562 17660554
1659730563 16831740
1659730564 16861526
1659730565 16982154
1659730566 15161392
1659730567 16954912
1659730568 17074586
1659730569 17194578
1659730570 17052962
1659730571 16115922
1659730572 16635746
1659730573 17081688
1659730574 17107658
1659730575 17185568
1659730576 16018614
1659730577 17184190
1659730578 17113488
1659730579 16779482
1659730580 16229448
1659730581 15329084
1659730582 16804816
1659730583 17318174
1659730584 17252030
1659730585 16705388
1659730586 16301316
1659730587 16586456
1659730588 16791460
1659730589 17573952
1659730590 16991376
1659730591 15905724
1659730592 16520736
1659730593 16554444
1659730594 16463178
1659730595 17298352
1659730596 15270572
1659730597 16994132
1659730598 17221396
1659730599 16968480
1659730600 17192882
1659730601 16210792
1659730602 17093454
1659730603 16810540
1659730604 17022010
1659730605 17352624
1659730606 16442720
1659730607 17043422
1659730608 16842976
1659730609 16718956
1659730610 16685778
1659730611 15076486
1659730612 16900534
1659730613 17090168
1659730614 17196062
1659730615 17170410
1659730616 15586240
1659730617 16704328
1659730618 17181646
1659730619 17303334
1659730620 16530488
1659730621 17009184
1659730622 17211644
1659730623 16552854
1659730624 17265386
1659730625 15438158
1659730626 16737294
1659730627 16730616
1659730628 16861420
1659730629 17587732
1659730630 16135002
1659730631 16657582
1659730632 17486714
1659730633 17152920
1659730634 16424170
1659730635 16440600
1659730636 16812448
1659730637 16296546
1659730638 17088578
1659730639 16569708
1659730640 15179624
1659730641 16715670
1659730642 16772804
1659730643 16983214
1659730644 17245776
1659730645 16396822
1659730646 16550840
1659730647 17367676
1659730648 17211962
1659730649 17062078
1659730650 16128854
1659730651 17478764
1659730652 17152496
1659730653 16718532
1659730654 16864918
1659730655 16025398
1659730656 17504840
1659730657 16673906
1659730658 17229240
1659730659 17058262
1659730660 15151640
1659730661 17469754
1659730662 17753304
1659730663 16674118
1659730664 17409864
1659730665 15917808
1659730666 17184826
1659730667 17459684
1659730668 16982154
1659730669 16791990
1659730670 15411552
1659730671 16887496
1659730672 17014272
1659730673 16602886
1659730674 16751498
1659730675 15919928
1659730676 17272700
1659730677 17215778
1659730678 17189702
1659730679 17106704
1659730680 16259552
1659730681 17064198
1659730682 16984804
1659730683 17149210
1659730684 16578082
1659730685 15122808
1659730686 17394176
1659730687 17068438
1659730688 17326760
1659730689 17660236
1659730690 16234748
1659730691 16323152
1659730692 17165958
1659730693 17614868
1659730694 17302168
1659730695 16393218
1659730696 16841386
1659730697 16975476
1659730698 16809374
1659730699 17130448
1659730700 15146552
1659730701 16731358
1659730702 16850396
1659730703 17472086
1659730704 17147090
1659730705 15744710
1659730706 16648254
1659730707 17250864
1659730708 17102040
1659730709 16861844
1659730710 16014798
1659730711 16543526
1659730712 17372658
1659730713 16823896
1659730714 16506956
1659730715 15047760
1659730716 17301850
1659730717 17141790
1659730718 16790294
1659730719 17414528
1659730720 15857070
1659730721 17183554
1659730722 17376792
1659730723 17091758
1659730724 17588156
1659730725 16657158
1659730726 17104266
1659730727 17172318
1659730728 17335346
1659730729 16657370
1659730730 16586880
1659730731 17819554
1659730732 16978338
1659730733 17028688
1659730734 16531018
1659730735 16612214
1659730736 17283300
1659730737 16966996
1659730738 16951732
1659730739 16946856
1659730740 16258916
1659730741 16993602
1659730742 16918024
1659730743 17406896
1659730744 16485438
1659730745 16264428
1659730746 16537802
1659730747 17629708
1659730748 17122392
1659730749 16361100
1659730750 16138394
1659730751 17315736
1659730752 17483640
1659730753 17019360
1659730754 17196592
1659730755 16118678
1659730756 17184402
1659730757 17161824
1659730758 17085292
1659730759 16684188
1659730760 16134472
1659730761 17035790
1659730762 17122392
1659730763 17181858
1659730764 16867780
1659730765 16066526
1659730766 17072042
1659730767 16968904
1659730768 17020738
1659730769 16818066
1659730770 15572142
1659730771 17045754
1659730772 17369690
1659730773 17045648
1659730774 16999962
1659730775 16185776
1659730776 16427350
1659730777 17662674
1659730778 16797184
1659730779 17256694
1659730780 15946110
1659730781 15842972
1659730782 17365768
1659730783 16863116
1659730784 17291568
1659730785 16747258
1659730786 17198182
1659730787 16797396
1659730788 17504628
1659730789 16649102
1659730790 16426608
1659730791 17532930
1659730792 16884952
1659730793 17710374
1659730794 16822306
1659730795 16386858
1659730796 17570348
1659730797 17335558
1659730798 17178148
1659730799 17395448
1659730800 16198602
1659730801 17075434
1659730802 16896188
1659730803 17075222
1659730804 17131932
1659730805 15719800
1659730806 17406684
1659730807 16616136
1659730808 17280332
1659730809 17000280
1659730810 14630120
1659730811 16690760
1659730812 17216732
1659730813 17248108
1659730814 17277682
1659730815 16726800
1659730816 17243020
1659730817 17062396
1659730818 16990422
1659730819 17481944
1659730820 15825058
1659730821 16989680
1659730822 17077236
1659730823 16951626
1659730824 16459362
1659730825 14857596
1659730826 17365450
1659730827 17278636
1659730828 17139564
1659730829 17055612
1659730830 16170618
1659730831 16900322
1659730832 17257648
1659730833 17262524
1659730834 16899686
1659730835 16421414
1659730836 17000174
1659730837 17097906
1659730838 16722560
1659730839 16437632
1659730840 15678354
1659730841 16791036
1659730842 17144228
1659730843 17422160
1659730844 16685248
1659730845 16215774
1659730846 16915904
1659730847 17292098
1659730848 16907530
1659730849 17410288
1659730850 16598858
1659730851 16840856
1659730852 16920250
1659730853 17126738
1659730854 16973992
1659730855 15159696
1659730856 16772592
1659730857 17201044
1659730858 17470390
1659730859 17115396
1659730860 15989994
1659730861 16929896
1659730862 17135006
1659730863 16675178
1659730864 17402126
1659730865 16221922
1659730866 16279162
1659730867 17210160
1659730868 17039288
1659730869 16830256
1659730870 15408478
1659730871 16822942
1659730872 17305242
1659730873 17241112
1659730874 17478658
1659730875 16282342
1659730876 17223728
1659730877 17379866
1659730878 17334710
1659730879 17583280
1659730880 16289868
1659730881 16843400
1659730882 17348490
1659730883 16834814
1659730884 17266128
1659730885 16021052
1659730886 16029426
1659730887 17305454
1659730888 17466574
1659730889 17065788
1659730890 16279480
1659730891 17250652
1659730892 16891100
1659730893 17378912
1659730894 16861314
1659730895 15926394
1659730896 17096422
1659730897 16780012
1659730898 16576386
1659730899 16794534
1659730900 15250538
1659730901 16511408
1659730902 16968268
1659730903 17781076
1659730904 17645820
1659730905 16604158
1659730906 17304076
1659730907 16596526
1659730908 16923324
1659730909 16914102
1659730910 16214078
1659730911 16919932
1659730912 16964134
1659730913 17114442
1659730914 17144758
1659730915 16266336
1659730916 17165746
1659730917 16568224
1659730918 17315206
1659730919 17478340
1659730920 16584336
1659730921 17459154
1659730922 16643590
1659730923 15565994
1659730924 17374566
1659730925 16273756
1659730926 17339056
1659730927 17059428
1659730928 16836934
1659730929 16852198
1659730930 16435194
1659730931 17106174
1659730932 17125254
1659730933 16076490
1659730934 16923218
1659730935 16404348
1659730936 17039500
1659730937 17009714
1659730938 17184720
1659730939 16958092
1659730940 16215986
1659730941 17232102
1659730942 17221820
1659730943 16901382
1659730944 17081900
1659730945 16573736
1659730946 16827606
1659730947 16835874
1659730948 16748636
1659730949 16492434
1659730950 16196906
1659730951 17042786
1659730952 17183024
1659730953 16974734
1659730954 16502186
1659730955 16374138
1659730956 17249486
1659730957 17088260
1659730958 16796018
1659730959 16113060
1659730960 16600766
1659730961 17283406
1659730962 16919084
1659730963 17172636
1659730964 16310220
1659730965 16140090
1659730966 17098330
1659730967 17155994
1659730968 17103736
1659730969 16672104
1659730970 15865868
1659730971 16505472
1659730972 16941556
1659730973 16736234
1659730974 16246196
1659730975 14001964
1659730976 17108188
1659730977 17014590
1659730978 16607868
1659730979 16656840
1659730980 15825482
1659730981 17198394
1659730982 17218640
1659730983 17122180
1659730984 16744502
1659730985 15136270
1659730986 16929260
1659730987 16740474
1659730988 16530382
1659730989 16701042
1659730990 16068116
1659730991 16219802
1659730992 17081582
1659730993 17085504
1659730994 17349656
1659730995 16078292
1659730996 16496144
1659730997 16996570
1659730998 16712172
1659730999 16706766
1659731000 15329402
1659731001 17013000
1659731002 16924384
1659731003 17218958
1659731004 17104478
1659731005 15054968
1659731006 16843506
1659731007 17162884
1659731008 17114972
1659731009 17229240
1659731010 16024974
1659731011 17112322
1659731012 16796442
1659731013 16803862
1659731014 16888132
1659731015 15505044
1659731016 17428414
1659731017 17315630
1659731018 17108824
1659731019 18205924
1659731020 15568220
1659731021 17055506
1659731022 17052326
1659731023 16793898
1659731024 17578086
1659731025 16497734
1659731026 16900110
1659731027 17161612
1659731028 16527520
1659731029 16813932
1659731030 15567266
1659731031 17380290
1659731032 16757328
1659731033 17207404
1659731034 17126632
1659731035 16372866
1659731036 16428728
1659731037 17163838
1659731038 17090486
1659731039 17033670
1659731040 16010558
1659731041 16632566
1659731042 17273442
1659731043 16854848
1659731044 16907318
1659731045 15350920
1659731046 17445692
1659731047 17290720
1659731048 17202422
1659731049 17337784
1659731050 15346256
1659731051 16551264
1659731052 17395236
1659731053 17273230
1659731054 17298140
1659731055 16092814
1659731056 16815840
1659731057 17022222
1659731058 16597692
1659731059 16980034
1659731060 14611146
1659731061 17105538
1659731062 17420358
1659731063 16999644
1659731064 16461164
1659731065 16308842
1659731066 16829514
1659731067 16911240
1659731068 16910498
1659731069 16942934
1659731070 16568436
1659731071 16638820
1659731072 17083914
1659731073 16946962
1659731074 16598434
1659731075 15714606
1659731076 16919826
1659731077 17324534
1659731078 17280968
1659731079 17114124
1659731080 15213862
1659731081 16552854
1659731082 17295596
1659731083 17342766
1659731084 16596208
1659731085 15859508
1659731086 17254998
1659731087 17145076
1659731088 16708568
1659731089 16956396
1659731090 15406994
1659731091 16938270
1659731092 17208040
1659731093 17019996
1659731094 17007700
1659731095 16701890
1659731096 16407210
1659731097 17177830
1659731098 16936468
1659731099 17327608
1659731100 16017554
1659731101 16315308
1659731102 16517026
1659731103 17199242
1659731104 16702102
1659731105 15745452
1659731106 17283830
1659731107 17040666
1659731108 17157266
1659731109 17787012
1659731110 16394066
1659731111 16726800
1659731112 17132674
1659731113 17247896
1659731114 17419298
1659731115 16538438
1659731116 17042044
1659731117 17146560
1659731118 17155252
1659731119 16871384
1659731120 16018190
1659731121 17142638
1659731122 16562606
1659731123 17450356
1659731124 17186946
1659731125 16165530
1659731126 16695424
1659731127 17066212
1659731128 17262206
1659731129 17485230
1659731130 16312552
1659731131 16947280
1659731132 17306302
1659731133 17356546
1659731134 16704222
1659731135 15975260
1659731136 16732100
1659731137 16577976
1659731138 17459260
1659731139 17095892
1659731140 16285098
1659731141 17108188
1659731142 16805876
1659731143 17161188
1659731144 17020526
1659731145 16310432
1659731146 17501872
1659731147 16983426
1659731148 17471238
1659731149 17580736
1659731150 16087196
1659731151 16914526
1659731152 17143910
1659731153 16795912
1659731154 16832376
1659731155 16249482
1659731156 16776726
1659731157 16527838
1659731158 16501232
1659731159 16965936
1659731160 16597904
1659731161 17195744
1659731162 16956820
1659731163 16371488
1659731164 17432548
1659731165 16564938
1659731166 17179738
1659731167 16992648
1659731168 16686096
1659731169 16949400
1659731170 16268562
1659731171 17596318
1659731172 16638290
1659731173 16861632
1659731174 16571934
1659731175 16317428
1659731176 17096740
1659731177 17392586
1659731178 17316902
1659731179 17335876
1659731180 16173480
1659731181 16766126
1659731182 16514588
1659731183 17263690
1659731184 17013954
1659731185 15274812
1659731186 17135854
1659731187 16653024
1659731188 17446964
1659731189 17100874
1659731190 16634686
1659731191 16578506
1659731192 16933606
1659731193 17174650
1659731194 16650904
1659731195 16144330
1659731196 16451200
1659731197 17021268
1659731198 16602886
1659731199 17427460
1659731200 16344670
1659731201 16536636
1659731202 16713550
1659731203 16917600
1659731204 16872868
1659731205 16263474
1659731206 16966996
1659731207 16631400
1659731208 17039818
1659731209 16514588
1659731210 15515432
1659731211 17056672
1659731212 16606914
1659731213 17055400
1659731214 16933924
1659731215 16413888
1659731216 16620270
1659731217 17502190
1659731218 17001658
1659731219 17033458
1659731220 15839262
1659731221 16735598
1659731222 16471764
1659731223 17034306
1659731224 16706978
1659731225 15115176
1659731226 16968162
1659731227 16901276
1659731228 17310224
1659731229 16722560
1659731230 15804070
1659731231 16357178
1659731232 16536636
1659731233 17238250
1659731234 17035896
1659731235 16246302
1659731236 16718744
1659731237 16711430
1659731238 16956714
1659731239 16925762
1659731240 15752236
1659731241 15411446
1659731242 17225424
1659731243 16665638
1659731244 17142002
1659731245 16367142
1659731246 16907954
1659731247 16492752
1659731248 16953428
1659731249 17239734
1659731250 16311810
1659731251 16830362
1659731252 16478442
1659731253 16510030
1659731254 16626842
1659731255 15584756
1659731256 16462754
1659731257 16604158
1659731258 17456504
1659731259 17378700
1659731260 15780114
1659731261 16946220
1659731262 16333752
1659731263 16678888
1659731264 16963074
1659731265 16443992
1659731266 17316902
1659731267 16407316
1659731268 16231462
1659731269 16749378
1659731270 16339476
1659731271 16987454
1659731272 16793262
1659731273 16930108
1659731274 16894280
1659731275 16222240
1659731276 17259662
1659731277 17117834
1659731278 16938694
1659731279 16971660
1659731280 15799618
1659731281 16547766
1659731282 16316898
1659731283 16855060
1659731284 16672528
1659731285 16491056
1659731286 17501766
1659731287 16394914
1659731288 16985546
1659731289 17114972
1659731290 16466570
1659731291 17147302
1659731292 17088260
1659731293 16884634
1659731294 16769200
1659731295 15131500
1659731296 16832800
1659731297 16279798
1659731298 17204754
1659731299 17243444
1659731300 16681644
1659731301 17116880
1659731302 16760402
1659731303 16399578
1659731304 17252666
1659731305 16162456
1659731306 16784040
1659731307 17353048
1659731308 16975688
1659731309 17075540
1659731310 16011512
1659731311 16577022
1659731312 16832588
1659731313 16458832
1659731314 16900110
1659731315 15770150
1659731316 17351034
1659731317 17013954
1659731318 16741534
1659731319 16636806
1659731320 16326332
1659731321 17108188
1659731322 16712278
1659731323 16759448
1659731324 17361846
1659731325 14981404
1659731326 17117834
1659731327 17017558
1659731328 17034412
1659731329 17613384
1659731330 16387600
1659731331 16737718
1659731332 17178890
1659731333 16915586
1659731334 17002400
1659731335 15979394
1659731336 16850502
1659731337 16844566
1659731338 17172212
1659731339 16896930
1659731340 15831842
1659731341 17052432
1659731342 17529220
1659731343 17691188
1659731344 17189808
1659731345 15881026
1659731346 16627160
1659731347 17015120
1659731348 17214506
1659731349 16991482
1659731350 15941340
1659731351 16695742
1659731352 16803862
1659731353 16613804
1659731354 17348702
1659731355 15374558
1659731356 17261888
1659731357 17240052
1659731358 17231890
1659731359 17115714
1659731360 15531862
1659731361 16810964
1659731362 16968162
1659731363 17369160
1659731364 16973250
1659731365 16297182
1659731366 16896506
1659731367 17157690
1659731368 17071088
1659731369 16828878
1659731370 15626732
1659731371 16252450
1659731372 17480036
1659731373 17199348
1659731374 17133522
1659731375 16166484
1659731376 16657370
1659731377 16957456
1659731378 16743336
1659731379 16754678
1659731380 16725316
1659731381 16886648
1659731382 16278526
1659731383 17045966
1659731384 16454274
1659731385 14769510
1659731386 17242914
1659731387 17059216
1659731388 16947598
1659731389 16868310
1659731390 15874772
1659731391 16493706
1659731392 17148892
1659731393 16772592
1659731394 17386650
1659731395 15858978
1659731396 16369262
1659731397 16644544
1659731398 16561546
1659731399 16663518
1659731400 15727644
1659731401 16628326
1659731402 17204860
1659731403 17242278
1659731404 17144016
1659731405 15623340
1659731406 17149422
1659731407 17078614
1659731408 16486710
1659731409 17115820
1659731410 16358450
1659731411 16953746
1659731412 16552006
1659731413 16658006
1659731414 17133204
1659731415 15055392
1659731416 17063668
1659731417 16612214
1659731418 16931592
1659731419 17206450
1659731420 15815942
1659731421 16848170
1659731422 16427774
1659731423 17290508
1659731424 16583912
1659731425 15878164
1659731426 16658112
1659731427 16521584
1659731428 17145394
1659731429 16690654
1659731430 15547868
1659731431 15836506
1659731432 16798880
1659731433 17395766
1659731434 16801424
1659731435 16572040
1659731436 17202104
1659731437 16377848
1659731438 17296338
1659731439 16809904
1659731440 16511514
1659731441 17622394
1659731442 17036532
1659731443 16976218
1659731444 16884210
1659731445 15482254
1659731446 16852622
1659731447 16196376
1659731448 16797608
1659731449 17203270
1659731450 16701042
1659731451 16934348
1659731452 16937528
1659731453 17119106
1659731454 17373294
1659731455 15513418
1659731456 16933924
1659731457 17346264
1659731458 17192988
1659731459 17647198
1659731460 16348274
1659731461 16553914
1659731462 17458942
1659731463 16950778
1659731464 16935090
1659731465 15091962
1659731466 16851456
1659731467 17304924
1659731468 17162036
1659731469 17147726
1659731470 16154506
1659731471 16847958
1659731472 17264856
1659731473 17247366
1659731474 17298776
1659731475 15864702
1659731476 17256906
1659731477 17165216
1659731478 17278212
1659731479 16990846
1659731480 15700826
1659731481 17762102
1659731482 17063986
1659731483 17349338
1659731484 17187476
1659731485 15613694
1659731486 17235176
1659731487 17268036
1659731488 16631188
1659731489 17359726
1659731490 16530488
1659731491 16877744
1659731492 17045330
1659731493 17329410
1659731494 17006746
1659731495 15701780
1659731496 17031020
1659731497 17180692
1659731498 16856226
1659731499 17462652
1659731500 15802480
1659731501 17252454
1659731502 16997206
1659731503 17055082
1659731504 17154616
1659731505 15470064
1659731506 16728496
1659731507 16980988
1659731508 17230406
1659731509 17184508
1659731510 16674012
1659731511 16576704
1659731512 17734966
1659731513 17237508
1659731514 17268566
1659731515 15820924
1659731516 17388240
1659731517 17464348
1659731518 16998584
1659731519 17082854
1659731520 16525612
1659731521 16845838
1659731522 16804922
1659731523 16997206
1659731524 17184084
1659731525 15732308
1659731526 17269202
1659731527 17319446
1659731528 17170940
1659731529 17273760
1659731530 15915582
1659731531 16947492
1659731532 17015650
1659731533 17491272
1659731534 16999432
1659731535 16189380
1659731536 8852166
1659731537 1696


# events submitted
1659730334 3586616
1659730335 361672
1659730336 9700272
1659730337 16678888
1659730338 17319870
1659730339 17413786
1659730340 16291458
1659730341 17135960
1659730342 17262524
1659730343 17168184
1659730344 17040242
1659730345 16080518
1659730346 16688534
1659730347 16406150
1659730348 16716624
1659730349 16615818
1659730350 16386222
1659730351 15495928
1659730352 16694258
1659730353 16658854
1659730354 16632460
1659730355 16321456
1659730356 16725104
1659730357 16534304
1659730358 16614652
1659730359 16819868
1659730360 15231034
1659730361 16164258
1659730362 15873818
1659730363 16702844
1659730364 16642424
1659730365 16151326
1659730366 16530912
1659730367 16739732
1659730368 16762098
1659730369 16459044
1659730370 16206552
1659730371 16858558
1659730372 16389084
1659730373 15925228
1659730374 16549144
1659730375 15212378
1659730376 16542572
1659730377 16777150
1659730378 16499960
1659730379 16651646
1659730380 16155884
1659730381 16168180
1659730382 16695106
1659730383 16464238
1659730384 16495508
1659730385 15839792
1659730386 16381558
1659730387 16402440
1659730388 16413888
1659730389 16735174
1659730390 14595776
1659730391 16199980
1659730392 12553474
1659730393 14844134
1659730394 12639122
1659730395 12542344
1659730396 11009902
1659730397 12066192
1659730398 11546474
1659730399 9045086
1659730400 8842308
1659730401 8908876
1659730402 7823542
1659730403 7771920
1659730404 8147690
1659730405 7346330
1659730406 8446292
1659730407 9669002
1659730408 8735248
1659730409 8461874
1659730410 7429434
1659730411 9766840
1659730412 7115992
1659730413 9972056
1659730414 8634442
1659730415 8443430
1659730416 8288988
1659730417 4074852
1659730418 5205978
1659730419 4344516
1659730420 4032876
1659730421 4207670
1659730422 3032342
1659730423 3140992
1659730424 5308904
1659730425 3067322
1659730426 4766714
1659730427 4487404
1659730428 3827130
1659730429 3656046
1659730430 3576864
1659730431 3235120
1659730432 3172792
1659730433 3108450
1659730434 5041466
1659730435 3538810
1659730436 2179360
1659730437 3368044
1659730438 3638980
1659730439 4650432
1659730440 4013478
1659730441 1816310
1659730442 3214026
1659730443 3541672
1659730444 2293522
1659730445 5789190
1659730446 3530966
1659730447 3124986
1659730448 1797548
1659730449 2153708
1659730450 2984218
1659730451 4205974
1659730452 1357224
1659730453 2591700
1659730454 4584288
1659730455 4563300
1659730456 3968534
1659730457 1767338
1659730458 2328078
1659730459 1477746
1659730460 4159122
1659730461 8392656
1659730462 6929008
1659730463 7010204
1659730464 6966532
1659730465 8775634
1659730466 10099362
1659730467 8440568
1659730468 8655536
1659730469 7823012
1659730470 7188920
1659730471 7179804
1659730472 7795876
1659730473 10610176
1659730474 7662422
1659730475 8373788
1659730476 7682880
1659730477 6157858
1659730478 9307966
1659730479 8048156
1659730480 6927100
1659730481 8968554
1659730482 7809550
1659730483 8140800
1659730484 9219244
1659730485 8964844
1659730486 8632216
1659730487 7934312
1659730488 9850792
1659730489 8551126
1659730490 8070628
1659730491 6888516
1659730492 7723054
1659730493 9005972
1659730494 8718500
1659730495 8721786
1659730496 9607946
1659730497 6967592
1659730498 7620340
1659730499 9168682
1659730500 8660412
1659730501 9996648
1659730502 7625428
1659730503 7023772
1659730504 8996432
1659730505 7107830
1659730506 7896788
1659730507 8336370
1659730508 8387568
1659730509 8524096
1659730510 6851946
1659730511 7570944
1659730512 6966744
1659730513 7800222
1659730514 8946612
1659730515 7845696
1659730516 8255916
1659730517 8959862
1659730518 5435044
1659730519 4514328
1659730520 3043578
1659730521 5396672
1659730522 5434196
1659730523 5406636
1659730524 5290248
1659730525 4075382
1659730526 5081958
1659730527 5459954
1659730528 3719646
1659730529 4850136
1659730530 3909068
1659730531 4604004
1659730532 4152868
1659730533 5313462
1659730534 3924014
1659730535 3606014
1659730536 2736708
1659730537 5215200
1659730538 4950200
1659730539 5831272
1659730540 3498212
1659730541 4683186
1659730542 4824802
1659730543 2458988
1659730544 3122760
1659730545 4523126
1659730546 3356490
1659730547 3871014
1659730548 5388298
1659730549 5168984
1659730550 2535308
1659730551 3855432
1659730552 4332644
1659730553 5342082
1659730554 5184354
1659730555 4286004
1659730556 5105490
1659730557 4219542
1659730558 3859990
1659730559 4618632
1659730560 5507230
1659730561 4969280
1659730562 2644170
1659730563 4572522
1659730564 3741164
1659730565 2697594
1659730566 4371546
1659730567 4464084
1659730568 3496622
1659730569 3092232
1659730570 4566692
1659730571 2655830
1659730572 3555770
1659730573 4137074
1659730574 3890200
1659730575 3777310
1659730576 4086724
1659730577 2521528
1659730578 3906312
1659730579 4357872
1659730580 2476160
1659730581 1946902
1659730582 4108454
1659730583 4373878
1659730584 2290554
1659730585 3999592
1659730586 3530542
1659730587 3986236
1659730588 4285580
1659730589 5763220
1659730590 3313772
1659730591 3766286
1659730592 4780494
1659730593 3712226
1659730594 4324270
1659730595 5490588
1659730596 4204702
1659730597 4817594
1659730598 5634006
1659730599 5022174
1659730600 5073478
1659730601 4831374
1659730602 4516236
1659730603 3765226
1659730604 2580782
1659730605 3483690
1659730606 4007330
1659730607 2712434
1659730608 3044744
1659730609 4333704
1659730610 5422006
1659730611 3544428
1659730612 3777310
1659730613 3618946
1659730614 4818018
1659730615 4338262
1659730616 4706188
1659730617 3743920
1659730618 5413208
1659730619 3993232
1659730620 5334768
1659730621 2892952
1659730622 2544848
1659730623 4352254
1659730624 3546548
1659730625 4173538
1659730626 4291516
1659730627 4320878
1659730628 5095950
1659730629 4854800
1659730630 4097642
1659730631 5424338
1659730632 3374828
1659730633 2633146
1659730634 4677568
1659730635 3674066
1659730636 3597640
1659730637 4948292
1659730638 3773494
1659730639 4929318
1659730640 3386806
1659730641 4242862
1659730642 3557466
1659730643 5276150
1659730644 4015068
1659730645 4933558
1659730646 5633264
1659730647 4202370
1659730648 5348018
1659730649 4585666
1659730650 3470016
1659730651 5780498
1659730652 3912672
1659730653 3625306
1659730654 4517402
1659730655 3346738
1659730656 1101340
1659730657 3686574
1659730658 4975852
1659730659 5116620
1659730660 3945744
1659730661 4131668
1659730662 2711586
1659730663 4164634
1659730664 5008076
1659730665 4649478
1659730666 4430164
1659730667 3943624
1659730668 4408752
1659730669 4147568
1659730670 3770950
1659730671 5051854
1659730672 4202370
1659730673 3735652
1659730674 4589376
1659730675 2539442
1659730676 3183180
1659730677 5121284
1659730678 4237244
1659730679 5730254
1659730680 4293954
1659730681 3323736
1659730682 3712332
1659730683 3883840
1659730684 4955712
1659730685 3563084
1659730686 4134742
1659730687 4246572
1659730688 3646506
1659730689 4336248
1659730690 5498008
1659730691 4306038
1659730692 3848436
1659730693 5022598
1659730694 5464830
1659730695 4830208
1659730696 4793108
1659730697 2102934
1659730698 4225266
1659730699 5482850
1659730700 3714876
1659730701 4551852
1659730702 4276888
1659730703 5197922
1659730704 4799468
1659730705 4919036
1659730706 4204702
1659730707 5825654
1659730708 5080050
1659730709 4521112
1659730710 3573578
1659730711 3732154
1659730712 3840380
1659730713 3063718
1659730714 4717530
1659730715 3731836
1659730716 5382468
1659730717 5946600
1659730718 4847804
1659730719 3989204
1659730720 4889886
1659730721 5285796
1659730722 5213610
1659730723 3956980
1659730724 2226106
1659730725 3991218
1659730726 5339114
1659730727 1639396
1659730728 5714884
1659730729 4514540
1659730730 3742330
1659730731 3438216
1659730732 4992388
1659730733 5069026
1659730734 5004790
1659730735 4849712
1659730736 2647562
1659730737 5276786
1659730738 4464826
1659730739 5098070
1659730740 3675232
1659730741 3294374
1659730742 3241586
1659730743 3034144
1659730744 3398466
1659730745 4835614
1659730746 5287810
1659730747 3236498
1659730748 3093610
1659730749 4344834
1659730750 4515282
1659730751 5055352
1659730752 3992490
1659730753 3774448
1659730754 4171736
1659730755 4655308
1659730756 3244978
1659730757 3917230
1659730758 4978290
1659730759 2899842
1659730760 4405996
1659730761 4733324
1659730762 4701206
1659730763 4893808
1659730764 3250172
1659730765 4344940
1659730766 3253564
1659730767 4599658
1659730768 4094144
1659730769 3670992
1659730770 4494930
1659730771 5735342
1659730772 4838582
1659730773 5628600
1659730774 4157956
1659730775 2622440
1659730776 4714456
1659730777 5020160
1659730778 4349816
1659730779 3693782
1659730780 5308480
1659730781 5000868
1659730782 3834762
1659730783 3715936
1659730784 3862216
1659730785 4675554
1659730786 3404190
1659730787 3008916
1659730788 4470338
1659730789 5000762
1659730790 3153712
1659730791 6084824
1659730792 4228870
1659730793 5958154
1659730794 2884684
1659730795 5023446
1659730796 5393598
1659730797 3964930
1659730798 4453484
1659730799 5828834
1659730800 5421158
1659730801 5109624
1659730802 5452958
1659730803 4077820
1659730804 5098600
1659730805 4591072
1659730806 4564466
1659730807 5392962
1659730808 2890726
1659730809 5025248
1659730810 4072626
1659730811 4773604
1659730812 1600494
1659730813 4598280
1659730814 4831374
1659730815 4038494
1659730816 5157324
1659730817 5730254
1659730818 4235548
1659730819 2778578
1659730820 3967368
1659730821 3247416
1659730822 2769992
1659730823 4502244
1659730824 4185622
1659730825 3581634
1659730826 5264490
1659730827 5642698
1659730828 4237986
1659730829 5736402
1659730830 5330316
1659730831 5064468
1659730832 4549944
1659730833 4295544
1659730834 4190286
1659730835 3546654
1659730836 4314306
1659730837 4906528
1659730838 4576126
1659730839 5116196
1659730840 4379178
1659730841 5219970
1659730842 2888924
1659730843 4873986
1659730844 3832642
1659730845 4336990
1659730846 4097006
1659730847 4567646
1659730848 3286318
1659730849 4272330
1659730850 3425920
1659730851 4339746
1659730852 5770216
1659730853 5370384
1659730854 5628282
1659730855 3035840
1659730856 5437482
1659730857 3541036
1659730858 5640896
1659730859 1607384
1659730860 3735122
1659730861 4123294
1659730862 5112168
1659730863 3116612
1659730864 3462808
1659730865 4980304
1659730866 4065736
1659730867 4868156
1659730868 5266610
1659730869 4427302
1659730870 4471822
1659730871 4445640
1659730872 4911828
1659730873 4443520
1659730874 3515702
1659730875 3161132
1659730876 4649902
1659730877 5146724
1659730878 2834122
1659730879 1820974
1659730880 4405042
1659730881 5396036
1659730882 4454332
1659730883 5152448
1659730884 4092130
1659730885 3636436
1659730886 4230354
1659730887 3882886
1659730888 5884590
1659730889 4559166
1659730890 4116722
1659730891 4296604
1659730892 3981466
1659730893 4521324
1659730894 5073054
1659730895 3668448
1659730896 4757916
1659730897 3353310
1659730898 3831264
1659730899 4457194
1659730900 3787698
1659730901 3373132
1659730902 3570504
1659730903 2577814
1659730904 2214340
1659730905 4777314
1659730906 5805726
1659730907 3505526
1659730908 4561180
1659730909 3426132
1659730910 3840910
1659730911 3192720
1659730912 3631030
1659730913 4517296
1659730914 3842818
1659730915 4765230
1659730916 3838578
1659730917 4197388
1659730918 4793002
1659730919 5518784
1659730920 3446696
1659730921 5252194
1659730922 4239258
1659730923 4499700
1659730924 5102098
1659730925 3098592
1659730926 3843030
1659730927 4250388
1659730928 5123298
1659730929 3940126
1659730930 4046444
1659730931 4530016
1659730932 2240628
1659730933 2798294
1659730934 4288336
1659730935 4594146
1659730936 4718802
1659730937 4708732
1659730938 4957090
1659730939 3888610
1659730940 4926986
1659730941 5023976
1659730942 3558420
1659730943 4925290
1659730944 4533408
1659730945 3472030
1659730946 4939176
1659730947 5512636
1659730948 4483270
1659730949 3719222
1659730950 3388502
1659730951 4522278
1659730952 3596368
1659730953 3867410
1659730954 5008288
1659730955 4894550
1659730956 3227276
1659730957 4350876
1659730958 7719662
1659730959 8742350
1659730960 7974274
1659730961 7718284
1659730962 8693908
1659730963 8529078
1659730964 9480534
1659730965 7872090
1659730966 8682036
1659730967 9412588
1659730968 8322166
1659730969 8880680
1659730970 6891378
1659730971 9078582
1659730972 8218392
1659730973 9469192
1659730974 8356722
1659730975 6822160
1659730976 8083878
1659730977 6185206
1659730978 7865412
1659730979 9408772
1659730980 9830864
1659730981 6985930
1659730982 8613348
1659730983 9748184
1659730984 9280618
1659730985 7985722
1659730986 9048584
1659730987 8625538
1659730988 7882160
1659730989 5936106
1659730990 8032362
1659730991 7738318
1659730992 8233762
1659730993 8516146
1659730994 9001838
1659730995 7886294
1659730996 9011060
1659730997 7157968
1659730998 8859268
1659730999 10393724
1659731000 8583668
1659731001 6853642
1659731002 7927952
1659731003 8274572
1659731004 9309768
1659731005 7601790
1659731006 10229424
1659731007 7360110
1659731008 6516138
1659731009 8712564
1659731010 7257396
1659731011 9036606
1659731012 7045396
1659731013 8739594
1659731014 7266194
1659731015 6469710
1659731016 3687634
1659731017 5382468
1659731018 5727604
1659731019 1759494
1659731020 3876844
1659731021 2741266
1659731022 2567108
1659731023 4257808
1659731024 2213068
1659731025 1915314
1659731026 3761516
1659731027 4010192
1659731028 4829360
1659731029 4040508
1659731030 3950408
1659731031 3676610
1659731032 5046130
1659731033 5855970
1659731034 4728660
1659731035 5649270
1659731036 5641956
1659731037 5676088
1659731038 4603474
1659731039 4151490
1659731040 3892108
1659731041 4653612
1659731042 3984222
1659731043 3940656
1659731044 4251660
1659731045 2404080
1659731046 4392958
1659731047 5324168
1659731048 4235760
1659731049 3109828
1659731050 2631980
1659731051 4205762
1659731052 3762364
1659731053 2565094
1659731054 5964196
1659731055 3162298
1659731056 3979558
1659731057 4197388
1659731058 3727596
1659731059 4475638
1659731060 2891892
1659731061 4067114
1659731062 4476380
1659731063 5650966
1659731064 2913516
1659731065 4939176
1659731066 5509880
1659731067 4648948
1659731068 4233110
1659731069 4946066
1659731070 3782610
1659731071 5021432
1659731072 5354802
1659731073 5622982
1659731074 5132096
1659731075 3389562
1659731076 3778476
1659731077 3457084
1659731078 5419992
1659731079 3469486
1659731080 3402706
1659731081 5108140
1659731082 3296918
1659731083 4012312
1659731084 4507438
1659731085 3380022
1659731086 1865176
1659731087 4197600
1659731088 5224210
1659731089 3555558
1659731090 4685094
1659731091 3669296
1659731092 2968636
1659731093 4806358
1659731094 3665056
1659731095 3172474
1659731096 3348328
1659731097 4697496
1659731098 5286114
1659731099 3302430
1659731100 3779748
1659731101 4904302
1659731102 3735122
1659731103 2429308
1659731104 5636656
1659731105 3345784
1659731106 3913096
1659731107 2795644
1659731108 3973728
1659731109 2201832
1659731110 3348434
1659731111 4415324
1659731112 4168874
1659731113 4744136
1659731114 3153924
1659731115 2145016
1659731116 4003620
1659731117 2708724
1659731118 3635694
1659731119 4889462
1659731120 3095836
1659731121 4719014
1659731122 2305818
1659731123 3933660
1659731124 4099232
1659731125 4256218
1659731126 4612696
1659731127 4737564
1659731128 3149472
1659731129 2415528
1659731130 3007750
1659731131 4354056
1659731132 5046978
1659731133 4633048
1659731134 2965986
1659731135 5002352
1659731136 3810170
1659731137 2814830
1659731138 5825336
1659731139 2636008
1659731140 3739362
1659731141 3611844
1659731142 5601782
1659731143 4317698
1659731144 2999482
1659731145 4087466
1659731146 5742126
1659731147 4509876
1659731148 5582066
1659731149 3225156
1659731150 5543482
1659731151 3931010
1659731152 5335404
1659731153 4121492
1659731154 2533188
1659731155 3661134
1659731156 3954860
1659731157 3908538
1659731158 4684882
1659731159 3416168
1659731160 4202264
1659731161 4497792
1659731162 6009564
1659731163 4638878
1659731164 2680528
1659731165 2719536
1659731166 4684776
1659731167 4893490
1659731168 3850132
1659731169 4536906
1659731170 2562762
1659731171 4485708
1659731172 4044748
1659731173 4708096
1659731174 4073792
1659731175 3887550
1659731176 3562554
1659731177 5517512
1659731178 5860740
1659731179 4455816
1659731180 2908004
1659731181 3502134
1659731182 5040724
1659731183 5787812
1659731184 4192512
1659731185 3001708
1659731186 4816534
1659731187 3270736
1659731188 3544322
1659731189 4066372
1659731190 4234806
1659731191 4072202
1659731192 3364758
1659731193 5101144
1659731194 4599128
1659731195 5391584
1659731196 2955386
1659731197 5970132
1659731198 4382040
1659731199 4893172
1659731200 2851718
1659731201 3890942
1659731202 5426988
1659731203 4716364
1659731204 3016442
1659731205 4605382
1659731206 2385000
1659731207 4372182
1659731208 4379814
1659731209 4966630
1659731210 2491530
1659731211 4634532
1659731212 4558530
1659731213 3994186
1659731214 3681062
1659731215 3768194
1659731216 5511364
1659731217 5927520
1659731218 4686154
1659731219 1075158
1659731220 5030442
1659731221 3442774
1659731222 5150328
1659731223 5282828
1659731224 3021318
1659731225 5113970
1659731226 5099554
1659731227 4442884
1659731228 5307738
1659731229 3754096
1659731230 3931752
1659731231 4705234
1659731232 5227602
1659731233 4964722
1659731234 2616080
1659731235 4146084
1659731236 4037010
1659731237 4690606
1659731238 3582800
1659731239 2709678
1659731240 3330732
1659731241 4677356
1659731242 4186046
1659731243 5628282
1659731244 5652026
1659731245 2650000
1659731246 4485072
1659731247 4420836
1659731248 4875470
1659731249 5530974
1659731250 4854270
1659731251 5435256
1659731252 5325546
1659731253 3351084
1659731254 5281874
1659731255 4562770
1659731256 4826922
1659731257 2830306
1659731258 5020478
1659731259 2455702
1659731260 3166114
1659731261 4386704
1659731262 3499272
1659731263 4410236
1659731264 5674498
1659731265 4255794
1659731266 3561494
1659731267 5055034
1659731268 3892426
1659731269 4886070
1659731270 3846104
1659731271 4916810
1659731272 4722512
1659731273 4426348
1659731274 5190502
1659731275 4335930
1659731276 3721766
1659731277 4124778
1659731278 5319716
1659731279 2585658
1659731280 4316426
1659731281 3924862
1659731282 4300632
1659731283 3908644
1659731284 5165486
1659731285 3350554
1659731286 2738828
1659731287 5718064
1659731288 4721028
1659731289 4210108
1659731290 5300530
1659731291 4845684
1659731292 5495358
1659731293 3367408
1659731294 4947656
1659731295 3873558
1659731296 3821724
1659731297 3094776
1659731298 4950518
1659731299 5341976
1659731300 2728122
1659731301 4222086
1659731302 3500544
1659731303 3844514
1659731304 4198766
1659731305 3628486
1659731306 4336460
1659731307 3951680
1659731308 4996628
1659731309 3685620
1659731310 2275184
1659731311 2734800
1659731312 5265444
1659731313 2292144
1659731314 3337940
1659731315 3628380
1659731316 4461646
1659731317 5044116
1659731318 4068598
1659731319 3406840
1659731320 2727910
1659731321 4756432
1659731322 4847486
1659731323 4321726
1659731324 3365924
1659731325 2611734
1659731326 4033194
1659731327 4222510
1659731328 3756958
1659731329 4835190
1659731330 5590122
1659731331 3880448
1659731332 2314722
1659731333 4737458
1659731334 5626374
1659731335 4629550
1659731336 1788750
1659731337 4086194
1659731338 4206080
1659731339 4774028
1659731340 5058638
1659731341 4411932
1659731342 4786112
1659731343 2693142
1659731344 4149794
1659731345 4023760
1659731346 3348540
1659731347 4464190
1659731348 3733638
1659731349 4007754
1659731350 3669508
1659731351 4321832
1659731352 5016238
1659731353 2841966
1659731354 3265224
1659731355 4640786
1659731356 5711174
1659731357 5489104
1659731358 1426760
1659731359 4412038
1659731360 4492492
1659731361 4959952
1659731362 3744132
1659731363 3342816
1659731364 3846104
1659731365 4150748
1659731366 4659760
1659731367 3879812
1659731368 5085350
1659731369 5673014
1659731370 4407798
1659731371 2633146
1659731372 5902610
1659731373 5088000
1659731374 2926766
1659731375 3277944
1659731376 3919880
1659731377 4299254
1659731378 4639620
1659731379 5986032
1659731380 8623206
1659731381 10416832
1659731382 7820680
1659731383 10487428
1659731384 7704716
1659731385 7276900
1659731386 9704406
1659731387 6979994
1659731388 8400500
1659731389 9326410
1659731390 6641430
1659731391 7948622
1659731392 8225812
1659731393 10080494
1659731394 6968652
1659731395 6987096
1659731396 9245002
1659731397 6192520
1659731398 8758038
1659731399 8080062
1659731400 7025892
1659731401 8659670
1659731402 7558860
1659731403 9327894
1659731404 6916288
1659731405 8748392
1659731406 8595116
1659731407 10192748
1659731408 9451384
1659731409 8771288
1659731410 8469718
1659731411 9141864
1659731412 7363926
1659731413 8270650
1659731414 7633590
1659731415 7639102
1659731416 8879832
1659731417 8244362
1659731418 9850686
1659731419 8650342
1659731420 8313580
1659731421 7660832
1659731422 8120872
1659731423 10070530
1659731424 9576782
1659731425 6251456
1659731426 7878980
1659731427 7293330
1659731428 7909826
1659731429 7833718
1659731430 7992824
1659731431 8017840
1659731432 8463570
1659731433 7883326
1659731434 9426686
1659731435 6047618
1659731436 3888822
1659731437 2778472
1659731438 2792676
1659731439 4181594
1659731440 3349706
1659731441 5012846
1659731442 2804018
1659731443 5347276
1659731444 4797348
1659731445 4616406
1659731446 4962920
1659731447 4353632
1659731448 4778904
1659731449 1269138
1659731450 4441718
1659731451 3916912
1659731452 4299996
1659731453 4182866
1659731454 3355854
1659731455 2997468
1659731456 4223358
1659731457 4561286
1659731458 2636432
1659731459 3039868
1659731460 4808796
1659731461 3253882
1659731462 3111100
1659731463 4422320
1659731464 5702800
1659731465 2539336
1659731466 3843454
1659731467 3629122
1659731468 3629228
1659731469 4662304
1659731470 3927406
1659731471 3434188
1659731472 4832858
1659731473 3428782
1659731474 5489422
1659731475 3553756
1659731476 3796920
1659731477 2028734
1659731478 4921898
1659731479 4035314
1659731480 3973516
1659731481 1326060
1659731482 4822364
1659731483 2225046
1659731484 4671314
1659731485 2861364
1659731486 4043476
1659731487 5339750
1659731488 3594884
1659731489 4290032
1659731490 5129446
1659731491 4419034
1659731492 4118418
1659731493 3943200
1659731494 4384266
1659731495 5265656
1659731496 3609830
1659731497 3695584
1659731498 2502130
1659731499 3273916
1659731500 4475426
1659731501 4654990
1659731502 4498958
1659731503 3690708
1659731504 4074322
1659731505 4638984
1659731506 3998532
1659731507 4927622
1659731508 5607294
1659731509 5594256
1659731510 5281556
1659731511 2715402
1659731512 1670878
1659731513 4460374
1659731514 3660074
1659731515 2533612
1659731516 2838574
1659731517 3941398
1659731518 3754520
1659731519 3047288
1659731520 1887224
1659731521 3367832
1659731522 3159648
1659731523 3482630
1659731524 3051846
1659731525 2124876
1659731526 1603674
1659731527 4329146
1659731528 5107292
1659731529 3990264
1659731530 2498950
1659731531 4308370
1659731532 4045278
1659731533 3176396
1659731534 5702906
1659731535 3484962
1659731536 2254302
1659731537 1060


# events lost
1659730391 387218
1659730392 4592026
1659730393 1857544
1659730394 4129442
1659730395 2985384
1659730396 5829576
1659730397 4380768
1659730398 5439284
1659730399 7717542
1659730400 7714574
1659730401 7534268
1659730402 9107096
1659730403 9446720
1659730404 8478728
1659730405 7483282
1659730406 8724860
1659730407 7509888
1659730408 8369442
1659730409 9284752
1659730410 8927108
1659730411 6968334
1659730412 9612822
1659730413 7358308
1659730414 8393716
1659730415 7902194
1659730416 8689880
1659730417 13202512
1659730418 11883978
1659730419 12607322
1659730420 11600534
1659730421 12491570
1659730422 14054434
1659730423 13711842
1659730424 11844864
1659730425 13307452
1659730426 12430620
1659730427 12268652
1659730428 13380380
1659730429 13471964
1659730430 12439312
1659730431 13775336
1659730432 13905186
1659730433 14121956
1659730434 12333948
1659730435 12565876
1659730436 14505358
1659730437 13604252
1659730438 13449174
1659730439 12861404
1659730440 12551672
1659730441 15455118
1659730442 14192764
1659730443 13079340
1659730444 14877312
1659730445 9252104
1659730446 13046162
1659730447 14303216
1659730448 15718422
1659730449 15363110
1659730450 13621848
1659730451 12622904
1659730452 16011512
1659730453 14858232
1659730454 12608806
1659730455 11908358
1659730456 13450552
1659730457 14910914
1659730458 14767496
1659730459 15702840
1659730460 11043716
1659730461 8374954
1659730462 10464214
1659730463 10465168
1659730464 10138264
1659730465 7385126
1659730466 6325126
1659730467 8258036
1659730468 8557380
1659730469 9292278
1659730470 8483816
1659730471 9783270
1659730472 9378562
1659730473 6533734
1659730474 9361178
1659730475 7718284
1659730476 8881528
1659730477 10475238
1659730478 7989856
1659730479 9384922
1659730480 9604660
1659730481 7883432
1659730482 9012968
1659730483 9115894
1659730484 7722948
1659730485 7291740
1659730486 8025048
1659730487 9208432
1659730488 6685208
1659730489 8751042
1659730490 8773090
1659730491 9944602
1659730492 9479368
1659730493 7526424
1659730494 7613238
1659730495 7457524
1659730496 7263332
1659730497 10049436
1659730498 9429548
1659730499 8124370
1659730500 7506178
1659730501 7171218
1659730502 9191260
1659730503 10269174
1659730504 7486356
1659730505 9076674
1659730506 8972794
1659730507 8988270
1659730508 8545296
1659730509 8465478
1659730510 9155856
1659730511 9973116
1659730512 10325884
1659730513 9063212
1659730514 7954982
1659730515 8085044
1659730516 8302238
1659730517 7668676
1659730518 11740984
1659730519 11997504
1659730520 12547432
1659730521 11539372
1659730522 12193498
1659730523 11433902
1659730524 12366490
1659730525 10227410
1659730526 12158200
1659730527 11823240
1659730528 13380274
1659730529 12036194
1659730530 12643680
1659730531 11946624
1659730532 12943660
1659730533 11900832
1659730534 13123436
1659730535 11900620
1659730536 12482242
1659730537 11734094
1659730538 12207808
1659730539 11516264
1659730540 13587186
1659730541 11078908
1659730542 12522734
1659730543 14370632
1659730544 14131920
1659730545 12682476
1659730546 12307130
1659730547 13263780
1659730548 11982558
1659730549 11670812
1659730550 14297280
1659730551 11611558
1659730552 13219154
1659730553 11607742
1659730554 12238866
1659730555 13134566
1659730556 10214372
1659730557 13036198
1659730558 13102872
1659730559 12611032
1659730560 11599898
1659730561 11154592
1659730562 15008646
1659730563 12259536
1659730564 13130856
1659730565 14277352
1659730566 10818254
1659730567 12525066
1659730568 13593864
1659730569 14107434
1659730570 12506940
1659730571 13459774
1659730572 13074358
1659730573 12950020
1659730574 13201558
1659730575 13425748
1659730576 11938886
1659730577 14650260
1659730578 13229436
1659730579 12454788
1659730580 13739614
1659730581 13364798
1659730582 12707280
1659730583 12976520
1659730584 14955222
1659730585 12709824
1659730586 12770774
1659730587 12603082
1659730588 12513936
1659730589 11855040
1659730590 13687038
1659730591 12140710
1659730592 11750524
1659730593 12865220
1659730594 12135304
1659730595 11840836
1659730596 11068308
1659730597 12163288
1659730598 11640708
1659730599 11976516
1659730600 12146010
1659730601 11402844
1659730602 12579868
1659730603 13058670
1659730604 14432218
1659730605 13865648
1659730606 12468462
1659730607 14332684
1659730608 13794204
1659730609 12390022
1659730610 11298752
1659730611 11546262
1659730612 13150890
1659730613 13481716
1659730614 12412494
1659730615 12816142
1659730616 10910050
1659730617 12958182
1659730618 11789426
1659730619 13315508
1659730620 11225930
1659730621 14136372
1659730622 14659694
1659730623 12215970
1659730624 13722760
1659730625 11290060
1659730626 12469628
1659730627 12407618
1659730628 11779886
1659730629 12751058
1659730630 12043084
1659730631 11269814
1659730632 14101710
1659730633 14507690
1659730634 11782960
1659730635 12765474
1659730636 13231556
1659730637 11358324
1659730638 13311586
1659730639 11666784
1659730640 11793348
1659730641 12501852
1659730642 13223288
1659730643 11744058
1659730644 13226892
1659730645 11486478
1659730646 10957644
1659730647 13189156
1659730648 11915354
1659730649 12499732
1659730650 12671452
1659730651 11755188
1659730652 13249576
1659730653 13071814
1659730654 12350166
1659730655 12699330
1659730656 16378484
1659730657 13002490
1659730658 12271938
1659730659 11987222
1659730660 11232926
1659730661 13358650
1659730662 15047760
1659730663 12521462
1659730664 12429984
1659730665 11291120
1659730666 12770668
1659730667 13511078
1659730668 12588454
1659730669 12665728
1659730670 11654064
1659730671 11872318
1659730672 12820912
1659730673 12867022
1659730674 12178234
1659730675 13369780
1659730676 14075634
1659730677 12120888
1659730678 12979064
1659730679 11428496
1659730680 11992416
1659730681 13732300
1659730682 13285086
1659730683 13271730
1659730684 11637316
1659730685 11578910
1659730686 13292612
1659730687 12859496
1659730688 13704634
1659730689 13334906
1659730690 10776702
1659730691 12020400
1659730692 13317310
1659730693 12600114
1659730694 11863096
1659730695 11575518
1659730696 12055380
1659730697 14847632
1659730698 12598630
1659730699 11691906
1659730700 11444608
1659730701 12185124
1659730702 12567572
1659730703 12309568
1659730704 12360660
1659730705 10836804
1659730706 12466554
1659730707 11478952
1659730708 12049126
1659730709 12356314
1659730710 12470158
1659730711 12805542
1659730712 13520724
1659730713 13767174
1659730714 11808612
1659730715 11332142
1659730716 11956588
1659730717 11248402
1659730718 11964538
1659730719 13434546
1659730720 11004072
1659730721 11945034
1659730722 12200812
1659730723 13134672
1659730724 15352616
1659730725 12694560
1659730726 11797270
1659730727 15505044
1659730728 11672932
1659730729 12179718
1659730730 12839356
1659730731 14384518
1659730732 12008846
1659730733 11998140
1659730734 11560678
1659730735 11784020
1659730736 14604892
1659730737 11695086
1659730738 12523476
1659730739 11882282
1659730740 12604460
1659730741 13708874
1659730742 13618880
1659730743 14360456
1659730744 13074252
1659730745 11453936
1659730746 11270450
1659730747 14376780
1659730748 14045000
1659730749 12029092
1659730750 11634878
1659730751 12282856
1659730752 13494966
1659730753 13250530
1659730754 13051356
1659730755 11465702
1659730756 13942180
1659730757 13263992
1659730758 12133290
1659730759 13775972
1659730760 11754234
1659730761 12338506
1659730762 12428182
1659730763 12328542
1659730764 13616442
1659730765 11733564
1659730766 13830350
1659730767 12395216
1659730768 12925216
1659730769 13163822
1659730770 11075304
1659730771 11366804
1659730772 12548280
1659730773 11445774
1659730774 12865962
1659730775 13564290
1659730776 11725190
1659730777 12675480
1659730778 12453410
1659730779 13567788
1659730780 10679818
1659730781 10871360
1659730782 13529522
1659730783 13166472
1659730784 13425536
1659730785 12099370
1659730786 13786254
1659730787 13774594
1659730788 13036410
1659730789 11661908
1659730790 13270246
1659730791 11503968
1659730792 12676222
1659730793 11803312
1659730794 13933912
1659730795 11393834
1659730796 12195724
1659730797 13392040
1659730798 12742366
1659730799 11611770
1659730800 10816982
1659730801 12003122
1659730802 11491566
1659730803 13003656
1659730804 12060892
1659730805 11137208
1659730806 12866068
1659730807 11246706
1659730808 14380490
1659730809 12017750
1659730810 10576786
1659730811 11927332
1659730812 15574368
1659730813 12663078
1659730814 12473550
1659730815 12701874
1659730816 12085166
1659730817 11350692
1659730818 12763354
1659730819 14675170
1659730820 11877724
1659730821 13738660
1659730822 14289118
1659730823 12455212
1659730824 12300770
1659730825 11284548
1659730826 12151840
1659730827 11689998
1659730828 12878894
1659730829 11364578
1659730830 10892030
1659730831 11867018
1659730832 12732084
1659730833 12978534
1659730834 12715866
1659730835 12887692
1659730836 12694454
1659730837 12215864
1659730838 12178022
1659730839 11355250
1659730840 11283170
1659730841 11598096
1659730842 14236966
1659730843 12592376
1659730844 12870202
1659730845 11899348
1659730846 12820806
1659730847 12740988
1659730848 13611566
1659730849 13151208
1659730850 13180676
1659730851 12521568
1659730852 11196356
1659730853 11800026
1659730854 11384294
1659730855 12124598
1659730856 11371998
1659730857 13676226
1659730858 11875074
1659730859 15484798
1659730860 12254448
1659730861 12814234
1659730862 12027396
1659730863 13565986
1659730864 13962426
1659730865 11267058
1659730866 12221588
1659730867 12384828
1659730868 11810944
1659730869 12417476
1659730870 10969198
1659730871 12411964
1659730872 12421822
1659730873 12789430
1659730874 13974298
1659730875 13093226
1659730876 12557926
1659730877 12274694
1659730878 14495288
1659730879 15720966
1659730880 11900620
1659730881 11498244
1659730882 12927230
1659730883 11705262
1659730884 13188308
1659730885 12397866
1659730886 11806704
1659730887 13400202
1659730888 11628942
1659730889 12524642
1659730890 12169860
1659730891 12963164
1659730892 12906136
1659730893 12874124
1659730894 11827904
1659730895 12276072
1659730896 12384298
1659730897 13427656
1659730898 12749680
1659730899 12361190
1659730900 11489764
1659730901 13114638
1659730902 13423310
1659730903 15186196
1659730904 15433282
1659730905 11852178
1659730906 11536192
1659730907 13106900
1659730908 12364052
1659730909 13497404
1659730910 12373062
1659730911 13720746
1659730912 13345188
1659730913 12605096
1659730914 13307134
1659730915 11544672
1659730916 13335966
1659730917 12397230
1659730918 12556548
1659730919 12000578
1659730920 13145378
1659730921 12193498
1659730922 12410586
1659730923 11093642
1659730924 12304268
1659730925 13166048
1659730926 13475250
1659730927 12819216
1659730928 11750948
1659730929 12919810
1659730930 12406770
1659730931 12591316
1659730932 14863214
1659730933 13257632
1659730934 12630218
1659730935 11840094
1659730936 12313914
1659730937 12334690
1659730938 12274588
1659730939 13065560
1659730940 11320482
1659730941 12212790
1659730942 13686932
1659730943 11999942
1659730944 12557396
1659730945 13089728
1659730946 11930194
1659730947 11362670
1659730948 12266850
1659730949 12762930
1659730950 12792822
1659730951 12523900
1659730952 13561852
1659730953 13100010
1659730954 11510328
1659730955 11492520
1659730956 13990728
1659730957 12770138
1659730958 9134550
1659730959 7423710
1659730960 8681506
1659730961 9620984
1659730962 8274360
1659730963 8709278
1659730964 6878446
1659730965 8316866
1659730966 8471520
1659730967 7795558
1659730968 8835100
1659730969 7845060
1659730970 9033744
1659730971 7479890
1659730972 8775104
1659730973 7316120
1659730974 7943534
1659730975 7210650
1659730976 9092256
1659730977 10877508
1659730978 8799166
1659730979 7306368
1659730980 6040940
1659730981 10266418
1659730982 8670376
1659730983 7420530
1659730984 7524304
1659730985 7190404
1659730986 7931556
1659730987 8169632
1659730988 8690728
1659730989 10817512
1659730990 8086210
1659730991 8536498
1659730992 8902304
1659730993 8616104
1659730994 8413432
1659730995 8250616
1659730996 7532466
1659730997 9886302
1659730998 7900180
1659730999 6363922
1659731000 6789618
1659731001 10212782
1659731002 9048584
1659731003 8998976
1659731004 7852374
1659731005 7493988
1659731006 6668142
1659731007 9853018
1659731008 10654166
1659731009 8579640
1659731010 8814642
1659731011 8131684
1659731012 9800972
1659731013 8109106
1659731014 9674302
1659731015 9076674
1659731016 13757210
1659731017 11940794
1659731018 11437506
1659731019 16418658
1659731020 11711198
1659731021 14298658
1659731022 14480872
1659731023 12528140
1659731024 15341380
1659731025 14559524
1659731026 13145272
1659731027 13159582
1659731028 11702082
1659731029 12776180
1659731030 11615480
1659731031 13701666
1659731032 11740666
1659731033 11408144
1659731034 12423200
1659731035 10760166
1659731036 10829066
1659731037 11526334
1659731038 12503336
1659731039 12882816
1659731040 12132866
1659731041 11994006
1659731042 13295262
1659731043 12933484
1659731044 12667954
1659731045 12937936
1659731046 13054854
1659731047 12010436
1659731048 12989134
1659731049 14220960
1659731050 12703888
1659731051 12363204
1659731052 13639974
1659731053 14699232
1659731054 11387262
1659731055 12927442
1659731056 12861722
1659731057 12838826
1659731058 12892568
1659731059 12505032
1659731060 11715120
1659731061 13036834
1659731062 12967298
1659731063 11374648
1659731064 13557188
1659731065 11387580
1659731066 11365214
1659731067 12265790
1659731068 12686080
1659731069 12030788
1659731070 12777876
1659731071 11653640
1659731072 11772572
1659731073 11364896
1659731074 11477362
1659731075 12319744
1659731076 13146650
1659731077 13873598
1659731078 11900938
1659731079 13641882
1659731080 11818046
1659731081 11458812
1659731082 14003660
1659731083 13365646
1659731084 12087392
1659731085 12491888
1659731086 15384946
1659731087 12986166
1659731088 11514992
1659731089 13399354
1659731090 10744372
1659731091 13267596
1659731092 14240570
1659731093 12244484
1659731094 13334800
1659731095 13527932
1659731096 13029308
1659731097 12484256
1659731098 11686924
1659731099 14015850
1659731100 12233354
1659731101 11448106
1659731102 12799818
1659731103 14775870
1659731104 11095020
1659731105 12401682
1659731106 13349534
1659731107 14242372
1659731108 13198908
1659731109 15584650
1659731110 13054218
1659731111 12329284
1659731112 12958500
1659731113 12504714
1659731114 14270886
1659731115 14363318
1659731116 13037364
1659731117 14428296
1659731118 13521148
1659731119 12018492
1659731120 12925746
1659731121 12416098
1659731122 14218204
1659731123 13531112
1659731124 13106582
1659731125 11921608
1659731126 12091950
1659731127 12335538
1659731128 14079132
1659731129 15051364
1659731130 13314236
1659731131 12600538
1659731132 12290806
1659731133 12738232
1659731134 13722654
1659731135 10979586
1659731136 12944190
1659731137 13765902
1659731138 11678762
1659731139 14440698
1659731140 12578808
1659731141 13493800
1659731142 11250310
1659731143 12849850
1659731144 14018500
1659731145 12237806
1659731146 11808930
1659731147 12491570
1659731148 11919488
1659731149 14359714
1659731150 10581344
1659731151 12996448
1659731152 11847514
1659731153 12699648
1659731154 14293358
1659731155 12611350
1659731156 12844656
1659731157 12622480
1659731158 11836914
1659731159 13537578
1659731160 12407088
1659731161 12673254
1659731162 11001104
1659731163 11740560
1659731164 14745978
1659731165 13812966
1659731166 12504502
1659731167 12128308
1659731168 12841688
1659731169 12423412
1659731170 13707814
1659731171 13103826
1659731172 12628628
1659731173 12179612
1659731174 12510226
1659731175 12450124
1659731176 13505566
1659731177 11914082
1659731178 11512872
1659731179 12870732
1659731180 13258056
1659731181 13274698
1659731182 11503120
1659731183 11521988
1659731184 12853560
1659731185 12269076
1659731186 12338082
1659731187 13389390
1659731188 13903384
1659731189 13045208
1659731190 12424578
1659731191 12514996
1659731192 13567364
1659731193 12107426
1659731194 12082092
1659731195 10796842
1659731196 13501538
1659731197 11091204
1659731198 12254554
1659731199 12555912
1659731200 13496768
1659731201 12636472
1659731202 11331082
1659731203 12234944
1659731204 13852504
1659731205 11686606
1659731206 14570124
1659731207 12269288
1659731208 12681840
1659731209 11565554
1659731210 13021040
1659731211 12443870
1659731212 12066192
1659731213 13072768
1659731214 13282224
1659731215 12642726
1659731216 11138692
1659731217 11623006
1659731218 12340732
1659731219 15949820
1659731220 10843906
1659731221 13273532
1659731222 11341364
1659731223 11792712
1659731224 13689476
1659731225 10027070
1659731226 11890974
1659731227 12490404
1659731228 12035876
1659731229 12981926
1659731230 11891080
1659731231 11680564
1659731232 11341364
1659731233 12270878
1659731234 14398298
1659731235 12115270
1659731236 12697104
1659731237 12045840
1659731238 13383666
1659731239 14213116
1659731240 12422246
1659731241 10764512
1659731242 13079976
1659731243 11087706
1659731244 11525486
1659731245 13718096
1659731246 12427440
1659731247 12097250
1659731248 12099158
1659731249 11727098
1659731250 11474500
1659731251 11421394
1659731252 11188724
1659731253 13162762
1659731254 11372210
1659731255 11046790
1659731256 11665194
1659731257 13768976
1659731258 12474716
1659731259 14909006
1659731260 12604354
1659731261 12561636
1659731262 12845504
1659731263 12304904
1659731264 11329280
1659731265 12208232
1659731266 13766856
1659731267 11368924
1659731268 12343594
1659731269 11864580
1659731270 12491252
1659731271 12105306
1659731272 12094600
1659731273 12515844
1659731274 11744588
1659731275 11916944
1659731276 13525282
1659731277 13010122
1659731278 11664452
1659731279 14367664
1659731280 11492414
1659731281 12640182
1659731282 12032484
1659731283 12954048
1659731284 11535874
1659731285 13154176
1659731286 14761560
1659731287 10707908
1659731288 12288580
1659731289 12916524
1659731290 11203352
1659731291 12314868
1659731292 11626610
1659731293 13504930
1659731294 11854192
1659731295 11282110
1659731296 13002066
1659731297 13176648
1659731298 12275648
1659731299 11931360
1659731300 13950554
1659731301 12911224
1659731302 13269398
1659731303 12577218
1659731304 13073086
1659731305 12549446
1659731306 12476730
1659731307 13400944
1659731308 12011814
1659731309 13406244
1659731310 13743006
1659731311 13855472
1659731312 11607954
1659731313 14158738
1659731314 13584112
1659731315 12132760
1659731316 12880166
1659731317 12008422
1659731318 12695726
1659731319 13236220
1659731320 13572452
1659731321 12365006
1659731322 11871258
1659731323 12455212
1659731324 13984580
1659731325 12369034
1659731326 13108702
1659731327 12806708
1659731328 13279468
1659731329 12813704
1659731330 10829596
1659731331 12878258
1659731332 14844770
1659731333 12199646
1659731334 11404752
1659731335 11366592
1659731336 15047336
1659731337 12755086
1659731338 12955638
1659731339 12156928
1659731340 10804474
1659731341 12650888
1659731342 12758796
1659731343 14950452
1659731344 13063016
1659731345 11882282
1659731346 13280740
1659731347 12560258
1659731348 13460940
1659731349 12994752
1659731350 12266214
1659731351 12407724
1659731352 11827480
1659731353 13768022
1659731354 14079768
1659731355 10758788
1659731356 11595022
1659731357 11785504
1659731358 15781386
1659731359 12714912
1659731360 11070216
1659731361 11876876
1659731362 13228058
1659731363 14009172
1659731364 13111670
1659731365 12150992
1659731366 12263352
1659731367 13278408
1659731368 11991780
1659731369 11163602
1659731370 11238650
1659731371 13615806
1659731372 11634136
1659731373 12133714
1659731374 14152590
1659731375 12892144
1659731376 12755828
1659731377 12667742
1659731378 12116542
1659731379 10792178
1659731380 8151188
1659731381 6525678
1659731382 8507348
1659731383 6619064
1659731384 8805314
1659731385 7531512
1659731386 7605606
1659731387 10137204
1659731388 8611546
1659731389 7595536
1659731390 9277226
1659731391 8597872
1659731392 8992934
1659731393 6747324
1659731394 10481916
1659731395 8912692
1659731396 7173868
1659731397 10500784
1659731398 7845484
1659731399 8635290
1659731400 8744682
1659731401 8019854
1659731402 9703452
1659731403 7965688
1659731404 10285816
1659731405 6923390
1659731406 8606882
1659731407 6944484
1659731408 7084722
1659731409 8400076
1659731410 7944064
1659731411 7860748
1659731412 9232176
1659731413 8435904
1659731414 9567136
1659731415 7453072
1659731416 8214364
1659731417 8414068
1659731418 7122882
1659731419 8613666
1659731420 7554726
1659731421 9241398
1659731422 8357464
1659731423 7273402
1659731424 7058964
1659731425 9667412
1659731426 8833510
1659731427 9284328
1659731428 9284328
1659731429 8909512
1659731430 7605076
1659731431 7868274
1659731432 8391808
1659731433 9563320
1659731434 7431024
1659731435 10569790
1659731436 13323882
1659731437 13595242
1659731438 14480872
1659731439 12628204
1659731440 13172302
1659731441 12638486
1659731442 14226684
1659731443 11678762
1659731444 12119934
1659731445 10890122
1659731446 11922774
1659731447 11850482
1659731448 12041918
1659731449 15916324
1659731450 12280524
1659731451 13028142
1659731452 12643044
1659731453 12962104
1659731454 14021786
1659731455 12507152
1659731456 12677600
1659731457 12799818
1659731458 14498680
1659731459 14614538
1659731460 11563116
1659731461 13284344
1659731462 14334698
1659731463 12555382
1659731464 11273418
1659731465 12529836
1659731466 13003762
1659731467 13690430
1659731468 13532490
1659731469 12516374
1659731470 12252646
1659731471 13413664
1659731472 12471218
1659731473 13776608
1659731474 11851118
1659731475 12336810
1659731476 13449386
1659731477 15117402
1659731478 12396488
1659731479 12985106
1659731480 11743422
1659731481 16406786
1659731482 12258688
1659731483 15083482
1659731484 12539058
1659731485 12757524
1659731486 13218412
1659731487 11976304
1659731488 13032912
1659731489 13096724
1659731490 11439414
1659731491 12483302
1659731492 12931364
1659731493 13378684
1659731494 12657672
1659731495 10458596
1659731496 13430200
1659731497 13484260
1659731498 14344238
1659731499 14196156
1659731500 11353342
1659731501 12628098
1659731502 12513618
1659731503 13389496
1659731504 13095452
1659731505 10863516
1659731506 12748514
1659731507 12079442
1659731508 11645584
1659731509 11639754
1659731510 11405494
1659731511 13855790
1659731512 16009074
1659731513 12798440
1659731514 13608810
1659731515 13278408
1659731516 14524756
1659731517 13489878
1659731518 13243746
1659731519 14030478
1659731520 14609238
1659731521 13495602
1659731522 13644638
1659731523 13524540
1659731524 14132662
1659731525 13586444
1659731526 15628322
1659731527 13022418
1659731528 12094918
1659731529 13292294
1659731530 13411544
1659731531 12679190
1659731532 12969312
1659731533 14291768
1659731534 11329068
1659731535 12720636
1659731536 6599136
1659731537 742
