# events called
1659740467 3079602
1659740468 487502
1659740469 8425008
1659740470 14299258
1659740471 15000016
1659740472 14678788
1659740473 14350882
1659740474 14927114
1659740475 14924336
1659740476 14680224
1659740477 14116848
1659740478 13198466
1659740479 14380770
1659740480 14331410
1659740481 14310082
1659740482 13751538
1659740483 13267206
1659740484 13846010
1659740485 14521666
1659740486 14174500
1659740487 14088414
1659740488 13765124
1659740489 14147972
1659740490 13794922
1659740491 14262990
1659740492 14009316
1659740493 12909572
1659740494 14282344
1659740495 14230088
1659740496 14024508
1659740497 13989668
1659740498 13645032
1659740499 13863210
1659740500 14086712
1659740501 14284624
1659740502 13793122
1659740503 13785512
1659740504 14361762
1659740505 13956340
1659740506 14057356
1659740507 13806600
1659740508 12753548
1659740509 13942152
1659740510 13558638
1659740511 14506042
1659740512 14036118
1659740513 13525904
1659740514 14553214
1659740515 13072678
1659740516 14343326
1659740517 13823574
1659740518 13646578
1659740519 14177260
1659740520 13952736
1659740521 14268276
1659740522 14281114
1659740523 12718238
1659740524 13979970
1659740525 13432904
1659740526 14193946
1659740527 14252422
1659740528 13509922
1659740529 14060862
1659740530 13858324
1659740531 13913418
1659740532 13894618
1659740533 13409132
1659740534 13873246
1659740535 14042868
1659740536 13350382
1659740537 14149624
1659740538 13533792
1659740539 14211942
1659740540 13965606
1659740541 14112306
1659740542 13946656
1659740543 13292794
1659740544 14275592
1659740545 14461362
1659740546 14029878
1659740547 14292766
1659740548 13140922
1659740549 14018422
1659740550 13680884
1659740551 14261730
1659740552 14215244
1659740553 13414458
1659740554 14143372
1659740555 14034252
1659740556 14006724
1659740557 14551342
1659740558 13782002
1659740559 14092140
1659740560 14556648
1659740561 15104016
1659740562 14012474
1659740563 13384168
1659740564 13843480
1659740565 14186504
1659740566 14066352
1659740567 14566008
1659740568 13570518
1659740569 14536446
1659740570 14693394
1659740571 14319520
1659740572 14220384
1659740573 13625284
1659740574 14021910
1659740575 14332268
1659740576 13921258
1659740577 13965600
1659740578 13456438
1659740579 14231976
1659740580 13984920
1659740581 14196780
1659740582 14229772
1659740583 13484772
1659740584 14492034
1659740585 14616890
1659740586 14064684
1659740587 14474866
1659740588 13654636
1659740589 14879032
1659740590 14391792
1659740591 14603944
1659740592 14328474
1659740593 13435180
1659740594 14444582
1659740595 14138096
1659740596 13528472
1659740597 14542736
1659740598 13459738
1659740599 14613202
1659740600 14003244
1659740601 14206300
1659740602 14554770
1659740603 13238146
1659740604 14621160
1659740605 14651994
1659740606 13850422
1659740607 14740816
1659740608 13865874
1659740609 14608076
1659740610 14093808
1659740611 14429782
1659740612 14666510
1659740613 13741454
1659740614 14575346
1659740615 14606150
1659740616 14159280
1659740617 14442052
1659740618 13844104
1659740619 14228740
1659740620 14755540
1659740621 14410674
1659740622 14212638
1659740623 13756840
1659740624 14044292
1659740625 14396332
1659740626 14347038
1659740627 14643822
1659740628 13295400
1659740629 14481840
1659740630 14343988
1659740631 14808198
1659740632 13893356
1659740633 13611354
1659740634 14463532
1659740635 14749700
1659740636 14261666
1659740637 14278684
1659740638 13735438
1659740639 14231756
1659740640 14028186
1659740641 14515994
1659740642 14349610
1659740643 13811638
1659740644 14307010
1659740645 14345054
1659740646 14673752
1659740647 14436006
1659740648 13761584
1659740649 14369808
1659740650 14245710
1659740651 14659576
1659740652 14602420
1659740653 13197954
1659740654 14422500
1659740655 14462294
1659740656 13788988
1659740657 14174778
1659740658 14149844
1659740659 14725934
1659740660 14364850
1659740661 13621926
1659740662 14575922
1659740663 14543998
1659740664 14370682
1659740665 14390538
1659740666 13416624
1659740667 14244732
1659740668 14162566
1659740669 14542132
1659740670 14401314
1659740671 13170292
1659740672 14359986
1659740673 13871588
1659740674 14036612
1659740675 14629928
1659740676 13403118
1659740677 14216026
1659740678 14383888
1659740679 14523524
1659740680 14634836
1659740681 13684698
1659740682 14071836
1659740683 14293604
1659740684 14287812
1659740685 14714292
1659740686 14034848
1659740687 13927554
1659740688 14410590
1659740689 14159944
1659740690 14224738
1659740691 13252930
1659740692 14578056
1659740693 14187128
1659740694 14482916
1659740695 14265918
1659740696 14184826
1659740697 13894196
1659740698 13865618
1659740699 14636720
1659740700 14466506
1659740701 13461596
1659740702 14559282
1659740703 14239370
1659740704 14101206
1659740705 14072460
1659740706 13079132
1659740707 14386484
1659740708 14391634
1659740709 14535728
1659740710 14261224
1659740711 13613438
1659740712 14440346
1659740713 13951394
1659740714 14656350
1659740715 14476238
1659740716 13865212
1659740717 14303304
1659740718 14350148
1659740719 14389030
1659740720 14122594
1659740721 13219522
1659740722 13959040
1659740723 13615340
1659740724 14735792
1659740725 14404148
1659740726 13960190
1659740727 14416568
1659740728 14332490
1659740729 14501742
1659740730 14357690
1659740731 13564970
1659740732 14847844
1659740733 14731086
1659740734 14291238
1659740735 14543042
1659740736 14055996
1659740737 14152342
1659740738 14039220
1659740739 13517352
1659740740 14174666
1659740741 13587904
1659740742 14392564
1659740743 14571060
1659740744 14140810
1659740745 14275324
1659740746 13718646
1659740747 14557866
1659740748 14496060
1659740749 14109044
1659740750 14674504
1659740751 14086338
1659740752 14660568
1659740753 14575996
1659740754 14416138
1659740755 14469532
1659740756 13945324
1659740757 14393944
1659740758 14347980
1659740759 13915656
1659740760 14294064
1659740761 13553358
1659740762 13956084
1659740763 14368622
1659740764 13949078
1659740765 14290552
1659740766 13966962
1659740767 14183712
1659740768 14360492
1659740769 14045228
1659740770 14465980
1659740771 13897926
1659740772 14550536
1659740773 14865064
1659740774 14228834
1659740775 14179568
1659740776 13972436
1659740777 14357698
1659740778 14176002
1659740779 14474318
1659740780 13984782
1659740781 13706510
1659740782 14704774
1659740783 14255322
1659740784 14357494
1659740785 14241772
1659740786 13614866
1659740787 14364010
1659740788 14409886
1659740789 14656084
1659740790 14829162
1659740791 13845906
1659740792 14312198
1659740793 13941226
1659740794 14280826
1659740795 14123566
1659740796 13985308
1659740797 14190900
1659740798 14116510
1659740799 14383042
1659740800 14030742
1659740801 12133966
1659740802 14366056
1659740803 14563026
1659740804 14090918
1659740805 14153816
1659740806 13695858
1659740807 14358072
1659740808 14639074
1659740809 14695620
1659740810 14231932
1659740811 13743380
1659740812 14489070
1659740813 14402378
1659740814 14478906
1659740815 14597404
1659740816 13566808
1659740817 14506848
1659740818 14104618
1659740819 14400742
1659740820 14373560
1659740821 13527766
1659740822 14644100
1659740823 14502930
1659740824 14545246
1659740825 14594772
1659740826 12815116
1659740827 14366756
1659740828 14409956
1659740829 14479594
1659740830 14259626
1659740831 13220274
1659740832 13846270
1659740833 14367276
1659740834 14509644
1659740835 14005498
1659740836 13041922
1659740837 13991670
1659740838 14640536
1659740839 14250260
1659740840 14363094
1659740841 13815656
1659740842 14232962
1659740843 14366502
1659740844 14442764
1659740845 14316076
1659740846 13626190
1659740847 14348384
1659740848 14020072
1659740849 14553618
1659740850 14531566
1659740851 12856432
1659740852 14149836
1659740853 14518698
1659740854 14563962
1659740855 14808480
1659740856 13641280
1659740857 14299154
1659740858 14398762
1659740859 14763962
1659740860 14579754
1659740861 13903176
1659740862 13777116
1659740863 14288350
1659740864 14243588
1659740865 14485926
1659740866 13169312
1659740867 14463882
1659740868 14007514
1659740869 14579104
1659740870 14754030
1659740871 13765836
1659740872 14652678
1659740873 14645832
1659740874 14202962
1659740875 14354946
1659740876 14474772
1659740877 14442978
1659740878 14269098
1659740879 14212946
1659740880 14261364
1659740881 13136890
1659740882 14983102
1659740883 14296204
1659740884 14629094
1659740885 14433162
1659740886 13439434
1659740887 14231292
1659740888 14796240
1659740889 14289882
1659740890 14188698
1659740891 13707684
1659740892 14521138
1659740893 13846252
1659740894 14204490
1659740895 14104126
1659740896 13359900
1659740897 14298860
1659740898 15051632
1659740899 14647438
1659740900 14682754
1659740901 13433070
1659740902 14107152
1659740903 14507470
1659740904 13972772
1659740905 13815608
1659740906 13321012
1659740907 14180978
1659740908 14217444
1659740909 14110150
1659740910 14168096
1659740911 13395936
1659740912 13735262
1659740913 14265248
1659740914 14514536
1659740915 14364790
1659740916 13631776
1659740917 13999188
1659740918 14116372
1659740919 14145222
1659740920 14400554
1659740921 13413098
1659740922 13344044
1659740923 13549994
1659740924 14533206
1659740925 14129458
1659740926 13448202
1659740927 14218948
1659740928 14234904
1659740929 14152982
1659740930 14701924
1659740931 13670120
1659740932 14130120
1659740933 14496494
1659740934 14475796
1659740935 14422854
1659740936 13745774
1659740937 14134642
1659740938 13586962
1659740939 14448176
1659740940 14633808
1659740941 13733400
1659740942 14014022
1659740943 13945498
1659740944 14174398
1659740945 14299228
1659740946 13630040
1659740947 14711852
1659740948 14543954
1659740949 14320516
1659740950 14620736
1659740951 13478884
1659740952 14314444
1659740953 14221732
1659740954 14204174
1659740955 14817062
1659740956 13553402
1659740957 14486662
1659740958 14144976
1659740959 14488048
1659740960 14180064
1659740961 13791102
1659740962 14773516
1659740963 14381538
1659740964 14287146
1659740965 14491728
1659740966 13969296
1659740967 14406928
1659740968 14543932
1659740969 14272824
1659740970 14464910
1659740971 14216154
1659740972 14708324
1659740973 14499476
1659740974 14256158
1659740975 14105076
1659740976 14156594
1659740977 14845876
1659740978 14606602
1659740979 14218590
1659740980 14519936
1659740981 13633468
1659740982 14290774
1659740983 14741366
1659740984 14467372
1659740985 13832258
1659740986 14086482
1659740987 14650166
1659740988 14676450
1659740989 14662436
1659740990 14389652
1659740991 13704302
1659740992 14499798
1659740993 14439820
1659740994 14240544
1659740995 14340412
1659740996 13531848
1659740997 14465454
1659740998 14498220
1659740999 14436332
1659741000 13150632
1659741001 12151666
1659741002 14476072
1659741003 14331574
1659741004 14697254
1659741005 14259834
1659741006 13971068
1659741007 14518672
1659741008 14863680
1659741009 14646488
1659741010 14653006
1659741011 14194920
1659741012 13651720
1659741013 14145814
1659741014 14413836
1659741015 14056228
1659741016 13626720
1659741017 14240688
1659741018 14543340
1659741019 14638202
1659741020 14266736
1659741021 13885046
1659741022 14589218
1659741023 14314468
1659741024 14964558
1659741025 14502014
1659741026 13855788
1659741027 14609738
1659741028 14197678
1659741029 14543518
1659741030 14184172
1659741031 13914702
1659741032 14644798
1659741033 14359374
1659741034 14710730
1659741035 14477878
1659741036 13029866
1659741037 14294862
1659741038 14622076
1659741039 14695904
1659741040 14272448
1659741041 13860328
1659741042 14456678
1659741043 14388264
1659741044 14578694
1659741045 14663900
1659741046 13569366
1659741047 14549122
1659741048 14280328
1659741049 14803484
1659741050 14474504
1659741051 13166052
1659741052 14691012
1659741053 14354448
1659741054 14541180
1659741055 14275606
1659741056 13551122
1659741057 14489156
1659741058 14388514
1659741059 14286988
1659741060 14374800
1659741061 13938778
1659741062 14743490
1659741063 14839146
1659741064 14574372
1659741065 14114372
1659741066 13755442
1659741067 14494718
1659741068 14582488
1659741069 14436250
1659741070 14316582
1659741071 13856886
1659741072 14087306
1659741073 14346248
1659741074 14769856
1659741075 14404478
1659741076 13993956
1659741077 14001108
1659741078 14473034
1659741079 14446038
1659741080 14125254
1659741081 13726494
1659741082 14273568
1659741083 14438302
1659741084 14394230
1659741085 14527630
1659741086 13731918
1659741087 13487188
1659741088 14738526
1659741089 14113682
1659741090 14650984
1659741091 13824088
1659741092 14179006
1659741093 13130006
1659741094 14014980
1659741095 14514804
1659741096 13543864
1659741097 14372572
1659741098 14210432
1659741099 14122058
1659741100 14615416
1659741101 13822848
1659741102 14347474
1659741103 14619034
1659741104 14524494
1659741105 14425082
1659741106 13923918
1659741107 14488704
1659741108 14046432
1659741109 14549128
1659741110 14549484
1659741111 13583358
1659741112 14197798
1659741113 14535932
1659741114 13715416
1659741115 14480528
1659741116 13364120
1659741117 14159336
1659741118 14129466
1659741119 14274184
1659741120 14147714
1659741121 13710148
1659741122 14371360
1659741123 13496752
1659741124 15026150
1659741125 14224738
1659741126 13584694
1659741127 14570990
1659741128 14131060
1659741129 13817972
1659741130 14327790
1659741131 13639708
1659741132 14066412
1659741133 13728316
1659741134 14623822
1659741135 14505694
1659741136 13622910
1659741137 14994102
1659741138 14089332
1659741139 14354436
1659741140 14414968
1659741141 13576786
1659741142 14481150
1659741143 14561580
1659741144 14062578
1659741145 14280994
1659741146 14034122
1659741147 14413784
1659741148 14643470
1659741149 13651352
1659741150 14584268
1659741151 13182976
1659741152 14758740
1659741153 14087632
1659741154 14228904
1659741155 13938692
1659741156 13675376
1659741157 14856924
1659741158 14318408
1659741159 13568538
1659741160 14372104
1659741161 13667774
1659741162 14604710
1659741163 14457708
1659741164 14308458
1659741165 14408954
1659741166 13519468
1659741167 14378436
1659741168 14523228
1659741169 14427968
1659741170 14468560
1659741171 13860256
1659741172 14353202
1659741173 14720690
1659741174 14315400
1659741175 14613932
1659741176 13920626
1659741177 13809366
1659741178 14345914
1659741179 13823994
1659741180 14341796
1659741181 13980426
1659741182 14623722
1659741183 14115994
1659741184 14355060
1659741185 14183650
1659741186 13812072
1659741187 14293176
1659741188 14559730
1659741189 14480272
1659741190 14494508
1659741191 13517418
1659741192 14487286
1659741193 14608192
1659741194 14325482
1659741195 14109226
1659741196 13541326
1659741197 14880144
1659741198 14622984
1659741199 14407406
1659741200 14308114
1659741201 13607486
1659741202 14446036
1659741203 14264788
1659741204 14658502
1659741205 14845258
1659741206 13849110
1659741207 14146246
1659741208 14311400
1659741209 14511664
1659741210 14276418
1659741211 13624308
1659741212 14274428
1659741213 14051884
1659741214 14545170
1659741215 13942664
1659741216 12490402
1659741217 14490360
1659741218 14247734
1659741219 14543936
1659741220 14389732
1659741221 13382484
1659741222 14372170
1659741223 14918566
1659741224 14052332
1659741225 14160978
1659741226 13123746
1659741227 14665840
1659741228 14231106
1659741229 14468824
1659741230 14213134
1659741231 13082074
1659741232 14351190
1659741233 14709926
1659741234 14868706
1659741235 14485648
1659741236 13463120
1659741237 14429684
1659741238 14394672
1659741239 14184062
1659741240 14040356
1659741241 12750584
1659741242 13960396
1659741243 13937876
1659741244 14427292
1659741245 14367600
1659741246 13632976
1659741247 14385766
1659741248 14592908
1659741249 14126524
1659741250 14591504
1659741251 13757608
1659741252 13852110
1659741253 14494576
1659741254 14362462
1659741255 14706310
1659741256 13342472
1659741257 14167322
1659741258 14453044
1659741259 14174936
1659741260 13970180
1659741261 12686402
1659741262 14616330
1659741263 14205010
1659741264 14147986
1659741265 14474520
1659741266 13354488
1659741267 14028872
1659741268 14754114
1659741269 13946854
1659741270 14428432
1659741271 13039950
1659741272 14145714
1659741273 14226078
1659741274 14282438
1659741275 14252320
1659741276 13546350
1659741277 13877938
1659741278 14122714
1659741279 14336844
1659741280 14428976
1659741281 13504620
1659741282 14281206
1659741283 14201822
1659741284 14325826
1659741285 14289046
1659741286 13042098
1659741287 13617452
1659741288 14469080
1659741289 14202828
1659741290 14298700
1659741291 13414010
1659741292 13982986
1659741293 13847562
1659741294 14924240
1659741295 14240562
1659741296 13786448
1659741297 14377210
1659741298 13939456
1659741299 14310238
1659741300 14634052
1659741301 12718148
1659741302 14008476
1659741303 13656290
1659741304 14155084
1659741305 14344656
1659741306 13845674
1659741307 14493414
1659741308 13596694
1659741309 14655530
1659741310 14650854
1659741311 13411754
1659741312 14591382
1659741313 13653836
1659741314 14232044
1659741315 14374928
1659741316 13638646
1659741317 14338184
1659741318 14526202
1659741319 14247804
1659741320 14576208
1659741321 13734420
1659741322 14361990
1659741323 14220620
1659741324 14732160
1659741325 14639826
1659741326 13430978
1659741327 14384178
1659741328 14149060
1659741329 14088154
1659741330 14651870
1659741331 13791104
1659741332 14516080
1659741333 14373914
1659741334 13661666
1659741335 14391110
1659741336 13835680
1659741337 13858690
1659741338 14283142
1659741339 13617938
1659741340 14568092
1659741341 13948956
1659741342 14468328
1659741343 14667166
1659741344 13632624
1659741345 14147032
1659741346 13655564
1659741347 14817118
1659741348 14704790
1659741349 14271852
1659741350 14389530
1659741351 14085458
1659741352 14406398
1659741353 14442516
1659741354 14012282
1659741355 14374666
1659741356 13671094
1659741357 13842030
1659741358 14665400
1659741359 13973622
1659741360 14150176
1659741361 13379136
1659741362 14555818
1659741363 15097880
1659741364 14438990
1659741365 14278686
1659741366 13583214
1659741367 14724340
1659741368 14492472
1659741369 14433296
1659741370 14492816
1659741371 13769138
1659741372 14205324
1659741373 14735344
1659741374 14420112
1659741375 14140422
1659741376 13739990
1659741377 14644850
1659741378 14459154
1659741379 14632536
1659741380 14347662
1659741381 14045742
1659741382 14415886
1659741383 14352364
1659741384 14255018
1659741385 13955998
1659741386 13480988
1659741387 14375816
1659741388 13775902
1659741389 14206548
1659741390 14139636
1659741391 13772800
1659741392 14378456
1659741393 14545028
1659741394 14375790
1659741395 13597084
1659741396 13565498
1659741397 14652742
1659741398 14256178
1659741399 14049702
1659741400 13900910
1659741401 14304112
1659741402 14725156
1659741403 14297784
1659741404 14618300
1659741405 14314840
1659741406 13494090
1659741407 14442176
1659741408 14137426
1659741409 14043750
1659741410 14227348
1659741411 12371834
1659741412 14330224
1659741413 14421740
1659741414 14808046
1659741415 14723528
1659741416 13587898
1659741417 14277364
1659741418 14618794
1659741419 14328538
1659741420 13999876
1659741421 13592154
1659741422 14429920
1659741423 14401370
1659741424 14664892
1659741425 13405330
1659741426 14625772
1659741427 14292686
1659741428 14098024
1659741429 14485562
1659741430 13713356
1659741431 14545948
1659741432 14612292
1659741433 14922446
1659741434 14751984
1659741435 13893950
1659741436 13868174
1659741437 14286548
1659741438 14105872
1659741439 14470528
1659741440 13945388
1659741441 14567394
1659741442 14591616
1659741443 14607292
1659741444 14582840
1659741445 13927000
1659741446 13591842
1659741447 14374700
1659741448 14294526
1659741449 14312996
1659741450 13727450
1659741451 14240142
1659741452 14174202
1659741453 14354512
1659741454 14114312
1659741455 13438240
1659741456 13832108
1659741457 14654498
1659741458 14522542
1659741459 14339240
1659741460 13995662
1659741461 14142268
1659741462 14571478
1659741463 14338602
1659741464 14511330
1659741465 13679102
1659741466 14039422
1659741467 13985436
1659741468 14656948
1659741469 14448298
1659741470 13792746
1659741471 14223462
1659741472 13462486
1659741473 14409208
1659741474 14488630
1659741475 13622064
1659741476 14575146
1659741477 14266990
1659741478 14243014
1659741479 14642018
1659741480 13805894
1659741481 14429574
1659741482 14215718
1659741483 13798490
1659741484 14187168
1659741485 13373772
1659741486 13843812
1659741487 13876604
1659741488 14141122
1659741489 14185276
1659741490 13985784
1659741491 14104368
1659741492 13843022
1659741493 14119178
1659741494 14436396
1659741495 13579482
1659741496 14561272
1659741497 14352686
1659741498 13783096
1659741499 14355142
1659741500 13486248
1659741501 13989752
1659741502 14207170
1659741503 13871390
1659741504 14493256
1659741505 13417088
1659741506 14513860
1659741507 14353120
1659741508 14123950
1659741509 14347994
1659741510 13527800
1659741511 14275280
1659741512 14273974
1659741513 14321926
1659741514 13696828
1659741515 13795792
1659741516 14493940
1659741517 14017124
1659741518 13863196
1659741519 14424328
1659741520 13590206
1659741521 14276922
1659741522 14828062
1659741523 14077288
1659741524 13936772
1659741525 13690084
1659741526 14633408
1659741527 14563430
1659741528 14063852
1659741529 14275964
1659741530 13481356
1659741531 14377770
1659741532 14080760
1659741533 14249504
1659741534 14125080
1659741535 13663462
1659741536 14388080
1659741537 14004360
1659741538 14991222
1659741539 13818754
1659741540 13699790
1659741541 14677412
1659741542 14105138
1659741543 14610576
1659741544 14247094
1659741545 13483642
1659741546 14712326
1659741547 14438464
1659741548 14624300
1659741549 14231044
1659741550 14012176
1659741551 13927268
1659741552 14889360
1659741553 14414168
1659741554 14067048
1659741555 13495202
1659741556 14518474
1659741557 14528198
1659741558 14672136
1659741559 14153582
1659741560 13535484
1659741561 14235886
1659741562 14466874
1659741563 14938942
1659741564 13955462
1659741565 13580346
1659741566 14656532
1659741567 14279568
1659741568 14465282
1659741569 14542508
1659741570 13484334
1659741571 14511658
1659741572 14781810
1659741573 14168806
1659741574 14350010
1659741575 13269974
1659741576 14399726
1659741577 14641948
1659741578 14505706
1659741579 14509316
1659741580 13524218
1659741581 14637972
1659741582 14941576
1659741583 14499972
1659741584 14740938
1659741585 13253006
1659741586 14630344
1659741587 13984196
1659741588 14321856
1659741589 14660454
1659741590 13439684
1659741591 14361492
1659741592 14373758
1659741593 14314974
1659741594 14433228
1659741595 12895588
1659741596 14007284
1659741597 14570324
1659741598 14648990
1659741599 14047210
1659741600 13577246
1659741601 14365508
1659741602 14294022
1659741603 14497440
1659741604 14322888
1659741605 13798004
1659741606 14711422
1659741607 14940110
1659741608 14670714
1659741609 14447842
1659741610 13897552
1659741611 14708594
1659741612 14376176
1659741613 14169738
1659741614 14402304
1659741615 13802304
1659741616 14026808
1659741617 14008216
1659741618 14459890
1659741619 14523860
1659741620 12974010
1659741621 13877290
1659741622 14623742
1659741623 14492066
1659741624 14426034
1659741625 13323626
1659741626 14309262
1659741627 14301822
1659741628 14519202
1659741629 14386730
1659741630 14016516
1659741631 14079984
1659741632 14368210
1659741633 14186226
1659741634 14527172
1659741635 12400396
1659741636 13900270
1659741637 14486608
1659741638 14259016
1659741639 14217256
1659741640 13672918
1659741641 14274130
1659741642 14448414
1659741643 14642066
1659741644 14550862
1659741645 14270642
1659741646 14640528
1659741647 14323092
1659741648 14308714
1659741649 14402130
1659741650 13484742
1659741651 14122794
1659741652 14408106
1659741653 14295060
1659741654 14334124
1659741655 13359908
1659741656 14067914
1659741657 14468616
1659741658 14429338
1659741659 14233266
1659741660 13086172
1659741661 14524044
1659741662 13977212
1659741663 14637744
1659741664 14338614
1659741665 13927580
1659741666 13657600
1659741667 14362142
1659741668 14579602
1659741669 7474896
1659741670 1222


# events submitted
1659740467 3079602
1659740468 487502
1659740469 8386916
1659740470 14250490
1659740471 14949200
1659740472 14624714
1659740473 14324242
1659740474 14893816
1659740475 14882996
1659740476 14642024
1659740477 14093418
1659740478 13165908
1659740479 14341600
1659740480 14281140
1659740481 14264218
1659740482 13713614
1659740483 13235126
1659740484 13824686
1659740485 14490568
1659740486 14143606
1659740487 14045886
1659740488 13723028
1659740489 14116134
1659740490 13765210
1659740491 14231476
1659740492 13978614
1659740493 12881594
1659740494 14255318
1659740495 14211196
1659740496 13992336
1659740497 13958120
1659740498 13605668
1659740499 13837302
1659740500 14053124
1659740501 14271584
1659740502 13770520
1659740503 13760166
1659740504 14334444
1659740505 13927980
1659740506 14037586
1659740507 13772564
1659740508 12737462
1659740509 13909518
1659740510 13532660
1659740511 14495360
1659740512 14018878
1659740513 13481480
1659740514 14512438
1659740515 13045322
1659740516 14299876
1659740517 13791702
1659740518 13621594
1659740519 14140980
1659740520 13928148
1659740521 14242300
1659740522 14246114
1659740523 12690180
1659740524 13940296
1659740525 13401070
1659740526 14168490
1659740527 14211910
1659740528 13467204
1659740529 14046824
1659740530 13833248
1659740531 13878212
1659740532 13862714
1659740533 13386854
1659740534 12036434
1659740535 9217154
1659740536 9202256
1659740537 10457950
1659740538 10425820
1659740539 11408912
1659740540 10880760
1659740541 10898392
1659740542 9986796
1659740543 10472270
1659740544 9186416
1659740545 10004802
1659740546 10492712
1659740547 6948600
1659740548 6994392
1659740549 7602960
1659740550 7255724
1659740551 7021372
1659740552 6620920
1659740553 7108662
1659740554 7683876
1659740555 6482824
1659740556 6757594
1659740557 8591014
1659740558 5815428
1659740559 7010774
1659740560 7671660
1659740561 8111522
1659740562 7413154
1659740563 5920386
1659740564 5946324
1659740565 7232342
1659740566 7536462
1659740567 4995720
1659740568 6144552
1659740569 5465508
1659740570 7070718
1659740571 6734626
1659740572 6641828
1659740573 7357516
1659740574 7488978
1659740575 6496056
1659740576 7574988
1659740577 7249678
1659740578 5491756
1659740579 8418644
1659740580 6635092
1659740581 7036878
1659740582 6087802
1659740583 7275630
1659740584 6615520
1659740585 5506050
1659740586 6277424
1659740587 6576434
1659740588 5935932
1659740589 6919338
1659740590 8297946
1659740591 6220800
1659740592 5417172
1659740593 6420920
1659740594 7477000
1659740595 5348348
1659740596 3263572
1659740597 3654056
1659740598 3158424
1659740599 4590748
1659740600 3099610
1659740601 3065816
1659740602 3786842
1659740603 4128000
1659740604 4069048
1659740605 3757842
1659740606 3410170
1659740607 3291494
1659740608 3761932
1659740609 4036128
1659740610 4016852
1659740611 2783708
1659740612 3140114
1659740613 3462232
1659740614 3167066
1659740615 4626152
1659740616 2976208
1659740617 4374472
1659740618 2813906
1659740619 3767986
1659740620 4847072
1659740621 4754380
1659740622 3862784
1659740623 3310758
1659740624 2755606
1659740625 2693254
1659740626 3863498
1659740627 2839710
1659740628 4060286
1659740629 2394778
1659740630 3894612
1659740631 1921164
1659740632 2144820
1659740633 3443382
1659740634 4766410
1659740635 3672324
1659740636 4191570
1659740637 3375916
1659740638 3063394
1659740639 4963702
1659740640 4908770
1659740641 4717886
1659740642 4434886
1659740643 3885998
1659740644 4165686
1659740645 3125626
1659740646 4262292
1659740647 3113574
1659740648 3680020
1659740649 4351942
1659740650 3620110
1659740651 3025914
1659740652 4084872
1659740653 4322442
1659740654 4832310
1659740655 3203416
1659740656 4231148
1659740657 2804376
1659740658 4092140
1659740659 4859672
1659740660 4506636
1659740661 2994388
1659740662 3996746
1659740663 3636306
1659740664 3064318
1659740665 2552752
1659740666 3509394
1659740667 4237686
1659740668 3992632
1659740669 3896098
1659740670 3441036
1659740671 3046050
1659740672 4487412
1659740673 3785030
1659740674 3422522
1659740675 4301650
1659740676 2575718
1659740677 3186758
1659740678 2030708
1659740679 3928704
1659740680 4970978
1659740681 4176582
1659740682 3856912
1659740683 3961924
1659740684 2963844
1659740685 4236604
1659740686 2862322
1659740687 3428806
1659740688 4038124
1659740689 3294546
1659740690 3588324
1659740691 3022002
1659740692 4361590
1659740693 4484514
1659740694 3491772
1659740695 4468570
1659740696 4234300
1659740697 2939650
1659740698 3943988
1659740699 3146746
1659740700 2397406
1659740701 3184668
1659740702 4429528
1659740703 3367808
1659740704 4055956
1659740705 3488666
1659740706 3779048
1659740707 3628304
1659740708 4719118
1659740709 3848342
1659740710 4337302
1659740711 4771388
1659740712 4333276
1659740713 3377220
1659740714 3901920
1659740715 3285496
1659740716 3052424
1659740717 2999052
1659740718 3122698
1659740719 3525500
1659740720 4008380
1659740721 4238198
1659740722 2716988
1659740723 3398652
1659740724 4283406
1659740725 4356244
1659740726 2741290
1659740727 3561486
1659740728 4021482
1659740729 3489044
1659740730 4566984
1659740731 3393990
1659740732 2871494
1659740733 2559448
1659740734 3947064
1659740735 5077282
1659740736 3421884
1659740737 3755612
1659740738 3094680
1659740739 3001264
1659740740 3627804
1659740741 3692896
1659740742 3681020
1659740743 2685112
1659740744 3950760
1659740745 3948472
1659740746 4652190
1659740747 3259522
1659740748 3492524
1659740749 4088652
1659740750 4979228
1659740751 2958170
1659740752 3701436
1659740753 3864358
1659740754 5114026
1659740755 3939698
1659740756 2613032
1659740757 2109614
1659740758 3108884
1659740759 3530092
1659740760 3828922
1659740761 2586524
1659740762 4287790
1659740763 4246592
1659740764 3972986
1659740765 3115538
1659740766 3906680
1659740767 3164794
1659740768 2768900
1659740769 1504634
1659740770 3519244
1659740771 2946028
1659740772 2243772
1659740773 2676808
1659740774 4131596
1659740775 3275526
1659740776 4554682
1659740777 4317364
1659740778 3688986
1659740779 4715562
1659740780 3120276
1659740781 4553584
1659740782 3478040
1659740783 4365706
1659740784 4499266
1659740785 4899222
1659740786 3971706
1659740787 2886960
1659740788 2469364
1659740789 2562214
1659740790 1184676
1659740791 1888176
1659740792 3745488
1659740793 3402862
1659740794 3398494
1659740795 3970180
1659740796 2879946
1659740797 4930168
1659740798 3105216
1659740799 2351250
1659740800 3523046
1659740801 3122286
1659740802 3315920
1659740803 3180778
1659740804 3175554
1659740805 3846608
1659740806 2967548
1659740807 3974170
1659740808 4814416
1659740809 3371846
1659740810 3978680
1659740811 1725618
1659740812 3870480
1659740813 3616254
1659740814 3010762
1659740815 3004016
1659740816 3465142
1659740817 4144612
1659740818 3570492
1659740819 3022406
1659740820 3314266
1659740821 3245642
1659740822 3097824
1659740823 4494024
1659740824 4588082
1659740825 3661724
1659740826 2458536
1659740827 3570372
1659740828 2065176
1659740829 2588902
1659740830 2143092
1659740831 2895922
1659740832 2582890
1659740833 2617088
1659740834 3172512
1659740835 2876432
1659740836 2828126
1659740837 4226018
1659740838 3070182
1659740839 3567502
1659740840 4626654
1659740841 3158356
1659740842 4228796
1659740843 4057746
1659740844 3161484
1659740845 4760830
1659740846 2985076
1659740847 3706664
1659740848 2902860
1659740849 3192324
1659740850 4340760
1659740851 3254712
1659740852 3921522
1659740853 2748584
1659740854 3636806
1659740855 4117108
1659740856 2252908
1659740857 4428616
1659740858 3527266
1659740859 3523994
1659740860 3252662
1659740861 3855130
1659740862 3678152
1659740863 3691984
1659740864 4536966
1659740865 2602088
1659740866 2502374
1659740867 4945312
1659740868 4324366
1659740869 4597866
1659740870 4574176
1659740871 4195646
1659740872 3571682
1659740873 4267470
1659740874 3321450
1659740875 2885768
1659740876 2634308
1659740877 2958898
1659740878 3226948
1659740879 3122092
1659740880 2674032
1659740881 2354256
1659740882 1802742
1659740883 7744748
1659740884 7996556
1659740885 6382034
1659740886 8590636
1659740887 6052916
1659740888 8578252
1659740889 6966510
1659740890 6572196
1659740891 7952600
1659740892 8345254
1659740893 6211882
1659740894 6561242
1659740895 7749530
1659740896 6293280
1659740897 6438316
1659740898 5040066
1659740899 5915698
1659740900 8901932
1659740901 6374742
1659740902 8025848
1659740903 7169122
1659740904 6633768
1659740905 6908442
1659740906 7049748
1659740907 7324244
1659740908 6517450
1659740909 8104348
1659740910 7035924
1659740911 6167750
1659740912 7415274
1659740913 7192448
1659740914 8044610
1659740915 7798526
1659740916 5345708
1659740917 8836382
1659740918 6543420
1659740919 6955154
1659740920 7274924
1659740921 6046180
1659740922 6719330
1659740923 6547828
1659740924 5980566
1659740925 6904786
1659740926 6836054
1659740927 6183936
1659740928 8830766
1659740929 6974300
1659740930 5962482
1659740931 5504816
1659740932 6271938
1659740933 6408536
1659740934 6484572
1659740935 6830418
1659740936 5597890
1659740937 6933774
1659740938 6482514
1659740939 7876088
1659740940 7079538
1659740941 6347292
1659740942 7691794
1659740943 5801894
1659740944 6743144
1659740945 8049838
1659740946 7581914
1659740947 4755400
1659740948 4351144
1659740949 3560830
1659740950 3462692
1659740951 4334968
1659740952 3187720
1659740953 2795426
1659740954 4489426
1659740955 3967272
1659740956 2880174
1659740957 3351208
1659740958 3113666
1659740959 4211834
1659740960 3735588
1659740961 3481738
1659740962 4161474
1659740963 3916584
1659740964 4591056
1659740965 3385430
1659740966 4633538
1659740967 3991806
1659740968 4450684
1659740969 3905088
1659740970 3544320
1659740971 3339280
1659740972 3416638
1659740973 3570828
1659740974 4285950
1659740975 3688970
1659740976 2860354
1659740977 2937602
1659740978 3305694
1659740979 3843486
1659740980 4889630
1659740981 2827978
1659740982 2960494
1659740983 4406572
1659740984 4050458
1659740985 3657098
1659740986 3644344
1659740987 4192612
1659740988 2289338
1659740989 4477992
1659740990 4990484
1659740991 2762506
1659740992 3532194
1659740993 3768454
1659740994 2941346
1659740995 2784268
1659740996 3932204
1659740997 3015804
1659740998 4252146
1659740999 3434454
1659741000 2543940
1659741001 3681156
1659741002 2511156
1659741003 4892160
1659741004 2078862
1659741005 3327442
1659741006 3233978
1659741007 4320902
1659741008 3749234
1659741009 3035122
1659741010 2720814
1659741011 2680540
1659741012 3654334
1659741013 2014824
1659741014 4704674
1659741015 4555118
1659741016 4509216
1659741017 2746266
1659741018 5063620
1659741019 4276318
1659741020 3795412
1659741021 3432986
1659741022 4030786
1659741023 3282526
1659741024 3268916
1659741025 2820796
1659741026 3800558
1659741027 2181378
1659741028 3602230
1659741029 3611194
1659741030 4160264
1659741031 4496372
1659741032 3196586
1659741033 3584238
1659741034 2545566
1659741035 3444358
1659741036 1989778
1659741037 3642416
1659741038 4556324
1659741039 4690678
1659741040 3694966
1659741041 3911768
1659741042 4791628
1659741043 2639462
1659741044 4783672
1659741045 2533984
1659741046 3021482
1659741047 2598706
1659741048 2633516
1659741049 3135284
1659741050 2919376
1659741051 4123316
1659741052 4441280
1659741053 4039734
1659741054 3159642
1659741055 4097394
1659741056 3200338
1659741057 3804150
1659741058 4100010
1659741059 2489614
1659741060 4402806
1659741061 4030998
1659741062 2949972
1659741063 1989618
1659741064 2160650
1659741065 4792004
1659741066 4034070
1659741067 3403288
1659741068 3693288
1659741069 4969702
1659741070 3674832
1659741071 3456962
1659741072 3782542
1659741073 3913282
1659741074 4037142
1659741075 4391906
1659741076 2042310
1659741077 3611732
1659741078 2804664
1659741079 3932038
1659741080 3331130
1659741081 3686326
1659741082 2636402
1659741083 3544374
1659741084 3802432
1659741085 4457016
1659741086 3582462
1659741087 4015806
1659741088 2884050
1659741089 2445962
1659741090 3205304
1659741091 2995536
1659741092 3738766
1659741093 3202554
1659741094 4114092
1659741095 5202878
1659741096 3337064
1659741097 4003308
1659741098 5305738
1659741099 4323706
1659741100 3722316
1659741101 3645754
1659741102 4264044
1659741103 3036080
1659741104 4736902
1659741105 4018262
1659741106 4547400
1659741107 4331460
1659741108 3130762
1659741109 2578260
1659741110 3441100
1659741111 3060050
1659741112 3918902
1659741113 3227888
1659741114 4012790
1659741115 3289506
1659741116 4122018
1659741117 3508274
1659741118 5046712
1659741119 3797450
1659741120 2122708
1659741121 2562894
1659741122 3913864
1659741123 3346296
1659741124 5103962
1659741125 3899776
1659741126 2517134
1659741127 3429800
1659741128 3438438
1659741129 3830300
1659741130 3835840
1659741131 1455480
1659741132 5063640
1659741133 3869654
1659741134 3474678
1659741135 3130938
1659741136 3535718
1659741137 3761260
1659741138 3771440
1659741139 1925344
1659741140 5083824
1659741141 3270594
1659741142 2748750
1659741143 4759542
1659741144 3190910
1659741145 3784878
1659741146 4431546
1659741147 3137410
1659741148 3686046
1659741149 2767612
1659741150 2721094
1659741151 3388326
1659741152 4277162
1659741153 3783902
1659741154 4381582
1659741155 4112592
1659741156 3116976
1659741157 2084388
1659741158 3590768
1659741159 3504160
1659741160 2235238
1659741161 4476556
1659741162 4375534
1659741163 3890950
1659741164 3083642
1659741165 4323900
1659741166 2778890
1659741167 3287444
1659741168 3105328
1659741169 4050216
1659741170 4099628
1659741171 4327858
1659741172 3886940
1659741173 3211020
1659741174 2711544
1659741175 886754
1659741176 4093596
1659741177 3507426
1659741178 2374942
1659741179 3101002
1659741180 2249616
1659741181 4422052
1659741182 4042938
1659741183 3069192
1659741184 3196586
1659741185 3517228
1659741186 3628938
1659741187 2420256
1659741188 4307102
1659741189 4106404
1659741190 3428146
1659741191 3627140
1659741192 4319530
1659741193 3728950
1659741194 4850294
1659741195 3881002
1659741196 2614644
1659741197 4271572
1659741198 4627560
1659741199 4808950
1659741200 4742522
1659741201 3412224
1659741202 4391362
1659741203 3148284
1659741204 4505654
1659741205 3241974
1659741206 3700070
1659741207 4269528
1659741208 3716986
1659741209 1339442
1659741210 1913250
1659741211 3635228
1659741212 3080990
1659741213 3237276
1659741214 3308802
1659741215 4559268
1659741216 2337446
1659741217 3756540
1659741218 2560760
1659741219 3101324
1659741220 4165834
1659741221 2757180
1659741222 3249548
1659741223 4841312
1659741224 2532534
1659741225 3595852
1659741226 3663592
1659741227 4462524
1659741228 3458606
1659741229 5205280
1659741230 2626162
1659741231 4023858
1659741232 4402836
1659741233 3316826
1659741234 4931950
1659741235 4824930
1659741236 4632280
1659741237 2684708
1659741238 3598814
1659741239 3865198
1659741240 2971542
1659741241 3660378
1659741242 2868802
1659741243 3216670
1659741244 3537480
1659741245 2144576
1659741246 3230602
1659741247 3114148
1659741248 2861646
1659741249 4133614
1659741250 2659040
1659741251 2322686
1659741252 3958084
1659741253 2944358
1659741254 4286100
1659741255 2896312
1659741256 1733294
1659741257 3879526
1659741258 3159482
1659741259 3439434
1659741260 3679296
1659741261 3979030
1659741262 3259244
1659741263 3444184
1659741264 2908670
1659741265 3646518
1659741266 4254328
1659741267 3625892
1659741268 4310664
1659741269 3514354
1659741270 4257160
1659741271 3106966
1659741272 3208356
1659741273 3262150
1659741274 3220006
1659741275 4183608
1659741276 3475732
1659741277 6531248
1659741278 7434450
1659741279 7998172
1659741280 6911256
1659741281 7572640
1659741282 7695246
1659741283 6562456
1659741284 8222314
1659741285 6639690
1659741286 5586138
1659741287 6138708
1659741288 7062832
1659741289 6002190
1659741290 7251270
1659741291 7028316
1659741292 8104166
1659741293 7253384
1659741294 6559624
1659741295 6023968
1659741296 7626814
1659741297 6501492
1659741298 6493282
1659741299 6403678
1659741300 6194994
1659741301 5308090
1659741302 7523348
1659741303 6577466
1659741304 7439884
1659741305 6892724
1659741306 7680288
1659741307 6226974
1659741308 7152186
1659741309 7412532
1659741310 6955072
1659741311 5779114
1659741312 7416838
1659741313 7033094
1659741314 7330112
1659741315 6093886
1659741316 6225958
1659741317 7527162
1659741318 6153712
1659741319 6660238
1659741320 8033958
1659741321 7162114
1659741322 8120778
1659741323 9691890
1659741324 6313678
1659741325 9032464
1659741326 6509030
1659741327 6785704
1659741328 7346426
1659741329 5580592
1659741330 8486108
1659741331 6263854
1659741332 6438772
1659741333 5649120
1659741334 6728202
1659741335 6343518
1659741336 7995478
1659741337 6164842
1659741338 7498584
1659741339 4800954
1659741340 3127824
1659741341 3272968
1659741342 3637546
1659741343 3461288
1659741344 4416122
1659741345 3304836
1659741346 3417996
1659741347 4644360
1659741348 4163518
1659741349 5116420
1659741350 3333142
1659741351 4113684
1659741352 3616376
1659741353 2872736
1659741354 3973904
1659741355 2910288
1659741356 3313294
1659741357 4196072
1659741358 3760854
1659741359 3044294
1659741360 3705554
1659741361 3048358
1659741362 4016442
1659741363 4830586
1659741364 1737550
1659741365 3666434
1659741366 2805482
1659741367 3089428
1659741368 2921096
1659741369 4821732
1659741370 4146170
1659741371 2032386
1659741372 2172350
1659741373 2028312
1659741374 2416740
1659741375 3160370
1659741376 2567816
1659741377 3173196
1659741378 2427022
1659741379 4495828
1659741380 5008510
1659741381 3682896
1659741382 3482670
1659741383 3886244
1659741384 4132714
1659741385 3156928
1659741386 2528050
1659741387 3083118
1659741388 3404150
1659741389 2275432
1659741390 3523376
1659741391 3718894
1659741392 3133162
1659741393 2184866
1659741394 3176992
1659741395 3504996
1659741396 3028780
1659741397 4439410
1659741398 4289690
1659741399 2969826
1659741400 2612616
1659741401 4214774
1659741402 3799876
1659741403 3159202
1659741404 3512672
1659741405 4542734
1659741406 4469558
1659741407 3194956
1659741408 3459768
1659741409 3826388
1659741410 1138528
1659741411 2700832
1659741412 4288232
1659741413 2579462
1659741414 3099222
1659741415 1658402
1659741416 4416730
1659741417 3348738
1659741418 2327730
1659741419 2729076
1659741420 2966050
1659741421 4445758
1659741422 3141654
1659741423 3907982
1659741424 3308828
1659741425 2868280
1659741426 3134326
1659741427 3566016
1659741428 2916946
1659741429 3935186
1659741430 2884134
1659741431 3939806
1659741432 2419800
1659741433 4466148
1659741434 158966
1659741435 4392412
1659741436 4266132
1659741437 2962728
1659741438 4183378
1659741439 3602562
1659741440 2003858
1659741441 1782012
1659741442 3702350
1659741443 4118972
1659741444 3083114
1659741445 3612128
1659741446 4769696
1659741447 3574240
1659741448 4539288
1659741449 4032216
1659741450 3227412
1659741451 3905294
1659741452 3612296
1659741453 1983762
1659741454 3628378
1659741455 3086722
1659741456 2747966
1659741457 2628164
1659741458 3262960
1659741459 4496090
1659741460 2290432
1659741461 3620610
1659741462 3911946
1659741463 4553580
1659741464 2757986
1659741465 4336950
1659741466 3657158
1659741467 4208712
1659741468 3901940
1659741469 4703420
1659741470 2826354
1659741471 2168590
1659741472 3814634
1659741473 3077914
1659741474 4778540
1659741475 4293338
1659741476 3600364
1659741477 5114260
1659741478 3950018
1659741479 3432852
1659741480 3708002
1659741481 4223400
1659741482 2044738
1659741483 2268524
1659741484 3404530
1659741485 2443646
1659741486 3614798
1659741487 2624334
1659741488 2822790
1659741489 3142434
1659741490 3642098
1659741491 3912382
1659741492 2418688
1659741493 3837682
1659741494 4090306
1659741495 2809642
1659741496 2874006
1659741497 4621156
1659741498 4286896
1659741499 4071290
1659741500 3947420
1659741501 4427124
1659741502 4137564
1659741503 3883122
1659741504 3117666
1659741505 2604028
1659741506 4831472
1659741507 4615358
1659741508 3432538
1659741509 3167910
1659741510 3140822
1659741511 3020898
1659741512 3099716
1659741513 3628276
1659741514 4091170
1659741515 3894998
1659741516 4539652
1659741517 4039782
1659741518 4272090
1659741519 4949150
1659741520 4368384
1659741521 4092556
1659741522 1246460
1659741523 4556672
1659741524 3839794
1659741525 4678492
1659741526 4720872
1659741527 4279458
1659741528 2758270
1659741529 3467174
1659741530 3540242
1659741531 3301090
1659741532 4871496
1659741533 2880942
1659741534 2785832
1659741535 3775028
1659741536 3054794
1659741537 3805026
1659741538 4267970
1659741539 3184556
1659741540 2639108
1659741541 4320132
1659741542 2260748
1659741543 4539850
1659741544 4174474
1659741545 4196062
1659741546 5083096
1659741547 3682826
1659741548 4453428
1659741549 4156868
1659741550 3277188
1659741551 3676794
1659741552 2596494
1659741553 1681258
1659741554 2774658
1659741555 3472974
1659741556 2716940
1659741557 5017822
1659741558 2787108
1659741559 3271240
1659741560 4710454
1659741561 3637734
1659741562 3919652
1659741563 2798766
1659741564 3440674
1659741565 4353712
1659741566 4988210
1659741567 2918848
1659741568 3300370
1659741569 2467144
1659741570 3318642
1659741571 2553250
1659741572 3784932
1659741573 3479062
1659741574 4325588
1659741575 3181956
1659741576 3553610
1659741577 3609366
1659741578 3731624
1659741579 4332034
1659741580 3711134
1659741581 3032990
1659741582 3991806
1659741583 3670792
1659741584 4278430
1659741585 4418134
1659741586 3548746
1659741587 3312768
1659741588 2338446
1659741589 3704348
1659741590 2134872
1659741591 2516312
1659741592 4047450
1659741593 3191990
1659741594 4137426
1659741595 1903292
1659741596 4339366
1659741597 5073280
1659741598 3990246
1659741599 4441036
1659741600 3948946
1659741601 3475384
1659741602 2073808
1659741603 4812534
1659741604 3520340
1659741605 3828958
1659741606 2733082
1659741607 3300504
1659741608 3804858
1659741609 4010842
1659741610 2667628
1659741611 4233684
1659741612 4062148
1659741613 4349282
1659741614 4386996
1659741615 2649032
1659741616 2848686
1659741617 3742216
1659741618 4262576
1659741619 1658916
1659741620 3247040
1659741621 3645946
1659741622 3350298
1659741623 4224212
1659741624 3413726
1659741625 2303226
1659741626 2886948
1659741627 6842558
1659741628 7122256
1659741629 6822756
1659741630 6794708
1659741631 7737604
1659741632 8759376
1659741633 6723058
1659741634 6919990
1659741635 6598206
1659741636 7009172
1659741637 5879186
1659741638 7492368
1659741639 7637910
1659741640 6466726
1659741641 7081674
1659741642 5408200
1659741643 6682160
1659741644 6786558
1659741645 5979330
1659741646 7266322
1659741647 8083112
1659741648 7215734
1659741649 6482242
1659741650 6543708
1659741651 5750524
1659741652 7877142
1659741653 8984858
1659741654 7042810
1659741655 5081500
1659741656 8440992
1659741657 8886072
1659741658 8227556
1659741659 5166154
1659741660 7354350
1659741661 5639638
1659741662 6422230
1659741663 6360410
1659741664 7932066
1659741665 7316436
1659741666 7497958
1659741667 7771012
1659741668 6254896
1659741669 3582750
1659741670 268


# events lost
1659740534 1831442
1659740535 4831978
1659740536 4168522
1659740537 3692316
1659740538 3103730
1659740539 2813002
1659740540 3088158
1659740541 3219804
1659740542 3980762
1659740543 2835952
1659740544 5115098
1659740545 4480012
1659740546 3547356
1659740547 7380924
1659740548 6173102
1659740549 6455526
1659740550 6457118
1659740551 7274496
1659740552 7622298
1659740553 6335664
1659740554 6490822
1659740555 7585462
1659740556 7282588
1659740557 6002356
1659740558 8000340
1659740559 7115304
1659740560 6923240
1659740561 7037794
1659740562 6632570
1659740563 7491060
1659740564 7926092
1659740565 6987092
1659740566 6562914
1659740567 9604844
1659740568 7457924
1659740569 9109016
1659740570 7659082
1659740571 7618918
1659740572 7619204
1659740573 6302064
1659740574 6565954
1659740575 7867354
1659740576 6389328
1659740577 6745744
1659740578 7993928
1659740579 5844676
1659740580 7383500
1659740581 7187600
1659740582 8171410
1659740583 6238308
1659740584 7911474
1659740585 9151676
1659740586 7823804
1659740587 7934400
1659740588 7746944
1659740589 7992762
1659740590 6132900
1659740591 8417064
1659740592 8945044
1659740593 7052812
1659740594 7007128
1659740595 8800194
1659740596 10259434
1659740597 10898386
1659740598 10299752
1659740599 10045036
1659740600 10912668
1659740601 11131086
1659740602 10776044
1659740603 9127314
1659740604 10576190
1659740605 10891710
1659740606 10449006
1659740607 11454380
1659740608 10114066
1659740609 10592880
1659740610 10088754
1659740611 11648630
1659740612 11528374
1659740613 10300828
1659740614 11417304
1659740615 10000360
1659740616 11188764
1659740617 10085636
1659740618 11041528
1659740619 10474880
1659740620 9921834
1659740621 9693994
1659740622 10362530
1659740623 10461382
1659740624 11275864
1659740625 11706276
1659740626 10501342
1659740627 11794954
1659740628 9246876
1659740629 12078068
1659740630 10468468
1659740631 12859368
1659740632 11745682
1659740633 10166626
1659740634 9719516
1659740635 11091638
1659740636 10089450
1659740637 10907380
1659740638 10659500
1659740639 9296928
1659740640 9134686
1659740641 9828478
1659740642 9929472
1659740643 9951712
1659740644 10161694
1659740645 11234848
1659740646 10427930
1659740647 11323112
1659740648 10083680
1659740649 10027000
1659740650 10627826
1659740651 11628472
1659740652 10531414
1659740653 8904416
1659740654 9626514
1659740655 11265758
1659740656 9586570
1659740657 11384078
1659740658 10071986
1659740659 9890812
1659740660 9872892
1659740661 10634152
1659740662 10597752
1659740663 10918042
1659740664 11319182
1659740665 11838224
1659740666 9908556
1659740667 10029748
1659740668 10179526
1659740669 10641418
1659740670 10969842
1659740671 10128534
1659740672 9883162
1659740673 10097684
1659740674 10621384
1659740675 10351734
1659740676 10824186
1659740677 11033176
1659740678 12345310
1659740679 10604884
1659740680 9694268
1659740681 9533938
1659740682 10233172
1659740683 10353304
1659740684 11338768
1659740685 10498358
1659740686 11163176
1659740687 10493154
1659740688 10376510
1659740689 10871920
1659740690 10653656
1659740691 10241246
1659740692 10244618
1659740693 9707364
1659740694 11002560
1659740695 9827528
1659740696 9965452
1659740697 10957300
1659740698 9937498
1659740699 11501198
1659740700 12049638
1659740701 10283250
1659740702 10160314
1659740703 10870612
1659740704 10057992
1659740705 10591294
1659740706 9310788
1659740707 10768592
1659740708 9705710
1659740709 10707126
1659740710 9932070
1659740711 8876290
1659740712 10128464
1659740713 10597232
1659740714 10740840
1659740715 11202500
1659740716 10832236
1659740717 11306282
1659740718 11231404
1659740719 10875464
1659740720 10106530
1659740721 9003894
1659740722 11244398
1659740723 10222388
1659740724 10470862
1659740725 10068074
1659740726 11228340
1659740727 10876566
1659740728 10335980
1659740729 11019150
1659740730 9813890
1659740731 10183880
1659740732 11967830
1659740733 12168908
1659740734 10346338
1659740735 9495410
1659740736 10637582
1659740737 10421092
1659740738 10947668
1659740739 10524886
1659740740 10541384
1659740741 9909224
1659740742 10721294
1659740743 11874754
1659740744 10199650
1659740745 10341836
1659740746 9079300
1659740747 11304802
1659740748 11010290
1659740749 10038536
1659740750 9721570
1659740751 11131746
1659740752 10969398
1659740753 10725276
1659740754 9336840
1659740755 10548744
1659740756 11326250
1659740757 12256048
1659740758 11255302
1659740759 10377606
1659740760 10487764
1659740761 10972014
1659740762 9680892
1659740763 10140036
1659740764 9986366
1659740765 11177558
1659740766 10083118
1659740767 11034234
1659740768 11588762
1659740769 12530030
1659740770 10950036
1659740771 10965094
1659740772 12296918
1659740773 12193732
1659740774 10113866
1659740775 10905906
1659740776 9448864
1659740777 10052442
1659740778 10497642
1659740779 9769734
1659740780 10870892
1659740781 9173730
1659740782 11228568
1659740783 9903938
1659740784 9873274
1659740785 9371310
1659740786 9666206
1659740787 11492720
1659740788 11943908
1659740789 12094490
1659740790 13617374
1659740791 11939206
1659740792 10579266
1659740793 10551620
1659740794 10899912
1659740795 10168772
1659740796 11107656
1659740797 9296444
1659740798 11015840
1659740799 12018718
1659740800 10518234
1659740801 9016530
1659740802 11057110
1659740803 11399638
1659740804 10919838
1659740805 10310316
1659740806 10725090
1659740807 10408414
1659740808 9851058
1659740809 11335272
1659740810 10273016
1659740811 12011750
1659740812 10639408
1659740813 10811552
1659740814 11459916
1659740815 11599990
1659740816 10107160
1659740817 10380564
1659740818 10546768
1659740819 11366256
1659740820 11067128
1659740821 10288902
1659740822 11541272
1659740823 10028590
1659740824 9978804
1659740825 10943816
1659740826 10357136
1659740827 10811444
1659740828 12328952
1659740829 11890614
1659740830 12112866
1659740831 10321160
1659740832 11267550
1659740833 11753170
1659740834 11343282
1659740835 11123080
1659740836 10214532
1659740837 9783492
1659740838 11566714
1659740839 10687286
1659740840 9755200
1659740841 10669614
1659740842 10006202
1659740843 10330032
1659740844 11296416
1659740845 9592472
1659740846 10651302
1659740847 10654260
1659740848 11112194
1659740849 11368402
1659740850 10216104
1659740851 9618820
1659740852 10245652
1659740853 11772186
1659740854 10948948
1659740855 10706982
1659740856 11388658
1659740857 9894428
1659740858 10880302
1659740859 11247708
1659740860 11340412
1659740861 10054842
1659740862 10110998
1659740863 10610860
1659740864 9729932
1659740865 11883464
1659740866 10665660
1659740867 9544876
1659740868 9707644
1659740869 9997878
1659740870 10214002
1659740871 9594332
1659740872 11103066
1659740873 10412062
1659740874 10892224
1659740875 11467560
1659740876 11837202
1659740877 11488138
1659740878 11040410
1659740879 11098196
1659740880 11585404
1659740881 10780952
1659740882 13168788
1659740883 6577978
1659740884 6665830
1659740885 8081204
1659740886 4882206
1659740887 8209700
1659740888 6249500
1659740889 7364970
1659740890 7652888
1659740891 5790918
1659740892 6214644
1659740893 7660070
1659740894 7677126
1659740895 6387632
1659740896 7094054
1659740897 7894890
1659740898 10052174
1659740899 8766432
1659740900 5818748
1659740901 7096934
1659740902 6114586
1659740903 7372800
1659740904 7377760
1659740905 6942820
1659740906 6302816
1659740907 6895066
1659740908 7732938
1659740909 6035640
1659740910 7161826
1659740911 7260708
1659740912 6350270
1659740913 7112856
1659740914 6506574
1659740915 6603422
1659740916 8318028
1659740917 5198418
1659740918 7604496
1659740919 7223610
1659740920 7161304
1659740921 7396956
1659740922 6649550
1659740923 7032146
1659740924 8590558
1659740925 7264508
1659740926 6643230
1659740927 8072584
1659740928 5441102
1659740929 7211778
1659740930 8781846
1659740931 8196500
1659740932 7894778
1659740933 8123324
1659740934 8031816
1659740935 7628436
1659740936 8177752
1659740937 7233898
1659740938 7133318
1659740939 6605254
1659740940 7588830
1659740941 7424814
1659740942 6358528
1659740943 8176072
1659740944 7466466
1659740945 6281278
1659740946 6081514
1659740947 9952252
1659740948 10207210
1659740949 10771994
1659740950 11165038
1659740951 9159460
1659740952 11113610
1659740953 11418754
1659740954 9721858
1659740955 10866324
1659740956 10671344
1659740957 11148238
1659740958 11020934
1659740959 10284886
1659740960 10454414
1659740961 10322350
1659740962 10609206
1659740963 10476328
1659740964 9721840
1659740965 11106456
1659740966 9354658
1659740967 10409450
1659740968 10125300
1659740969 10376994
1659740970 10896880
1659740971 10875826
1659740972 11271938
1659740973 10902416
1659740974 9987924
1659740975 10417780
1659740976 11295136
1659740977 11903584
1659740978 11310682
1659740979 10376486
1659740980 9650148
1659740981 10805560
1659740982 11340484
1659740983 10350454
1659740984 10414186
1659740985 10175346
1659740986 10456092
1659740987 10484558
1659740988 12372290
1659740989 10212810
1659740990 9423074
1659740991 10927912
1659740992 10973158
1659740993 10693288
1659740994 11297146
1659740995 11544094
1659740996 9620342
1659740997 11452860
1659740998 10251746
1659740999 11010544
1659741000 10606318
1659741001 8481328
1659741002 11964310
1659741003 9454758
1659741004 12591596
1659741005 10933220
1659741006 10727558
1659741007 10223716
1659741008 11127444
1659741009 11613538
1659741010 11932114
1659741011 11491804
1659741012 10009096
1659741013 12113322
1659741014 9728740
1659741015 9507448
1659741016 9143100
1659741017 11490556
1659741018 9504406
1659741019 10387606
1659741020 10481282
1659741021 10469692
1659741022 10584596
1659741023 11037502
1659741024 11706788
1659741025 11685326
1659741026 10058072
1659741027 12421774
1659741028 10607744
1659741029 10950488
1659741030 10039018
1659741031 9449678
1659741032 11438312
1659741033 10792538
1659741034 12155856
1659741035 11039204
1659741036 11036616
1659741037 10655572
1659741038 10096222
1659741039 10025534
1659741040 10582516
1659741041 9943004
1659741042 9694748
1659741043 11753684
1659741044 9823308
1659741045 12116072
1659741046 10548754
1659741047 11953276
1659741048 11625718
1659741049 11659034
1659741050 11552948
1659741051 9063148
1659741052 10268360
1659741053 10327822
1659741054 11394206
1659741055 10179048
1659741056 10365028
1659741057 10706426
1659741058 10310010
1659741059 11790372
1659741060 9995574
1659741061 9915712
1659741062 11774304
1659741063 12815866
1659741064 12411136
1659741065 9347446
1659741066 9744566
1659741067 11099130
1659741068 10891342
1659741069 9479382
1659741070 10655788
1659741071 10399470
1659741072 10314122
1659741073 10434670
1659741074 10749838
1659741075 10031950
1659741076 11933438
1659741077 10392444
1659741078 11669618
1659741079 10529508
1659741080 10797814
1659741081 10046868
1659741082 11617120
1659741083 10900866
1659741084 10604378
1659741085 10098662
1659741086 10164390
1659741087 9497100
1659741088 11859382
1659741089 11662752
1659741090 11441970
1659741091 10834760
1659741092 10456306
1659741093 9938084
1659741094 9919332
1659741095 9351946
1659741096 10204322
1659741097 10373958
1659741098 8936424
1659741099 9810016
1659741100 10903754
1659741101 10195102
1659741102 10098888
1659741103 11558294
1659741104 9809404
1659741105 10412812
1659741106 9416904
1659741107 10171068
1659741108 10909388
1659741109 11958106
1659741110 11102884
1659741111 10524674
1659741112 10287338
1659741113 11299828
1659741114 9707292
1659741115 11206540
1659741116 9257436
1659741117 10640496
1659741118 9114846
1659741119 10473368
1659741120 12008458
1659741121 11146404
1659741122 10463042
1659741123 10162040
1659741124 9955326
1659741125 10349336
1659741126 11066628
1659741127 11149760
1659741128 10696346
1659741129 10001474
1659741130 10506354
1659741131 12176198
1659741132 9034038
1659741133 9878302
1659741134 11147958
1659741135 11363078
1659741136 10095884
1659741137 11258360
1659741138 10325134
1659741139 12425306
1659741140 9358934
1659741141 10316488
1659741142 11731682
1659741143 9827812
1659741144 10877570
1659741145 10510464
1659741146 9621114
1659741147 11286194
1659741148 10964750
1659741149 10889020
1659741150 11865752
1659741151 9809832
1659741152 10489242
1659741153 10306942
1659741154 9854340
1659741155 9840798
1659741156 10566808
1659741157 12761196
1659741158 10740064
1659741159 10076054
1659741160 12136188
1659741161 9185698
1659741162 10264368
1659741163 10576792
1659741164 11212250
1659741165 10081618
1659741166 10746814
1659741167 11102492
1659741168 11395148
1659741169 10379492
1659741170 10375792
1659741171 9532470
1659741172 10477172
1659741173 11505036
1659741174 11599742
1659741175 13707308
1659741176 9814826
1659741177 10308222
1659741178 11953674
1659741179 10727050
1659741180 12077542
1659741181 9586442
1659741182 10570726
1659741183 11041342
1659741184 11151084
1659741185 10662122
1659741186 10185602
1659741187 11878484
1659741188 10269972
1659741189 10393894
1659741190 11065200
1659741191 9893808
1659741192 10182332
1659741193 10902822
1659741194 9508386
1659741195 10245466
1659741196 10920710
1659741197 10627484
1659741198 10027764
1659741199 9625186
1659741200 9600510
1659741201 10206900
1659741202 10067978
1659741203 11122620
1659741204 10175710
1659741205 11610494
1659741206 10151978
1659741207 9890712
1659741208 10585088
1659741209 13159308
1659741210 12359374
1659741211 10009052
1659741212 11187392
1659741213 10817704
1659741214 11232634
1659741215 9400632
1659741216 10151340
1659741217 10742760
1659741218 11673586
1659741219 11437080
1659741220 10250076
1659741221 10624464
1659741222 11132178
1659741223 10114330
1659741224 11522368
1659741225 10582330
1659741226 9477790
1659741227 10230014
1659741228 10773306
1659741229 9307438
1659741230 11591086
1659741231 9075410
1659741232 9965574
1659741233 11382974
1659741234 9974930
1659741235 9690974
1659741236 8849698
1659741237 11732238
1659741238 10807690
1659741239 10336236
1659741240 11068566
1659741241 9095026
1659741242 11087194
1659741243 10713534
1659741244 10892134
1659741245 12216198
1659741246 10405680
1659741247 11266372
1659741248 11717898
1659741249 10012376
1659741250 11927434
1659741251 11421242
1659741252 9896078
1659741253 11540138
1659741254 10096036
1659741255 11804070
1659741256 11580776
1659741257 10298086
1659741258 11285790
1659741259 10734268
1659741260 10297168
1659741261 8717078
1659741262 11356592
1659741263 10755672
1659741264 11245300
1659741265 10845492
1659741266 9116294
1659741267 10407132
1659741268 10474338
1659741269 10448296
1659741270 10184696
1659741271 9941478
1659741272 10946060
1659741273 10966280
1659741274 11062572
1659741275 10077696
1659741276 10069954
1659741277 7369948
1659741278 6725406
1659741279 6374376
1659741280 7560804
1659741281 5965760
1659741282 6619180
1659741283 7680592
1659741284 6130134
1659741285 7683266
1659741286 7479602
1659741287 7514644
1659741288 7445056
1659741289 8234402
1659741290 7080650
1659741291 6420496
1659741292 5914310
1659741293 6629394
1659741294 8402910
1659741295 8247766
1659741296 6189610
1659741297 7916888
1659741298 7481516
1659741299 7948134
1659741300 8471738
1659741301 7439946
1659741302 6514724
1659741303 7116262
1659741304 6746908
1659741305 7490428
1659741306 6200842
1659741307 8307604
1659741308 6483906
1659741309 7284760
1659741310 7738472
1659741311 7671968
1659741312 7220804
1659741313 6654326
1659741314 6937018
1659741315 8315890
1659741316 7454218
1659741317 6852738
1659741318 8410824
1659741319 7627794
1659741320 6582182
1659741321 6613780
1659741322 6284866
1659741323 4564894
1659741324 8461252
1659741325 5651180
1659741326 6954736
1659741327 7638860
1659741328 6839840
1659741329 8549418
1659741330 6201802
1659741331 7560878
1659741332 8111756
1659741333 8758632
1659741334 6968360
1659741335 8082074
1659741336 5878320
1659741337 7721066
1659741338 6816960
1659741339 8845890
1659741340 11422720
1659741341 10679014
1659741342 10835276
1659741343 11217626
1659741344 9247080
1659741345 10856964
1659741346 10252302
1659741347 10191560
1659741348 10549860
1659741349 9181330
1659741350 11069184
1659741351 9985242
1659741352 10810234
1659741353 11569772
1659741354 10052778
1659741355 11467380
1659741356 10379374
1659741357 9667740
1659741358 10922060
1659741359 10939846
1659741360 10456256
1659741361 10340412
1659741362 10567668
1659741363 10307512
1659741364 12702488
1659741365 10630320
1659741366 10776498
1659741367 11636254
1659741368 11583732
1659741369 9633786
1659741370 10374252
1659741371 11743180
1659741372 12032082
1659741373 12688954
1659741374 11990120
1659741375 10995574
1659741376 11163082
1659741377 11462088
1659741378 12004742
1659741379 10156580
1659741380 9381048
1659741381 10386152
1659741382 10933150
1659741383 10470232
1659741384 10157038
1659741385 10805252
1659741386 10956016
1659741387 11313422
1659741388 10371192
1659741389 11917044
1659741390 10625362
1659741391 10070740
1659741392 11237422
1659741393 12347534
1659741394 11192064
1659741395 10099382
1659741396 10541736
1659741397 10224974
1659741398 9984102
1659741399 11086020
1659741400 11277628
1659741401 10109270
1659741402 10941148
1659741403 11147468
1659741404 11127638
1659741405 9790534
1659741406 9056594
1659741407 11260822
1659741408 10690866
1659741409 10228566
1659741410 13061514
1659741411 9672836
1659741412 10064472
1659741413 11848672
1659741414 11711242
1659741415 13053278
1659741416 9202030
1659741417 10942990
1659741418 12283686
1659741419 11603990
1659741420 11040694
1659741421 9175412
1659741422 11305750
1659741423 10513444
1659741424 11376318
1659741425 10528876
1659741426 11494858
1659741427 10735458
1659741428 11186162
1659741429 10574462
1659741430 10842000
1659741431 10633104
1659741432 12180628
1659741433 10457942
1659741434 14564970
1659741435 9516140
1659741436 9625494
1659741437 11333458
1659741438 9943378
1659741439 10873588
1659741440 11923040
1659741441 12761976
1659741442 10893426
1659741443 10505880
1659741444 11499520
1659741445 10328034
1659741446 8850104
1659741447 10818220
1659741448 9780830
1659741449 10300328
1659741450 10507492
1659741451 10348910
1659741452 10572908
1659741453 12372472
1659741454 10490974
1659741455 10358824
1659741456 11064422
1659741457 12021398
1659741458 11249742
1659741459 9862006
1659741460 11701616
1659741461 10540532
1659741462 10686676
1659741463 9812566
1659741464 11760352
1659741465 9364228
1659741466 10391146
1659741467 9803390
1659741468 10778364
1659741469 9782904
1659741470 10965602
1659741471 12053404
1659741472 9657688
1659741473 11339846
1659741474 9743676
1659741475 9346250
1659741476 10984556
1659741477 9181992
1659741478 10303412
1659741479 11223116
1659741480 10108482
1659741481 10214568
1659741482 12158652
1659741483 11527588
1659741484 10787838
1659741485 10933308
1659741486 10232424
1659741487 11243376
1659741488 11298226
1659741489 11045242
1659741490 10351124
1659741491 10219962
1659741492 11417374
1659741493 10286336
1659741494 10359762
1659741495 10774682
1659741496 11688582
1659741497 9759652
1659741498 9520052
1659741499 10309188
1659741500 9568022
1659741501 9576990
1659741502 10083684
1659741503 10007374
1659741504 11369778
1659741505 10814930
1659741506 9716130
1659741507 9750898
1659741508 10703462
1659741509 11157656
1659741510 10387746
1659741511 11246480
1659741512 11186902
1659741513 10706660
1659741514 9619616
1659741515 9907052
1659741516 9974184
1659741517 9989892
1659741518 9617050
1659741519 9504444
1659741520 9244382
1659741521 10212670
1659741522 13559684
1659741523 9543652
1659741524 10123806
1659741525 9042778
1659741526 9948112
1659741527 10308394
1659741528 11306896
1659741529 10816414
1659741530 9955212
1659741531 11088092
1659741532 9220364
1659741533 11369996
1659741534 11349824
1659741535 9903260
1659741536 11333008
1659741537 10211496
1659741538 10741564
1659741539 10629742
1659741540 11055640
1659741541 10380756
1659741542 11846406
1659741543 10095526
1659741544 10103404
1659741545 9311144
1659741546 9665936
1659741547 10755138
1659741548 10197814
1659741549 10099116
1659741550 10729554
1659741551 10255226
1659741552 12267490
1659741553 12719754
1659741554 11287940
1659741555 10035658
1659741556 11807186
1659741557 9541956
1659741558 11884544
1659741559 10881104
1659741560 8858250
1659741561 10613976
1659741562 10549980
1659741563 12126138
1659741564 10519842
1659741565 9251734
1659741566 9713008
1659741567 11364580
1659741568 11175620
1659741569 12070598
1659741570 10180552
1659741571 11940128
1659741572 11020066
1659741573 10705132
1659741574 10028318
1659741575 10096684
1659741576 10834758
1659741577 11038834
1659741578 10800556
1659741579 10195288
1659741580 9826686
1659741581 11601806
1659741582 10965496
1659741583 10851810
1659741584 10498602
1659741585 8864970
1659741586 11079614
1659741587 10669900
1659741588 11974396
1659741589 10978268
1659741590 11292626
1659741591 11844726
1659741592 10349310
1659741593 11121594
1659741594 10317462
1659741595 11000072
1659741596 9696398
1659741597 9539940
1659741598 10673338
1659741599 9625744
1659741600 9622230
1659741601 10890666
1659741602 12219568
1659741603 9723090
1659741604 10789134
1659741605 9990380
1659741606 11981484
1659741607 11651100
1659741608 10868800
1659741609 10452872
1659741610 11232876
1659741611 10488608
1659741612 10333906
1659741613 9852438
1659741614 10027240
1659741615 11138228
1659741616 11190016
1659741617 10276550
1659741618 10214490
1659741619 12854982
1659741620 9734984
1659741621 10252338
1659741622 11290062
1659741623 10286092
1659741624 11021956
1659741625 11017222
1659741626 11431972
1659741627 7493908
1659741628 7435780
1659741629 7601906
1659741630 7258438
1659741631 6379210
1659741632 5643590
1659741633 7495260
1659741634 7645952
1659741635 5826958
1659741636 6929108
1659741637 8642404
1659741638 6802262
1659741639 6616982
1659741640 7236020
1659741641 7228922
1659741642 9072334
1659741643 7998830
1659741644 7803956
1659741645 8328032
1659741646 7416502
1659741647 6280868
1659741648 7132904
1659741649 7957240
1659741650 6970120
1659741651 8401962
1659741652 6569318
1659741653 5348220
1659741654 7322908
1659741655 8305280
1659741656 5667212
1659741657 5623224
1659741658 6236166
1659741659 9099392
1659741660 5765482
1659741661 8925458
1659741662 7590234
1659741663 8313000
1659741664 6443570
1659741665 6649974
1659741666 6189968
1659741667 6629560
1659741668 8370192
1659741669 3912152
1659741670 1016
