# events called
1662478645 2002976
1662478646 1945312
1662478647 5281768
1662478648 14577438
1662478649 14598108
1662478650 15094294
1662478651 16554656
1662478652 17039288
1662478653 17071830
1662478654 16412722
1662478655 16935196
1662478656 14926496
1662478657 16393112
1662478658 15234638
1662478659 17033564
1662478660 16924278
1662478661 14506206
1662478662 16650904
1662478663 16490208
1662478664 16794322
1662478665 14581996
1662478666 16124402
1662478667 16633308
1662478668 16398836
1662478669 14278412
1662478670 16229554
1662478671 16296864
1662478672 16751816
1662478673 16848488
1662478674 15354948
1662478675 14075952
1662478676 16055502
1662478677 16686944
1662478678 16777362
1662478679 16668182
1662478680 16239094
1662478681 12669544
1662478682 16738990
1662478683 16689170
1662478684 16745986
1662478685 16180582
1662478686 15680368
1662478687 16546600
1662478688 15657154
1662478689 12902744
1662478690 16463496
1662478691 15281384
1662478692 16936574
1662478693 16579778
1662478694 15911660
1662478695 16871702
1662478696 15861098
1662478697 15940916
1662478698 12555806
1662478699 15595144
1662478700 15816154
1662478701 15838520
1662478702 16424806
1662478703 16681962
1662478704 16489360
1662478705 16418764
1662478706 16024974
1662478707 16737400
1662478708 16203478
1662478709 12604778
1662478710 14288270
1662478711 15681640
1662478712 16605960
1662478713 16747258
1662478714 17113488
1662478715 16807148
1662478716 15524654
1662478717 16915056
1662478718 16489360
1662478719 16639138
1662478720 16425654
1662478721 14663828
1662478722 11679398
1662478723 13562170
1662478724 16984592
1662478725 16339370
1662478726 15465082
1662478727 16828878
1662478728 16751286
1662478729 16497734
1662478730 16555928
1662478731 15544158
1662478732 16639668
1662478733 16183232
1662478734 16317746
1662478735 16081260
1662478736 16057304
1662478737 14363530
1662478738 10981388
1662478739 11993794
1662478740 16401062
1662478741 15509814
1662478742 16717154
1662478743 17177300
1662478744 16496038
1662478745 16799516
1662478746 15674008
1662478747 16660762
1662478748 16531654
1662478749 16285310
1662478750 16801742
1662478751 15630336
1662478752 16417280
1662478753 16842764
1662478754 16825274
1662478755 17202952
1662478756 11772996
1662478757 12671876
1662478758 12972280
1662478759 15499002
1662478760 16523174
1662478761 15015324
1662478762 16505154
1662478763 15997626
1662478764 16530276
1662478765 15959572
1662478766 15599278
1662478767 16652176
1662478768 16145390
1662478769 16413358
1662478770 16630022
1662478771 15202308
1662478772 15974306
1662478773 14633088
1662478774 16257538
1662478775 16286052
1662478776 16337462
1662478777 16299726
1662478778 15257322
1662478779 13034290
1662478780 12759326
1662478781 14055282
1662478782 12704524
1662478783 14704956
1662478784 16305662
1662478785 16259976
1662478786 16324318
1662478787 16279904
1662478788 15411022
1662478789 16018084
1662478790 16418764
1662478791 16055290
1662478792 16664896
1662478793 15544158
1662478794 16392158
1662478795 16023702
1662478796 16264004
1662478797 16193302
1662478798 15546596
1662478799 15981408
1662478800 16609882
1662478801 16755950
1662478802 16041934
1662478803 14882082
1662478804 16953958
1662478805 16246408
1662478806 16548720
1662478807 13044042
1662478808 11212680
1662478809 12668060
1662478810 12645800
1662478811 12076474
1662478812 15755840
1662478813 14888548
1662478814 16010876
1662478815 15826330
1662478816 15911872
1662478817 15925546
1662478818 15533982
1662478819 16033136
1662478820 16106170
1662478821 15900530
1662478822 15988828
1662478823 15116236
1662478824 15768454
1662478825 16114438
1662478826 16254040
1662478827 15989570
1662478828 14824524
1662478829 16009710
1662478830 15804388
1662478831 16567482
1662478832 16534940
1662478833 15581576
1662478834 16305980
1662478835 16052534
1662478836 16120798
1662478837 15890354
1662478838 14798660
1662478839 15689590
1662478840 16184398
1662478841 12614636
1662478842 12821230
1662478843 10711512
1662478844 11752008
1662478845 11906768
1662478846 12555594
1662478847 15847000
1662478848 14538748
1662478849 16233900
1662478850 15656094
1662478851 15757006
1662478852 15473668
1662478853 14756154
1662478854 16015222
1662478855 15444306
1662478856 15598536
1662478857 15587512
1662478858 14590688
1662478859 15252234
1662478860 15556348
1662478861 15365866
1662478862 15604366
1662478863 14639766
1662478864 16115392
1662478865 15425120
1662478866 15320074
1662478867 16373290
1662478868 14564930
1662478869 16063240
1662478870 15508966
1662478871 15990206
1662478872 15801420
1662478873 15128850
1662478874 15481088
1662478875 15229974
1662478876 16150902
1662478877 16288278
1662478878 15041506
1662478879 15368940
1662478880 15759126
1662478881 16238246
1662478882 13878156
1662478883 10355564
1662478884 11630532
1662478885 10959234
1662478886 12619936
1662478887 11281792
1662478888 10101588
1662478889 13931368
1662478890 13676120
1662478891 14071818
1662478892 14563234
1662478893 12588454
1662478894 14283712
1662478895 13862468
1662478896 13982884
1662478897 14051996
1662478898 12909634
1662478899 13820068
1662478900 14347100
1662478901 13879216
1662478902 15111678
1662478903 12929668
1662478904 14084856
1662478905 14444620
1662478906 14174638
1662478907 13940590
1662478908 13300244
1662478909 13936032
1662478910 13524010
1662478911 14058038
1662478912 13598422
1662478913 12776922
1662478914 13903808
1662478915 13663930
1662478916 13787208
1662478917 13777032
1662478918 13312752
1662478919 13747776
1662478920 13744172
1662478921 14547440
1662478922 13893738
1662478923 12930516
1662478924 14060900
1662478925 12366490
1662478926 11009796
1662478927 10552300
1662478928 8156700
1662478929 11228580
1662478930 10796312
1662478931 10422556
1662478932 10811258
1662478933 11378782
1662478934 15526350
1662478935 13973026
1662478936 13905822
1662478937 13767386
1662478938 12617180
1662478939 13797278
1662478940 14405930
1662478941 13884728
1662478942 13770672
1662478943 13407516
1662478944 15097474
1662478945 14065882
1662478946 13837770
1662478947 14231666
1662478948 12383026
1662478949 13304272
1662478950 13809680
1662478951 13885470
1662478952 13755090
1662478953 12027714
1662478954 13658736
1662478955 13942922
1662478956 13929460
1662478957 13949812
1662478958 12339142
1662478959 13624604
1662478960 14049982
1662478961 13916316
1662478962 13985958
1662478963 12661700
1662478964 13653966
1662478965 13614110
1662478966 13007790
1662478967 14669764
1662478968 10515624
1662478969 10004704
1662478970 11372528
1662478971 10548484
1662478972 11121202
1662478973 9995058
1662478974 12132972
1662478975 11128092
1662478976 9111548
1662478977 9084094
1662478978 8898594
1662478979 8532258
1662478980 8770652
1662478981 8266304
1662478982 8680870
1662478983 8416506
1662478984 9162958
1662478985 9049644
1662478986 9210446
1662478987 9526644
1662478988 9109958
1662478989 9783906
1662478990 8649176
1662478991 8681294
1662478992 9139532
1662478993 9415556
1662478994 10267478
1662478995 8916402
1662478996 9233130
1662478997 9174724
1662478998 8784114
1662478999 10028872
1662479000 10152150
1662479001 10233346
1662479002 9547632
1662479003 9129250
1662479004 9993256
1662479005 10193278
1662479006 10517214
1662479007 10425948
1662479008 9044662
1662479009 10245536
1662479010 10497816
1662479011 10022830
1662479012 10079540
1662479013 8880786
1662479014 10049224
1662479015 10283802
1662479016 10158086
1662479017 10140066
1662479018 8680340
1662479019 9894358
1662479020 9996648
1662479021 9848884
1662479022 9306270
1662479023 7855766
1662479024 7029178
1662479025 6939502
1662479026 7033418
1662479027 6856398
1662479028 6001190
1662479029 7002148
1662479030 6963352
1662479031 6005960
1662479032 5865934
1662479033 5887346
1662479034 6249972
1662479035 6721142
1662479036 6543380
1662479037 6415014
1662479038 6083764
1662479039 6826400
1662479040 6793116
1662479041 6839862
1662479042 5830424
1662479043 4799362
1662479044 6485080
1662479045 6860744
1662479046 6468650
1662479047 5822792
1662479048 5196438
1662479049 6715630
1662479050 7329794
1662479051 6815270
1662479052 6591398
1662479053 6660510
1662479054 7365198
1662479055 6658496
1662479056 5961546
1662479057 5859786
1662479058 4961118
1662479059 6166974
1662479060 5946388
1662479061 5633900
1662479062 5584822
1662479063 4859994
1662479064 5959002
1662479065 5772230
1662479066 5756224
1662479067 5719548
1662479068 4729402
1662479069 5903458
1662479070 5707040
1662479071 5023870
1662479072 4846002
1662479073 3651594
1662479074 5054504
1662479075 4193996
1662479076 3369740
1662479077 2836454
1662479078 3295116
1662479079 4911616
1662479080 4731310
1662479081 5123298
1662479082 5185838
1662479083 4152126
1662479084 4745302
1662479085 4749966
1662479086 4622978
1662479087 2993970
1662479088 2326700
1662479089 3832006
1662479090 2924222
1662479091 2823734
1662479092 2850870
1662479093 2604314
1662479094 2955704
1662479095 2930264
1662479096 2738828
1662479097 2780274
1662479098 2452734
1662479099 4867414
1662479100 2575906
1662479101 2764798
1662479102 2738510
1662479103 2406412
1662479104 2980508
1662479105 2848326
1662479106 2819070
1662479107 2613748
1662479108 2557674
1662479109 2809106
1662479110 2851824
1662479111 2747414
1662479112 2650424
1662479113 2396554
1662479114 3010294
1662479115 2484958
1662479116 2728652
1662479117 2707240
1662479118 2360514
1662479119 2822462
1662479120 2768720
1662479121 2686782
1662479122 2763738
1662479123 2352458
1662479124 2811332
1662479125 2654134
1662479126 2711268
1662479127 2685616
1662479128 2434926
1662479129 2845782
1662479130 2903764
1662479131 2939592
1662479132 2815572
1662479133 2424114
1662479134 2701940
1662479135 2789284
1662479136 2660706
1662479137 2928886
1662479138 2449130
1662479139 2888818
1662479140 2687418
1662479141 2694414
1662479142 2656148
1662479143 2316842
1662479144 2922102
1662479145 2709996
1662479146 2617034
1662479147 2621698
1662479148 2465772
1662479149 2965350
1662479150 2696640
1662479151 2684662
1662479152 2585870
1662479153 2407896
1662479154 2755894
1662479155 2779002
1662479156 2850446
1662479157 2824582
1662479158 2238296
1662479159 2850340
1662479160 2659010
1662479161 2860304
1662479162 2597636
1662479163 2302214
1662479164 2841648
1662479165 2629542
1662479166 2614808
1662479167 2518454
1662479168 2155722
1662479169 2777730
1662479170 2782924
1662479171 2760664
1662479172 2676712
1662479173 2405140
1662479174 3034674
1662479175 2560218
1662479176 2613536
1662479177 2743068
1662479178 2321930
1662479179 2858714
1662479180 2969696
1662479181 2900902
1662479182 2932914
1662479183 2517394
1662479184 2679256
1662479185 3052270
1662479186 2714872
1662479187 2769356
1662479188 2531386
1662479189 2806138
1662479190 2730560
1662479191 2791828
1662479192 2850658
1662479193 2235328
1662479194 2874402
1662479195 2907050
1662479196 3019834
1662479197 2705438
1662479198 2447116
1662479199 3002980
1662479200 2894118
1662479201 2936518
1662479202 2977328
1662479203 2851718
1662479204 3205652
1662479205 3189116
1662479206 3091066
1662479207 3121806
1662479208 2938108
1662479209 3326174
1662479210 2860516
1662479211 3217842
1662479212 2855852
1662479213 2508278
1662479214 2939592
1662479215 2917756
1662479216 2850340
1662479217 2964502
1662479218 2339950
1662479219 2854050
1662479220 2695898
1662479221 3002026
1662479222 3107814
1662479223 2434396
1662479224 3315150
1662479225 3366984
1662479226 3141522
1662479227 2871116
1662479228 2801580
1662479229 3144596
1662479230 2675864
1662479231 2996090
1662479232 2926660
1662479233 2547816
1662479234 3034780
1662479235 2828080
1662479236 2928568
1662479237 3204168
1662479238 2366768
1662479239 3137600
1662479240 2929734
1662479241 2734482
1662479242 2900054
1662479243 2449766
1662479244 3180636
1662479245 3072516
1662479246 2715296
1662479247 3186996
1662479248 2554494
1662479249 2865180
1662479250 2868890
1662479251 3014110
1662479252 3041776
1662479253 2732892
1662479254 3018774
1662479255 2979130
1662479256 3144066
1662479257 2785786
1662479258 2735542
1662479259 3015488
1662479260 3093504
1662479261 2818964
1662479262 3106542
1662479263 2525556
1662479264 3146080
1662479265 2856806
1662479266 2703742
1662479267 2927084
1662479268 2638552
1662479269 2979236
1662479270 2862424
1662479271 3009764
1662479272 3622656
1662479273 2760982
1662479274 3586934
1662479275 3214026
1662479276 3361260
1662479277 3389244
1662479278 3073894
1662479279 3604106
1662479280 2996620
1662479281 3125092
1662479282 2975738
1662479283 2652968
1662479284 3248794
1662479285 3152228
1662479286 3558844
1662479287 3221552
1662479288 3507010
1662479289 3251444
1662479290 3589584
1662479291 3731730
1662479292 3532238
1662479293 3492382
1662479294 3557996
1662479295 3443198
1662479296 3578348
1662479297 3506268
1662479298 3230880
1662479299 3622444
1662479300 3689754
1662479301 3629334
1662479302 3394332
1662479303 3549516
1662479304 3473302
1662479305 3438004
1662479306 3625624
1662479307 3725370
1662479308 3194204
1662479309 3256956
1662479310 3640358
1662479311 3398572
1662479312 3561918
1662479313 3658590
1662479314 3174594
1662479315 3743390
1662479316 3454646
1662479317 3865502
1662479318 3418182
1662479319 3189116
1662479320 3733002
1662479321 3380976
1662479322 3827872
1662479323 3581634
1662479324 3113432
1662479325 3556724
1662479326 3684772
1662479327 3633256
1662479328 3602516
1662479329 3309002
1662479330 3508918
1662479331 3805930
1662479332 3269676
1662479333 3670250
1662479334 3416804
1662479335 3630500
1662479336 3670992
1662479337 3634210
1662479338 3669932
1662479339 2951570
1662479340 3624776
1662479341 3450512
1662479342 3827660
1662479343 3184664
1662479344 3877162
1662479345 3644386
1662479346 3759714
1662479347 3829568
1662479348 3818650
1662479349 3990052
1662479350 3511780
1662479351 3383308
1662479352 4076124
1662479353 4150854
1662479354 5068390
1662479355 4642482
1662479356 4021640
1662479357 4183290
1662479358 3991536
1662479359 3659544
1662479360 4144706
1662479361 3128272
1662479362 4240318
1662479363 4235760
1662479364 3620536
1662479365 4048882
1662479366 4307628
1662479367 3703216
1662479368 3847376
1662479369 4201098
1662479370 3408218
1662479371 3811230
1662479372 4258126
1662479373 4377482
1662479374 4051320
1662479375 4091706
1662479376 4057362
1662479377 4540404
1662479378 4171842
1662479379 4071672
1662479380 4318546
1662479381 4083120
1662479382 4525458
1662479383 4636122
1662479384 3782398
1662479385 4315790
1662479386 4565738
1662479387 4246042
1662479388 4452848
1662479389 3395816
1662479390 4717424
1662479391 4161242
1662479392 4440128
1662479393 4369956
1662479394 3470228
1662479395 4314306
1662479396 4690712
1662479397 4060648
1662479398 4367624
1662479399 3436838
1662479400 4519946
1662479401 4397834
1662479402 4373772
1662479403 4410130
1662479404 3141416
1662479405 4930696
1662479406 4050472
1662479407 4791094
1662479408 4335930
1662479409 3691768
1662479410 4289608
1662479411 4721240
1662479412 4345894
1662479413 4571674
1662479414 3537008
1662479415 4813884
1662479416 4369002
1662479417 4569554
1662479418 4768304
1662479419 4037010
1662479420 4629020
1662479421 4489524
1662479422 4783462
1662479423 4565420
1662479424 4238834
1662479425 4661456
1662479426 4805828
1662479427 4956136
1662479428 4693998
1662479429 4290350
1662479430 4858192
1662479431 4733218
1662479432 4692514
1662479433 4822682
1662479434 4139830
1662479435 4706506
1662479436 5053338
1662479437 4545598
1662479438 4745726
1662479439 4124884
1662479440 4892536
1662479441 5040300
1662479442 4638030
1662479443 4853316
1662479444 3881508
1662479445 4726858
1662479446 4821940
1662479447 4842398
1662479448 5055034
1662479449 4296816
1662479450 4867414
1662479451 4795970
1662479452 4652446
1662479453 4880028
1662479454 4062450
1662479455 4824696
1662479456 4728130
1662479457 4792154
1662479458 4904514
1662479459 3934614
1662479460 4837522
1662479461 4677462
1662479462 4780706
1662479463 4735550
1662479464 4019414
1662479465 4787702
1662479466 4621176
1662479467 4644178
1662479468 4830526
1662479469 4277100
1662479470 4617572
1662479471 4645026
1662479472 4647358
1662479473 4832752
1662479474 4012948
1662479475 4358190
1662479476 5029488
1662479477 4771060
1662479478 4800104
1662479479 4090434
1662479480 4833494
1662479481 4862962
1662479482 4991116
1662479483 5181280
1662479484 4198024
1662479485 5173224
1662479486 4919990
1662479487 5095526
1662479488 5289718
1662479489 4412038
1662479490 5544754
1662479491 5100084
1662479492 5316218
1662479493 5485182
1662479494 4409070
1662479495 5700680
1662479496 5869856
1662479497 5741808
1662479498 6228984
1662479499 4896246
1662479500 6019316
1662479501 5903564
1662479502 5860952
1662479503 5475324
1662479504 4832964
1662479505 5778590
1662479506 6376006
1662479507 6386818
1662479508 5434832
1662479509 5331058
1662479510 6319720
1662479511 5911938
1662479512 5934092
1662479513 5925082
1662479514 5377804
1662479515 5938332
1662479516 6040940
1662479517 5940452
1662479518 5906850
1662479519 5237142
1662479520 6330744
1662479521 6040728
1662479522 5901338
1662479523 6475752
1662479524 4861584
1662479525 5644076
1662479526 6351414
1662479527 6072634
1662479528 6750398
1662479529 4948610
1662479530 5538924
1662479531 6305092
1662479532 6086520
1662479533 5709584
1662479534 5334450
1662479535 5777424
1662479536 6583024
1662479537 6024086
1662479538 5885332
1662479539 5470872
1662479540 6199728
1662479541 6263222
1662479542 6729728
1662479543 6312088
1662479544 4728236
1662479545 5677572
1662479546 5833180
1662479547 6123408
1662479548 5901338
1662479549 5182552
1662479550 6217430
1662479551 5914694
1662479552 6322688
1662479553 6561612
1662479554 5345686
1662479555 6279652
1662479556 7081648
1662479557 5982852
1662479558 6567654
1662479559 5173542
1662479560 5938438
1662479561 6170260
1662479562 5380878
1662479563 6266932
1662479564 4997476
1662479565 5821944
1662479566 5348866
1662479567 6138566
1662479568 5736190
1662479569 5107928
1662479570 5712340
1662479571 5643652
1662479572 5702694
1662479573 5368688
1662479574 4503728
1662479575 5656054
1662479576 5991438
1662479577 5899006
1662479578 6397630
1662479579 5494616
1662479580 6879082
1662479581 6492924
1662479582 6598712
1662479583 6181284
1662479584 5523766
1662479585 6538186
1662479586 6832866
1662479587 6181284
1662479588 6705242
1662479589 6153830
1662479590 6248488
1662479591 5894130
1662479592 5810284
1662479593 5848232
1662479594 4817064
1662479595 5567968
1662479596 5903458
1662479597 6055568
1662479598 5703224
1662479599 4626158
1662479600 5534472
1662479601 5779756
1662479602 5297668
1662479603 5849292
1662479604 4994084
1662479605 6181178
1662479606 5595422
1662479607 5481896
1662479608 5632628
1662479609 4393594
1662479610 5758344
1662479611 5401124
1662479612 5688490
1662479613 5967482
1662479614 4680854
1662479615 5608778
1662479616 5817068
1662479617 5668456
1662479618 5653192
1662479619 4851620
1662479620 5811980
1662479621 5742762
1662479622 5951900
1662479623 5966422
1662479624 4935042
1662479625 5675558
1662479626 5811450
1662479627 5506806
1662479628 5459000
1662479629 5011574
1662479630 5498432
1662479631 5507442
1662479632 5581430
1662479633 5541362
1662479634 5142802
1662479635 5848444
1662479636 5553234
1662479637 5638246
1662479638 5809542
1662479639 4641528
1662479640 5613548
1662479641 5622558
1662479642 5560442
1662479643 5680328
1662479644 4964298
1662479645 5842296
1662479646 5818764
1662479647 5550160
1662479648 5490164
1662479649 4735550
1662479650 5582278
1662479651 5425186
1662479652 5632628
1662479653 5382574
1662479654 4804556
1662479655 5525780
1662479656 5568392
1662479657 5744776
1662479658 5686582
1662479659 4585666
1662479660 6136128
1662479661 5689550
1662479662 5955398
1662479663 5589486
1662479664 4449774
1662479665 6057476
1662479666 5820354
1662479667 5599344
1662479668 5930594
1662479669 4530016
1662479670 5951370
1662479671 5966952
1662479672 5447976
1662479673 5745836
1662479674 5021114
1662479675 5828516
1662479676 5782724
1662479677 5995466
1662479678 5733752
1662479679 4777314
1662479680 5511682
1662479681 5610792
1662479682 6046346
1662479683 5551008
1662479684 4743606
1662479685 5983382
1662479686 5501824
1662479687 5399110
1662479688 5959956
1662479689 4466840
1662479690 5801910
1662479691 5299364
1662479692 5148632
1662479693 5898582
1662479694 4715092
1662479695 5708100
1662479696 5961122
1662479697 6157858
1662479698 6067228
1662479699 5426882
1662479700 6831594
1662479701 6098392
1662479702 6072422
1662479703 6379822
1662479704 5333178
1662479705 6096484
1662479706 6735558
1662479707 6410562
1662479708 6579420
1662479709 5413950
1662479710 6898162
1662479711 5852790
1662479712 6080160
1662479713 6445966
1662479714 5197816
1662479715 6146410
1662479716 5641850
1662479717 5359466
1662479718 5576766
1662479719 4888508
1662479720 5831272
1662479721 5656690
1662479722 5696758
1662479723 5532564
1662479724 4308688
1662479725 5863708
1662479726 5775940
1662479727 5090014
1662479728 5481790
1662479729 5219546
1662479730 5955822
1662479731 5505640
1662479732 5377274
1662479733 5659976
1662479734 4766184
1662479735 5907062
1662479736 6341344
1662479737 5842084
1662479738 6419996
1662479739 5192728
1662479740 6688706
1662479741 6448828
1662479742 6461124
1662479743 6187008
1662479744 5146618
1662479745 6627650
1662479746 6205982
1662479747 6297672
1662479748 6772128
1662479749 5728876
1662479750 6268734
1662479751 6640900
1662479752 6054826
1662479753 5526840
1662479754 5055988
1662479755 5885438
1662479756 5660188
1662479757 5474264
1662479758 5639306
1662479759 4918506
1662479760 5742868
1662479761 6238100
1662479762 5655100
1662479763 5494086
1662479764 4712230
1662479765 5952854
1662479766 5748804
1662479767 5417660
1662479768 5479246
1662479769 5154250
1662479770 5658386
1662479771 5532034
1662479772 5647680
1662479773 6229302
1662479774 4251448
1662479775 5921160
1662479776 5786858
1662479777 5369430
1662479778 5714566
1662479779 4843564
1662479780 6055674
1662479781 5672802
1662479782 5159868
1662479783 5480730
1662479784 4795652
1662479785 5576872
1662479786 5506594
1662479787 5615138
1662479788 5590122
1662479789 4890628
1662479790 5635596
1662479791 6096908
1662479792 5454018
1662479793 5766400
1662479794 4802012
1662479795 6107084
1662479796 5568180
1662479797 5433878
1662479798 5675240
1662479799 4599446
1662479800 5841342
1662479801 5636868
1662479802 5214246
1662479803 5780074
1662479804 4706930
1662479805 5852790
1662479806 5649270
1662479807 5566590
1662479808 5372292
1662479809 5147996
1662479810 5816962
1662479811 5558110
1662479812 5636444
1662479813 5951900
1662479814 4544008
1662479815 5881834
1662479816 6228454
1662479817 5756012
1662479818 5549100
1662479819 4966206
1662479820 5400700
1662479821 5767884
1662479822 5996102
1662479823 5653722
1662479824 4968008
1662479825 5811450
1662479826 6092986
1662479827 5913316
1662479828 5714566
1662479829 5436952
1662479830 6697610
1662479831 6113762
1662479832 5915118
1662479833 6143442
1662479834 4959634
1662479835 6142806
1662479836 6392012
1662479837 6760044
1662479838 6328942
1662479839 5335298
1662479840 6800642
1662479841 6538080
1662479842 6887880
1662479843 6655210
1662479844 5664534
1662479845 6919150
1662479846 6394980
1662479847 6081962
1662479848 1590


# events submitted
1662478645 2002976
1662478646 1945312
1662478647 5262052
1662478648 14521894
1662478649 14546698
1662478650 15040022
1662478651 16531760
1662478652 17017664
1662478653 17052644
1662478654 16391840
1662478655 16913148
1662478656 14920136
1662478657 16378484
1662478658 15222978
1662478659 17021904
1662478660 16905198
1662478661 14489246
1662478662 16623874
1662478663 16477806
1662478664 16782026
1662478665 14568004
1662478666 16104156
1662478667 16610412
1662478668 16385586
1662478669 14271204
1662478670 16210368
1662478671 16285098
1662478672 16740050
1662478673 16831528
1662478674 15350178
1662478675 14069910
1662478676 16051050
1662478677 16662352
1662478678 16752240
1662478679 16648890
1662478680 16226798
1662478681 12658308
1662478682 16727966
1662478683 16676874
1662478684 16748742
1662478685 16148358
1662478686 15662030
1662478687 16542360
1662478688 15663514
1662478689 12902532
1662478690 16456818
1662478691 15270042
1662478692 16892584
1662478693 16545010
1662478694 15909328
1662478695 16853470
1662478696 15837778
1662478697 15921624
1662478698 12560576
1662478699 15572248
1662478700 15791244
1662478701 15813292
1662478702 16409966
1662478703 16669242
1662478704 16479608
1662478705 16411026
1662478706 16009074
1662478707 16723302
1662478708 16189486
1662478709 12598100
1662478710 14289648
1662478711 15674114
1662478712 16585396
1662478713 16725740
1662478714 17101722
1662478715 16792838
1662478716 15502288
1662478717 16901594
1662478718 16476110
1662478719 16634368
1662478720 16405938
1662478721 14649412
1662478722 11675476
1662478723 13550722
1662478724 16958622
1662478725 16323470
1662478726 15450560
1662478727 16810222
1662478728 16733478
1662478729 16483530
1662478730 16550098
1662478731 15525820
1662478732 16629492
1662478733 16168286
1662478734 16310432
1662478735 16068222
1662478736 16043100
1662478737 14359290
1662478738 10980010
1662478739 11998670
1662478740 16387176
1662478741 15500168
1662478742 16702632
1662478743 16474308
1662478744 10851856
1662478745 11478952
1662478746 10303518
1662478747 13576904
1662478748 12238336
1662478749 11924894
1662478750 13409954
1662478751 12249466
1662478752 12632868
1662478753 11945458
1662478754 11442594
1662478755 11068944
1662478756 3283244
1662478757 5300212
1662478758 7385550
1662478759 6420314
1662478760 7988160
1662478761 6715206
1662478762 9025794
1662478763 11233350
1662478764 12750210
1662478765 13654602
1662478766 10658406
1662478767 12778830
1662478768 15596098
1662478769 14041926
1662478770 11285396
1662478771 10587386
1662478772 14378476
1662478773 9702710
1662478774 11329386
1662478775 12243212
1662478776 12304480
1662478777 9391812
1662478778 9025794
1662478779 7054194
1662478780 5789190
1662478781 6453916
1662478782 3961750
1662478783 5741172
1662478784 7938128
1662478785 8460072
1662478786 8689244
1662478787 6505432
1662478788 6093092
1662478789 8987846
1662478790 9923084
1662478791 6163264
1662478792 8631156
1662478793 6589914
1662478794 9599148
1662478795 6376430
1662478796 6847600
1662478797 6008398
1662478798 5798942
1662478799 8891810
1662478800 6469816
1662478801 9742566
1662478802 7971836
1662478803 6882474
1662478804 10526754
1662478805 9656282
1662478806 11487750
1662478807 7380462
1662478808 9584202
1662478809 8591194
1662478810 7840290
1662478811 7824390
1662478812 10400508
1662478813 12673572
1662478814 12996978
1662478815 12070008
1662478816 12228160
1662478817 11149292
1662478818 11021986
1662478819 13049024
1662478820 11620250
1662478821 12786886
1662478822 11139222
1662478823 10191052
1662478824 8244998
1662478825 7121928
1662478826 10152150
1662478827 6764178
1662478828 7827782
1662478829 7191464
1662478830 7797996
1662478831 5768838
1662478832 5440238
1662478833 5618424
1662478834 7047940
1662478835 9283798
1662478836 7869652
1662478837 9379092
1662478838 7956360
1662478839 8132002
1662478840 8455302
1662478841 8146842
1662478842 5383422
1662478843 5324698
1662478844 2555554
1662478845 4153398
1662478846 4234488
1662478847 6432292
1662478848 7304990
1662478849 10889698
1662478850 10379308
1662478851 14478964
1662478852 12194664
1662478853 10104768
1662478854 13366494
1662478855 12037466
1662478856 10092578
1662478857 10061096
1662478858 9635188
1662478859 11068838
1662478860 11613572
1662478861 10138158
1662478862 11096504
1662478863 11163072
1662478864 12660640
1662478865 9803940
1662478866 12133396
1662478867 7266088
1662478868 6827566
1662478869 8727404
1662478870 8706204
1662478871 5726862
1662478872 5813676
1662478873 6252516
1662478874 6727502
1662478875 8674192
1662478876 8535226
1662478877 7833082
1662478878 6659874
1662478879 6015182
1662478880 6263646
1662478881 6529812
1662478882 5207780
1662478883 4687744
1662478884 3944896
1662478885 4076336
1662478886 6981478
1662478887 7952438
1662478888 6907702
1662478889 7006918
1662478890 7535328
1662478891 5976174
1662478892 6792798
1662478893 9697304
1662478894 10721370
1662478895 11341046
1662478896 11667102
1662478897 10804580
1662478898 9024204
1662478899 10461458
1662478900 10485414
1662478901 11783384
1662478902 11300342
1662478903 11049228
1662478904 9591834
1662478905 9818886
1662478906 9463044
1662478907 10926586
1662478908 9581976
1662478909 9746806
1662478910 10393300
1662478911 10067244
1662478912 9570316
1662478913 9472584
1662478914 9004700
1662478915 11100320
1662478916 11208440
1662478917 10928812
1662478918 9062046
1662478919 10138158
1662478920 10916622
1662478921 9242670
1662478922 9492088
1662478923 10128830
1662478924 7534268
1662478925 7174716
1662478926 6289828
1662478927 5951794
1662478928 4520158
1662478929 7668888
1662478930 9340084
1662478931 9104128
1662478932 5885014
1662478933 6974906
1662478934 10633284
1662478935 10470468
1662478936 10044136
1662478937 9619182
1662478938 10419588
1662478939 10615476
1662478940 10269598
1662478941 11731232
1662478942 10282742
1662478943 9720942
1662478944 12649404
1662478945 11540750
1662478946 9723380
1662478947 12729328
1662478948 10060778
1662478949 10470468
1662478950 9862240
1662478951 10238540
1662478952 10388848
1662478953 10819208
1662478954 9443646
1662478955 9872522
1662478956 10129042
1662478957 11016474
1662478958 9726242
1662478959 10420966
1662478960 13087396
1662478961 13908578
1662478962 11568416
1662478963 9078900
1662478964 10266524
1662478965 11031738
1662478966 9772352
1662478967 9757300
1662478968 7282306
1662478969 6937806
1662478970 9760056
1662478971 7262166
1662478972 8162424
1662478973 7682456
1662478974 7673234
1662478975 9751470
1662478976 6769054
1662478977 7830326
1662478978 7652034
1662478979 6421904
1662478980 8097658
1662478981 5079944
1662478982 7964628
1662478983 6444906
1662478984 6133690
1662478985 7061296
1662478986 7106452
1662478987 8357782
1662478988 6294280
1662478989 8677160
1662478990 8645784
1662478991 8677902
1662478992 9134974
1662478993 9409302
1662478994 10261860
1662478995 8916720
1662478996 9228572
1662478997 9172922
1662478998 8782524
1662478999 10023890
1662479000 10148970
1662479001 10228682
1662479002 9545724
1662479003 9125540
1662479004 9989440
1662479005 10191688
1662479006 9666988
1662479007 7828842
1662479008 8725496
1662479009 10247868
1662479010 10494742
1662479011 10017848
1662479012 10075300
1662479013 8878878
1662479014 10043606
1662479015 10279562
1662479016 10158086
1662479017 10133176
1662479018 8679704
1662479019 9890754
1662479020 9992408
1662479021 9845068
1662479022 9304044
1662479023 7855978
1662479024 7028648
1662479025 6939290
1662479026 7033418
1662479027 6854702
1662479028 5998328
1662479029 7001830
1662479030 6960914
1662479031 6004476
1662479032 5863814
1662479033 5885756
1662479034 6249336
1662479035 6720506
1662479036 6541472
1662479037 6414908
1662479038 6079418
1662479039 6823432
1662479040 6794176
1662479041 6839438
1662479042 5831802
1662479043 4798302
1662479044 6485186
1662479045 6860214
1662479046 6467908
1662479047 5820672
1662479048 5194318
1662479049 6714464
1662479050 7326296
1662479051 6813468
1662479052 6590762
1662479053 6659132
1662479054 7367106
1662479055 6658496
1662479056 5959956
1662479057 5859892
1662479058 4961966
1662479059 6166550
1662479060 5944162
1662479061 5632628
1662479062 5584504
1662479063 4858404
1662479064 5958472
1662479065 5773290
1662479066 5754316
1662479067 5714884
1662479068 4719332
1662479069 5896886
1662479070 5699726
1662479071 5019418
1662479072 4842928
1662479073 3651382
1662479074 5053232
1662479075 4192724
1662479076 3367726
1662479077 2833168
1662479078 3293208
1662479079 4910980
1662479080 4730462
1662479081 5121496
1662479082 5181068
1662479083 4147674
1662479084 4741062
1662479085 4747740
1662479086 4617148
1662479087 2991638
1662479088 2324050
1662479089 3827130
1662479090 2919664
1662479091 2821190
1662479092 2845464
1662479093 2600922
1662479094 2953478
1662479095 2926236
1662479096 2735118
1662479097 2775822
1662479098 2450720
1662479099 4864340
1662479100 2572196
1662479101 2759816
1662479102 2735118
1662479103 2402066
1662479104 2973512
1662479105 2844828
1662479106 2816738
1662479107 2608978
1662479108 2553858
1662479109 2803488
1662479110 2844404
1662479111 2743704
1662479112 2643852
1662479113 2393374
1662479114 3003510
1662479115 2480824
1662479116 2723670
1662479117 2702470
1662479118 2357758
1662479119 2818116
1662479120 2763950
1662479121 2684556
1662479122 2760452
1662479123 2352034
1662479124 2806986
1662479125 2646502
1662479126 2704378
1662479127 2682754
1662479128 2431110
1662479129 2842178
1662479130 2898040
1662479131 2935352
1662479132 2811438
1662479133 2421464
1662479134 2701092
1662479135 2783878
1662479136 2656466
1662479137 2925600
1662479138 2444042
1662479139 2885638
1662479140 2684556
1662479141 2687948
1662479142 2649894
1662479143 2311754
1662479144 2919134
1662479145 2706180
1662479146 2614384
1662479147 2617882
1662479148 2462592
1662479149 2962064
1662479150 2696110
1662479151 2681482
1662479152 2582584
1662479153 2405458
1662479154 2749216
1662479155 2774868
1662479156 2846630
1662479157 2820766
1662479158 2234692
1662479159 2844298
1662479160 2655724
1662479161 2859244
1662479162 2595410
1662479163 2302002
1662479164 2835288
1662479165 2628376
1662479166 2611734
1662479167 2512200
1662479168 2152966
1662479169 2773490
1662479170 2782182
1662479171 2755046
1662479172 2669504
1662479173 2401218
1662479174 3031282
1662479175 2555766
1662479176 2608024
1662479177 2737344
1662479178 2316736
1662479179 2856700
1662479180 2967894
1662479181 2898146
1662479182 2928568
1662479183 2513154
1662479184 2674380
1662479185 3047818
1662479186 2710102
1662479187 2764692
1662479188 2527464
1662479189 2801368
1662479190 2728758
1662479191 2786422
1662479192 2848220
1662479193 2232254
1662479194 2871752
1662479195 2903976
1662479196 3014216
1662479197 2701092
1662479198 2445314
1662479199 3000754
1662479200 2891574
1662479201 2934292
1662479202 2977646
1662479203 2850764
1662479204 3204592
1662479205 3189328
1662479206 3090112
1662479207 3120216
1662479208 2937790
1662479209 3325326
1662479210 2858184
1662479211 3212436
1662479212 2852672
1662479213 2505946
1662479214 2937472
1662479215 2913198
1662479216 2844934
1662479217 2960368
1662479218 2335286
1662479219 2851930
1662479220 2690068
1662479221 2998952
1662479222 3106118
1662479223 2432700
1662479224 3310380
1662479225 3362638
1662479226 3138342
1662479227 2870374
1662479228 2799142
1662479229 3142052
1662479230 2671306
1662479231 2993652
1662479232 2923904
1662479233 2544530
1662479234 3030222
1662479235 2825854
1662479236 2928462
1662479237 3200352
1662479238 2364648
1662479239 3134738
1662479240 2927296
1662479241 2732044
1662479242 2896874
1662479243 2446268
1662479244 3178198
1662479245 3070820
1662479246 2711374
1662479247 3186148
1662479248 2552798
1662479249 2862318
1662479250 2866558
1662479251 3013368
1662479252 3039656
1662479253 2732256
1662479254 3016336
1662479255 2976374
1662479256 3142582
1662479257 2781228
1662479258 2733634
1662479259 3011248
1662479260 3091384
1662479261 2816314
1662479262 3101560
1662479263 2523436
1662479264 3143642
1662479265 2854050
1662479266 2700880
1662479267 2925600
1662479268 2634948
1662479269 2975102
1662479270 2861788
1662479271 3007538
1662479272 3619688
1662479273 2757378
1662479274 3586616
1662479275 3210634
1662479276 3357762
1662479277 3386064
1662479278 3071138
1662479279 3601880
1662479280 2994394
1662479281 3122548
1662479282 2970968
1662479283 2651802
1662479284 3247522
1662479285 3150002
1662479286 3555134
1662479287 3218266
1662479288 3503830
1662479289 3249536
1662479290 3585238
1662479291 3728762
1662479292 3527256
1662479293 3491110
1662479294 3554816
1662479295 3439700
1662479296 3575804
1662479297 3502982
1662479298 3228548
1662479299 3621278
1662479300 3687210
1662479301 3626896
1662479302 3388290
1662479303 3545912
1662479304 3470122
1662479305 3433552
1662479306 3622020
1662479307 3721448
1662479308 3191554
1662479309 3254200
1662479310 3636648
1662479311 3394756
1662479312 3555664
1662479313 3653926
1662479314 3172474
1662479315 3740740
1662479316 3451996
1662479317 3859354
1662479318 3416910
1662479319 3187844
1662479320 3728974
1662479321 3376100
1662479322 3822890
1662479323 3576970
1662479324 3111842
1662479325 3554180
1662479326 3679684
1662479327 3632196
1662479328 3600184
1662479329 3306034
1662479330 3506692
1662479331 3803916
1662479332 3266284
1662479333 3669614
1662479334 3414790
1662479335 3628168
1662479336 3669084
1662479337 3632832
1662479338 3667494
1662479339 2949874
1662479340 3623080
1662479341 3447438
1662479342 3826918
1662479343 3182544
1662479344 3876420
1662479345 3644068
1662479346 3756322
1662479347 3829144
1662479348 3817378
1662479349 3986554
1662479350 3508494
1662479351 3381188
1662479352 4073898
1662479353 4149264
1662479354 5066906
1662479355 4641634
1662479356 4022170
1662479357 4181912
1662479358 3992172
1662479359 3659544
1662479360 4143964
1662479361 3125728
1662479362 4237986
1662479363 4234276
1662479364 3618946
1662479365 4048564
1662479366 4306992
1662479367 3701202
1662479368 3847164
1662479369 4200250
1662479370 3405992
1662479371 3810064
1662479372 4255264
1662479373 4376210
1662479374 4047080
1662479375 4090116
1662479376 4052168
1662479377 4536164
1662479378 4166860
1662479379 4070718
1662479380 4316426
1662479381 4080682
1662479382 4523338
1662479383 4630186
1662479384 3780172
1662479385 4314730
1662479386 4565420
1662479387 4244452
1662479388 4447760
1662479389 3394756
1662479390 4715516
1662479391 4155518
1662479392 4440870
1662479393 4367624
1662479394 3467260
1662479395 4308476
1662479396 4685518
1662479397 4054818
1662479398 4365398
1662479399 3436732
1662479400 4516236
1662479401 4392852
1662479402 4374620
1662479403 4404830
1662479404 3139614
1662479405 4924654
1662479406 4046550
1662479407 4789504
1662479408 4333174
1662479409 3686256
1662479410 4283460
1662479411 4718166
1662479412 4337414
1662479413 4569130
1662479414 3533934
1662479415 4813566
1662479416 4366140
1662479417 4562558
1662479418 4767774
1662479419 4030650
1662479420 4623402
1662479421 4489842
1662479422 4778798
1662479423 4559166
1662479424 4230990
1662479425 4657640
1662479426 4802754
1662479427 4952850
1662479428 4689758
1662479429 4289714
1662479430 4848546
1662479431 4730674
1662479432 4687850
1662479433 4817170
1662479434 4133682
1662479435 4705234
1662479436 5047508
1662479437 4542948
1662479438 4741274
1662479439 4122022
1662479440 4889992
1662479441 5036696
1662479442 4636228
1662479443 4852256
1662479444 3877798
1662479445 4720392
1662479446 4816322
1662479447 4836356
1662479448 5053338
1662479449 4294166
1662479450 4864658
1662479451 4794062
1662479452 4648312
1662479453 4875046
1662479454 4055030
1662479455 4818866
1662479456 4724208
1662479457 4789928
1662479458 4901440
1662479459 3931222
1662479460 4831374
1662479461 4674176
1662479462 4778480
1662479463 4729932
1662479464 4018460
1662479465 4787066
1662479466 4610364
1662479467 4638348
1662479468 4824696
1662479469 4274344
1662479470 4612696
1662479471 4643224
1662479472 4641210
1662479473 4827558
1662479474 4010616
1662479475 4357660
1662479476 5019630
1662479477 4768728
1662479478 4796712
1662479479 4090116
1662479480 4828936
1662479481 4018036
1662479482 3435248
1662479483 3698552
1662479484 3033932
1662479485 2744234
1662479486 2520256
1662479487 3278580
1662479488 3050256
1662479489 2260344
1662479490 2380230
1662479491 2755788
1662479492 2951146
1662479493 3609936
1662479494 2901644
1662479495 4597432
1662479496 5026626
1662479497 4440128
1662479498 4559272
1662479499 4175446
1662479500 5041148
1662479501 3946168
1662479502 3711908
1662479503 2580464
1662479504 3156256
1662479505 3442350
1662479506 5114500
1662479507 5816856
1662479508 3993338
1662479509 4335400
1662479510 5511364
1662479511 5911726
1662479512 5933880
1662479513 5925930
1662479514 5377168
1662479515 5936530
1662479516 6039350
1662479517 5939180
1662479518 5906956
1662479519 5237460
1662479520 6328836
1662479521 6041788
1662479522 5899430
1662479523 6474056
1662479524 4861266
1662479525 5641638
1662479526 6350248
1662479527 6071680
1662479528 6750398
1662479529 4948080
1662479530 5538500
1662479531 6303184
1662479532 6085248
1662479533 5708206
1662479534 5332648
1662479535 5776682
1662479536 6580692
1662479537 6023980
1662479538 5885438
1662479539 5471084
1662479540 6199834
1662479541 6261738
1662479542 6726442
1662479543 6311346
1662479544 4723042
1662479545 5673332
1662479546 5832226
1662479547 6122878
1662479548 5901868
1662479549 5182446
1662479550 6215946
1662479551 5913846
1662479552 6323430
1662479553 6561294
1662479554 5343566
1662479555 6277850
1662479556 7078150
1662479557 5981580
1662479558 6567230
1662479559 5172482
1662479560 5936636
1662479561 6162310
1662479562 5374306
1662479563 6265448
1662479564 4993660
1662479565 5815160
1662479566 5343354
1662479567 6133584
1662479568 5727604
1662479569 5100826
1662479570 5706510
1662479571 5635066
1662479572 5698454
1662479573 5363600
1662479574 4499276
1662479575 5655524
1662479576 5991968
1662479577 5899960
1662479578 6396994
1662479579 5493238
1662479580 6877386
1662479581 6492182
1662479582 6595638
1662479583 6180436
1662479584 5522282
1662479585 6538080
1662479586 6832124
1662479587 6180648
1662479588 6704500
1662479589 6152134
1662479590 6248382
1662479591 5884378
1662479592 5803500
1662479593 5838904
1662479594 4806782
1662479595 5567650
1662479596 5896250
1662479597 6052388
1662479598 5693578
1662479599 4622448
1662479600 5521010
1662479601 5772124
1662479602 5289824
1662479603 5846006
1662479604 4990480
1662479605 6173970
1662479606 5590016
1662479607 5477656
1662479608 5628812
1662479609 4393488
1662479610 5746790
1662479611 5390736
1662479612 5683720
1662479613 5963560
1662479614 4673752
1662479615 5596588
1662479616 5808270
1662479617 5664958
1662479618 5643970
1662479619 4843988
1662479620 5810708
1662479621 5736614
1662479622 5943950
1662479623 5958366
1662479624 4933134
1662479625 5665594
1662479626 5798836
1662479627 5495782
1662479628 5449566
1662479629 5002882
1662479630 5488044
1662479631 5498962
1662479632 5571360
1662479633 5534260
1662479634 5136124
1662479635 5843674
1662479636 5541574
1662479637 5629978
1662479638 5802016
1662479639 4637924
1662479640 5608778
1662479641 5616410
1662479642 5548782
1662479643 5666442
1662479644 4955924
1662479645 5836466
1662479646 5812510
1662479647 5545072
1662479648 5481154
1662479649 4732264
1662479650 5576766
1662479651 5418826
1662479652 5624890
1662479653 5372610
1662479654 4800634
1662479655 5524190
1662479656 5569028
1662479657 5736720
1662479658 5681176
1662479659 4581002
1662479660 6127648
1662479661 5684780
1662479662 5951582
1662479663 5584822
1662479664 4444156
1662479665 6051540
1662479666 5809542
1662479667 5596058
1662479668 5924128
1662479669 4525246
1662479670 5949568
1662479671 5959638
1662479672 5444054
1662479673 5737144
1662479674 5014860
1662479675 5822898
1662479676 5775622
1662479677 5990166
1662479678 5728452
1662479679 4772862
1662479680 5504898
1662479681 5602842
1662479682 6041046
1662479683 5548464
1662479684 4738730
1662479685 5978082
1662479686 5495040
1662479687 5396672
1662479688 5954974
1662479689 4460056
1662479690 5797564
1662479691 5290778
1662479692 5141318
1662479693 5900596
1662479694 4710958
1662479695 5708418
1662479696 5960910
1662479697 6158918
1662479698 6062670
1662479699 5427624
1662479700 6830216
1662479701 6097650
1662479702 6072316
1662479703 6377596
1662479704 5331164
1662479705 6093728
1662479706 6737254
1662479707 6409502
1662479708 6576876
1662479709 5413102
1662479710 6897738
1662479711 5852048
1662479712 6078040
1662479713 6445224
1662479714 5195378
1662479715 6143972
1662479716 5639836
1662479717 5354908
1662479718 5570194
1662479719 4879074
1662479720 5828940
1662479721 5650542
1662479722 5691776
1662479723 5528430
1662479724 4300420
1662479725 5855016
1662479726 5773926
1662479727 5083336
1662479728 5475960
1662479729 5216578
1662479730 5952218
1662479731 5492496
1662479732 5372928
1662479733 5649694
1662479734 4766714
1662479735 5907380
1662479736 6341768
1662479737 5841236
1662479738 6419572
1662479739 5191880
1662479740 6685950
1662479741 6445542
1662479742 6458898
1662479743 6187644
1662479744 5144922
1662479745 6626590
1662479746 6203756
1662479747 6296188
1662479748 6770750
1662479749 5727074
1662479750 6266720
1662479751 6641218
1662479752 6054508
1662479753 5522176
1662479754 5049946
1662479755 5890102
1662479756 5651390
1662479757 5471720
1662479758 5628070
1662479759 4912146
1662479760 5733540
1662479761 5104642
1662479762 4115662
1662479763 4010828
1662479764 3406840
1662479765 4355540
1662479766 3876950
1662479767 3856280
1662479768 4081848
1662479769 3811654
1662479770 4273602
1662479771 4084392
1662479772 3959842
1662479773 4603580
1662479774 2975950
1662479775 4713078
1662479776 4149794
1662479777 4071566
1662479778 4219754
1662479779 3670674
1662479780 4613226
1662479781 4266288
1662479782 3810700
1662479783 4091176
1662479784 3447756
1662479785 4570402
1662479786 4182124
1662479787 4600294
1662479788 4380556
1662479789 3716148
1662479790 4015280
1662479791 4595100
1662479792 4060860
1662479793 4298088
1662479794 3598064
1662479795 4311656
1662479796 4008178
1662479797 3915322
1662479798 3899634
1662479799 3486234
1662479800 4284414
1662479801 4081212
1662479802 3806354
1662479803 4030968
1662479804 2929840
1662479805 4304978
1662479806 3941080
1662479807 4100504
1662479808 3945002
1662479809 3685620
1662479810 4208094
1662479811 4512314
1662479812 4840278
1662479813 4473306
1662479814 3021848
1662479815 3938854
1662479816 4831162
1662479817 4222298
1662479818 4191558
1662479819 3544852
1662479820 4131986
1662479821 4164740
1662479822 4266500
1662479823 3866774
1662479824 3537856
1662479825 4184456
1662479826 4609940
1662479827 4370168
1662479828 3787486
1662479829 3297448
1662479830 5436316
1662479831 5059698
1662479832 3165478
1662479833 5738734
1662479834 4208306
1662479835 3523016
1662479836 5685522
1662479837 4818866
1662479838 4200674
1662479839 4454862
1662479840 6798416
1662479841 6538186
1662479842 6888198
1662479843 6654362
1662479844 5662944
1662479845 6917560
1662479846 6395510
1662479847 6080902
1662479848 1590


# events lost
1662478743 690590
1662478744 5693154
1662478745 5348866
1662478746 5403986
1662478747 3102726
1662478748 4334870
1662478749 4391898
1662478750 3413836
1662478751 3407900
1662478752 3813350
1662478753 4938116
1662478754 5410982
1662478755 6169836
1662478756 8511588
1662478757 7390214
1662478758 5605916
1662478759 9129250
1662478760 8593208
1662478761 8343048
1662478762 7530134
1662478763 4788762
1662478764 3807096
1662478765 2316206
1662478766 4983590
1662478767 3888716
1662478768 549186
1662478769 2384046
1662478770 5389358
1662478771 4657110
1662478772 1595936
1662478773 4963556
1662478774 4966100
1662478775 4064782
1662478776 4059482
1662478777 6947346
1662478778 6270430
1662478779 6016878
1662478780 6990488
1662478781 7624156
1662478782 8761642
1662478783 8996326
1662478784 8422548
1662478785 7854388
1662478786 7684152
1662478787 9822278
1662478788 9365736
1662478789 7077302
1662478790 6535218
1662478791 9935168
1662478792 8090874
1662478793 8999930
1662478794 6840604
1662478795 9690944
1662478796 9467602
1662478797 10240978
1662478798 9790372
1662478799 7139100
1662478800 10186706
1662478801 7073910
1662478802 8108682
1662478803 8038934
1662478804 6485610
1662478805 6639522
1662478806 5098812
1662478807 5692518
1662478808 1636746
1662478809 4088102
1662478810 4829784
1662478811 4266182
1662478812 5385330
1662478813 2227484
1662478814 3043896
1662478815 3788016
1662478816 3706714
1662478817 4827346
1662478818 4541040
1662478819 3005100
1662478820 4523338
1662478821 3116188
1662478822 4891794
1662478823 4961648
1662478824 7580272
1662478825 9045510
1662478826 6144184
1662478827 9272668
1662478828 7044972
1662478829 8862872
1662478830 8062148
1662478831 10843906
1662478832 11142296
1662478833 10016576
1662478834 9303090
1662478835 6820146
1662478836 8300012
1662478837 6558644
1662478838 6889258
1662478839 7598610
1662478840 7785170
1662478841 4493552
1662478842 7464308
1662478843 5399534
1662478844 9211930
1662478845 7770330
1662478846 8343790
1662478847 9452974
1662478848 7277006
1662478849 5374412
1662478850 5308904
1662478851 1292670
1662478852 3292784
1662478853 4679688
1662478854 2660282
1662478855 3428676
1662478856 5542104
1662478857 5563728
1662478858 4987936
1662478859 4216256
1662478860 3961962
1662478861 5260674
1662478862 4531288
1662478863 3502770
1662478864 3466624
1662478865 5659022
1662478866 3204910
1662478867 9153100
1662478868 7774040
1662478869 7388942
1662478870 6848024
1662478871 10309348
1662478872 10037564
1662478873 8923080
1662478874 8803830
1662478875 6598606
1662478876 7669418
1662478877 8510528
1662478878 8426152
1662478879 9393508
1662478880 9538940
1662478881 9756664
1662478882 8707158
1662478883 5683932
1662478884 7705882
1662478885 6895194
1662478886 5653086
1662478887 3343664
1662478888 3208832
1662478889 6954978
1662478890 6166868
1662478891 8122992
1662478892 7803190
1662478893 2901750
1662478894 3588948
1662478895 2532234
1662478896 2322566
1662478897 3257910
1662478898 3904298
1662478899 3380234
1662478900 3885642
1662478901 2104630
1662478902 3837412
1662478903 1889874
1662478904 4520900
1662478905 4653294
1662478906 4745514
1662478907 3021424
1662478908 3737666
1662478909 4213818
1662478910 3145550
1662478911 4012524
1662478912 4050260
1662478913 3323418
1662478914 4932604
1662478915 2580252
1662478916 2590110
1662478917 2865816
1662478918 4278690
1662478919 3628804
1662478920 2837302
1662478921 5337418
1662478922 4426454
1662478923 2808894
1662478924 6546984
1662478925 5222408
1662478926 4731310
1662478927 4612696
1662478928 3645552
1662478929 3574426
1662478930 1454638
1662478931 1321184
1662478932 4942250
1662478933 4428680
1662478934 4908860
1662478935 3512840
1662478936 3876632
1662478937 4164528
1662478938 2208722
1662478939 3194522
1662478940 4156896
1662478941 2164096
1662478942 3513158
1662478943 3706184
1662478944 2456762
1662478945 2532764
1662478946 4134530
1662478947 1503080
1662478948 2329138
1662478949 2842390
1662478950 3969912
1662478951 3672794
1662478952 3380870
1662478953 1216456
1662478954 4236926
1662478955 4085028
1662478956 3817696
1662478957 2947754
1662478958 2620002
1662478959 3212648
1662478960 960572
1662478962 2422206
1662478963 3599972
1662478964 3395498
1662478965 2596682
1662478966 3250596
1662478967 4946490
1662478968 3244236
1662478969 3072304
1662478970 1615652
1662478971 3295964
1662478972 2966940
1662478973 2319598
1662478974 4474578
1662478975 1379060
1662478976 2349172
1662478977 1257478
1662478978 1250906
1662478979 2118410
1662478980 674902
1662478981 3197808
1662478982 717196
1662478983 1977006
1662478984 3034674
1662478985 1992058
1662478986 2111096
1662478987 1172466
1662478988 2822462
1662478989 1111092
1662479006 846304
1662479007 2603996
1662479008 320438
1662479481 846728
1662479482 1558518
1662479483 1487604
1662479484 1168756
1662479485 2439378
1662479486 2403762
1662479487 1820126
1662479488 2243490
1662479489 2155298
1662479490 3168234
1662479491 2346310
1662479492 2365814
1662479493 1878108
1662479494 1508910
1662479495 1106534
1662479496 845350
1662479497 1303270
1662479498 1673316
1662479499 721648
1662479500 979228
1662479501 1960258
1662479502 2152118
1662479503 2899736
1662479504 1680630
1662479505 2339208
1662479506 1262566
1662479507 570704
1662479508 1441388
1662479509 997248
1662479510 809098
1662479761 1138334
1662479762 1549614
1662479763 1490784
1662479764 1310690
1662479765 1606642
1662479766 1885210
1662479767 1575054
1662479768 1405878
1662479769 1345882
1662479770 1393582
1662479771 1460150
1662479772 1696530
1662479773 1634414
1662479774 1286840
1662479775 1220166
1662479776 1647558
1662479777 1313234
1662479778 1499688
1662479779 1189532
1662479780 1445204
1662479781 1418068
1662479782 1358602
1662479783 1397080
1662479784 1354786
1662479785 1013466
1662479786 1336342
1662479787 1021946
1662479788 1219424
1662479789 1184868
1662479790 1623602
1662479791 1514422
1662479792 1403864
1662479793 1479124
1662479794 1210732
1662479795 1808042
1662479796 1572828
1662479797 1524810
1662479798 1786100
1662479799 1117452
1662479800 1565620
1662479801 1561168
1662479802 1410542
1662479803 1763734
1662479804 1784934
1662479805 1558094
1662479806 1716988
1662479807 1474354
1662479808 1433226
1662479809 1474566
1662479810 1617136
1662479811 1052686
1662479812 806130
1662479813 1486650
1662479814 1531594
1662479815 1953262
1662479816 1402274
1662479817 1543466
1662479818 1366340
1662479819 1435346
1662479820 1278996
1662479821 1611306
1662479822 1746456
1662479823 1794686
1662479824 1435770
1662479825 1635686
1662479826 1488558
1662479827 1554702
1662479828 1931002
1662479829 2143214
1662479830 1262672
1662479831 1056926
1662479832 2751124
1662479833 405980
1662479834 750586
1662479835 2621168
1662479836 707126
1662479837 1943192
1662479838 2130918
1662479839 882132
