# events called
1659747027 939806
1659747028 2556118
1659747029 168140
1659747030 6253610
1659747031 8331162
1659747032 9185502
1659747033 9169130
1659747034 9207166
1659747035 9554122
1659747036 9529530
1659747037 9177040
1659747038 8887360
1659747039 8245508
1659747040 9176460
1659747041 9047466
1659747042 9423806
1659747043 9490828
1659747044 8781696
1659747045 9382194
1659747046 9315744
1659747047 9400476
1659747048 9583404
1659747049 8412656
1659747050 9187644
1659747051 9415464
1659747052 9080972
1659747053 9274780
1659747054 8935252
1659747055 8955622
1659747056 9462208
1659747057 9312016
1659747058 9418846
1659747059 8658304
1659747060 9005798
1659747061 9320332
1659747062 9336738
1659747063 9343306
1659747064 8142866
1659747065 8974156
1659747066 9140110
1659747067 9210532
1659747068 9230400
1659747069 9016542
1659747070 9024016
1659747071 9251662
1659747072 9169564
1659747073 9174122
1659747074 9028948
1659747075 9072566
1659747076 9120456
1659747077 8992276
1659747078 9075474
1659747079 8335152
1659747080 9104096
1659747081 9179108
1659747082 9225660
1659747083 9051332
1659747084 8890208
1659747085 9143620
1659747086 9134978
1659747087 9530382
1659747088 9189932
1659747089 8726208
1659747090 9305970
1659747091 9188440
1659747092 9081570
1659747093 9167476
1659747094 8508486
1659747095 9012418
1659747096 9266708
1659747097 8923674
1659747098 9277178
1659747099 8707774
1659747100 8987700
1659747101 8792652
1659747102 9282820
1659747103 9162674
1659747104 8294658
1659747105 9194676
1659747106 9065174
1659747107 9155014
1659747108 9091068
1659747109 8820200
1659747110 9170770
1659747111 9007416
1659747112 9154898
1659747113 9272714
1659747114 8766052
1659747115 9127512
1659747116 9047824
1659747117 9324102
1659747118 9155752
1659747119 8439764
1659747120 9174080
1659747121 9211916
1659747122 9351892
1659747123 9345836
1659747124 8693044
1659747125 9203340
1659747126 9067860
1659747127 9301250
1659747128 9153746
1659747129 8854148
1659747130 9157664
1659747131 9188280
1659747132 8951552
1659747133 9103800
1659747134 7993104
1659747135 9039126
1659747136 9010572
1659747137 9287752
1659747138 9286324
1659747139 9172204
1659747140 8922756
1659747141 9294662
1659747142 9126364
1659747143 9370492
1659747144 8729736
1659747145 8988022
1659747146 9363890
1659747147 9255868
1659747148 9025314
1659747149 8993224
1659747150 8896028
1659747151 8946634
1659747152 9108878
1659747153 9086604
1659747154 8793480
1659747155 8994596
1659747156 9282928
1659747157 8922730
1659747158 9149728
1659747159 8383384
1659747160 9303274
1659747161 9267976
1659747162 9204692
1659747163 9359898
1659747164 8515964
1659747165 9262448
1659747166 9177146
1659747167 9077522
1659747168 9094394
1659747169 8848330
1659747170 9123304
1659747171 9145728
1659747172 9178394
1659747173 9275800
1659747174 7936858
1659747175 9310296
1659747176 9060426
1659747177 9466780
1659747178 9108182
1659747179 9121830
1659747180 8931280
1659747181 8864612
1659747182 9107810
1659747183 8979408
1659747184 8773704
1659747185 9400076
1659747186 9277510
1659747187 9163578
1659747188 9221172
1659747189 8516126
1659747190 9203684
1659747191 9064646
1659747192 9204706
1659747193 9259118
1659747194 8600494
1659747195 8844762
1659747196 9365040
1659747197 9371468
1659747198 9250508
1659747199 8971906
1659747200 9325166
1659747201 9161136
1659747202 9425360
1659747203 9643416
1659747204 8671700
1659747205 8885234
1659747206 9191738
1659747207 9196744
1659747208 9270170
1659747209 8868606
1659747210 9146896
1659747211 9218070
1659747212 9205450
1659747213 9678702
1659747214 8865256
1659747215 9024502
1659747216 9389612
1659747217 9465474
1659747218 8650436
1659747219 9343650
1659747220 8825224
1659747221 9127828
1659747222 9105820
1659747223 8882844
1659747224 9343242
1659747225 9184544
1659747226 9120466
1659747227 9426156
1659747228 8868452
1659747229 9230806
1659747230 8965976
1659747231 8903776
1659747232 9225750
1659747233 9071486
1659747234 9100666
1659747235 9046260
1659747236 8827136
1659747237 9310018
1659747238 9009086
1659747239 9425766
1659747240 9451838
1659747241 9456746
1659747242 9366890
1659747243 8751200
1659747244 9312156
1659747245 9411786
1659747246 9327104
1659747247 9385850
1659747248 8818842
1659747249 9641092
1659747250 9090384
1659747251 9348742
1659747252 9259302
1659747253 8953372
1659747254 9495090
1659747255 9265752
1659747256 9392064
1659747257 9114238
1659747258 9158724
1659747259 9268592
1659747260 9334908
1659747261 9091804
1659747262 9031108
1659747263 8813556
1659747264 9136698
1659747265 9458796
1659747266 9333860
1659747267 9293506
1659747268 8999464
1659747269 9242496
1659747270 9442932
1659747271 8993618
1659747272 8997858
1659747273 8793156
1659747274 9226090
1659747275 9220198
1659747276 9036282
1659747277 9033622
1659747278 8269204
1659747279 9115932
1659747280 9274060
1659747281 9269872
1659747282 9291824
1659747283 8944434
1659747284 9242912
1659747285 9403142
1659747286 9533226
1659747287 9415664
1659747288 8704566
1659747289 9248748
1659747290 9417788
1659747291 9054050
1659747292 9417314
1659747293 8653356
1659747294 9075886
1659747295 9252164
1659747296 9167176
1659747297 9299794
1659747298 8828124
1659747299 9036542
1659747300 9291454
1659747301 9403418
1659747302 9633286
1659747303 9001910
1659747304 9154162
1659747305 9365668
1659747306 9051206
1659747307 9190966
1659747308 8845242
1659747309 9098044
1659747310 9271154
1659747311 9298068
1659747312 9293308
1659747313 9023890
1659747314 8836010
1659747315 9311964
1659747316 9578032
1659747317 9203262
1659747318 8703342
1659747319 9437584
1659747320 9030664
1659747321 9664112
1659747322 9320116
1659747323 8821672
1659747324 9430478
1659747325 9394882
1659747326 9294230
1659747327 9179132
1659747328 8794332
1659747329 9204992
1659747330 8530766
1659747331 9227988
1659747332 9343706
1659747333 8825866
1659747334 9213814
1659747335 9252514
1659747336 9235566
1659747337 9292980
1659747338 9017368
1659747339 9163606
1659747340 9111146
1659747341 9314178
1659747342 9388872
1659747343 8814946
1659747344 9138130
1659747345 8947202
1659747346 9286872
1659747347 9225294
1659747348 8996252
1659747349 9312400
1659747350 8997672
1659747351 8906730
1659747352 9173802
1659747353 9036210
1659747354 9243168
1659747355 9331070
1659747356 9320678
1659747357 9307558
1659747358 9016736
1659747359 9141254
1659747360 9597534
1659747361 9212148
1659747362 9215876
1659747363 8920544
1659747364 9326234
1659747365 9169400
1659747366 9078802
1659747367 9306530
1659747368 8919108
1659747369 9274068
1659747370 9098362
1659747371 9132690
1659747372 9139054
1659747373 8995560
1659747374 9474808
1659747375 9340346
1659747376 9112088
1659747377 9538780
1659747378 8772094
1659747379 8914114
1659747380 9043936
1659747381 9384400
1659747382 9054702
1659747383 8946884
1659747384 9388396
1659747385 9013148
1659747386 9248202
1659747387 9308076
1659747388 8828554
1659747389 9513016
1659747390 9274104
1659747391 9134956
1659747392 9221448
1659747393 8909518
1659747394 8888034
1659747395 9238044
1659747396 8791156
1659747397 9386434
1659747398 8873448
1659747399 9324914
1659747400 9308912
1659747401 9336814
1659747402 9302138
1659747403 8972358
1659747404 9480958
1659747405 9363362
1659747406 9301210
1659747407 8980570
1659747408 9018880
1659747409 9036668
1659747410 9187878
1659747411 9044882
1659747412 9188238
1659747413 8870628
1659747414 9444432
1659747415 9401214
1659747416 9029444
1659747417 9153074
1659747418 8957718
1659747419 9467466
1659747420 9194758
1659747421 9359952
1659747422 9029578
1659747423 8973046
1659747424 9198616
1659747425 9171460
1659747426 9058550
1659747427 9184568
1659747428 8816176
1659747429 9478558
1659747430 9288570
1659747431 9101486
1659747432 9297344
1659747433 8353262
1659747434 9143204
1659747435 9113730
1659747436 9149738
1659747437 9299250
1659747438 8467532
1659747439 9241732
1659747440 8963902
1659747441 9292264
1659747442 9082744
1659747443 8695548
1659747444 9312518
1659747445 9353666
1659747446 9386674
1659747447 9698606
1659747448 8530548
1659747449 9446754
1659747450 9213770
1659747451 9324744
1659747452 9651414
1659747453 8743524
1659747454 9196012
1659747455 9184920
1659747456 9196566
1659747457 9463578
1659747458 7708948
1659747459 9364434
1659747460 9244710
1659747461 9364570
1659747462 9368722
1659747463 9017336
1659747464 9212202
1659747465 9352044
1659747466 9443914
1659747467 9321666
1659747468 8884816
1659747469 9247982
1659747470 8476084
1659747471 9643880
1659747472 8995364
1659747473 8409068
1659747474 9412790
1659747475 9159450
1659747476 9207798
1659747477 9536112
1659747478 8729040
1659747479 9077264
1659747480 9203014
1659747481 9235326
1659747482 9529546
1659747483 8325344
1659747484 9418002
1659747485 9187988
1659747486 9367132
1659747487 9039576
1659747488 8946256
1659747489 9187240
1659747490 9514254
1659747491 9410678
1659747492 9241888
1659747493 8596824
1659747494 9368050
1659747495 9083752
1659747496 9226192
1659747497 9322340
1659747498 8379998
1659747499 9159920
1659747500 9195074
1659747501 9350416
1659747502 9358132
1659747503 8708160
1659747504 8892584
1659747505 9319954
1659747506 9187282
1659747507 9380588
1659747508 8692682
1659747509 9216204
1659747510 9438052
1659747511 9351398
1659747512 9214094
1659747513 8544174
1659747514 8759130
1659747515 9267548
1659747516 9327638
1659747517 9156202
1659747518 8927240
1659747519 9136974
1659747520 9217466
1659747521 9237848
1659747522 9465922
1659747523 8272112
1659747524 9559326
1659747525 9184634
1659747526 9432110
1659747527 9375656
1659747528 8902020
1659747529 9250936
1659747530 9067086
1659747531 9310514
1659747532 9346912
1659747533 8527086
1659747534 9390772
1659747535 9325920
1659747536 8813442
1659747537 9037188
1659747538 8779358
1659747539 9354206
1659747540 9076224
1659747541 9507480
1659747542 8944160
1659747543 9029122
1659747544 9394310
1659747545 9011602
1659747546 9136940
1659747547 9177368
1659747548 8755550
1659747549 9608792
1659747550 9174804
1659747551 9372040
1659747552 9209880
1659747553 8740198
1659747554 9402458
1659747555 9359462
1659747556 9170566
1659747557 8949740
1659747558 8824696
1659747559 9311112
1659747560 9237582
1659747561 9117054
1659747562 9377414
1659747563 8661696
1659747564 9236952
1659747565 9275100
1659747566 9096890
1659747567 9164516
1659747568 8916698
1659747569 9257244
1659747570 9551770
1659747571 9280342
1659747572 8938076
1659747573 8767668
1659747574 9150704
1659747575 9419316
1659747576 9199774
1659747577 9324446
1659747578 8944384
1659747579 9197608
1659747580 9256254
1659747581 9142898
1659747582 9316636
1659747583 8671072
1659747584 9419142
1659747585 9435530
1659747586 9289530
1659747587 9331660
1659747588 8695668
1659747589 9399212
1659747590 9422644
1659747591 9232262
1659747592 8769320
1659747593 8959156
1659747594 9256862
1659747595 9252248
1659747596 9527934
1659747597 9064940
1659747598 8738474
1659747599 9339220
1659747600 9251720
1659747601 9036402
1659747602 9083994
1659747603 8963742
1659747604 9451828
1659747605 9167522
1659747606 9390864
1659747607 9437904
1659747608 8616294
1659747609 9297936
1659747610 9258002
1659747611 9090092
1659747612 9277934
1659747613 8797206
1659747614 9476086
1659747615 9302658
1659747616 9128698
1659747617 8870694
1659747618 8895446
1659747619 9363008
1659747620 9395630
1659747621 9171922
1659747622 9279452
1659747623 8337194
1659747624 9397144
1659747625 9426606
1659747626 8973882
1659747627 9477790
1659747628 8813028
1659747629 9267758
1659747630 9275680
1659747631 9626878
1659747632 9078578
1659747633 8690492
1659747634 9278738
1659747635 9357794
1659747636 9209956
1659747637 9406608
1659747638 8386100
1659747639 9209722
1659747640 9303682
1659747641 9483334
1659747642 9360456
1659747643 8837184
1659747644 9408530
1659747645 9445934
1659747646 9350048
1659747647 9035758
1659747648 8808076
1659747649 8934000
1659747650 9131858
1659747651 9394376
1659747652 9448488
1659747653 9058838
1659747654 9455158
1659747655 9346592
1659747656 9266670
1659747657 8919016
1659747658 8656938
1659747659 9379358
1659747660 9284230
1659747661 9311576
1659747662 9320358
1659747663 8701454
1659747664 9273646
1659747665 9184710
1659747666 9415366
1659747667 9231374
1659747668 8334320
1659747669 9311430
1659747670 9420800
1659747671 9481054
1659747672 9214944
1659747673 8215706
1659747674 9030150
1659747675 9200702
1659747676 9461904
1659747677 9409282
1659747678 8985058
1659747679 9254016
1659747680 9498788
1659747681 9085290
1659747682 9113072
1659747683 8651660
1659747684 8927036
1659747685 9308136
1659747686 9453680
1659747687 9183066
1659747688 8713620
1659747689 9111438
1659747690 9356048
1659747691 9252378
1659747692 9233770
1659747693 8969754
1659747694 9040540
1659747695 9261666
1659747696 9272306
1659747697 9349478
1659747698 8461842
1659747699 9320130
1659747700 9248322
1659747701 9283348
1659747702 9279094
1659747703 8972042
1659747704 9271028
1659747705 9127052
1659747706 9114688
1659747707 9257640
1659747708 8280212
1659747709 9242078
1659747710 9181182
1659747711 9409520
1659747712 9453530
1659747713 8749226
1659747714 9081496
1659747715 9039558
1659747716 9174446
1659747717 9264198
1659747718 8820634
1659747719 9119734
1659747720 9153934
1659747721 9498022
1659747722 9421392
1659747723 8329408
1659747724 9028854
1659747725 9134414
1659747726 9107714
1659747727 9507038
1659747728 8909924
1659747729 9430228
1659747730 9274706
1659747731 9320496
1659747732 9114456
1659747733 8855500
1659747734 9305564
1659747735 9037598
1659747736 9214184
1659747737 9070952
1659747738 8966202
1659747739 8725996
1659747740 8961312
1659747741 9169162
1659747742 9391586
1659747743 8856670
1659747744 9176072
1659747745 9186984
1659747746 9315498
1659747747 9270746
1659747748 8814266
1659747749 9413110
1659747750 9186108
1659747751 9118588
1659747752 9441752
1659747753 8833322
1659747754 9433708
1659747755 8963538
1659747756 9422934
1659747757 9028144
1659747758 8656990
1659747759 9277824
1659747760 9270786
1659747761 9361408
1659747762 9085002
1659747763 8763718
1659747764 9446480
1659747765 9501940
1659747766 9171598
1659747767 9209506
1659747768 8627630
1659747769 8993628
1659747770 9002748
1659747771 9236184
1659747772 9061230
1659747773 8585250
1659747774 9412280
1659747775 9196922
1659747776 9054598
1659747777 9121838
1659747778 8883134
1659747779 9372028
1659747780 9317192
1659747781 9285042
1659747782 9045010
1659747783 8895592
1659747784 9175282
1659747785 9331806
1659747786 8914928
1659747787 9265002
1659747788 9040254
1659747789 9459876
1659747790 9270924
1659747791 8832720
1659747792 9085062
1659747793 8924862
1659747794 9373904
1659747795 9325372
1659747796 8567370
1659747797 9091428
1659747798 8708282
1659747799 9043728
1659747800 9335550
1659747801 9088294
1659747802 9145522
1659747803 8755354
1659747804 9612948
1659747805 9088666
1659747806 9321026
1659747807 9365128
1659747808 8499830
1659747809 9582846
1659747810 9288736
1659747811 9348314
1659747812 9262920
1659747813 8921686
1659747814 9138770
1659747815 9551256
1659747816 9171114
1659747817 8992490
1659747818 8964906
1659747819 9315226
1659747820 9130374
1659747821 9149418
1659747822 9121544
1659747823 8652556
1659747824 9154776
1659747825 9046578
1659747826 9313378
1659747827 9084266
1659747828 8165752
1659747829 9101188
1659747830 9187272
1659747831 9541184
1659747832 9280208
1659747833 8634530
1659747834 9258384
1659747835 9285376
1659747836 9608570
1659747837 9296926
1659747838 8580666
1659747839 9269518
1659747840 9132500
1659747841 9184958
1659747842 9239782
1659747843 8837560
1659747844 8963602
1659747845 9092554
1659747846 9069612
1659747847 9249312
1659747848 9085908
1659747849 9489202
1659747850 9129636
1659747851 9242144
1659747852 9255094
1659747853 8336256
1659747854 9156392
1659747855 9302126
1659747856 9653340
1659747857 8971164
1659747858 8830346
1659747859 9539226
1659747860 9005944
1659747861 9488430
1659747862 9384040
1659747863 8712798
1659747864 9115902
1659747865 9294446
1659747866 9122654
1659747867 9223578
1659747868 8547762
1659747869 9356498
1659747870 9342358
1659747871 9298192
1659747872 8980446
1659747873 8811970
1659747874 8752322
1659747875 9451958
1659747876 9236610
1659747877 9454240
1659747878 8790588
1659747879 9034262
1659747880 9250090
1659747881 9009806
1659747882 9479276
1659747883 8703740
1659747884 8567220
1659747885 9315094
1659747886 9231994
1659747887 9222518
1659747888 8920862
1659747889 9079018
1659747890 9000130
1659747891 9176182
1659747892 9400654
1659747893 9197674
1659747894 9304198
1659747895 9393640
1659747896 9098376
1659747897 9385862
1659747898 8683824
1659747899 9228630
1659747900 8866482
1659747901 8972730
1659747902 9508366
1659747903 8949496
1659747904 9363708
1659747905 9003502
1659747906 9256206
1659747907 9329802
1659747908 8698576
1659747909 9309022
1659747910 8916280
1659747911 8752270
1659747912 9381036
1659747913 8836696
1659747914 9043596
1659747915 8937098
1659747916 9342896
1659747917 9520760
1659747918 8892510
1659747919 9514376
1659747920 9123612
1659747921 9245788
1659747922 9240752
1659747923 8948570
1659747924 9353040
1659747925 9143196
1659747926 9217676
1659747927 9349360
1659747928 8758692
1659747929 9184038
1659747930 9093314
1659747931 9171632
1659747932 9321958
1659747933 8932706
1659747934 9243348
1659747935 9102944
1659747936 9121806
1659747937 8932342
1659747938 8895778
1659747939 9046900
1659747940 9204014
1659747941 9234804
1659747942 9206088
1659747943 9073848
1659747944 9136358
1659747945 9301718
1659747946 9255112
1659747947 9162310
1659747948 8579934
1659747949 9036336
1659747950 9271628
1659747951 9028834
1659747952 8949116
1659747953 8770160
1659747954 9485888
1659747955 9396096
1659747956 9008546
1659747957 9122024
1659747958 8842782
1659747959 9490214
1659747960 9222050
1659747961 9198666
1659747962 9375814
1659747963 8475800
1659747964 9004368
1659747965 8925680
1659747966 9098516
1659747967 9126476
1659747968 8826272
1659747969 9212490
1659747970 9292966
1659747971 9354500
1659747972 9154438
1659747973 8849040
1659747974 9189028
1659747975 9185664
1659747976 9210144
1659747977 9157028
1659747978 8695466
1659747979 9399050
1659747980 9035270
1659747981 9534722
1659747982 8802528
1659747983 8895480
1659747984 9558406
1659747985 9067012
1659747986 9179916
1659747987 9081812
1659747988 8783568
1659747989 9173042
1659747990 9190604
1659747991 9248570
1659747992 9191948
1659747993 8339670
1659747994 9303620
1659747995 9243140
1659747996 9206472
1659747997 9381538
1659747998 8318518
1659747999 9171360
1659748000 9351056
1659748001 9192258
1659748002 9235734
1659748003 8864320
1659748004 9270860
1659748005 9539090
1659748006 9551978
1659748007 9174986
1659748008 8863568
1659748009 8706710
1659748010 9131086
1659748011 9207450
1659748012 9380998
1659748013 9168558
1659748014 9203810
1659748015 8978288
1659748016 9104010
1659748017 9403536
1659748018 8897602
1659748019 9497758
1659748020 9142732
1659748021 9262418
1659748022 9511202
1659748023 8688768
1659748024 8753648
1659748025 9180668
1659748026 9236360
1659748027 9212526
1659748028 8942906
1659748029 8786682
1659748030 9073002
1659748031 9307914
1659748032 8992886
1659748033 8925960
1659748034 8937852
1659748035 9372224
1659748036 9019788
1659748037 9452262
1659748038 9090422
1659748039 9221934
1659748040 8927150
1659748041 9377798
1659748042 9202134
1659748043 8919322
1659748044 9106844
1659748045 9296422
1659748046 9319600
1659748047 9110872
1659748048 8820810
1659748049 9273704
1659748050 9124540
1659748051 9343526
1659748052 9698678
1659748053 8714096
1659748054 9080912
1659748055 9019750
1659748056 9349742
1659748057 9394058
1659748058 9241808
1659748059 9305208
1659748060 9151060
1659748061 9210634
1659748062 9273434
1659748063 8858302
1659748064 9142840
1659748065 8764422
1659748066 9232208
1659748067 9038642
1659748068 8863310
1659748069 9078172
1659748070 9140528
1659748071 9109736
1659748072 9102314
1659748073 8925282
1659748074 9108012
1659748075 9207656
1659748076 9008950
1659748077 9073782
1659748078 8980244
1659748079 9446030
1659748080 8968562
1659748081 9166926
1659748082 8968054
1659748083 8982758
1659748084 9288074
1659748085 9334580
1659748086 9101284
1659748087 9423058
1659748088 8814404
1659748089 9474528
1659748090 8963746
1659748091 9255706
1659748092 9440966
1659748093 8995632
1659748094 9257290
1659748095 8988604
1659748096 9019302
1659748097 9045930
1659748098 8916062
1659748099 9389578
1659748100 9286890
1659748101 9079964
1659748102 9363042
1659748103 8907052
1659748104 9052428
1659748105 9241164
1659748106 9033156
1659748107 9169366
1659748108 8989390
1659748109 9099358
1659748110 9690098
1659748111 9330086
1659748112 9090636
1659748113 9021528
1659748114 9505302
1659748115 9219070
1659748116 9147634
1659748117 9194572
1659748118 8826834
1659748119 9257200
1659748120 9139872
1659748121 9325408
1659748122 8929876
1659748123 8625402
1659748124 9335632
1659748125 9233078
1659748126 9707062
1659748127 8851062
1659748128 8699464
1659748129 9407314
1659748130 9174832
1659748131 9214510
1659748132 9369782
1659748133 8650368
1659748134 9696476
1659748135 9143036
1659748136 9587128
1659748137 8873208
1659748138 8714794
1659748139 9153822
1659748140 9457276
1659748141 9366508
1659748142 8964302
1659748143 8644548
1659748144 9102230
1659748145 9105914
1659748146 9409644
1659748147 9153766
1659748148 8550158
1659748149 9431660
1659748150 9167924
1659748151 9243842
1659748152 8957196
1659748153 8788020
1659748154 9281524
1659748155 9265592
1659748156 9314170
1659748157 9501072
1659748158 8448796
1659748159 9433276
1659748160 9209602
1659748161 9270296
1659748162 9357988
1659748163 8313172
1659748164 9262024
1659748165 9157510
1659748166 9026466
1659748167 9229642
1659748168 8604448
1659748169 9166232
1659748170 9455160
1659748171 9470526
1659748172 9175972
1659748173 8868634
1659748174 9415260
1659748175 9218874
1659748176 9235570
1659748177 9352026
1659748178 8446586
1659748179 9444380
1659748180 9250916
1659748181 9283722
1659748182 9432242
1659748183 8493836
1659748184 9292264
1659748185 9308146
1659748186 9309456
1659748187 9325926
1659748188 8377080
1659748189 8741306
1659748190 9071248
1659748191 9392408
1659748192 9168662
1659748193 8856962
1659748194 9124522
1659748195 9050908
1659748196 9322826
1659748197 8966468
1659748198 9021234
1659748199 8995870
1659748200 9384026
1659748201 9021136
1659748202 9411940
1659748203 8571754
1659748204 9320836
1659748205 9423998
1659748206 9278200
1659748207 9150846
1659748208 8813332
1659748209 8806016
1659748210 9384076
1659748211 9114652
1659748212 9227212
1659748213 8604290
1659748214 9310504
1659748215 9235988
1659748216 9224954
1659748217 9000388
1659748218 8598406
1659748219 9083378
1659748220 9285432
1659748221 9317486
1659748222 9821156
1659748223 9097952
1659748224 9530964
1659748225 9181132
1659748226 9306636
1659748227 9243408
1659748228 8897494
1659748229 8963120
1659748230 5259590
1659748231 1234


# events submitted
1659747027 939806
1659747028 2556118
1659747029 168140
1659747030 6239536
1659747031 8308488
1659747032 9172812
1659747033 9162156
1659747034 9197126
1659747035 9542944
1659747036 9524230
1659747037 9168896
1659747038 8880654
1659747039 8242672
1659747040 9166950
1659747041 9043164
1659747042 9413878
1659747043 9480082
1659747044 8774910
1659747045 9377696
1659747046 9307982
1659747047 9396216
1659747048 9579224
1659747049 8406600
1659747050 9178062
1659747051 9409880
1659747052 9074818
1659747053 9268564
1659747054 8932518
1659747055 8949542
1659747056 9453662
1659747057 9307720
1659747058 9412888
1659747059 8648796
1659747060 9001226
1659747061 9315882
1659747062 9329696
1659747063 9335754
1659747064 8136298
1659747065 8966300
1659747066 9131832
1659747067 9204712
1659747068 9223856
1659747069 9010038
1659747070 9015604
1659747071 9243932
1659747072 9159562
1659747073 9164544
1659747074 9024262
1659747075 9068020
1659747076 9116942
1659747077 8985812
1659747078 9071616
1659747079 8330594
1659747080 9091976
1659747081 9169076
1659747082 9216450
1659747083 9046040
1659747084 8881390
1659747085 9137810
1659747086 9126956
1659747087 9525040
1659747088 9182878
1659747089 8718242
1659747090 9299086
1659747091 9185930
1659747092 9074356
1659747093 9161452
1659747094 8503738
1659747095 9006534
1659747096 9260340
1659747097 8919002
1659747098 9274066
1659747099 8704802
1659747100 8983554
1659747101 8787436
1659747102 9276732
1659747103 9157776
1659747104 8289606
1659747105 9188924
1659747106 9061876
1659747107 9149208
1659747108 9079846
1659747109 8812638
1659747110 9160640
1659747111 8999614
1659747112 9148310
1659747113 9262552
1659747114 8759178
1659747115 9118296
1659747116 9040042
1659747117 9315784
1659747118 9146816
1659747119 8435332
1659747120 9164396
1659747121 9203056
1659747122 9347582
1659747123 9336624
1659747124 8686556
1659747125 9196420
1659747126 9057774
1659747127 9297086
1659747128 9148606
1659747129 8849420
1659747130 9149126
1659747131 9181380
1659747132 8945858
1659747133 9099812
1659747134 7985742
1659747135 9028866
1659747136 9006028
1659747137 9284596
1659747138 9280108
1659747139 9165646
1659747140 8917988
1659747141 9292412
1659747142 9120434
1659747143 9359542
1659747144 8723670
1659747145 8984574
1659747146 9355312
1659747147 9248228
1659747148 9014786
1659747149 8987796
1659747150 8893224
1659747151 8941496
1659747152 9100476
1659747153 9075308
1659747154 8787632
1659747155 8991518
1659747156 9277386
1659747157 8916702
1659747158 9140530
1659747159 8371902
1659747160 9291994
1659747161 9261732
1659747162 8368104
1659747163 6177124
1659747164 6731664
1659747165 7304278
1659747166 7223290
1659747167 7127124
1659747168 7600078
1659747169 6584224
1659747170 7203500
1659747171 7045624
1659747172 6433706
1659747173 7258182
1659747174 5509918
1659747175 5927980
1659747176 6778604
1659747177 7597750
1659747178 7539828
1659747179 6466762
1659747180 6869584
1659747181 6511104
1659747182 6492940
1659747183 6272822
1659747184 5973092
1659747185 6127586
1659747186 7007494
1659747187 6647270
1659747188 6242426
1659747189 5184462
1659747190 4400384
1659747191 5061570
1659747192 5299838
1659747193 3456800
1659747194 4040556
1659747195 4769822
1659747196 4601380
1659747197 6022976
1659747198 4990012
1659747199 4220130
1659747200 5776696
1659747201 4626422
1659747202 3901286
1659747203 3417598
1659747204 4719274
1659747205 4536444
1659747206 5174382
1659747207 4735588
1659747208 4571354
1659747209 4186940
1659747210 5340926
1659747211 4796140
1659747212 4342712
1659747213 6486686
1659747214 4355360
1659747215 5574434
1659747216 4118006
1659747217 4983046
1659747218 3180066
1659747219 3638332
1659747220 4569634
1659747221 4375266
1659747222 5001550
1659747223 3656080
1659747224 5178994
1659747225 4829000
1659747226 4308442
1659747227 3263062
1659747228 4527634
1659747229 3451808
1659747230 5007338
1659747231 4966368
1659747232 5199000
1659747233 4008460
1659747234 3969854
1659747235 4955174
1659747236 4261698
1659747237 4455374
1659747238 4765280
1659747239 4785786
1659747240 4755192
1659747241 4466774
1659747242 4743246
1659747243 4190122
1659747244 4814134
1659747245 4739774
1659747246 4517142
1659747247 3054162
1659747248 3584820
1659747249 4547798
1659747250 5353068
1659747251 5018716
1659747252 4419136
1659747253 4870734
1659747254 5311146
1659747255 5057112
1659747256 4584278
1659747257 5082396
1659747258 5548368
1659747259 4890750
1659747260 4700234
1659747261 4739622
1659747262 4518744
1659747263 3793468
1659747264 4763172
1659747265 4196564
1659747266 5198078
1659747267 5070826
1659747268 4021596
1659747269 4222428
1659747270 4403054
1659747271 4953568
1659747272 4639460
1659747273 4606638
1659747274 4625318
1659747275 3787324
1659747276 4030960
1659747277 4627428
1659747278 4172122
1659747279 4656296
1659747280 4434154
1659747281 4231460
1659747282 4824126
1659747283 4174352
1659747284 5094594
1659747285 4561284
1659747286 5049210
1659747287 4221134
1659747288 3481514
1659747289 4424114
1659747290 4826648
1659747291 4331810
1659747292 4888814
1659747293 4646738
1659747294 5152602
1659747295 4565566
1659747296 5569654
1659747297 4873482
1659747298 4666442
1659747299 3648902
1659747300 3831996
1659747301 5565764
1659747302 3868498
1659747303 3347098
1659747304 3710300
1659747305 4528486
1659747306 5043524
1659747307 4911934
1659747308 4282384
1659747309 4882230
1659747310 4731792
1659747311 4169208
1659747312 4524068
1659747313 3553254
1659747314 3908832
1659747315 4085620
1659747316 4721286
1659747317 4938270
1659747318 4253930
1659747319 4831560
1659747320 4061110
1659747321 5890268
1659747322 5315766
1659747323 4987666
1659747324 4571662
1659747325 5384988
1659747326 5308960
1659747327 5570936
1659747328 4557386
1659747329 5276022
1659747330 4809944
1659747331 5283848
1659747332 5396240
1659747333 4474096
1659747334 4677868
1659747335 4838464
1659747336 4852618
1659747337 5251568
1659747338 4167734
1659747339 3313398
1659747340 4198022
1659747341 4886392
1659747342 4490474
1659747343 4384398
1659747344 4576572
1659747345 4111148
1659747346 5538098
1659747347 3878080
1659747348 2666806
1659747349 2197196
1659747350 1962956
1659747351 2368378
1659747352 2493956
1659747353 2447742
1659747354 2416960
1659747355 3047864
1659747356 1068088
1659747357 1762792
1659747358 2018928
1659747359 2485674
1659747360 3770862
1659747361 4900580
1659747362 4721798
1659747363 4068244
1659747364 4510910
1659747365 3366038
1659747366 4485052
1659747367 4188746
1659747368 3716016
1659747369 5548878
1659747370 4224274
1659747371 4663996
1659747372 4820746
1659747373 4509234
1659747374 4088498
1659747375 5557632
1659747376 5202768
1659747377 4272912
1659747378 4063460
1659747379 4875108
1659747380 4293284
1659747381 3799522
1659747382 4108694
1659747383 4349468
1659747384 4096416
1659747385 3681106
1659747386 4699644
1659747387 5161408
1659747388 4114632
1659747389 5393822
1659747390 4523456
1659747391 4967904
1659747392 3933622
1659747393 3805732
1659747394 4311982
1659747395 4595948
1659747396 3696168
1659747397 5077044
1659747398 4970378
1659747399 3950644
1659747400 5215916
1659747401 3840622
1659747402 4498208
1659747403 4719506
1659747404 5548652
1659747405 4958370
1659747406 5706920
1659747407 5567864
1659747408 4659468
1659747409 4932876
1659747410 4649778
1659747411 4280868
1659747412 4726852
1659747413 4746238
1659747414 4252610
1659747415 4008696
1659747416 4740682
1659747417 5009238
1659747418 4187418
1659747419 5574726
1659747420 4982850
1659747421 4194546
1659747422 5215488
1659747423 4842104
1659747424 3993494
1659747425 3876824
1659747426 4334472
1659747427 4166794
1659747428 4529310
1659747429 4159538
1659747430 4268274
1659747431 4802848
1659747432 4749014
1659747433 4965182
1659747434 4245366
1659747435 4497018
1659747436 5476636
1659747437 3697094
1659747438 4849616
1659747439 5669138
1659747440 4578670
1659747441 3318246
1659747442 4108036
1659747443 4740450
1659747444 4831672
1659747445 5643812
1659747446 5150806
1659747447 5178412
1659747448 4588612
1659747449 3550480
1659747450 4582406
1659747451 3866070
1659747452 3561624
1659747453 4053900
1659747454 4493080
1659747455 4311776
1659747456 4929304
1659747457 5414606
1659747458 3683074
1659747459 4709930
1659747460 3571682
1659747461 2063152
1659747462 2382856
1659747463 2180380
1659747464 2683412
1659747465 2773522
1659747466 1429414
1659747467 2586914
1659747468 2061104
1659747469 2907924
1659747470 2492160
1659747471 3665672
1659747472 3907446
1659747473 3374944
1659747474 5373996
1659747475 5023900
1659747476 4369012
1659747477 3874600
1659747478 3904140
1659747479 3846502
1659747480 4576022
1659747481 5654402
1659747482 5987160
1659747483 3173118
1659747484 4576006
1659747485 4948432
1659747486 4932588
1659747487 3940786
1659747488 4376260
1659747489 4300894
1659747490 5712462
1659747491 4510038
1659747492 4480778
1659747493 4375844
1659747494 4964290
1659747495 4946224
1659747496 4921264
1659747497 5788038
1659747498 3748714
1659747499 5528258
1659747500 4547950
1659747501 4084420
1659747502 3299106
1659747503 4342626
1659747504 5017590
1659747505 3703790
1659747506 5524482
1659747507 4345996
1659747508 4461234
1659747509 4235202
1659747510 5265806
1659747511 5096618
1659747512 3698344
1659747513 4031780
1659747514 3456710
1659747515 4028308
1659747516 3975600
1659747517 4610366
1659747518 4376720
1659747519 4760910
1659747520 3569756
1659747521 4387156
1659747522 3980926
1659747523 4399596
1659747524 3517370
1659747525 4833198
1659747526 4674638
1659747527 5050238
1659747528 4544992
1659747529 4317912
1659747530 4492478
1659747531 4796550
1659747532 5073226
1659747533 4080706
1659747534 3635506
1659747535 5179608
1659747536 5060648
1659747537 5777724
1659747538 3375150
1659747539 4097890
1659747540 4630584
1659747541 4886290
1659747542 3638044
1659747543 4022136
1659747544 3950374
1659747545 4214346
1659747546 4418702
1659747547 5027758
1659747548 4593544
1659747549 5304230
1659747550 4303730
1659747551 4796070
1659747552 4259434
1659747553 4319164
1659747554 4167070
1659747555 5286574
1659747556 5007830
1659747557 4235110
1659747558 5625050
1659747559 5112286
1659747560 3965520
1659747561 4790494
1659747562 3558674
1659747563 4187214
1659747564 4925146
1659747565 5522184
1659747566 4409722
1659747567 2197360
1659747568 1950982
1659747569 1438974
1659747570 1571836
1659747571 2911784
1659747572 4777754
1659747573 3784976
1659747574 4919036
1659747575 5089154
1659747576 4634434
1659747577 5066260
1659747578 5413658
1659747579 5417396
1659747580 5244050
1659747581 4296496
1659747582 3257958
1659747583 5100338
1659747584 4885102
1659747585 5337568
1659747586 4069744
1659747587 4979616
1659747588 3973148
1659747589 3987170
1659747590 4743424
1659747591 4852648
1659747592 4550760
1659747593 4931866
1659747594 4004706
1659747595 5092182
1659747596 4514022
1659747597 4321670
1659747598 4160050
1659747599 4899098
1659747600 4410466
1659747601 5030112
1659747602 3341510
1659747603 3878460
1659747604 4839746
1659747605 4663010
1659747606 4527456
1659747607 4806786
1659747608 4551886
1659747609 4203048
1659747610 4849558
1659747611 4122452
1659747612 5094730
1659747613 3491484
1659747614 3700944
1659747615 4306122
1659747616 4654454
1659747617 3916548
1659747618 4081744
1659747619 3453324
1659747620 4377162
1659747621 4073446
1659747622 4059766
1659747623 4199364
1659747624 4263568
1659747625 3774228
1659747626 3916106
1659747627 4587196
1659747628 4451198
1659747629 4407254
1659747630 4692770
1659747631 5246360
1659747632 4273964
1659747633 3988984
1659747634 4654208
1659747635 4363588
1659747636 3543276
1659747637 4585600
1659747638 4810720
1659747639 4945662
1659747640 4833616
1659747641 3563054
1659747642 5056612
1659747643 4655338
1659747644 4441994
1659747645 5117168
1659747646 4957118
1659747647 4973302
1659747648 4623022
1659747649 4256782
1659747650 3597770
1659747651 4332472
1659747652 3452532
1659747653 4613844
1659747654 4737826
1659747655 4393536
1659747656 3751222
1659747657 4369956
1659747658 4665538
1659747659 4114628
1659747660 4555118
1659747661 4759658
1659747662 3704218
1659747663 4152576
1659747664 4695822
1659747665 4051572
1659747666 4598266
1659747667 4441098
1659747668 3819156
1659747669 4744276
1659747670 5817204
1659747671 3853436
1659747672 3758956
1659747673 3877230
1659747674 5124420
1659747675 4783726
1659747676 4262754
1659747677 3641294
1659747678 1934996
1659747679 2698504
1659747680 2381672
1659747681 2790478
1659747682 3228210
1659747683 5348552
1659747684 4640510
1659747685 5729778
1659747686 4185892
1659747687 5175766
1659747688 4774862
1659747689 5617962
1659747690 4785324
1659747691 4557240
1659747692 4348548
1659747693 3669030
1659747694 4937354
1659747695 5891508
1659747696 5467102
1659747697 4698908
1659747698 4555888
1659747699 5316178
1659747700 4177590
1659747701 4240736
1659747702 5694104
1659747703 3854092
1659747704 4429254
1659747705 5368196
1659747706 4009896
1659747707 4181606
1659747708 4474690
1659747709 4164354
1659747710 3956222
1659747711 4546996
1659747712 4717648
1659747713 5001368
1659747714 3934054
1659747715 4723060
1659747716 5459316
1659747717 4961718
1659747718 5078502
1659747719 3668172
1659747720 4082562
1659747721 3416734
1659747722 4356252
1659747723 4004962
1659747724 4554826
1659747725 4176272
1659747726 4286200
1659747727 4163136
1659747728 4634854
1659747729 5207746
1659747730 4918970
1659747731 4223862
1659747732 3646664
1659747733 4414082
1659747734 3401958
1659747735 4622882
1659747736 3370496
1659747737 5128264
1659747738 4036814
1659747739 3995706
1659747740 4294594
1659747741 4545704
1659747742 4035614
1659747743 3968556
1659747744 4854816
1659747745 5394834
1659747746 4179052
1659747747 4350462
1659747748 4528496
1659747749 5389142
1659747750 4715408
1659747751 3848584
1659747752 5673406
1659747753 4817058
1659747754 4879546
1659747755 4918676
1659747756 5284528
1659747757 3944392
1659747758 4468818
1659747759 5276020
1659747760 4451452
1659747761 4268342
1659747762 5308198
1659747763 5208046
1659747764 5191922
1659747765 4554488
1659747766 4386286
1659747767 4901014
1659747768 5303472
1659747769 4311532
1659747770 4974714
1659747771 3139612
1659747772 5035458
1659747773 4118894
1659747774 5174750
1659747775 4530544
1659747776 3988336
1659747777 4433334
1659747778 4462330
1659747779 4552920
1659747780 2505576
1659747781 1346304
1659747782 1978958
1659747783 2654878
1659747784 2964872
1659747785 2299562
1659747786 2333926
1659747787 2463132
1659747788 2238954
1659747789 2440272
1659747790 4073968
1659747791 4696884
1659747792 4791592
1659747793 5073054
1659747794 4653324
1659747795 4372304
1659747796 5078086
1659747797 5018362
1659747798 4865184
1659747799 4362696
1659747800 4395900
1659747801 3171276
1659747802 4650348
1659747803 4673526
1659747804 4598280
1659747805 3878396
1659747806 4210128
1659747807 5114980
1659747808 5280372
1659747809 4927864
1659747810 4911578
1659747811 5353522
1659747812 5280154
1659747813 4470686
1659747814 5885276
1659747815 5000026
1659747816 5361546
1659747817 4421826
1659747818 5037872
1659747819 5385484
1659747820 5054962
1659747821 5138864
1659747822 4037566
1659747823 4400380
1659747824 5545638
1659747825 5141656
1659747826 4501006
1659747827 3643886
1659747828 3646060
1659747829 4405168
1659747830 4505760
1659747831 4938762
1659747832 4146034
1659747833 4023854
1659747834 5145074
1659747835 4605548
1659747836 5938056
1659747837 4343712
1659747838 4084924
1659747839 4051530
1659747840 5361128
1659747841 4464528
1659747842 4443038
1659747843 5057984
1659747844 4248304
1659747845 4122436
1659747846 4272636
1659747847 3928562
1659747848 4989358
1659747849 4871022
1659747850 5007838
1659747851 4974074
1659747852 4701746
1659747853 4079594
1659747854 4150194
1659747855 3999584
1659747856 3743260
1659747857 4573844
1659747858 5092924
1659747859 4593858
1659747860 5131546
1659747861 3968094
1659747862 4431910
1659747863 4361584
1659747864 4536542
1659747865 3501864
1659747866 4927964
1659747867 4320578
1659747868 4375212
1659747869 5020204
1659747870 4908404
1659747871 4891390
1659747872 4668930
1659747873 5071032
1659747874 5056092
1659747875 4111314
1659747876 4899876
1659747877 5230902
1659747878 4844582
1659747879 4044120
1659747880 4128534
1659747881 4656966
1659747882 3992432
1659747883 4460654
1659747884 4186872
1659747885 5152888
1659747886 5419880
1659747887 4666740
1659747888 4578958
1659747889 5979422
1659747890 4537222
1659747891 5158596
1659747892 4432796
1659747893 2086978
1659747894 1862438
1659747895 2904896
1659747896 3064626
1659747897 2504606
1659747898 2337502
1659747899 2589484
1659747900 2537412
1659747901 1949764
1659747902 3105934
1659747903 2570178
1659747904 3103516
1659747905 1216060
1659747906 2367094
1659747907 2073486
1659747908 4009796
1659747909 3874426
1659747910 4488674
1659747911 4308180
1659747912 4289572
1659747913 3923546
1659747914 4989898
1659747915 5515706
1659747916 4009142
1659747917 4591154
1659747918 5183256
1659747919 5086076
1659747920 4947160
1659747921 3765160
1659747922 4774368
1659747923 4862794
1659747924 4246774
1659747925 4383604
1659747926 4495552
1659747927 4410332
1659747928 3793712
1659747929 5773234
1659747930 4694088
1659747931 5471820
1659747932 5836744
1659747933 4670134
1659747934 4227310
1659747935 4272334
1659747936 4071372
1659747937 4496360
1659747938 3631932
1659747939 3870874
1659747940 5463086
1659747941 4415966
1659747942 4324508
1659747943 4542676
1659747944 4833308
1659747945 3760224
1659747946 4182848
1659747947 4658654
1659747948 3508444
1659747949 4609420
1659747950 4149050
1659747951 5014084
1659747952 4433136
1659747953 4069396
1659747954 5925418
1659747955 4332324
1659747956 5046758
1659747957 5302660
1659747958 4164002
1659747959 4483836
1659747960 3802642
1659747961 5876914
1659747962 5391608
1659747963 5125674
1659747964 5268086
1659747965 4222072
1659747966 3605398
1659747967 4222996
1659747968 4506242
1659747969 4706270
1659747970 4884722
1659747971 3923958
1659747972 4282248
1659747973 3868420
1659747974 3429070
1659747975 4240228
1659747976 4629652
1659747977 4605138
1659747978 4626064
1659747979 4507022
1659747980 4545880
1659747981 4706362
1659747982 4056804
1659747983 4238212
1659747984 4981614
1659747985 5248144
1659747986 4586736
1659747987 5291346
1659747988 4695846
1659747989 5037576
1659747990 4602222
1659747991 4475776
1659747992 3466174
1659747993 3937760
1659747994 4564922
1659747995 3394108
1659747996 3659120
1659747997 3470796
1659747998 4096390
1659747999 3188160
1659748000 5460960
1659748001 4272726
1659748002 3791924
1659748003 3159028
1659748004 1375274
1659748005 1650800
1659748006 875488
1659748007 2632302
1659748008 4424240
1659748009 4438684
1659748010 4932140
1659748011 4605628
1659748012 4605638
1659748013 4753716
1659748014 4748598
1659748015 4517172
1659748016 4241532
1659748017 5332292
1659748018 4460788
1659748019 4464054
1659748020 3972986
1659748021 4411026
1659748022 4125868
1659748023 4351858
1659748024 4487146
1659748025 4450140
1659748026 4789640
1659748027 4154270
1659748028 4378180
1659748029 4840866
1659748030 3615446
1659748031 5118124
1659748032 4501276
1659748033 4368380
1659748034 5405464
1659748035 5196904
1659748036 4655534
1659748037 4653262
1659748038 3906372
1659748039 4746310
1659748040 4714868
1659748041 4210768
1659748042 4487432
1659748043 3799432
1659748044 4702298
1659748045 4403496
1659748046 4013740
1659748047 4205716
1659748048 4164598
1659748049 4713674
1659748050 4459226
1659748051 4712060
1659748052 4351330
1659748053 4331472
1659748054 4976376
1659748055 3997892
1659748056 4518168
1659748057 4697348
1659748058 3967722
1659748059 4684426
1659748060 3190040
1659748061 4365560
1659748062 3799560
1659748063 5372628
1659748064 4650796
1659748065 3261108
1659748066 4607942
1659748067 4438922
1659748068 4785074
1659748069 4265698
1659748070 4120934
1659748071 4358440
1659748072 5010600
1659748073 4290536
1659748074 4357634
1659748075 4461004
1659748076 4066566
1659748077 4482494
1659748078 5452338
1659748079 3764206
1659748080 4239116
1659748081 5023924
1659748082 5288324
1659748083 5008500
1659748084 3968162
1659748085 4478070
1659748086 4296098
1659748087 4864836
1659748088 4274684
1659748089 4245310
1659748090 5002006
1659748091 3706206
1659748092 4248546
1659748093 3363156
1659748094 4854910
1659748095 4581158
1659748096 4587048
1659748097 3401344
1659748098 4543932
1659748099 4733624
1659748100 3490976
1659748101 4011174
1659748102 4207454
1659748103 3706326
1659748104 4197880
1659748105 4385732
1659748106 5575732
1659748107 3399632
1659748108 3969842
1659748109 4717480
1659748110 4949484
1659748111 5199944
1659748112 4428560
1659748113 3692138
1659748114 5068894
1659748115 4774690
1659748116 4149682
1659748117 4793380
1659748118 2305306
1659748119 2811292
1659748120 2350808
1659748121 2344146
1659748122 3880784
1659748123 4035490
1659748124 4749942
1659748125 4975264
1659748126 6274596
1659748127 5048032
1659748128 4989722
1659748129 4730530
1659748130 3620638
1659748131 4398380
1659748132 4073818
1659748133 4903628
1659748134 5387904
1659748135 5051308
1659748136 4177020
1659748137 4309872
1659748138 4298920
1659748139 3897154
1659748140 4095512
1659748141 4893894
1659748142 4722290
1659748143 4926760
1659748144 4050996
1659748145 4702628
1659748146 4083768
1659748147 4511394
1659748148 4614784
1659748149 4148320
1659748150 5176248
1659748151 4697032
1659748152 4453088
1659748153 4748386
1659748154 5432030
1659748155 4340106
1659748156 4474684
1659748157 5215256
1659748158 3838478
1659748159 4888766
1659748160 5523376
1659748161 4469700
1659748162 4145914
1659748163 4243700
1659748164 4278350
1659748165 3863696
1659748166 4034096
1659748167 4405664
1659748168 4574710
1659748169 4007396
1659748170 4742820
1659748171 5550660
1659748172 4764680
1659748173 3827356
1659748174 5891342
1659748175 4282118
1659748176 5161024
1659748177 4837382
1659748178 3738908
1659748179 5599554
1659748180 3915004
1659748181 3859592
1659748182 5252308
1659748183 4634416
1659748184 4438072
1659748185 4878274
1659748186 4532022
1659748187 5261614
1659748188 3769144
1659748189 4417336
1659748190 4895570
1659748191 4898234
1659748192 4413290
1659748193 3995150
1659748194 5270996
1659748195 5213732
1659748196 5292324
1659748197 4816036
1659748198 4616362
1659748199 4420082
1659748200 5856564
1659748201 4953468
1659748202 4319838
1659748203 3556826
1659748204 4264338
1659748205 4833654
1659748206 4701242
1659748207 4544118
1659748208 4634322
1659748209 5177070
1659748210 4500614
1659748211 4558540
1659748212 4452446
1659748213 4486630
1659748214 4865732
1659748215 4228744
1659748216 4785720
1659748217 4318244
1659748218 4416430
1659748219 3804036
1659748220 5030368
1659748221 2975452
1659748222 262210
1659748223 1407730
1659748224 3047252
1659748225 2536468
1659748226 2267250
1659748227 2336074
1659748228 2846986
1659748229 3350696
1659748230 1871848
1659748231 248


# events lost
1659747162 834616
1659747163 3188174
1659747164 1785420
1659747165 1957574
1659747166 1955824
1659747167 1950998
1659747168 1497408
1659747169 2265636
1659747170 1921048
1659747171 2105216
1659747172 2750636
1659747173 2019818
1659747174 2429500
1659747175 3393278
1659747176 2285286
1659747177 1868464
1659747178 1567058
1659747179 2664532
1659747180 2063588
1659747181 2357530
1659747182 2618568
1659747183 2713852
1659747184 2804478
1659747185 3284082
1659747186 2275772
1659747187 2524276
1659747188 2985806
1659747189 3333250
1659747190 4813902
1659747191 4012906
1659747192 3913276
1659747193 5812772
1659747194 4573964
1659747195 4084636
1659747196 4772920
1659747197 3361198
1659747198 4270222
1659747199 4759748
1659747200 3557834
1659747201 4542234
1659747202 5535484
1659747203 6238988
1659747204 3961332
1659747205 4358698
1659747206 4026444
1659747207 4472128
1659747208 4709062
1659747209 4691562
1659747210 3816288
1659747211 4430872
1659747212 4874574
1659747213 3202450
1659747214 4520492
1659747215 3461004
1659747216 5280868
1659747217 4492142
1659747218 5480122
1659747219 5717468
1659747220 4267370
1659747221 4760838
1659747222 4115740
1659747223 5235132
1659747224 4173388
1659747225 4365538
1659747226 4823002
1659747227 6174726
1659747228 4351842
1659747229 5789916
1659747230 3967940
1659747231 3944936
1659747232 4039442
1659747233 5071950
1659747234 5140802
1659747235 4099452
1659747236 4574468
1659747237 4863996
1659747238 4253444
1659747239 4650836
1659747240 4709076
1659747241 4999656
1659747242 4637028
1659747243 4571110
1659747244 4510062
1659747245 4683586
1659747246 4820748
1659747247 6337878
1659747248 5245550
1659747249 5103042
1659747250 3746926
1659747251 4341012
1659747252 4851460
1659747253 4096022
1659747254 4195826
1659747255 4222224
1659747256 4817844
1659747257 4042678
1659747258 3619352
1659747259 4389916
1659747260 4643474
1659747261 4361558
1659747262 4522080
1659747263 5030586
1659747264 4386654
1659747265 5271746
1659747266 4146524
1659747267 4233528
1659747268 4988710
1659747269 5030778
1659747270 5054858
1659747271 4052120
1659747272 4366952
1659747273 4199430
1659747274 4610648
1659747275 5443152
1659747276 5015712
1659747277 4415916
1659747278 4106008
1659747279 4469194
1659747280 4847800
1659747281 5048266
1659747282 4479104
1659747283 4778970
1659747284 4157854
1659747285 4849848
1659747286 4497478
1659747287 5206406
1659747288 5229208
1659747289 4837758
1659747290 4600416
1659747291 4732592
1659747292 4541136
1659747293 4016614
1659747294 3934272
1659747295 4697576
1659747296 3607016
1659747297 4438534
1659747298 4173970
1659747299 5400312
1659747300 5467464
1659747301 3846268
1659747302 5776484
1659747303 5665446
1659747304 5454330
1659747305 4848094
1659747306 4020008
1659747307 4287646
1659747308 4574626
1659747309 4226004
1659747310 4549774
1659747311 5138214
1659747312 4780020
1659747313 5481210
1659747314 4933112
1659747315 5239350
1659747316 4870606
1659747317 4276012
1659747318 4459210
1659747319 4617794
1659747320 4980046
1659747321 3784718
1659747322 4014628
1659747323 3844350
1659747324 4869892
1659747325 4022002
1659747326 3997336
1659747327 3619814
1659747328 4247910
1659747329 3937464
1659747330 3727864
1659747331 3955880
1659747332 3957654
1659747333 4364884
1659747334 4547172
1659747335 4424352
1659747336 4392400
1659747337 4048916
1659747338 4857770
1659747339 5859972
1659747340 4926166
1659747341 4439484
1659747342 4911804
1659747343 4440420
1659747344 4570394
1659747345 4845974
1659747346 3759322
1659747347 5356512
1659747348 6332552
1659747349 7116946
1659747350 7036148
1659747351 6541508
1659747352 6683534
1659747353 6591684
1659747354 6832458
1659747355 6288084
1659747356 8253336
1659747357 7542016
1659747358 7001866
1659747359 6665052
1659747360 5834316
1659747361 4322866
1659747362 4504340
1659747363 4864034
1659747364 4823374
1659747365 5814020
1659747366 4604330
1659747367 5131534
1659747368 5212992
1659747369 3735174
1659747370 4883616
1659747371 4477882
1659747372 4327848
1659747373 4495342
1659747374 5398998
1659747375 3792496
1659747376 3920376
1659747377 5277078
1659747378 4720464
1659747379 4046528
1659747380 4760590
1659747381 5595352
1659747382 4956352
1659747383 4610590
1659747384 5302000
1659747385 5340898
1659747386 4558836
1659747387 4157074
1659747388 4720776
1659747389 4130652
1659747390 4762646
1659747391 4176950
1659747392 5302510
1659747393 5115078
1659747394 4584198
1659747395 4651436
1659747396 5103026
1659747397 4320980
1659747398 3911224
1659747399 5384460
1659747400 4100242
1659747401 5508718
1659747402 4814562
1659747403 4263208
1659747404 3944484
1659747405 4415808
1659747406 3602928
1659747407 3421902
1659747408 4373128
1659747409 4110688
1659747410 4548904
1659747411 4772142
1659747412 4471426
1659747413 4133634
1659747414 5206870
1659747415 5404288
1659747416 4297962
1659747417 4154010
1659747418 4782816
1659747419 3904622
1659747420 4221100
1659747421 5174782
1659747422 3822736
1659747423 4139138
1659747424 5216042
1659747425 5306156
1659747426 4732048
1659747427 5027826
1659747428 4298346
1659747429 5328086
1659747430 5030994
1659747431 4310886
1659747432 4562278
1659747433 3398182
1659747434 4906268
1659747435 4628260
1659747436 3683452
1659747437 5612598
1659747438 3626836
1659747439 3586162
1659747440 4395256
1659747441 5985472
1659747442 4985872
1659747443 3966002
1659747444 4490326
1659747445 3721336
1659747446 4247430
1659747447 4532682
1659747448 3952128
1659747449 5909772
1659747450 4642586
1659747451 5468032
1659747452 6102702
1659747453 4698658
1659747454 4713360
1659747455 4882184
1659747456 4278922
1659747457 4060132
1659747458 4034326
1659747459 4664102
1659747460 5681040
1659747461 7298058
1659747462 6990628
1659747463 6839526
1659747464 6536070
1659747465 6584644
1659747466 8007736
1659747467 6740534
1659747468 6825984
1659747469 6345992
1659747470 5991552
1659747471 5989372
1659747472 5099600
1659747473 5042914
1659747474 4048974
1659747475 4145678
1659747476 4848636
1659747477 5671756
1659747478 4837578
1659747479 5240188
1659747480 4636458
1659747481 3593950
1659747482 3550284
1659747483 5159442
1659747484 4852432
1659747485 4251528
1659747486 4446370
1659747487 5107100
1659747488 4579886
1659747489 4898092
1659747490 3815720
1659747491 4913950
1659747492 4768854
1659747493 4231294
1659747494 4415866
1659747495 4148822
1659747496 4318338
1659747497 3543466
1659747498 4637276
1659747499 3642820
1659747500 4658774
1659747501 5279362
1659747502 6068958
1659747503 4373884
1659747504 3883994
1659747505 5627122
1659747506 3674792
1659747507 5044902
1659747508 4243336
1659747509 4991900
1659747510 4183054
1659747511 4264674
1659747512 5523288
1659747513 4519678
1659747514 5313488
1659747515 5253450
1659747516 5361918
1659747517 4556844
1659747518 4562958
1659747519 4386472
1659747520 5657612
1659747521 4861178
1659747522 5497350
1659747523 3882984
1659747524 6057702
1659747525 4362382
1659747526 4769136
1659747527 4336892
1659747528 4367576
1659747529 4943974
1659747530 4585848
1659747531 4524442
1659747532 4284294
1659747533 4458828
1659747534 5765460
1659747535 4157718
1659747536 3760762
1659747537 3267840
1659747538 5413868
1659747539 5265536
1659747540 4457734
1659747541 4632820
1659747542 5315822
1659747543 5014778
1659747544 5454200
1659747545 4803514
1659747546 4728754
1659747547 4158664
1659747548 4172720
1659747549 4315354
1659747550 4882418
1659747551 4587248
1659747552 4961828
1659747553 4430968
1659747554 5244794
1659747555 4081568
1659747556 4171136
1659747557 4725604
1659747558 3209806
1659747559 4208186
1659747560 5284058
1659747561 4337674
1659747562 5829710
1659747563 4484824
1659747564 4324374
1659747565 3763878
1659747566 4694578
1659747567 6969972
1659747568 6963564
1659747569 7818636
1659747570 7977256
1659747571 6374482
1659747572 4171006
1659747573 4992500
1659747574 4243366
1659747575 4340904
1659747576 4577328
1659747577 4267596
1659747578 3543472
1659747579 3792542
1659747580 4020492
1659747581 4857170
1659747582 6069532
1659747583 3579668
1659747584 4545766
1659747585 4108516
1659747586 5229762
1659747587 4363352
1659747588 4729824
1659747589 5426120
1659747590 4688766
1659747591 4392722
1659747592 4231134
1659747593 4036672
1659747594 5263782
1659747595 4172722
1659747596 5021794
1659747597 4754312
1659747598 4587898
1659747599 4450488
1659747600 4853968
1659747601 4016142
1659747602 5754082
1659747603 5095116
1659747604 4622642
1659747605 4518562
1659747606 4874484
1659747607 4642564
1659747608 4073764
1659747609 5106102
1659747610 4420348
1659747611 4978506
1659747612 4195516
1659747613 5313766
1659747614 5786742
1659747615 5007580
1659747616 4483806
1659747617 4963200
1659747618 4824528
1659747619 5916924
1659747620 5030272
1659747621 5106756
1659747622 5228936
1659747623 4145036
1659747624 5141786
1659747625 5664656
1659747626 5069600
1659747627 4901486
1659747628 4372034
1659747629 4869414
1659747630 4593716
1659747631 4391684
1659747632 4816766
1659747633 4710520
1659747634 4636058
1659747635 5006636
1659747636 5676942
1659747637 4836016
1659747638 3586334
1659747639 4272690
1659747640 4482620
1659747641 5930186
1659747642 4313552
1659747643 4192844
1659747644 4977342
1659747645 4340302
1659747646 4404556
1659747647 4073240
1659747648 4197208
1659747649 4686880
1659747650 5543568
1659747651 5074102
1659747652 6009430
1659747653 4456160
1659747654 4730936
1659747655 4962360
1659747656 5527896
1659747657 4559192
1659747658 3999964
1659747659 5273980
1659747660 4739530
1659747661 4560978
1659747662 5626414
1659747663 4557232
1659747664 4591832
1659747665 5142796
1659747666 4831232
1659747667 4796762
1659747668 4522540
1659747669 4576220
1659747670 3614814
1659747671 5639372
1659747672 5467122
1659747673 4346116
1659747674 3915702
1659747675 4429034
1659747676 5210406
1659747677 5774890
1659747678 7053146
1659747679 6557766
1659747680 7114176
1659747681 6304186
1659747682 5892184
1659747683 3314934
1659747684 4295934
1659747685 3587812
1659747686 5278936
1659747687 4021590
1659747688 3949426
1659747689 3503500
1659747690 4582414
1659747691 4706354
1659747692 4896162
1659747693 5310980
1659747694 4114444
1659747695 3381086
1659747696 3818358
1659747697 4663010
1659747698 3913560
1659747699 4018406
1659747700 5080112
1659747701 5055752
1659747702 3596308
1659747703 5130466
1659747704 4854828
1659747705 3768694
1659747706 5117530
1659747707 5087024
1659747708 3812724
1659747709 5086304
1659747710 5237108
1659747711 4874170
1659747712 4749030
1659747713 3758216
1659747714 5157928
1659747715 4330218
1659747716 3723786
1659747717 4315416
1659747718 3752036
1659747719 5461306
1659747720 5083064
1659747721 6091944
1659747722 5072838
1659747723 4331738
1659747724 4482482
1659747725 4969846
1659747726 4831898
1659747727 5355560
1659747728 4283858
1659747729 4237320
1659747730 4368334
1659747731 5107040
1659747732 5478862
1659747733 4452070
1659747734 5914580
1659747735 4422286
1659747736 5851444
1659747737 3955836
1659747738 4940778
1659747739 4739290
1659747740 4676426
1659747741 4633226
1659747742 5364356
1659747743 4898896
1659747744 4332000
1659747745 3800524
1659747746 5148842
1659747747 4930042
1659747748 4294802
1659747749 4035630
1659747750 4483516
1659747751 5282434
1659747752 3780248
1659747753 4025796
1659747754 4564802
1659747755 4054652
1659747756 4152102
1659747757 5094822
1659747758 4198334
1659747759 4011582
1659747760 4829320
1659747761 5104352
1659747762 3785274
1659747763 3569472
1659747764 4264404
1659747765 4959510
1659747766 4796582
1659747767 4320508
1659747768 3334074
1659747769 4693928
1659747770 4036542
1659747771 6107040
1659747772 4036790
1659747773 4476956
1659747774 4253114
1659747775 4677832
1659747776 5075238
1659747777 4700284
1659747778 4432196
1659747779 4828982
1659747780 6816130
1659747781 7934950
1659747782 7061524
1659747783 6240632
1659747784 6216388
1659747785 7033788
1659747786 6582568
1659747787 6807842
1659747788 6804936
1659747789 7016590
1659747790 5204080
1659747791 4145914
1659747792 4306158
1659747793 3862208
1659747794 4731290
1659747795 4963584
1659747796 3498404
1659747797 4081134
1659747798 3852374
1659747799 4693850
1659747800 4951156
1659747801 5927094
1659747802 4502338
1659747803 4090488
1659747804 5025184
1659747805 5219406
1659747806 5119930
1659747807 4259658
1659747808 3226282
1659747809 4667876
1659747810 4391072
1659747811 4004336
1659747812 3992768
1659747813 4461912
1659747814 3263858
1659747815 4564230
1659747816 3820410
1659747817 4578742
1659747818 3937610
1659747819 3941686
1659747820 4084582
1659747821 4020572
1659747822 5093918
1659747823 4263422
1659747824 3616898
1659747825 3914052
1659747826 4822022
1659747827 5447968
1659747828 4526480
1659747829 4707822
1659747830 4690232
1659747831 4614172
1659747832 5145068
1659747833 4619686
1659747834 4122820
1659747835 4690526
1659747836 3680144
1659747837 4963846
1659747838 4504722
1659747839 5228428
1659747840 3782960
1659747841 4730838
1659747842 4806180
1659747843 3788904
1659747844 4725338
1659747845 4982080
1659747846 4805794
1659747847 5330740
1659747848 4108266
1659747849 4632926
1659747850 4130266
1659747851 4282166
1659747852 4565600
1659747853 4266006
1659747854 5015092
1659747855 5315708
1659747856 5921536
1659747857 4409194
1659747858 3749414
1659747859 4959046
1659747860 3882752
1659747861 5534272
1659747862 4963168
1659747863 4361094
1659747864 4590100
1659747865 5800998
1659747866 4202942
1659747867 4912976
1659747868 4182976
1659747869 4345262
1659747870 4445642
1659747871 4419176
1659747872 4325414
1659747873 3751884
1659747874 3704892
1659747875 5350022
1659747876 4346408
1659747877 4232968
1659747878 3956392
1659747879 4998720
1659747880 5133142
1659747881 4360636
1659747882 5503480
1659747883 4251620
1659747884 4388338
1659747885 4172758
1659747886 3822780
1659747887 4563894
1659747888 4354220
1659747889 3108722
1659747890 4474738
1659747891 4027778
1659747892 4980558
1659747893 7111708
1659747894 7439816
1659747895 6500306
1659747896 6041114
1659747897 6883768
1659747898 6348836
1659747899 6645718
1659747900 6331546
1659747901 7022056
1659747902 6409514
1659747903 6386238
1659747904 6272726
1659747905 7783218
1659747906 6894552
1659747907 7260982
1659747908 4698040
1659747909 5443994
1659747910 4439404
1659747911 4452196
1659747912 5104308
1659747913 4922138
1659747914 4063290
1659747915 3431128
1659747916 5345320
1659747917 4940872
1659747918 3720264
1659747919 4439888
1659747920 4187306
1659747921 5489612
1659747922 4473248
1659747923 4096780
1659747924 5116408
1659747925 4767502
1659747926 4728828
1659747927 4946674
1659747928 4974098
1659747929 3420088
1659747930 4409130
1659747931 3708832
1659747932 3498866
1659747933 4272446
1659747934 5024832
1659747935 4841084
1659747936 5059592
1659747937 4447088
1659747938 5272616
1659747939 5189702
1659747940 3750048
1659747941 4830358
1659747942 4892566
1659747943 4540896
1659747944 4315864
1659747945 5552332
1659747946 5082338
1659747947 4513722
1659747948 5083022
1659747949 4437462
1659747950 5133454
1659747951 4024218
1659747952 4526742
1659747953 4711512
1659747954 3571970
1659747955 5076020
1659747956 3970292
1659747957 3830158
1659747958 4690030
1659747959 5017594
1659747960 5430404
1659747961 3331622
1659747962 3993528
1659747963 3361006
1659747964 3747178
1659747965 4713312
1659747966 5505378
1659747967 4913026
1659747968 4333028
1659747969 4517940
1659747970 4418080
1659747971 5444680
1659747972 4883314
1659747973 4988820
1659747974 5769340
1659747975 4953804
1659747976 4593826
1659747977 4562772
1659747978 4079964
1659747979 4904810
1659747980 4500224
1659747981 4838574
1659747982 4754596
1659747983 4667856
1659747984 4590628
1659747985 3828564
1659747986 4602920
1659747987 3799214
1659747988 4098532
1659747989 4142204
1659747990 4599434
1659747991 4784414
1659747992 5734274
1659747993 4408258
1659747994 4749922
1659747995 5858034
1659747996 5555446
1659747997 5918064
1659747998 4231788
1659747999 5991712
1659748000 3899810
1659748001 4930560
1659748002 5455484
1659748003 5713534
1659748004 7892600
1659748005 7883468
1659748006 8675018
1659748007 6544064
1659748008 4447744
1659748009 4277880
1659748010 4209062
1659748011 4615214
1659748012 4786630
1659748013 4426910
1659748014 4464880
1659748015 4470984
1659748016 4872350
1659748017 4083288
1659748018 4449214
1659748019 5045102
1659748020 5179828
1659748021 4862886
1659748022 5399162
1659748023 4346600
1659748024 4274916
1659748025 4743074
1659748026 4459706
1659748027 5066276
1659748028 4578124
1659748029 3954812
1659748030 5471346
1659748031 4202762
1659748032 4502096
1659748033 4568764
1659748034 3542092
1659748035 4185214
1659748036 4375864
1659748037 4809764
1659748038 5194538
1659748039 4484036
1659748040 4222482
1659748041 5178776
1659748042 4727226
1659748043 5131898
1659748044 4414110
1659748045 4902738
1659748046 5315924
1659748047 4915832
1659748048 4668740
1659748049 4573578
1659748050 4673588
1659748051 4641792
1659748052 5360208
1659748053 4393180
1659748054 4113046
1659748055 5030358
1659748056 4846130
1659748057 4705900
1659748058 5285932
1659748059 4633262
1659748060 5970108
1659748061 4857656
1659748062 5482886
1659748063 3496176
1659748064 4499980
1659748065 5512264
1659748066 4634154
1659748067 4610026
1659748068 4086722
1659748069 4824310
1659748070 5029842
1659748071 4762602
1659748072 4102772
1659748073 4646078
1659748074 4764622
1659748075 4758342
1659748076 4951400
1659748077 4601532
1659748078 3537606
1659748079 5696182
1659748080 4741264
1659748081 4154770
1659748082 3690714
1659748083 3985512
1659748084 5332038
1659748085 4867770
1659748086 4816164
1659748087 4569184
1659748088 4550684
1659748089 5240060
1659748090 3968974
1659748091 5558010
1659748092 5203380
1659748093 5643986
1659748094 4416062
1659748095 4422088
1659748096 4441738
1659748097 5652192
1659748098 4381046
1659748099 4665930
1659748100 5806792
1659748101 5085552
1659748102 5168028
1659748103 5211556
1659748104 4866420
1659748105 4867262
1659748106 3467732
1659748107 5779206
1659748108 5030290
1659748109 4391670
1659748110 4751406
1659748111 4140520
1659748112 4672574
1659748113 5340434
1659748114 4447302
1659748115 4455820
1659748116 5009994
1659748117 4409784
1659748118 6524182
1659748119 6453668
1659748120 6789724
1659748121 6986592
1659748122 5057892
1659748123 4602214
1659748124 4597528
1659748125 4269820
1659748126 3445210
1659748127 3812598
1659748128 3718306
1659748129 4688562
1659748130 5567892
1659748131 4825034
1659748132 5305422
1659748133 3753548
1659748134 4322748
1659748135 4100752
1659748136 5419554
1659748137 4574508
1659748138 4424496
1659748139 5266248
1659748140 5373740
1659748141 4484862
1659748142 4249598
1659748143 3728862
1659748144 5060052
1659748145 4414898
1659748146 5335472
1659748147 4650148
1659748148 3949210
1659748149 5292830
1659748150 4003300
1659748151 4556402
1659748152 4513570
1659748153 4049040
1659748154 3861320
1659748155 4936840
1659748156 4849754
1659748157 4297158
1659748158 4617616
1659748159 4555050
1659748160 3695140
1659748161 4810120
1659748162 5221212
1659748163 4080056
1659748164 4994858
1659748165 5305810
1659748166 5008686
1659748167 4835746
1659748168 4039178
1659748169 5168658
1659748170 4725140
1659748171 3932922
1659748172 4420562
1659748173 5054854
1659748174 3536514
1659748175 4947104
1659748176 4085824
1659748177 4524900
1659748178 4717306
1659748179 3855420
1659748180 5346414
1659748181 5433396
1659748182 4190012
1659748183 3870462
1659748184 4864258
1659748185 4438254
1659748186 4787210
1659748187 4074812
1659748188 4617476
1659748189 4331168
1659748190 4184078
1659748191 4505024
1659748192 4766094
1659748193 4873020
1659748194 3862374
1659748195 3848526
1659748196 4041602
1659748197 4162536
1659748198 4412788
1659748199 4587238
1659748200 3540260
1659748201 4078102
1659748202 5102524
1659748203 5023000
1659748204 5065022
1659748205 4601342
1659748206 4585366
1659748207 4617946
1659748208 4189018
1659748209 3636540
1659748210 4892916
1659748211 4567094
1659748212 4786308
1659748213 4128222
1659748214 4456172
1659748215 5019794
1659748216 4452042
1659748217 4693128
1659748218 4190432
1659748219 5287474
1659748220 4265432
1659748221 6344208
1659748222 9548846
1659748223 7689790
1659748224 6495574
1659748225 6648656
1659748226 7042986
1659748227 6911366
1659748228 6058118
1659748229 5623164
1659748230 3392978
1659748231 986
