# events called
1662454513 534982
1662454514 3413306
1662454515 1907682
1662454516 13952674
1662454517 16374138
1662454518 17301532
1662454519 16052004
1662454520 16866402
1662454521 16704222
1662454522 16739626
1662454523 16324530
1662454524 15791244
1662454525 16634686
1662454526 15993174
1662454527 16690336
1662454528 16755420
1662454529 17005580
1662454530 14873496
1662454531 16781390
1662454532 15693194
1662454533 16842340
1662454534 16030910
1662454535 15447274
1662454536 16958622
1662454537 15510132
1662454538 16025716
1662454539 16683764
1662454540 15809476
1662454541 14584752
1662454542 17233162
1662454543 16641152
1662454544 16660974
1662454545 13809468
1662454546 16666804
1662454547 16798032
1662454548 16853046
1662454549 13762298
1662454550 16359086
1662454551 17217050
1662454552 16842976
1662454553 16802484
1662454554 13036834
1662454555 16062816
1662454556 17215672
1662454557 16828984
1662454558 17132992
1662454559 15286684
1662454560 13361936
1662454561 17287328
1662454562 16529534
1662454563 16672422
1662454564 16908272
1662454565 15468262
1662454566 12632974
1662454567 16340536
1662454568 16969222
1662454569 16884528
1662454570 16339794
1662454571 16638820
1662454572 16708568
1662454573 14168066
1662454574 14359608
1662454575 16199556
1662454576 16928412
1662454577 16940602
1662454578 16473672
1662454579 17189172
1662454580 15899894
1662454581 12330980
1662454582 14601500
1662454583 17365238
1662454584 17823476
1662454585 15967098
1662454586 17237614
1662454587 17169668
1662454588 16715352
1662454589 16780648
1662454590 12183428
1662454591 13055066
1662454592 16601826
1662454593 17202740
1662454594 17044482
1662454595 15503878
1662454596 17368206
1662454597 16135426
1662454598 17245458
1662454599 17108506
1662454600 13849960
1662454601 12108804
1662454602 15161498
1662454603 16627902
1662454604 17347324
1662454605 16368626
1662454606 16999432
1662454607 17215354
1662454608 17275244
1662454609 17480778
1662454610 16500702
1662454611 17688856
1662454612 13393524
1662454613 12861722
1662454614 14468152
1662454615 16066844
1662454616 16947598
1662454617 16324000
1662454618 17064092
1662454619 16982366
1662454620 15654186
1662454621 17909018
1662454622 17446752
1662454623 16556882
1662454624 16929472
1662454625 12143784
1662454626 13560686
1662454627 13447478
1662454628 17314464
1662454629 16770472
1662454630 15881662
1662454631 16803756
1662454632 16766126
1662454633 16718320
1662454634 17068756
1662454635 16080094
1662454636 16197648
1662454637 17451310
1662454638 16575644
1662454639 15459040
1662454640 11457328
1662454641 11911750
1662454642 13616442
1662454643 16733372
1662454644 17102570
1662454645 16015116
1662454646 16884422
1662454647 17200832
1662454648 16700194
1662454649 17516712
1662454650 16349970
1662454651 17412832
1662454652 17205496
1662454653 16929472
1662454654 16884528
1662454655 16242486
1662454656 16322198
1662454657 12439100
1662454658 12278616
1662454659 12527398
1662454660 15367986
1662454661 16537484
1662454662 17236872
1662454663 16858346
1662454664 17008866
1662454665 15338518
1662454666 16573312
1662454667 16419718
1662454668 16992860
1662454669 16620164
1662454670 14965610
1662454671 16864706
1662454672 17247154
1662454673 16873186
1662454674 16569390
1662454675 14599486
1662454676 11593432
1662454677 12318366
1662454678 12354512
1662454679 12581352
1662454680 15666058
1662454681 16714080
1662454682 16950778
1662454683 16281070
1662454684 16649420
1662454685 14905614
1662454686 16143164
1662454687 16277678
1662454688 16425760
1662454689 16594088
1662454690 14560796
1662454691 16599070
1662454692 17027840
1662454693 16459998
1662454694 16200192
1662454695 14714496
1662454696 16992436
1662454697 14245552
1662454698 12699966
1662454699 12616544
1662454700 10543820
1662454701 12408996
1662454702 16349970
1662454703 16102248
1662454704 16192136
1662454705 14986492
1662454706 16138394
1662454707 16633626
1662454708 16349440
1662454709 15782976
1662454710 14004614
1662454711 16340218
1662454712 16143906
1662454713 15925016
1662454714 16196270
1662454715 14861624
1662454716 16789552
1662454717 16693622
1662454718 16809162
1662454719 16416220
1662454720 14453418
1662454721 13200498
1662454722 11512554
1662454723 12015736
1662454724 12418218
1662454725 11576896
1662454726 15085814
1662454727 15743650
1662454728 15875620
1662454729 16450246
1662454730 14394164
1662454731 16711006
1662454732 16365658
1662454733 16297712
1662454734 16106064
1662454735 14235270
1662454736 16069282
1662454737 16244182
1662454738 15945686
1662454739 16579248
1662454740 14081782
1662454741 15935828
1662454742 16486922
1662454743 16693198
1662454744 16040344
1662454745 14093336
1662454746 16137334
1662454747 16624934
1662454748 16780436
1662454749 11757732
1662454750 10172926
1662454751 11816350
1662454752 11105726
1662454753 12360024
1662454754 13130962
1662454755 12113892
1662454756 14610934
1662454757 15497942
1662454758 16348486
1662454759 16048612
1662454760 13523904
1662454761 16872550
1662454762 15486388
1662454763 15463704
1662454764 14474300
1662454765 11384294
1662454766 14266858
1662454767 16309054
1662454768 16483106
1662454769 16046704
1662454770 13992106
1662454771 14713542
1662454772 15935828
1662454773 16820610
1662454774 16043312
1662454775 12988180
1662454776 16010134
1662454777 16531230
1662454778 16670196
1662454779 12015100
1662454780 10431248
1662454781 11662756
1662454782 11539266
1662454783 10597032
1662454784 12812962
1662454785 11770982
1662454786 15219268
1662454787 15906042
1662454788 15511404
1662454789 16277678
1662454790 12489238
1662454791 15774920
1662454792 15994552
1662454793 15082952
1662454794 15497412
1662454795 13485214
1662454796 15479498
1662454797 14316678
1662454798 16187790
1662454799 15321982
1662454800 12878894
1662454801 15079772
1662454802 14988082
1662454803 14224670
1662454804 14855582
1662454805 13468042
1662454806 15464976
1662454807 16511620
1662454808 16457772
1662454809 15875938
1662454810 14007900
1662454811 16090058
1662454812 13492210
1662454813 11371256
1662454814 11773420
1662454815 10214796
1662454816 11742892
1662454817 11341046
1662454818 11634772
1662454819 11788790
1662454820 12839992
1662454821 15179730
1662454822 14422890
1662454823 15095778
1662454824 13892148
1662454825 11968248
1662454826 12943130
1662454827 13909214
1662454828 13878368
1662454829 13578812
1662454830 12166256
1662454831 14046272
1662454832 14369360
1662454833 14719584
1662454834 15138178
1662454835 11648552
1662454836 13165730
1662454837 14262088
1662454838 14096622
1662454839 14222762
1662454840 11350692
1662454841 13218200
1662454842 14987870
1662454843 13180570
1662454844 14594398
1662454845 10282742
1662454846 13542878
1662454847 15902862
1662454848 11954786
1662454849 11382280
1662454850 9761434
1662454851 10287300
1662454852 10826946
1662454853 9051446
1662454854 9265566
1662454855 8422866
1662454856 9287402
1662454857 9318142
1662454858 10334576
1662454859 10185116
1662454860 9211506
1662454861 10365952
1662454862 10276276
1662454863 10691266
1662454864 10046680
1662454865 8920642
1662454866 10150772
1662454867 10293554
1662454868 10217022
1662454869 10203666
1662454870 8906120
1662454871 12432316
1662454872 12771198
1662454873 9813904
1662454874 10071696
1662454875 8761642
1662454876 10947044
1662454877 9471206
1662454878 10371782
1662454879 10401144
1662454880 7902512
1662454881 10121622
1662454882 8757508
1662454883 10283378
1662454884 9153524
1662454885 8297786
1662454886 9252634
1662454887 9644410
1662454888 9943118
1662454889 10088868
1662454890 8997704
1662454891 10084204
1662454892 10399766
1662454893 9988804
1662454894 10366906
1662454895 8373258
1662454896 11836490
1662454897 11883978
1662454898 9581976
1662454899 10409624
1662454900 8847290
1662454901 10118442
1662454902 10761332
1662454903 9946192
1662454904 9718080
1662454905 8537134
1662454906 11237166
1662454907 13168062
1662454908 10624486
1662454909 10650138
1662454910 8616528
1662454911 10076360
1662454912 9911954
1662454913 9157022
1662454914 9471842
1662454915 8446822
1662454916 10456582
1662454917 8741820
1662454918 9342204
1662454919 8956046
1662454920 6826718
1662454921 7608574
1662454922 9758678
1662454923 8327890
1662454924 8550066
1662454925 6887032
1662454926 8576778
1662454927 9838390
1662454928 9923614
1662454929 8295666
1662454930 8052926
1662454931 8549324
1662454932 9436014
1662454933 7960176
1662454934 8344002
1662454935 7129666
1662454936 8535650
1662454937 8726026
1662454938 8446504
1662454939 8838810
1662454940 6499390
1662454941 9216594
1662454942 8948202
1662454943 8909406
1662454944 7873044
1662454945 6786332
1662454946 7505542
1662454947 7901028
1662454948 7383112
1662454949 7475756
1662454950 6368798
1662454951 7520064
1662454952 7492928
1662454953 7853116
1662454954 8384176
1662454955 6637190
1662454956 8496218
1662454957 8320364
1662454958 9912166
1662454959 8110590
1662454960 7113024
1662454961 8588968
1662454962 7975758
1662454963 7928058
1662454964 7829796
1662454965 7240224
1662454966 8433360
1662454967 7722842
1662454968 8732068
1662454969 8243408
1662454970 7113342
1662454971 8430816
1662454972 7966324
1662454973 9895630
1662454974 8762702
1662454975 7411626
1662454976 8178536
1662454977 7767998
1662454978 7919790
1662454979 7430812
1662454980 6184464
1662454981 7504482
1662454982 7583134
1662454983 7258350
1662454984 7460492
1662454985 5940558
1662454986 7370710
1662454987 7849724
1662454988 7689028
1662454989 7239376
1662454990 6127754
1662454991 7795876
1662454992 7411838
1662454993 7981164
1662454994 8081758
1662454995 6755380
1662454996 8005120
1662454997 7863398
1662454998 8483816
1662454999 8246588
1662455000 5975856
1662455001 7455086
1662455002 7197824
1662455003 6469710
1662455004 7114402
1662455005 7261212
1662455006 6713298
1662455007 7370604
1662455008 6710330
1662455009 6840074
1662455010 5175450
1662455011 6188068
1662455012 6760998
1662455013 6227712
1662455014 6677046
1662455015 5116090
1662455016 5870174
1662455017 5872400
1662455018 5358618
1662455019 5996420
1662455020 5615562
1662455021 6403036
1662455022 6409290
1662455023 6413000
1662455024 6090336
1662455025 5266610
1662455026 6656270
1662455027 5963136
1662455028 5998858
1662455029 6169942
1662455030 4888614
1662455031 7193796
1662455032 6928690
1662455033 5822368
1662455034 5624572
1662455035 5234068
1662455036 6740752
1662455037 6129344
1662455038 6197078
1662455039 6179376
1662455040 4560120
1662455041 6131464
1662455042 5780286
1662455043 5404728
1662455044 5909394
1662455045 5243290
1662455046 5929534
1662455047 5922856
1662455048 5632946
1662455049 5411194
1662455050 5117998
1662455051 6290040
1662455052 6096166
1662455053 5814736
1662455054 5406742
1662455055 4574642
1662455056 3814516
1662455057 3232576
1662455058 3164948
1662455059 3366454
1662455060 3205652
1662455061 5846218
1662455062 3969912
1662455063 3534358
1662455064 4141208
1662455065 4126580
1662455066 4136120
1662455067 3670144
1662455068 4045490
1662455069 4255476
1662455070 3896454
1662455071 3898998
1662455072 3970230
1662455073 3962598
1662455074 4010616
1662455075 3702156
1662455076 3842182
1662455077 3881932
1662455078 3849390
1662455079 3905146
1662455080 3707244
1662455081 3801902
1662455082 3783246
1662455083 3911188
1662455084 3993762
1662455085 4015598
1662455086 3527468
1662455087 3968958
1662455088 3831264
1662455089 3336032
1662455090 3925180
1662455091 3902602
1662455092 3637072
1662455093 3994504
1662455094 4052380
1662455095 3317694
1662455096 3901118
1662455097 3917866
1662455098 4098490
1662455099 4264274
1662455100 3541566
1662455101 3840910
1662455102 4187318
1662455103 3393484
1662455104 4268620
1662455105 3749326
1662455106 3337092
1662455107 4199508
1662455108 4074428
1662455109 3483372
1662455110 3758972
1662455111 4094780
1662455112 3842924
1662455113 3730564
1662455114 3994822
1662455115 3861050
1662455116 3855432
1662455117 3982738
1662455118 3888716
1662455119 3617144
1662455120 4278796
1662455121 3676186
1662455122 3737878
1662455123 4071142
1662455124 4119266
1662455125 4053016
1662455126 4129972
1662455127 3238512
1662455128 4319500
1662455129 3580680
1662455130 4197706
1662455131 4144494
1662455132 3877798
1662455133 3916382
1662455134 4342926
1662455135 4320984
1662455136 5029488
1662455137 4248480
1662455138 4677886
1662455139 4566586
1662455140 3867198
1662455141 4460056
1662455142 3716890
1662455143 4567540
1662455144 4218906
1662455145 4062238
1662455146 4630292
1662455147 4221556
1662455148 4632518
1662455149 4495248
1662455150 3853630
1662455151 4452424
1662455152 4772968
1662455153 4345682
1662455154 4746680
1662455155 4003196
1662455156 5614926
1662455157 4902394
1662455158 4656686
1662455159 4545492
1662455160 3966414
1662455161 4569660
1662455162 4355964
1662455163 4156260
1662455164 4653400
1662455165 3225050
1662455166 4829466
1662455167 4286534
1662455168 4612272
1662455169 4409600
1662455170 4093720
1662455171 4582486
1662455172 4589058
1662455173 4442460
1662455174 5017616
1662455175 4066160
1662455176 4838052
1662455177 4849182
1662455178 4252614
1662455179 3639722
1662455180 3494290
1662455181 3296494
1662455182 4168238
1662455183 4074852
1662455184 4060648
1662455185 3474998
1662455186 3350660
1662455187 3055026
1662455188 3498530
1662455189 3264482
1662455190 3339954
1662455191 3563508
1662455192 3605484
1662455193 3774236
1662455194 3671628
1662455195 3402706
1662455196 3823420
1662455197 3215510
1662455198 3537538
1662455199 3273492
1662455200 3196960
1662455201 3589902
1662455202 3233954
1662455203 3551106
1662455204 3083646
1662455205 3305504
1662455206 3362744
1662455207 3703852
1662455208 3466836
1662455209 3726112
1662455210 2887228
1662455211 3691874
1662455212 3570080
1662455213 3282396
1662455214 3564038
1662455215 3219326
1662455216 3309850
1662455217 3614812
1662455218 3280382
1662455219 3429206
1662455220 2881186
1662455221 3407052
1662455222 3655940
1662455223 3213284
1662455224 3533404
1662455225 3296282
1662455226 3539022
1662455227 3384474
1662455228 3641948
1662455229 3657848
1662455230 3309744
1662455231 3811972
1662455232 3890942
1662455233 3481888
1662455234 3922000
1662455235 3126682
1662455236 3546018
1662455237 3252398
1662455238 3725476
1662455239 3477330
1662455240 3309532
1662455241 3839638
1662455242 3356490
1662455243 3779748
1662455244 3245084
1662455245 3202154
1662455246 3324796
1662455247 3934720
1662455248 3630288
1662455249 3827342
1662455250 3415956
1662455251 3697916
1662455252 3835186
1662455253 3614706
1662455254 3762682
1662455255 3522062
1662455256 4487616
1662455257 3549304
1662455258 4098066
1662455259 4158804
1662455260 4043688
1662455261 4617466
1662455262 4550580
1662455263 4565738
1662455264 4185940
1662455265 3764590
1662455266 4550792
1662455267 4344410
1662455268 4343350
1662455269 4592980
1662455270 3819074
1662455271 4521854
1662455272 4341548
1662455273 4553336
1662455274 4611424
1662455275 3489520
1662455276 4768198
1662455277 4062662
1662455278 4591814
1662455279 4274662
1662455280 4120008
1662455281 4415218
1662455282 4680536
1662455283 4142904
1662455284 4773604
1662455285 3939702
1662455286 4365928
1662455287 4486344
1662455288 4003620
1662455289 4247102
1662455290 3556512
1662455291 4362324
1662455292 4348332
1662455293 4101352
1662455294 4492386
1662455295 3425496
1662455296 4997476
1662455297 4040614
1662455298 4449880
1662455299 4506484
1662455300 3532768
1662455301 4364126
1662455302 4805510
1662455303 4419882
1662455304 4597750
1662455305 3791090
1662455306 4564148
1662455307 4395290
1662455308 4582062
1662455309 4731734
1662455310 3944790
1662455311 4590860
1662455312 4880664
1662455313 4446276
1662455314 4884480
1662455315 4277842
1662455316 4527684
1662455317 4677462
1662455318 4425818
1662455319 4201098
1662455320 3891472
1662455321 4223676
1662455322 4867838
1662455323 4351618
1662455324 4548354
1662455325 3858294
1662455326 4528320
1662455327 4669936
1662455328 4440022
1662455329 4474048
1662455330 3816742
1662455331 4272224
1662455332 4765230
1662455333 4311338
1662455334 4803602
1662455335 3850874
1662455336 4471822
1662455337 4548672
1662455338 4556198
1662455339 4619374
1662455340 3585768
1662455341 4391474
1662455342 4427938
1662455343 4445640
1662455344 4493870
1662455345 3601774
1662455346 4416914
1662455347 4842716
1662455348 4599764
1662455349 4688804
1662455350 4078774
1662455351 4931544
1662455352 4395820
1662455353 4632412
1662455354 4468430
1662455355 3588524
1662455356 4930590
1662455357 4908648
1662455358 4669936
1662455359 4658382
1662455360 3658272
1662455361 4714032
1662455362 4642270
1662455363 4744136
1662455364 4325012
1662455365 4336566
1662455366 4691348
1662455367 4516872
1662455368 4642694
1662455369 4590224
1662455370 3558950
1662455371 4964722
1662455372 4637394
1662455373 4125838
1662455374 4923806
1662455375 3525772
1662455376 4654884
1662455377 4651916
1662455378 4440976
1662455379 5027050
1662455380 3753990
1662455381 4863280
1662455382 4529380
1662455383 4513056
1662455384 4870382
1662455385 3991854
1662455386 4594676
1662455387 4742970
1662455388 4638560
1662455389 4598492
1662455390 4042522
1662455391 4843988
1662455392 4828088
1662455393 4809856
1662455394 4746044
1662455395 3814304
1662455396 4688168
1662455397 4945642
1662455398 4655096
1662455399 4304448
1662455400 4182336
1662455401 4947126
1662455402 4632200
1662455403 5008606
1662455404 4519522
1662455405 3833384
1662455406 5077506
1662455407 4496838
1662455408 4943840
1662455409 4768834
1662455410 3932282
1662455411 4622554
1662455412 4474684
1662455413 4816852
1662455414 4369956
1662455415 3880448
1662455416 4530864
1662455417 4336354
1662455418 4938434
1662455419 4772120
1662455420 3921152
1662455421 4818654
1662455422 4932074
1662455423 4597220
1662455424 4572416
1662455425 4076548
1662455426 4421048
1662455427 4758870
1662455428 4749330
1662455429 4776148
1662455430 3915852
1662455431 4779964
1662455432 4616936
1662455433 4735338
1662455434 5136972
1662455435 4197918
1662455436 5348866
1662455437 4912252
1662455438 5194106
1662455439 4747422
1662455440 4230990
1662455441 5413208
1662455442 5068920
1662455443 5476172
1662455444 5137608
1662455445 4767244
1662455446 5296502
1662455447 5330422
1662455448 5836890
1662455449 5264278
1662455450 4748694
1662455451 5887664
1662455452 5393810
1662455453 5704920
1662455454 5946600
1662455455 4645344
1662455456 6035110
1662455457 5534896
1662455458 5647574
1662455459 6124574
1662455460 4847804
1662455461 5798942
1662455462 6018150
1662455463 5622028
1662455464 5747320
1662455465 4576656
1662455466 6504372
1662455467 5859998
1662455468 6361272
1662455469 6182662
1662455470 4955288
1662455471 6548786
1662455472 5990908
1662455473 5719760
1662455474 6489320
1662455475 4642906
1662455476 5833074
1662455477 6436850
1662455478 6160508
1662455479 6470664
1662455480 5396566
1662455481 5852154
1662455482 6250502
1662455483 5761100
1662455484 5696546
1662455485 4778692
1662455486 5876640
1662455487 5919888
1662455488 6545818
1662455489 6616414
1662455490 5394552
1662455491 6212660
1662455492 6004052
1662455493 6261738
1662455494 6228666
1662455495 4942992
1662455496 6077722
1662455497 5779650
1662455498 6039456
1662455499 6162416
1662455500 4915644
1662455501 6793222
1662455502 5846748
1662455503 6305198
1662455504 6420738
1662455505 4809856
1662455506 6083234
1662455507 5827350
1662455508 6231740
1662455509 6370388
1662455510 5752938
1662455511 6307106
1662455512 6738420
1662455513 5796822
1662455514 6393602
1662455515 5158172
1662455516 6234072
1662455517 5878972
1662455518 5943314
1662455519 5420628
1662455520 5674922
1662455521 7080588
1662455522 5994830
1662455523 5175026
1662455524 5794384
1662455525 4934088
1662455526 6238736
1662455527 6252622
1662455528 6194322
1662455529 6077722
1662455530 5639624
1662455531 6830746
1662455532 6097544
1662455533 6378338
1662455534 6238630
1662455535 5327030
1662455536 6450100
1662455537 6368162
1662455538 5784844
1662455539 5968648
1662455540 4916810
1662455541 6232376
1662455542 6016348
1662455543 6259618
1662455544 6518788
1662455545 5243608
1662455546 5976916
1662455547 6594790
1662455548 6492712
1662455549 6305198
1662455550 4838158
1662455551 5811662
1662455552 5360844
1662455553 5476596
1662455554 5627328
1662455555 5014436
1662455556 5557050
1662455557 5715520
1662455558 5585776
1662455559 5630084
1662455560 4714456
1662455561 5614396
1662455562 5746260
1662455563 5420628
1662455564 5628812
1662455565 4901546
1662455566 5450096
1662455567 5739794
1662455568 5754316
1662455569 5591394
1662455570 4981470
1662455571 5497266
1662455572 5802546
1662455573 5506594
1662455574 5545284
1662455575 4760566
1662455576 5175132
1662455577 5671636
1662455578 5585458
1662455579 5643546
1662455580 5030548
1662455581 5323850
1662455582 5785056
1662455583 5535956
1662455584 5575388
1662455585 4528956
1662455586 5490482
1662455587 6056522
1662455588 5883212
1662455589 5449990
1662455590 4912888
1662455591 5508608
1662455592 5680752
1662455593 5398580
1662455594 5722622
1662455595 4166966
1662455596 5789508
1662455597 5430592
1662455598 5363918
1662455599 4265758
1662455600 4181170
1662455601 3704912
1662455602 4515176
1662455603 4447442
1662455604 4394336
1662455605 3950196
1662455606 5098706
1662455607 5125736
1662455608 4845366
1662455609 5023234
1662455610 4544008
1662455611 4877908
1662455612 4893066
1662455613 5009560
1662455614 5055034
1662455615 4409812
1662455616 4674812
1662455617 4982106
1662455618 5068178
1662455619 4937268
1662455620 4506272
1662455621 4766502
1662455622 5140576
1662455623 5459848
1662455624 6048254
1662455625 5150964
1662455626 5797882
1662455627 5826820
1662455628 5726544
1662455629 5569770
1662455630 4448502
1662455631 6113232
1662455632 5926778
1662455633 5410664
1662455634 5738946
1662455635 4417444
1662455636 5969390
1662455637 5463346
1662455638 5722198
1662455639 6128496
1662455640 4595524
1662455641 6048572
1662455642 5970132
1662455643 5490800
1662455644 5549842
1662455645 4703644
1662455646 5877700
1662455647 5570406
1662455648 5358088
1662455649 5668138
1662455650 4981788
1662455651 6004688
1662455652 5413208
1662455653 6211494
1662455654 5597330
1662455655 4935466
1662455656 6198138
1662455657 5980944
1662455658 6541472
1662455659 6332546
1662455660 5230146
1662455661 6988792
1662455662 5754634
1662455663 5634748
1662455664 6372932
1662455665 5022810
1662455666 5836890
1662455667 5903140
1662455668 5554294
1662455669 6272762
1662455670 5326182
1662455671 6037230
1662455672 6299262
1662455673 6485080
1662455674 6428264
1662455675 5351198
1662455676 6117366
1662455677 6716584
1662455678 6258240
1662455679 6041046
1662455680 5214458
1662455681 6637614
1662455682 6826930
1662455683 5769580
1662455684 5507866
1662455685 5041254
1662455686 6638250
1662455687 5770216
1662455688 6875478
1662455689 5968966
1662455690 4804874
1662455691 5997798
1662455692 5905366
1662455693 6469286
1662455694 6381306
1662455695 7320042
1662455696 6951162
1662455697 6972362
1662455698 6341556
1662455699 6690190
1662455700 5426988
1662455701 6950314
1662455702 6831382
1662455703 6777640
1662455704 6366148
1662455705 5911726
1662455706 6623834
1662455707 6651500
1662455708 6422646
1662455709 6087792
1662455710 5027898
1662455711 5933562
1662455712 6203968
1662455713 5855334
1662455714 6235450
1662455715 5721562
1662455716 1343762
1662455717 1484


# events submitted
1662454513 534982
1662454514 3413306
1662454515 1901534
1662454516 13874128
1662454517 16336084
1662454518 17276834
1662454519 16029956
1662454520 16852728
1662454521 16685778
1662454522 16718744
1662454523 16306510
1662454524 15766864
1662454525 16603734
1662454526 15982680
1662454527 16663200
1662454528 16725422
1662454529 16997206
1662454530 14859398
1662454531 16764960
1662454532 15667118
1662454533 16809798
1662454534 16019144
1662454535 15429042
1662454536 16915374
1662454537 15486600
1662454538 16009922
1662454539 16671998
1662454540 15774390
1662454541 14580830
1662454542 17232632
1662454543 16615606
1662454544 16656628
1662454545 13796218
1662454546 16642000
1662454547 16779376
1662454548 16846898
1662454549 13764524
1662454550 16344988
1662454551 17194048
1662454552 16832058
1662454553 16782662
1662454554 13028142
1662454555 16044902
1662454556 17185992
1662454557 16792308
1662454558 17107658
1662454559 15278204
1662454560 13351018
1662454561 17260298
1662454562 16506532
1662454563 16646770
1662454564 16893750
1662454565 15453740
1662454566 12629794
1662454567 16323894
1662454568 16947280
1662454569 16857604
1662454570 16329936
1662454571 16624298
1662454572 16680266
1662454573 14164144
1662454574 14351976
1662454575 16181642
1662454576 16911982
1662454577 16903714
1662454578 16454486
1662454579 17159598
1662454580 15884418
1662454581 12329920
1662454582 14588038
1662454583 13114108
1662454584 13159370
1662454585 15949714
1662454586 17212386
1662454587 17146030
1662454588 16689912
1662454589 16755314
1662454590 12167422
1662454591 13042346
1662454592 16578400
1662454593 17191822
1662454594 17027840
1662454595 15476954
1662454596 17355380
1662454597 16108608
1662454598 12725830
1662454599 13150678
1662454600 10830656
1662454601 12071386
1662454602 9018586
1662454603 10589718
1662454604 7494518
1662454605 9976932
1662454606 6738526
1662454607 9874854
1662454608 9311252
1662454609 6686374
1662454610 8693378
1662454611 7816970
1662454612 4456346
1662454613 4934194
1662454614 7648536
1662454615 8727298
1662454616 9443858
1662454617 7852798
1662454618 9003004
1662454619 8614726
1662454620 7189980
1662454621 8927002
1662454622 9172604
1662454623 9948842
1662454624 9293126
1662454625 6806684
1662454626 7050272
1662454627 6177362
1662454628 9171650
1662454629 8620026
1662454630 8211502
1662454631 8293228
1662454632 7600624
1662454633 10033536
1662454634 6729622
1662454635 8909088
1662454636 7688604
1662454637 7738848
1662454638 8610062
1662454639 8880998
1662454640 5046130
1662454641 6079948
1662454642 6495256
1662454643 8754116
1662454644 8104866
1662454645 8226130
1662454646 6923390
1662454647 5255056
1662454648 3970124
1662454649 3411292
1662454650 3230986
1662454651 5503414
1662454652 2802852
1662454653 5366462
1662454654 3729610
1662454655 3041352
1662454656 4338262
1662454657 3529270
1662454658 5682448
1662454659 8094902
1662454660 7266512
1662454661 7912052
1662454662 9821854
1662454663 8146206
1662454664 7761638
1662454665 7854706
1662454666 7736410
1662454667 9289734
1662454668 7239800
1662454669 8514556
1662454670 8249238
1662454671 6507022
1662454672 6789618
1662454673 8300012
1662454674 6035428
1662454675 6682240
1662454676 4285792
1662454677 6757394
1662454678 8005332
1662454679 5744458
1662454680 7608044
1662454681 9158506
1662454682 6640688
1662454683 6805730
1662454684 7340606
1662454685 6456354
1662454686 7580590
1662454687 9263764
1662454688 7664860
1662454689 7499924
1662454690 5734070
1662454691 6138354
1662454692 7586950
1662454693 7582604
1662454694 8985620
1662454695 8096174
1662454696 9039256
1662454697 8426682
1662454698 2629012
1662454699 5651284
1662454700 5671106
1662454701 6375264
1662454702 8848562
1662454703 8167618
1662454704 7912688
1662454705 6544864
1662454706 7605818
1662454707 8284218
1662454708 8892658
1662454709 7069458
1662454710 7804462
1662454711 8502896
1662454712 8487632
1662454713 6717326
1662454714 8023988
1662454715 7104650
1662454716 7069352
1662454717 8988482
1662454718 7076242
1662454719 8922868
1662454720 6743932
1662454721 7166024
1662454722 3940232
1662454723 6053024
1662454724 5856288
1662454725 1782390
1662454726 6494196
1662454727 8485724
1662454728 6433352
1662454729 6949996
1662454730 6348870
1662454731 7622142
1662454732 8042008
1662454733 8403256
1662454734 7223264
1662454735 6575498
1662454736 7328734
1662454737 8295242
1662454738 7643130
1662454739 7884598
1662454740 6871874
1662454741 8588544
1662454742 9146422
1662454743 7975652
1662454744 7966218
1662454745 7184468
1662454746 7697084
1662454747 6356396
1662454748 6992714
1662454749 6568396
1662454750 4720286
1662454751 6092562
1662454752 7794922
1662454753 6788982
1662454754 5943102
1662454755 5822792
1662454756 6649274
1662454757 6212554
1662454758 7393394
1662454759 8236306
1662454760 6103480
1662454761 6269264
1662454762 6673654
1662454763 5745412
1662454764 7845908
1662454765 6607298
1662454766 5565212
1662454767 6833502
1662454768 8960498
1662454769 7635074
1662454770 7139630
1662454771 7847922
1662454772 5495252
1662454773 8009784
1662454774 7261636
1662454775 5661990
1662454776 8501942
1662454777 9580916
1662454778 8745212
1662454779 3386594
1662454780 4908860
1662454781 6356184
1662454782 7010628
1662454783 5567862
1662454784 4594782
1662454785 7860854
1662454786 10518168
1662454787 11998246
1662454788 12515420
1662454789 11219888
1662454790 8308492
1662454791 12085060
1662454792 12167422
1662454793 11624278
1662454794 9216912
1662454795 7574866
1662454796 8361386
1662454797 6320780
1662454798 7497062
1662454799 8796940
1662454800 5505428
1662454801 8312626
1662454802 6618852
1662454803 6611856
1662454804 7501090
1662454805 6413424
1662454806 8420640
1662454807 9654374
1662454808 7070836
1662454809 6982644
1662454810 8796198
1662454811 8186698
1662454812 5904306
1662454813 5841766
1662454814 4283884
1662454815 4962178
1662454816 7358520
1662454817 4755478
1662454818 3608240
1662454819 7297994
1662454820 9170908
1662454821 6405156
1662454822 7395302
1662454823 7166130
1662454824 7399330
1662454825 6519848
1662454826 5863072
1662454827 7280928
1662454828 7022924
1662454829 6237994
1662454830 7226020
1662454831 7932934
1662454832 6882686
1662454833 9152994
1662454834 7096700
1662454835 6622562
1662454836 6402188
1662454837 10580814
1662454838 10699640
1662454839 11448106
1662454840 7976076
1662454841 10088444
1662454842 10470786
1662454843 9847400
1662454844 11051454
1662454845 8146524
1662454846 9630312
1662454847 12906878
1662454848 9150662
1662454849 9936758
1662454850 8376120
1662454851 8544130
1662454852 9475764
1662454853 4751132
1662454854 5163578
1662454855 5764598
1662454856 3859672
1662454857 4298512
1662454858 5280072
1662454859 3676716
1662454860 5357028
1662454861 5816644
1662454862 5168242
1662454863 6056946
1662454864 4640786
1662454865 4111952
1662454866 4442036
1662454867 4595948
1662454868 5190608
1662454869 6074224
1662454870 4395290
1662454871 6292372
1662454872 5974902
1662454873 5433348
1662454874 7664860
1662454875 6411728
1662454876 8210230
1662454877 7804886
1662454878 8089814
1662454879 7826828
1662454880 6678954
1662454881 5295654
1662454882 8168996
1662454883 7814108
1662454884 6486458
1662454885 6938548
1662454886 8189030
1662454887 6064896
1662454888 7541264
1662454889 6875478
1662454890 5866146
1662454891 7485720
1662454892 7715210
1662454893 7119808
1662454894 7766832
1662454895 5662944
1662454896 8977140
1662454897 8450956
1662454898 6932930
1662454899 7545292
1662454900 7449786
1662454901 7049318
1662454902 8779238
1662454903 7343468
1662454904 7912476
1662454905 8535544
1662454906 11235258
1662454907 13154070
1662454908 10617172
1662454909 10645792
1662454910 8612712
1662454911 10068092
1662454912 9904004
1662454913 9154690
1662454914 9472902
1662454915 8444384
1662454916 10454356
1662454917 8741926
1662454918 9341992
1662454919 8950852
1662454920 6828944
1662454921 7607090
1662454922 9746806
1662454923 8322696
1662454924 8546356
1662454925 6887986
1662454926 8573492
1662454927 9831818
1662454928 9918632
1662454929 8296090
1662454930 8047626
1662454931 8553458
1662454932 7430176
1662454933 6387454
1662454934 6895194
1662454935 7129030
1662454936 8532258
1662454937 8722740
1662454938 8444596
1662454939 8833298
1662454940 6495998
1662454941 9211506
1662454942 8947460
1662454943 8904318
1662454944 7871030
1662454945 6784318
1662454946 7504906
1662454947 7898590
1662454948 7382264
1662454949 7471622
1662454950 6365724
1662454951 7521230
1662454952 7487204
1662454953 7848876
1662454954 8380148
1662454955 6637720
1662454956 8493144
1662454957 8316548
1662454958 9910682
1662454959 8105078
1662454960 7111116
1662454961 8585364
1662454962 7973638
1662454963 7928058
1662454964 7827358
1662454965 7238316
1662454966 8431346
1662454967 7721782
1662454968 8728252
1662454969 8238532
1662454970 7111328
1662454971 8426470
1662454972 7966218
1662454973 9895206
1662454974 8757932
1662454975 7407386
1662454976 8178112
1662454977 7765030
1662454978 7916080
1662454979 7428162
1662454980 6183086
1662454981 7500772
1662454982 7582286
1662454983 7259516
1662454984 7460068
1662454985 5940134
1662454986 7366470
1662454987 7845484
1662454988 7685848
1662454989 7235984
1662454990 6127224
1662454991 7792802
1662454992 7406962
1662454993 7977348
1662454994 8079532
1662454995 6754426
1662454996 8003848
1662454997 7857250
1662454998 8482332
1662454999 8244892
1662455000 5971828
1662455001 7452754
1662455002 7194962
1662455003 6466636
1662455004 7109632
1662455005 7259728
1662455006 6711920
1662455007 7367848
1662455008 6705030
1662455009 6836046
1662455010 5174496
1662455011 6187750
1662455012 6758772
1662455013 6227076
1662455014 6675456
1662455015 5115030
1662455016 5867524
1662455017 5871658
1662455018 5356710
1662455019 5994936
1662455020 5614820
1662455021 6399326
1662455022 6408442
1662455023 6411516
1662455024 6088428
1662455025 5263748
1662455026 6655316
1662455027 5960910
1662455028 5999600
1662455029 6169306
1662455030 4887978
1662455031 7192206
1662455032 6929432
1662455033 5822686
1662455034 5624466
1662455035 5232902
1662455036 6739692
1662455037 6129026
1662455038 6192202
1662455039 6174076
1662455040 4552488
1662455041 6125634
1662455042 5776258
1662455043 5397838
1662455044 5902716
1662455045 5234068
1662455046 5919994
1662455047 5911832
1662455048 5628600
1662455049 5410134
1662455050 5116938
1662455051 6285694
1662455052 6093834
1662455053 5812934
1662455054 5405894
1662455055 4572204
1662455056 3812608
1662455057 3231304
1662455058 3164630
1662455059 3365288
1662455060 3200988
1662455061 5839434
1662455062 3964400
1662455063 3527574
1662455064 4137392
1662455065 4123188
1662455066 4133364
1662455067 3670250
1662455068 4040720
1662455069 4252402
1662455070 3893592
1662455071 3895712
1662455072 3964400
1662455073 3956450
1662455074 4006482
1662455075 3697810
1662455076 3840804
1662455077 3877268
1662455078 3842182
1662455079 3901860
1662455080 3702686
1662455081 3800524
1662455082 3775932
1662455083 3905146
1662455084 3988886
1662455085 4009980
1662455086 3526090
1662455087 3963022
1662455088 3827978
1662455089 3331262
1662455090 3921682
1662455091 3901648
1662455092 3632620
1662455093 3991642
1662455094 4047716
1662455095 3315362
1662455096 3893804
1662455097 3915534
1662455098 4094356
1662455099 4260776
1662455100 3538386
1662455101 3836140
1662455102 4182760
1662455103 3389562
1662455104 4264486
1662455105 3746994
1662455106 3335184
1662455107 4196328
1662455108 4070188
1662455109 3480192
1662455110 3752400
1662455111 4091706
1662455112 3840380
1662455113 3729822
1662455114 3992172
1662455115 3858400
1662455116 3851404
1662455117 3979028
1662455118 3884052
1662455119 3609300
1662455120 4276146
1662455121 3670674
1662455122 3736818
1662455123 4069340
1662455124 4115450
1662455125 4050154
1662455126 4125626
1662455127 3236392
1662455128 4315260
1662455129 3576864
1662455130 4193784
1662455131 4138346
1662455132 3874406
1662455133 3913202
1662455134 4336884
1662455135 4318546
1662455136 5024612
1662455137 4242544
1662455138 4671738
1662455139 4562558
1662455140 3860732
1662455141 4453378
1662455142 3712332
1662455143 4562028
1662455144 4216892
1662455145 4059270
1662455146 4623508
1662455147 4216574
1662455148 4626370
1662455149 4488252
1662455150 3849920
1662455151 4448502
1662455152 4762474
1662455153 4337732
1662455154 4733006
1662455155 3999062
1662455156 5611216
1662455157 4893808
1662455158 4653400
1662455159 4540404
1662455160 3964082
1662455161 4564784
1662455162 4350982
1662455163 4150854
1662455164 4649054
1662455165 3219008
1662455166 4826816
1662455167 4283248
1662455168 4609092
1662455169 4406950
1662455170 4092130
1662455171 4581532
1662455172 4587468
1662455173 4441612
1662455174 5016132
1662455175 4064994
1662455176 4838264
1662455177 4847380
1662455178 4251554
1662455179 3639616
1662455180 3491110
1662455181 3292360
1662455182 4165164
1662455183 4072944
1662455184 4058740
1662455185 3470864
1662455186 3346102
1662455187 3050362
1662455188 3493866
1662455189 3260454
1662455190 3336880
1662455191 3558208
1662455192 3602304
1662455193 3769996
1662455194 3668130
1662455195 3399632
1662455196 3817908
1662455197 3211482
1662455198 3533298
1662455199 3267132
1662455200 3193568
1662455201 3585450
1662455202 3228442
1662455203 3550682
1662455204 3079406
1662455205 3300628
1662455206 3358080
1662455207 3701414
1662455208 3463550
1662455209 3723462
1662455210 2883200
1662455211 3689436
1662455212 3565416
1662455213 3278474
1662455214 3556300
1662455215 3213496
1662455216 3306034
1662455217 3612162
1662455218 3277520
1662455219 3425072
1662455220 2878960
1662455221 3403130
1662455222 3654350
1662455223 3212542
1662455224 3528740
1662455225 3292466
1662455226 3536478
1662455227 3381930
1662455228 3638238
1662455229 3652866
1662455230 3305292
1662455231 3806566
1662455232 3886490
1662455233 3478496
1662455234 3917442
1662455235 3124668
1662455236 3542414
1662455237 3246144
1662455238 3721342
1662455239 3473090
1662455240 3308366
1662455241 3835716
1662455242 3354688
1662455243 3776886
1662455244 3239678
1662455245 3198444
1662455246 3321510
1662455247 3927830
1662455248 3628168
1662455249 3823844
1662455250 3412988
1662455251 3694630
1662455252 3831794
1662455253 3610890
1662455254 3757700
1662455255 3518140
1662455256 4483694
1662455257 3546018
1662455258 4090434
1662455259 4153928
1662455260 4037540
1662455261 4610364
1662455262 4550368
1662455263 4559802
1662455264 4183290
1662455265 3760244
1662455266 4545598
1662455267 4338580
1662455268 4343880
1662455269 4590436
1662455270 3817378
1662455271 4517932
1662455272 4337202
1662455273 4550050
1662455274 4608032
1662455275 3487294
1662455276 4757916
1662455277 4054288
1662455278 4584288
1662455279 4270952
1662455280 4113648
1662455281 4411614
1662455282 4676508
1662455283 4142480
1662455284 4770636
1662455285 3935674
1662455286 4362218
1662455287 4483058
1662455288 3996730
1662455289 4241272
1662455290 3551954
1662455291 4361370
1662455292 4348862
1662455293 4098172
1662455294 4485708
1662455295 3418924
1662455296 4989526
1662455297 4035844
1662455298 4446064
1662455299 4499594
1662455300 3526832
1662455301 4362006
1662455302 4802648
1662455303 4416702
1662455304 4596478
1662455305 3789712
1662455306 4561498
1662455307 4394548
1662455308 4582062
1662455309 4731310
1662455310 3944578
1662455311 4592132
1662455312 4877696
1662455313 4442778
1662455314 4884798
1662455315 4277736
1662455316 4525670
1662455317 4674600
1662455318 4421578
1662455319 4197706
1662455320 3886384
1662455321 4217422
1662455322 4861266
1662455323 4348332
1662455324 4542630
1662455325 3853418
1662455326 4524292
1662455327 4665590
1662455328 4432178
1662455329 4470974
1662455330 3812396
1662455331 4268620
1662455332 4760354
1662455333 4305932
1662455334 4799786
1662455335 3848860
1662455336 4469384
1662455337 4545598
1662455338 4554078
1662455339 4613756
1662455340 3579726
1662455341 4386280
1662455342 4420200
1662455343 4441082
1662455344 4487828
1662455345 3593824
1662455346 4413204
1662455347 4839324
1662455348 4597856
1662455349 4684034
1662455350 4078986
1662455351 4929742
1662455352 4388294
1662455353 4625416
1662455354 4465356
1662455355 3585662
1662455356 4927304
1662455357 4905362
1662455358 4667816
1662455359 4653400
1662455360 3656894
1662455361 4708944
1662455362 4639408
1662455363 4739366
1662455364 4322574
1662455365 4335294
1662455366 4682974
1662455367 4513586
1662455368 4637500
1662455369 4585878
1662455370 3555452
1662455371 4954334
1662455372 4634532
1662455373 4122022
1662455374 4919248
1662455375 3521956
1662455376 4650220
1662455377 4647040
1662455378 4435782
1662455379 5023870
1662455380 3752294
1662455381 4859252
1662455382 4524186
1662455383 4506484
1662455384 4866566
1662455385 3987720
1662455386 3448180
1662455387 3483266
1662455388 3449028
1662455389 3467578
1662455390 3014322
1662455391 3687104
1662455392 3793634
1662455393 3589054
1662455394 3631348
1662455395 3012944
1662455396 3479026
1662455397 3746570
1662455398 3540824
1662455399 3158376
1662455400 2997150
1662455401 3084388
1662455402 2594880
1662455403 2601134
1662455404 2414786
1662455405 1947644
1662455406 2772218
1662455407 2098376
1662455408 2427400
1662455409 2290342
1662455410 1411072
1662455411 1310478
1662455412 1227268
1662455413 1287688
1662455414 1192076
1662455415 902696
1662455416 1220696
1662455417 1056078
1662455418 1248362
1662455419 1011346
1662455420 943612
1662455421 1286522
1662455422 1271152
1662455423 1107806
1662455424 1185080
1662455425 972020
1662455426 1232568
1662455427 1297016
1662455428 1168014
1662455429 1362418
1662455430 1011346
1662455431 951562
1662455432 973822
1662455433 371318
1662455434 934178
1662455435 1099644
1662455436 1199602
1662455437 1220908
1662455438 841004
1662455439 912660
1662455440 866762
1662455441 1425382
1662455442 1219106
1662455443 1609610
1662455444 1955594
1662455445 1073568
1662455446 1521206
1662455447 1560426
1662455448 1915208
1662455449 1170982
1662455450 2430792
1662455451 3027466
1662455452 3138236
1662455453 2787270
1662455454 3094034
1662455455 2800626
1662455456 4063510
1662455457 1382770
1662455458 2102192
1662455459 3376736
1662455460 2940122
1662455461 3072198
1662455462 2846206
1662455463 1670454
1662455464 2886274
1662455465 3430372
1662455466 3291724
1662455467 3181802
1662455468 3301688
1662455469 3062128
1662455470 2491636
1662455471 3612904
1662455472 4632306
1662455473 4421578
1662455474 5579204
1662455475 3071774
1662455476 4367412
1662455477 5040088
1662455478 5251876
1662455479 5036166
1662455480 4372288
1662455481 4027576
1662455482 3557042
1662455483 4754842
1662455484 5645030
1662455485 2875992
1662455486 4003938
1662455487 3548986
1662455488 5344520
1662455489 4514222
1662455490 4065842
1662455491 5086622
1662455492 4068068
1662455493 5420628
1662455494 6112596
1662455495 4930696
1662455496 5973948
1662455497 5778378
1662455498 6039668
1662455499 6160932
1662455500 4916492
1662455501 6792268
1662455502 5846112
1662455503 6304456
1662455504 6419996
1662455505 4810174
1662455506 6083340
1662455507 5827880
1662455508 6228560
1662455509 6367102
1662455510 5751454
1662455511 6306046
1662455512 6738632
1662455513 5794384
1662455514 6391694
1662455515 5157642
1662455516 6231422
1662455517 5875368
1662455518 5933880
1662455519 5414374
1662455520 5670894
1662455521 7072956
1662455522 5981686
1662455523 5175662
1662455524 5789296
1662455525 4930166
1662455526 6240432
1662455527 6253152
1662455528 6194216
1662455529 6074118
1662455530 5638564
1662455531 6829792
1662455532 6095212
1662455533 6373462
1662455534 6235662
1662455535 5327454
1662455536 6449888
1662455537 6366572
1662455538 5784420
1662455539 5967270
1662455540 4914796
1662455541 6232482
1662455542 6014758
1662455543 6257392
1662455544 6518894
1662455545 5242336
1662455546 5976704
1662455547 6592882
1662455548 6492288
1662455549 6305516
1662455550 4835190
1662455551 5804030
1662455552 5353742
1662455553 5470978
1662455554 5621074
1662455555 5009242
1662455556 5546768
1662455557 5714142
1662455558 5580052
1662455559 5621816
1662455560 4709156
1662455561 5605704
1662455562 5737992
1662455563 5412360
1662455564 5620438
1662455565 4888932
1662455566 5440980
1662455567 5726650
1662455568 5750394
1662455569 5586518
1662455570 4969810
1662455571 5488362
1662455572 5795550
1662455573 5498008
1662455574 5539242
1662455575 4751026
1662455576 5170468
1662455577 5670152
1662455578 5579946
1662455579 5635702
1662455580 5026626
1662455581 5318444
1662455582 5777000
1662455583 5526628
1662455584 5562880
1662455585 4520900
1662455586 5491648
1662455587 6043060
1662455588 5871976
1662455589 5448824
1662455590 4906846
1662455591 5503520
1662455592 5673120
1662455593 5391796
1662455594 5717640
1662455595 4159864
1662455596 5781558
1662455597 5418084
1662455598 5358300
1662455599 4263956
1662455600 4177778
1662455601 3692510
1662455602 4503728
1662455603 4442990
1662455604 4390626
1662455605 3945850
1662455606 5097646
1662455607 5117786
1662455608 4835720
1662455609 5012528
1662455610 4537542
1662455611 4870170
1662455612 4886070
1662455613 4997900
1662455614 5049734
1662455615 4401756
1662455616 4668558
1662455617 4976276
1662455618 5065316
1662455619 4930590
1662455620 4500230
1662455621 4758234
1662455622 5133898
1662455623 5451580
1662455624 6044544
1662455625 5146194
1662455626 5787388
1662455627 5818764
1662455628 5718382
1662455629 5558640
1662455630 4443202
1662455631 6098922
1662455632 5919676
1662455633 5404940
1662455634 5735448
1662455635 4410342
1662455636 5962712
1662455637 5456138
1662455638 5711810
1662455639 6121500
1662455640 4588634
1662455641 6041894
1662455642 5961864
1662455643 5479988
1662455644 5539666
1662455645 4698980
1662455646 5867842
1662455647 5562880
1662455648 5349078
1662455649 5659022
1662455650 4973732
1662455651 6003840
1662455652 5412042
1662455653 6211282
1662455654 5595634
1662455655 4933558
1662455656 6194428
1662455657 5981156
1662455658 6540412
1662455659 6329260
1662455660 5230040
1662455661 6987838
1662455662 5753468
1662455663 5633052
1662455664 6372508
1662455665 5017086
1662455666 5832438
1662455667 5893176
1662455668 5553870
1662455669 6272338
1662455670 5324380
1662455671 6036594
1662455672 6297354
1662455673 6483914
1662455674 6427204
1662455675 5350138
1662455676 6114080
1662455677 6717114
1662455678 6256862
1662455679 6040410
1662455680 5212762
1662455681 6635706
1662455682 6821100
1662455683 5759722
1662455684 5498750
1662455685 5034576
1662455686 6629982
1662455687 5768414
1662455688 6871768
1662455689 5968542
1662455690 4801906
1662455691 5994618
1662455692 5905578
1662455693 6468120
1662455694 6379186
1662455695 7315908
1662455696 6950102
1662455697 6970666
1662455698 6340602
1662455699 6686692
1662455700 5427200
1662455701 6948830
1662455702 6830110
1662455703 6776474
1662455704 6364452
1662455705 5910560
1662455706 6621608
1662455707 6646624
1662455708 6421798
1662455709 6085884
1662455710 5029912
1662455711 5932290
1662455712 5238096
1662455713 5550584
1662455714 4334446
1662455715 4447654
1662455716 1080352
1662455717 1060


# events lost
1662454583 4290244
1662454584 4707354
1662454598 4555986
1662454599 3986660
1662454600 3028102
1662454601 14416
1662454602 6180118
1662454603 6094046
1662454604 9912166
1662454605 6452644
1662454606 10318146
1662454607 7403252
1662454608 8028652
1662454609 10853128
1662454610 7859794
1662454611 9938984
1662454612 8956788
1662454613 7957102
1662454614 6853748
1662454615 7392970
1662454616 7569778
1662454617 8516782
1662454618 8112392
1662454619 8424350
1662454620 8516888
1662454621 9049962
1662454622 8331812
1662454623 6661676
1662454624 7697296
1662454625 5358936
1662454626 6542002
1662454627 7293966
1662454628 8199948
1662454629 8213834
1662454630 7715846
1662454631 8567874
1662454632 9223802
1662454633 6746582
1662454634 10401038
1662454635 7220720
1662454636 8555578
1662454637 9782846
1662454638 8021444
1662454639 6619912
1662454640 6421480
1662454641 5847702
1662454642 7154364
1662454643 8033210
1662454644 9055580
1662454645 7850148
1662454646 10012442
1662454647 11985844
1662454648 12746712
1662454649 14116444
1662454650 13133824
1662454651 11953832
1662454652 14422678
1662454653 11610816
1662454654 13175694
1662454655 13205374
1662454656 11999624
1662454657 8906438
1662454658 6607404
1662454659 4440234
1662454660 8145994
1662454661 8673662
1662454662 7481056
1662454663 8766518
1662454664 9300122
1662454665 7541052
1662454666 8886510
1662454667 7179910
1662454668 9804046
1662454669 8158078
1662454670 6758878
1662454671 10409624
1662454672 10516366
1662454673 8627340
1662454674 10586644
1662454675 7965264
1662454676 7324388
1662454677 5581112
1662454678 4371546
1662454679 6859366
1662454680 8098718
1662454681 7610376
1662454682 10364680
1662454683 9537456
1662454684 9362980
1662454685 8490388
1662454686 8607624
1662454687 7058328
1662454688 8821214
1662454689 9144832
1662454690 8866582
1662454691 10509476
1662454692 9496434
1662454693 8929652
1662454694 7257078
1662454695 6659238
1662454696 8013706
1662454697 5849504
1662454698 10086748
1662454699 6983492
1662454700 4889568
1662454701 6054402
1662454702 7561616
1662454703 7984238
1662454704 8325134
1662454705 8481166
1662454706 8577944
1662454707 8397638
1662454708 7504906
1662454709 8758886
1662454710 6238842
1662454711 7890534
1662454712 7702702
1662454713 9247016
1662454714 8221890
1662454715 7803296
1662454716 9772246
1662454717 7765030
1662454718 9786132
1662454719 7539780
1662454720 7752310
1662454721 6057582
1662454722 7588858
1662454723 5988152
1662454724 6577618
1662454725 9798746
1662454726 8628718
1662454727 7303188
1662454728 9486152
1662454729 9560034
1662454730 8085362
1662454731 9151510
1662454732 8376544
1662454733 7944276
1662454734 8929228
1662454735 7691148
1662454736 8784432
1662454737 8006286
1662454738 8340822
1662454739 8744152
1662454740 7245524
1662454741 7388730
1662454742 7397952
1662454743 8763444
1662454744 8117798
1662454745 6946074
1662454746 8491872
1662454747 10321644
1662454748 9844750
1662454749 5216154
1662454750 5469494
1662454751 5739370
1662454752 3323312
1662454753 5601782
1662454754 7213406
1662454755 6313996
1662454756 7997276
1662454757 9322170
1662454758 8998128
1662454759 7869970
1662454760 7454874
1662454761 10666038
1662454762 8848350
1662454763 9759102
1662454764 6662312
1662454765 4807206
1662454766 8728464
1662454767 9527492
1662454768 7573170
1662454769 8445656
1662454770 6891166
1662454771 6900918
1662454772 10479796
1662454773 8857996
1662454774 8832132
1662454775 7354068
1662454776 7552606
1662454777 6998332
1662454778 7974486
1662454779 8646102
1662454780 5544648
1662454781 5321836
1662454782 4550580
1662454783 5035848
1662454784 8236306
1662454785 3945744
1662454786 4729826
1662454787 3926240
1662454788 3037854
1662454789 5087258
1662454790 4203960
1662454791 3704276
1662454792 3850450
1662454793 3479980
1662454794 6313996
1662454795 5948826
1662454796 7153834
1662454797 8033846
1662454798 8742562
1662454799 6570198
1662454800 7405690
1662454801 6804140
1662454802 8408450
1662454803 7643342
1662454804 7380674
1662454805 7087054
1662454806 7078786
1662454807 6908550
1662454808 9434424
1662454809 8935906
1662454810 5252724
1662454811 7950106
1662454812 7618962
1662454813 5555990
1662454814 7503740
1662454815 5273288
1662454816 4410660
1662454817 6595320
1662454818 8041054
1662454819 4512102
1662454820 3693464
1662454821 8812416
1662454822 7064688
1662454823 7979574
1662454824 6527056
1662454825 5468328
1662454826 7103908
1662454827 6663584
1662454828 6887880
1662454829 7375162
1662454830 4965888
1662454831 6145244
1662454832 7520064
1662454833 5599344
1662454834 8087058
1662454835 5048250
1662454836 6789194
1662454837 3693782
1662454838 3409384
1662454839 2777730
1662454840 3389350
1662454841 3145868
1662454842 4539980
1662454843 3344830
1662454844 3547396
1662454845 2147348
1662454846 3927618
1662454847 3013792
1662454848 2813982
1662454849 1444038
1662454850 1383512
1662454851 1744760
1662454852 1351288
1662454853 4309006
1662454854 4111952
1662454855 2664416
1662454856 5436634
1662454857 5034364
1662454858 5072312
1662454859 6522710
1662454860 3870590
1662454861 4564466
1662454862 5122768
1662454863 4648736
1662454864 5415858
1662454865 4819290
1662454866 5721774
1662454867 5714142
1662454868 5041254
1662454869 4141102
1662454870 4524928
1662454871 6163476
1662454872 6819510
1662454873 4391580
1662454874 2414044
1662454875 2358818
1662454876 2746354
1662454877 1670242
1662454878 2290342
1662454879 2584492
1662454880 1224194
1662454881 4834342
1662454882 587876
1662454883 2473616
1662454884 2673744
1662454885 1361040
1662454886 1063392
1662454887 3586192
1662454888 2407684
1662454889 3221022
1662454890 3141628
1662454891 2607282
1662454892 2690386
1662454893 2881292
1662454894 2606116
1662454895 2718794
1662454896 2872070
1662454897 3451890
1662454898 2654558
1662454899 2875038
1662454900 1405666
1662454901 3080042
1662454902 1988984
1662454903 2613112
1662454904 1807936
1662454932 2012622
1662454933 1578128
1662454934 1450398
1662455386 1148828
1662455387 1263520
1662455388 1194408
1662455389 1141090
1662455390 1029790
1662455391 1161018
1662455392 1038270
1662455393 1232356
1662455394 1118724
1662455395 807720
1662455396 1214230
1662455397 1204160
1662455398 1120314
1662455399 1150524
1662455400 1189426
1662455401 1870688
1662455402 2046966
1662455403 2417860
1662455404 2114806
1662455405 1894008
1662455406 2316842
1662455407 2408214
1662455408 2529584
1662455409 2491318
1662455410 2528630
1662455411 3315998
1662455412 3251126
1662455413 3532556
1662455414 3184240
1662455415 2983688
1662455416 3314726
1662455417 3285470
1662455418 3696326
1662455419 3764590
1662455420 2982734
1662455421 3537220
1662455422 3665268
1662455423 3496940
1662455424 3393166
1662455425 3107284
1662455426 3198974
1662455427 3467154
1662455428 3584390
1662455429 3419666
1662455430 2909276
1662455431 3833278
1662455432 3645976
1662455433 4362218
1662455434 4203748
1662455435 3101772
1662455436 4149476
1662455437 3695160
1662455438 4352996
1662455439 3835504
1662455440 3367090
1662455441 3989310
1662455442 3851192
1662455443 3869000
1662455444 3182438
1662455445 3694206
1662455446 3776674
1662455447 3771586
1662455448 3923696
1662455449 4093084
1662455450 2319492
1662455451 2864756
1662455452 2258224
1662455453 2920194
1662455454 2857548
1662455455 1847792
1662455456 1974250
1662455457 4155412
1662455458 3547714
1662455459 2752396
1662455460 1911180
1662455461 2731408
1662455462 3175230
1662455463 3955072
1662455464 2863060
1662455465 1147980
1662455466 3214980
1662455467 2680528
1662455468 3061598
1662455469 3125622
1662455470 2465242
1662455471 2939910
1662455472 1359980
1662455473 1298924
1662455474 911600
1662455475 1571980
1662455476 1467040
1662455477 1399200
1662455478 907572
1662455479 1438632
1662455480 1026080
1662455481 1828606
1662455482 2696004
1662455483 1008166
1662455484 50668
1662455485 1903972
1662455486 1874928
1662455487 2373552
1662455488 1203312
1662455489 2104100
1662455490 1330936
1662455491 1126356
1662455492 1937044
1662455493 842488
1662455494 116918
1662455495 9010
1662455496 101654
1662455712 966932
1662455713 302100
1662455714 1901746
1662455715 1276982
1662455716 263622
1662455717 424
