# events called
1659745220 2024948
1659745221 1639116
1659745222 1520164
1659745223 8475994
1659745224 11597614
1659745225 12411246
1659745226 10215852
1659745227 12278212
1659745228 11586316
1659745229 11260684
1659745230 11955634
1659745231 10764416
1659745232 12275000
1659745233 10919902
1659745234 11841914
1659745235 11520394
1659745236 10761396
1659745237 11665490
1659745238 12038248
1659745239 11882960
1659745240 10785410
1659745241 11031592
1659745242 11752044
1659745243 10480546
1659745244 12246458
1659745245 11347644
1659745246 10900742
1659745247 11894192
1659745248 11597424
1659745249 11638046
1659745250 10629628
1659745251 11062940
1659745252 11323468
1659745253 12918146
1659745254 11188934
1659745255 10486716
1659745256 10744454
1659745257 12757244
1659745258 10834802
1659745259 10296304
1659745260 12264162
1659745261 10018366
1659745262 12846112
1659745263 11857382
1659745264 10160002
1659745265 11178562
1659745266 11146174
1659745267 12130122
1659745268 10942004
1659745269 12316972
1659745270 10488738
1659745271 11426674
1659745272 11046692
1659745273 11096052
1659745274 12222012
1659745275 11001178
1659745276 10993370
1659745277 10629694
1659745278 12048934
1659745279 11976096
1659745280 11491556
1659745281 11186778
1659745282 12438244
1659745283 10137262
1659745284 13283414
1659745285 11433634
1659745286 10641170
1659745287 10667362
1659745288 12349682
1659745289 11115150
1659745290 11021158
1659745291 10308842
1659745292 11726570
1659745293 11863644
1659745294 10247416
1659745295 11900384
1659745296 10178974
1659745297 11650958
1659745298 10838448
1659745299 12155394
1659745300 11315966
1659745301 10239250
1659745302 12064978
1659745303 11047838
1659745304 11362376
1659745305 11392728
1659745306 11633442
1659745307 11657312
1659745308 11023256
1659745309 12435064
1659745310 11772634
1659745311 11059794
1659745312 12666550
1659745313 10591734
1659745314 12687578
1659745315 11696102
1659745316 10961404
1659745317 10408580
1659745318 12106514
1659745319 12682846
1659745320 10258136
1659745321 10607674
1659745322 11129892
1659745323 11985530
1659745324 11995116
1659745325 11628518
1659745326 10443448
1659745327 12348246
1659745328 11114912
1659745329 11295344
1659745330 10820882
1659745331 11242372
1659745332 11154378
1659745333 12274762
1659745334 12163828
1659745335 10464000
1659745336 11887846
1659745337 11787000
1659745338 12350856
1659745339 12491512
1659745340 11121330
1659745341 11878952
1659745342 13495888
1659745343 10724120
1659745344 12285740
1659745345 12020800
1659745346 11360856
1659745347 10518982
1659745348 12023778
1659745349 10769568
1659745350 12459316
1659745351 11283096
1659745352 10699828
1659745353 11526368
1659745354 11692568
1659745355 10971938
1659745356 11238878
1659745357 12307596
1659745358 12334428
1659745359 11761516
1659745360 10603136
1659745361 11790742
1659745362 11352458
1659745363 11164162
1659745364 12044202
1659745365 10954118
1659745366 12049968
1659745367 11780020
1659745368 11585710
1659745369 11550226
1659745370 10224186
1659745371 12067614
1659745372 13598552
1659745373 10567002
1659745374 12230550
1659745375 12455436
1659745376 10622852
1659745377 11246560
1659745378 10716160
1659745379 11258766
1659745380 12280970
1659745381 10851470
1659745382 10371664
1659745383 10335516
1659745384 12252662
1659745385 10274464
1659745386 12189028
1659745387 11695666
1659745388 11623142
1659745389 11171662
1659745390 10512108
1659745391 11786852
1659745392 11504982
1659745393 11735334
1659745394 11397128
1659745395 10887612
1659745396 10441536
1659745397 12033990
1659745398 11182634
1659745399 11920494
1659745400 12154060
1659745401 11509046
1659745402 11103800
1659745403 11689408
1659745404 12320272
1659745405 9444092
1659745406 11875412
1659745407 10569098
1659745408 11157182
1659745409 11204302
1659745410 11854156
1659745411 11029002
1659745412 11557752
1659745413 11457844
1659745414 11060882
1659745415 11488534
1659745416 11200330
1659745417 11848930
1659745418 11695442
1659745419 11586896
1659745420 10611042
1659745421 11520754
1659745422 11121670
1659745423 11744706
1659745424 12337900
1659745425 10593472
1659745426 11596128
1659745427 12031926
1659745428 10994362
1659745429 11599122
1659745430 10926756
1659745431 12334352
1659745432 10484460
1659745433 12152196
1659745434 12564038
1659745435 9590964
1659745436 11516588
1659745437 11218348
1659745438 11256682
1659745439 12121380
1659745440 8527230
1659745441 11188414
1659745442 11385082
1659745443 10980054
1659745444 11761702
1659745445 11605528
1659745446 11912468
1659745447 12093808
1659745448 10489738
1659745449 12017720
1659745450 10760608
1659745451 12177478
1659745452 11197584
1659745453 11287252
1659745454 11244622
1659745455 10594770
1659745456 11345140
1659745457 11576990
1659745458 10901260
1659745459 11582078
1659745460 11476408
1659745461 11553138
1659745462 10918744
1659745463 11882818
1659745464 12495040
1659745465 10624830
1659745466 11329374
1659745467 13266060
1659745468 10414664
1659745469 12207762
1659745470 9778598
1659745471 10227496
1659745472 12301874
1659745473 10836982
1659745474 11660838
1659745475 10729314
1659745476 11266286
1659745477 12372920
1659745478 10632672
1659745479 11948158
1659745480 11330652
1659745481 11697678
1659745482 11296468
1659745483 11994768
1659745484 12123040
1659745485 10216378
1659745486 12208616
1659745487 10271428
1659745488 12267702
1659745489 10242848
1659745490 11083466
1659745491 10595508
1659745492 13069180
1659745493 11097002
1659745494 10544460
1659745495 11204926
1659745496 11334998
1659745497 12373928
1659745498 12381918
1659745499 10354016
1659745500 11427860
1659745501 12134584
1659745502 10155622
1659745503 10331328
1659745504 12144514
1659745505 10213858
1659745506 12048506
1659745507 11192782
1659745508 12005798
1659745509 11146204
1659745510 11071586
1659745511 11176382
1659745512 11695794
1659745513 10721154
1659745514 12255966
1659745515 10289860
1659745516 11974438
1659745517 11244854
1659745518 11484960
1659745519 11555938
1659745520 10934052
1659745521 11884728
1659745522 11705456
1659745523 12818114
1659745524 9706360
1659745525 10988148
1659745526 12270466
1659745527 10625520
1659745528 12740446
1659745529 11519598
1659745530 10088394
1659745531 12013436
1659745532 11744856
1659745533 10740226
1659745534 11620936
1659745535 11009226
1659745536 11080800
1659745537 12033748
1659745538 10322078
1659745539 11894882
1659745540 10472796
1659745541 12399378
1659745542 10691858
1659745543 11731546
1659745544 10403094
1659745545 11864320
1659745546 11103744
1659745547 11452072
1659745548 13263734
1659745549 11359084
1659745550 11194516
1659745551 11486436
1659745552 12755536
1659745553 11840384
1659745554 10457036
1659745555 11599790
1659745556 10508444
1659745557 13526064
1659745558 10418930
1659745559 10267366
1659745560 12235572
1659745561 10356960
1659745562 11902410
1659745563 10692144
1659745564 11475524
1659745565 10242188
1659745566 12102606
1659745567 12015242
1659745568 10596136
1659745569 11671412
1659745570 10481136
1659745571 11786894
1659745572 10942140
1659745573 12201156
1659745574 11326736
1659745575 11451718
1659745576 10658116
1659745577 11958786
1659745578 10581658
1659745579 12367948
1659745580 10215690
1659745581 11908160
1659745582 13548272
1659745583 11484512
1659745584 9909658
1659745585 11601142
1659745586 12289930
1659745587 10286710
1659745588 11940822
1659745589 11984230
1659745590 9829580
1659745591 11189906
1659745592 11528182
1659745593 10811608
1659745594 12339980
1659745595 9613130
1659745596 12302406
1659745597 10686120
1659745598 12307164
1659745599 11148530
1659745600 12249218
1659745601 12212224
1659745602 11202064
1659745603 11552438
1659745604 11202852
1659745605 11163998
1659745606 10865462
1659745607 11849646
1659745608 10836376
1659745609 11549378
1659745610 10772896
1659745611 11460218
1659745612 12118290
1659745613 11581330
1659745614 10755306
1659745615 11730666
1659745616 11257674
1659745617 10361158
1659745618 12673454
1659745619 10238602
1659745620 11858668
1659745621 10186554
1659745622 12370872
1659745623 10952804
1659745624 11475208
1659745625 11181516
1659745626 10019458
1659745627 12142888
1659745628 10616106
1659745629 11979316
1659745630 10498408
1659745631 11920002
1659745632 11929860
1659745633 11294590
1659745634 11553720
1659745635 10158394
1659745636 11251834
1659745637 11502288
1659745638 11640458
1659745639 10993084
1659745640 11837678
1659745641 11016760
1659745642 10946626
1659745643 12184906
1659745644 11651500
1659745645 10323278
1659745646 12633818
1659745647 9998824
1659745648 12326210
1659745649 10813074
1659745650 11028506
1659745651 11714134
1659745652 12421982
1659745653 12234996
1659745654 10371794
1659745655 11146498
1659745656 10846606
1659745657 11607288
1659745658 10605556
1659745659 11134580
1659745660 11511874
1659745661 10454878
1659745662 12376764
1659745663 10955852
1659745664 11669266
1659745665 10401446
1659745666 11910630
1659745667 11524966
1659745668 11528156
1659745669 11476288
1659745670 10334794
1659745671 10891466
1659745672 13378618
1659745673 10317166
1659745674 11643310
1659745675 10434408
1659745676 10843008
1659745677 13373550
1659745678 10764404
1659745679 10760958
1659745680 10069808
1659745681 12073648
1659745682 10910806
1659745683 11603942
1659745684 11156376
1659745685 11292338
1659745686 11169832
1659745687 12255060
1659745688 12090480
1659745689 13820330
1659745690 11193432
1659745691 11933566
1659745692 10960044
1659745693 11452790
1659745694 10651120
1659745695 11260298
1659745696 10893788
1659745697 12130268
1659745698 10538840
1659745699 12137442
1659745700 10133424
1659745701 11998240
1659745702 13099686
1659745703 10892992
1659745704 10776922
1659745705 11091184
1659745706 12031632
1659745707 10606658
1659745708 12271396
1659745709 11191580
1659745710 10216156
1659745711 10662382
1659745712 11916538
1659745713 10494974
1659745714 11431088
1659745715 11012972
1659745716 12208824
1659745717 10682346
1659745718 11970484
1659745719 10317432
1659745720 10629572
1659745721 11047364
1659745722 10656752
1659745723 12323722
1659745724 12609774
1659745725 12051650
1659745726 11279916
1659745727 11394640
1659745728 11651352
1659745729 11208972
1659745730 10356150
1659745731 11025358
1659745732 13396636
1659745733 10674610
1659745734 11266868
1659745735 10790078
1659745736 10179864
1659745737 13392744
1659745738 10256626
1659745739 11614164
1659745740 10015740
1659745741 12022820
1659745742 10942778
1659745743 11648026
1659745744 11343146
1659745745 10791172
1659745746 11387724
1659745747 10988580
1659745748 11640398
1659745749 11257204
1659745750 10579306
1659745751 11672676
1659745752 10773350
1659745753 11839440
1659745754 11090930
1659745755 11633752
1659745756 11467972
1659745757 11136128
1659745758 12319576
1659745759 11668036
1659745760 10639524
1659745761 11599114
1659745762 13126438
1659745763 10832308
1659745764 10970176
1659745765 11912036
1659745766 10408682
1659745767 12612802
1659745768 10858160
1659745769 10195902
1659745770 12039312
1659745771 10179126
1659745772 12267424
1659745773 10361310
1659745774 12296782
1659745775 11146540
1659745776 11059790
1659745777 11598220
1659745778 11142474
1659745779 11866324
1659745780 10258298
1659745781 11683534
1659745782 10837290
1659745783 12322310
1659745784 10169060
1659745785 11082018
1659745786 10300326
1659745787 12139728
1659745788 10803436
1659745789 11779710
1659745790 10403474
1659745791 11872448
1659745792 13379312
1659745793 10364542
1659745794 10573868
1659745795 11952668
1659745796 10579574
1659745797 10930880
1659745798 11841804
1659745799 10729812
1659745800 11046440
1659745801 10957964
1659745802 11535046
1659745803 12004626
1659745804 10634974
1659745805 12002210
1659745806 10815616
1659745807 11727978
1659745808 11740864
1659745809 12039202
1659745810 10760144
1659745811 11371744
1659745812 11415738
1659745813 10807014
1659745814 11754932
1659745815 10479776
1659745816 11635164
1659745817 10717212
1659745818 11876014
1659745819 10714124
1659745820 11683784
1659745821 12194258
1659745822 11583680
1659745823 11401570
1659745824 11578630
1659745825 11065960
1659745826 10659118
1659745827 13089634
1659745828 11551312
1659745829 9861116
1659745830 10701424
1659745831 11049372
1659745832 11547564
1659745833 11617548
1659745834 11103822
1659745835 10411650
1659745836 11371508
1659745837 11073202
1659745838 11932796
1659745839 10640460
1659745840 10986432
1659745841 10421158
1659745842 11662304
1659745843 10201514
1659745844 12015874
1659745845 9830782
1659745846 12298444
1659745847 10824150
1659745848 11857424
1659745849 11153490
1659745850 10758472
1659745851 10772064
1659745852 11999226
1659745853 12354768
1659745854 10571594
1659745855 11694870
1659745856 12696446
1659745857 10202810
1659745858 12482672
1659745859 10569074
1659745860 10521378
1659745861 12195782
1659745862 12314704
1659745863 10306780
1659745864 10678432
1659745865 11426416
1659745866 10350524
1659745867 11977104
1659745868 12103394
1659745869 11599992
1659745870 10903912
1659745871 11580982
1659745872 11101824
1659745873 11183756
1659745874 11488446
1659745875 10654502
1659745876 12277788
1659745877 12387658
1659745878 11715076
1659745879 11416422
1659745880 10686196
1659745881 12078376
1659745882 10878252
1659745883 11864588
1659745884 11809456
1659745885 10954994
1659745886 10666002
1659745887 10909778
1659745888 11296300
1659745889 11702298
1659745890 11141800
1659745891 11258954
1659745892 12193306
1659745893 10809248
1659745894 12311068
1659745895 10408528
1659745896 11988180
1659745897 11508076
1659745898 10937984
1659745899 11586142
1659745900 10513234
1659745901 11425018
1659745902 11477504
1659745903 10986888
1659745904 12023294
1659745905 10064918
1659745906 12123960
1659745907 11345048
1659745908 11467402
1659745909 11319270
1659745910 11637214
1659745911 10888162
1659745912 11202940
1659745913 12326958
1659745914 12119966
1659745915 10232516
1659745916 10970754
1659745917 13318128
1659745918 11664946
1659745919 13847772
1659745920 12544468
1659745921 13857410
1659745922 12938196
1659745923 11771896
1659745924 10755444
1659745925 9961664
1659745926 12187770
1659745927 10919166
1659745928 11372742
1659745929 11848292
1659745930 10363856
1659745931 12240398
1659745932 11180262
1659745933 11084076
1659745934 11923054
1659745935 10705800
1659745936 10152700
1659745937 12182092
1659745938 10759410
1659745939 11818684
1659745940 10392568
1659745941 11728070
1659745942 12949756
1659745943 10495572
1659745944 11187306
1659745945 10647172
1659745946 11660924
1659745947 11985310
1659745948 12429792
1659745949 10271658
1659745950 11643774
1659745951 10697390
1659745952 12302026
1659745953 10203168
1659745954 12232804
1659745955 9811390
1659745956 12316710
1659745957 10953592
1659745958 11400464
1659745959 11567372
1659745960 10791896
1659745961 11502584
1659745962 11763068
1659745963 11170110
1659745964 11497882
1659745965 10243932
1659745966 11918734
1659745967 10813938
1659745968 12167324
1659745969 10388154
1659745970 11802746
1659745971 11487554
1659745972 12018104
1659745973 12553486
1659745974 13853204
1659745975 13315144
1659745976 13882026
1659745977 13768644
1659745978 10711100
1659745979 11156286
1659745980 10959846
1659745981 10859304
1659745982 10917010
1659745983 11868028
1659745984 10805324
1659745985 10645212
1659745986 10436304
1659745987 12198830
1659745988 12261792
1659745989 11602466
1659745990 11248770
1659745991 10345320
1659745992 12193314
1659745993 10520012
1659745994 12050658
1659745995 9757604
1659745996 11724102
1659745997 11757788
1659745998 10787174
1659745999 12146712
1659746000 11199676
1659746001 11019498
1659746002 13073738
1659746003 10870530
1659746004 10762586
1659746005 10857522
1659746006 12601782
1659746007 11284318
1659746008 9944872
1659746009 13353782
1659746010 10367624
1659746011 10532432
1659746012 11574890
1659746013 12235766
1659746014 10437076
1659746015 11327170
1659746016 10612540
1659746017 11968132
1659746018 11140806
1659746019 11478862
1659746020 10682844
1659746021 11077104
1659746022 11473392
1659746023 12055682
1659746024 11861070
1659746025 10396828
1659746026 12317746
1659746027 11065924
1659746028 11428560
1659746029 13587498
1659746030 12705640
1659746031 13860784
1659746032 13854938
1659746033 11431288
1659746034 12283098
1659746035 9286048
1659746036 12973350
1659746037 11266104
1659746038 11388050
1659746039 9990606
1659746040 11731882
1659746041 11485596
1659746042 11360798
1659746043 12286958
1659746044 11668746
1659746045 11376228
1659746046 11114036
1659746047 11401236
1659746048 11256988
1659746049 11167552
1659746050 10157052
1659746051 11252482
1659746052 11431226
1659746053 11356692
1659746054 11115544
1659746055 10848178
1659746056 10817050
1659746057 12038370
1659746058 10468280
1659746059 12331030
1659746060 9792088
1659746061 13368536
1659746062 11745364
1659746063 9692882
1659746064 13482754
1659746065 9588376
1659746066 11548798
1659746067 12042802
1659746068 9865276
1659746069 12628702
1659746070 9627494
1659746071 11266546
1659746072 11670288
1659746073 10701342
1659746074 11643250
1659746075 11013996
1659746076 12786760
1659746077 10415154
1659746078 12068670
1659746079 10356988
1659746080 10975352
1659746081 11147472
1659746082 11352844
1659746083 11594500
1659746084 13797202
1659746085 12866858
1659746086 13558548
1659746087 13788928
1659746088 10947414
1659746089 11721312
1659746090 10945334
1659746091 12256280
1659746092 10674554
1659746093 12054894
1659746094 11393068
1659746095 10255716
1659746096 10924230
1659746097 11591136
1659746098 12378944
1659746099 12237548
1659746100 10356338
1659746101 11036406
1659746102 11678242
1659746103 11381050
1659746104 11321298
1659746105 11076106
1659746106 11048208
1659746107 11694690
1659746108 10837036
1659746109 12080944
1659746110 10480378
1659746111 11801456
1659746112 11783746
1659746113 10893566
1659746114 12052306
1659746115 10509102
1659746116 11627934
1659746117 11634720
1659746118 11489756
1659746119 11146654
1659746120 11475570
1659746121 12323132
1659746122 10026728
1659746123 13326326
1659746124 10201084
1659746125 10434802
1659746126 12454082
1659746127 10677306
1659746128 12642260
1659746129 12031446
1659746130 10149300
1659746131 11164422
1659746132 11581324
1659746133 10919844
1659746134 11468522
1659746135 10662972
1659746136 11611166
1659746137 11498688
1659746138 10933124
1659746139 13826978
1659746140 13168806
1659746141 13866256
1659746142 13893670
1659746143 11394138
1659746144 11500668
1659746145 10947640
1659746146 11203590
1659746147 12230002
1659746148 10327564
1659746149 12309486
1659746150 10583516
1659746151 11939806
1659746152 13360306
1659746153 10789496
1659746154 12299450
1659746155 12575134
1659746156 10837144
1659746157 10112048
1659746158 13189576
1659746159 10827888
1659746160 11129452
1659746161 12364884
1659746162 10295322
1659746163 11021802
1659746164 11372684
1659746165 10979056
1659746166 11235478
1659746167 11580506
1659746168 10969718
1659746169 11622884
1659746170 10623502
1659746171 12288932
1659746172 10726620
1659746173 11782086
1659746174 10952828
1659746175 11342452
1659746176 11036834
1659746177 11895428
1659746178 11412320
1659746179 11901552
1659746180 11571834
1659746181 10486822
1659746182 11926084
1659746183 12163924
1659746184 10979634
1659746185 10431916
1659746186 11817670
1659746187 12101120
1659746188 11085390
1659746189 10354638
1659746190 11703710
1659746191 10974354
1659746192 11860726
1659746193 11624478
1659746194 11862480
1659746195 12510644
1659746196 13823924
1659746197 13863362
1659746198 12985326
1659746199 11252622
1659746200 10859552
1659746201 11366378
1659746202 11719572
1659746203 11140932
1659746204 11334204
1659746205 11021264
1659746206 11115748
1659746207 12354762
1659746208 10645252
1659746209 12064936
1659746210 12358400
1659746211 10723480
1659746212 11176452
1659746213 12443042
1659746214 11149336
1659746215 9725532
1659746216 11984600
1659746217 10455176
1659746218 11365566
1659746219 11243026
1659746220 11478994
1659746221 10635066
1659746222 12232534
1659746223 10317850
1659746224 12352906
1659746225 9855898
1659746226 12374616
1659746227 10745398
1659746228 12032190
1659746229 10668632
1659746230 11201924
1659746231 11587512
1659746232 11888056
1659746233 10804016
1659746234 11784568
1659746235 10594100
1659746236 11942562
1659746237 11037460
1659746238 11530532
1659746239 11793974
1659746240 11082538
1659746241 12922350
1659746242 11894780
1659746243 10479282
1659746244 11566746
1659746245 11071238
1659746246 10717698
1659746247 11916644
1659746248 11183168
1659746249 11035436
1659746250 9953754
1659746251 12551720
1659746252 10680328
1659746253 11916892
1659746254 11195714
1659746255 11551010
1659746256 10568308
1659746257 11992886
1659746258 11124396
1659746259 11495006
1659746260 11866498
1659746261 11303140
1659746262 11777668
1659746263 11071218
1659746264 11591820
1659746265 10689016
1659746266 11745936
1659746267 10790108
1659746268 11832774
1659746269 10699754
1659746270 10367936
1659746271 12789808
1659746272 13537140
1659746273 11504322
1659746274 12050148
1659746275 11059588
1659746276 12160716
1659746277 10030760
1659746278 11227908
1659746279 13463806
1659746280 10531410
1659746281 11659660
1659746282 10902988
1659746283 9790948
1659746284 12003694
1659746285 10311056
1659746286 12253056
1659746287 11634284
1659746288 10861438
1659746289 11082150
1659746290 10544288
1659746291 12290262
1659746292 10448744
1659746293 12225764
1659746294 10434280
1659746295 11408344
1659746296 10817752
1659746297 11677762
1659746298 11068840
1659746299 11420682
1659746300 12013894
1659746301 10452942
1659746302 13426010
1659746303 13817300
1659746304 13864646
1659746305 13314102
1659746306 12407006
1659746307 11038944
1659746308 10258934
1659746309 11410852
1659746310 10458624
1659746311 12298426
1659746312 12294560
1659746313 11578276
1659746314 11168120
1659746315 11143892
1659746316 11680496
1659746317 11123172
1659746318 12093444
1659746319 11418850
1659746320 10826984
1659746321 11717946
1659746322 10807084
1659746323 12027948
1659746324 11012438
1659746325 11053226
1659746326 11149800
1659746327 11212996
1659746328 11574378
1659746329 10931442
1659746330 11344438
1659746331 13042956
1659746332 10765056
1659746333 12134310
1659746334 10816348
1659746335 10256114
1659746336 12142058
1659746337 11412730
1659746338 12261154
1659746339 10334472
1659746340 10046764
1659746341 11166256
1659746342 11427846
1659746343 11498754
1659746344 11773162
1659746345 10491006
1659746346 12379144
1659746347 10663098
1659746348 11820350
1659746349 11294596
1659746350 11592554
1659746351 10904642
1659746352 12167142
1659746353 10493550
1659746354 13653150
1659746355 13214524
1659746356 13839278
1659746357 13864130
1659746358 12451428
1659746359 10515306
1659746360 10826434
1659746361 12085342
1659746362 11709500
1659746363 10128634
1659746364 12982320
1659746365 10393556
1659746366 10510076
1659746367 13703734
1659746368 10550664
1659746369 11885522
1659746370 11496218
1659746371 10394630
1659746372 10529200
1659746373 11711194
1659746374 11420102
1659746375 9933660
1659746376 11466766
1659746377 10829016
1659746378 11222496
1659746379 11341372
1659746380 11063768
1659746381 10887110
1659746382 11553856
1659746383 11061832
1659746384 11530980
1659746385 10805734
1659746386 11403920
1659746387 10830136
1659746388 11647086
1659746389 10965380
1659746390 11275498
1659746391 11893072
1659746392 11923660
1659746393 11277198
1659746394 11571198
1659746395 10009346
1659746396 11412434
1659746397 12374340
1659746398 11489630
1659746399 10430290
1659746400 11433130
1659746401 13316416
1659746402 10328450
1659746403 10252668
1659746404 11074648
1659746405 11374372
1659746406 11108798
1659746407 11432400
1659746408 13783742
1659746409 13830346
1659746410 12788878
1659746411 13855422
1659746412 10987902
1659746413 11776936
1659746414 11076718
1659746415 11663842
1659746416 11754258
1659746417 11398528
1659746418 11257762
1659746419 11597114
1659746420 10683102
1659746421 11564624
1659746422 12056364
1659746423 1380


# events submitted
1659745220 2024948
1659745221 1639116
1659745222 1517904
1659745223 8458552
1659745224 11536076
1659745225 12385684
1659745226 10200444
1659745227 12245016
1659745228 11568078
1659745229 11241498
1659745230 11933788
1659745231 10747740
1659745232 12247800
1659745233 10903784
1659745234 11819678
1659745235 11503822
1659745236 10742010
1659745237 11645006
1659745238 12009862
1659745239 11863156
1659745240 10771168
1659745241 11013470
1659745242 11732242
1659745243 10468498
1659745244 12224090
1659745245 11326012
1659745246 10884496
1659745247 11875020
1659745248 11577942
1659745249 11613236
1659745250 10616868
1659745251 11036920
1659745252 11294978
1659745253 12893322
1659745254 11180558
1659745255 10468896
1659745256 10725438
1659745257 12731218
1659745258 10821750
1659745259 10282150
1659745260 12237780
1659745261 10009292
1659745262 12826562
1659745263 11836274
1659745264 10140026
1659745265 11162442
1659745266 11126928
1659745267 12106164
1659745268 10924950
1659745269 12278910
1659745270 10474344
1659745271 11408594
1659745272 11018690
1659745273 11079474
1659745274 12198216
1659745275 10980372
1659745276 10967080
1659745277 10614432
1659745278 12025748
1659745279 11954040
1659745280 11470608
1659745281 11170598
1659745282 12412798
1659745283 10124732
1659745284 13256270
1659745285 11413788
1659745286 10622708
1659745287 10648070
1659745288 12326346
1659745289 11094784
1659745290 11002460
1659745291 10292808
1659745292 11706378
1659745293 11843798
1659745294 10234974
1659745295 11874574
1659745296 10158934
1659745297 11624936
1659745298 10823546
1659745299 12125234
1659745300 11294178
1659745301 10224448
1659745302 12044648
1659745303 11028998
1659745304 11336644
1659745305 10728030
1659745306 4830974
1659745307 2751112
1659745308 2781446
1659745309 2807672
1659745310 1958326
1659745311 2202258
1659745312 3397976
1659745313 2695698
1659745314 3092864
1659745315 3384836
1659745316 2151218
1659745317 2115950
1659745318 3350936
1659745319 3370516
1659745320 2774462
1659745321 2777944
1659745322 2166764
1659745323 2716886
1659745324 3217448
1659745325 2426616
1659745326 2279176
1659745327 2733760
1659745328 2877350
1659745329 3303344
1659745330 2795878
1659745331 2842046
1659745332 2616932
1659745333 2849012
1659745334 2534472
1659745335 1777612
1659745336 2651450
1659745337 2873934
1659745338 3382892
1659745339 3278430
1659745340 3052058
1659745341 2308720
1659745342 3191130
1659745343 2392018
1659745344 2748958
1659745345 2920716
1659745346 3299082
1659745347 3067072
1659745348 3331850
1659745349 2400266
1659745350 3090548
1659745351 2958470
1659745352 2191558
1659745353 2436810
1659745354 3266560
1659745355 3199882
1659745356 3296470
1659745357 3387694
1659745358 3402518
1659745359 3408654
1659745360 2609016
1659745361 2286800
1659745362 2800042
1659745363 2725784
1659745364 2651076
1659745365 3116848
1659745366 2796620
1659745367 2325864
1659745368 2368036
1659745369 3083430
1659745370 2441470
1659745371 2311004
1659745372 3405042
1659745373 3165600
1659745374 2869728
1659745375 3061038
1659745376 2092556
1659745377 2340028
1659745378 2771872
1659745379 1889846
1659745380 2917028
1659745381 2965716
1659745382 2704962
1659745383 1431896
1659745384 2629772
1659745385 2200546
1659745386 2911614
1659745387 3059128
1659745388 2425908
1659745389 3055646
1659745390 2886564
1659745391 1459878
1659745392 2052448
1659745393 3116764
1659745394 2261162
1659745395 2920706
1659745396 2169624
1659745397 3295346
1659745398 2143844
1659745399 2738670
1659745400 2949128
1659745401 2926620
1659745402 2210834
1659745403 3095128
1659745404 3031702
1659745405 2365890
1659745406 3078838
1659745407 3393240
1659745408 2185266
1659745409 1851368
1659745410 2970192
1659745411 3335560
1659745412 1801962
1659745413 2984200
1659745414 3288610
1659745415 3117844
1659745416 1561090
1659745417 3389112
1659745418 2568250
1659745419 2577866
1659745420 2531400
1659745421 2834588
1659745422 2504614
1659745423 3140476
1659745424 3363058
1659745425 2877486
1659745426 3388802
1659745427 3273206
1659745428 2553262
1659745429 3252450
1659745430 3231722
1659745431 3335282
1659745432 2617682
1659745433 3265008
1659745434 3161188
1659745435 3128888
1659745436 1975884
1659745437 3139146
1659745438 3105314
1659745439 3044504
1659745440 2559332
1659745441 2659492
1659745442 2252072
1659745443 3109430
1659745444 2637892
1659745445 2970820
1659745446 3140602
1659745447 3246912
1659745448 3336210
1659745449 2766532
1659745450 3179180
1659745451 3165542
1659745452 2330912
1659745453 2982482
1659745454 3307784
1659745455 2968140
1659745456 3225410
1659745457 3057124
1659745458 2978436
1659745459 3032442
1659745460 2557712
1659745461 2901086
1659745462 3004052
1659745463 3397864
1659745464 2556424
1659745465 1741640
1659745466 2650504
1659745467 1002048
1659745468 2504666
1659745469 1888834
1659745470 1986790
1659745471 3142872
1659745472 2187682
1659745473 1769944
1659745474 2621288
1659745475 1983688
1659745476 2406458
1659745477 1322470
1659745478 1605996
1659745479 1723644
1659745480 2085948
1659745481 2180920
1659745482 1909412
1659745483 2343136
1659745484 1463524
1659745485 2161500
1659745486 2229548
1659745487 2168476
1659745488 1736906
1659745489 1327158
1659745490 2812518
1659745491 2319654
1659745492 1345700
1659745493 1264542
1659745494 1875440
1659745495 2003144
1659745496 2407758
1659745497 2511064
1659745498 722468
1659745499 1942460
1659745500 2787110
1659745501 1455710
1659745502 1402370
1659745503 2179814
1659745504 3067848
1659745505 3060460
1659745506 1822984
1659745507 2073776
1659745508 1516124
1659745509 1729266
1659745510 2112124
1659745511 2754506
1659745512 2208990
1659745513 1634668
1659745514 2440912
1659745515 2240780
1659745516 2307412
1659745517 1641298
1659745518 1728894
1659745519 2138330
1659745520 2360986
1659745521 1479724
1659745522 1819792
1659745523 744992
1659745524 2957984
1659745525 2418398
1659745526 1337940
1659745527 1479194
1659745528 2273216
1659745529 1626442
1659745530 1508518
1659745531 2921728
1659745532 2361232
1659745533 2565702
1659745534 1824934
1659745535 1717026
1659745536 2633866
1659745537 1032244
1659745538 3083150
1659745539 1748108
1659745540 2047064
1659745541 1567500
1659745542 2418818
1659745543 2279912
1659745544 2736500
1659745545 1315614
1659745546 2404618
1659745547 2050034
1659745548 823978
1659745549 1770044
1659745550 1957270
1659745551 2076528
1659745552 468482
1659745553 2283362
1659745554 1499944
1659745555 2211582
1659745556 1506842
1659745557 2278172
1659745558 2214448
1659745559 2707052
1659745560 1185378
1659745561 2443876
1659745562 1948572
1659745563 2520942
1659745564 2914566
1659745565 1934708
1659745566 2486634
1659745567 1616698
1659745568 2343924
1659745569 2028924
1659745570 2001876
1659745571 2380052
1659745572 2129846
1659745573 1422112
1659745574 1712988
1659745575 2061880
1659745576 2785080
1659745577 1678100
1659745578 2195222
1659745579 2121960
1659745580 1862266
1659745581 2527570
1659745582 1156
1659745583 1463624
1659745584 2062034
1659745585 2329808
1659745586 1464216
1659745587 1469612
1659745588 2715408
1659745589 1671530
1659745590 1620102
1659745591 2410352
1659745592 3166942
1659745593 2823104
1659745594 1477764
1659745595 1802572
1659745596 2536934
1659745597 1935266
1659745598 1467874
1659745599 2387068
1659745600 717998
1659745601 1286972
1659745602 1725810
1659745603 2772374
1659745604 2610216
1659745605 1463234
1659745606 1782426
1659745607 2609308
1659745608 1161444
1659745609 2566772
1659745610 1735136
1659745611 2411220
1659745612 2032368
1659745613 1425690
1659745614 1141914
1659745615 2243082
1659745616 2721644
1659745617 2786434
1659745618 793224
1659745619 1401120
1659745620 2943088
1659745621 2973644
1659745622 2403284
1659745623 1580816
1659745624 2809556
1659745625 790366
1659745626 2947724
1659745627 1925890
1659745628 2445996
1659745629 2134198
1659745630 1880818
1659745631 1499266
1659745632 2186384
1659745633 2080396
1659745634 2175264
1659745635 1915164
1659745636 2342032
1659745637 2022664
1659745638 1463296
1659745639 1731292
1659745640 2109346
1659745641 2245716
1659745642 1935068
1659745643 1552210
1659745644 2482408
1659745645 1599120
1659745646 1693664
1659745647 355034
1659745648 2853562
1659745649 3157478
1659745650 3091584
1659745651 2022156
1659745652 1463764
1659745653 1463264
1659745654 2317816
1659745655 2072588
1659745656 1911982
1659745657 2479128
1659745658 1100876
1659745659 3290070
1659745660 1463740
1659745661 2563172
1659745662 1828490
1659745663 1855326
1659745664 2159054
1659745665 2344376
1659745666 1719930
1659745667 1937150
1659745668 1845112
1659745669 2678674
1659745670 1560266
1659745671 1373484
1659745672 1649352
1659745673 1741564
1659745674 2649656
1659745675 2031684
1659745676 2549258
1659745677 1274150
1659745678 2036716
1659745679 3298554
1659745680 2636594
1659745681 1724442
1659745682 2076796
1659745683 2294132
1659745684 797038
1659745685 2241768
1659745686 2532890
1659745687 2317482
1659745688 427010
1659745689 1036728
1659745690 663854
1659745691 2510818
1659745692 2154132
1659745693 2100412
1659745694 2119190
1659745695 2392226
1659745696 1876110
1659745697 2284526
1659745698 1725450
1659745699 2665126
1659745700 1724154
1659745701 2664620
1659745702 28504
1659745703 1926934
1659745704 2957612
1659745705 2406994
1659745706 430294
1659745707 2191982
1659745708 2347680
1659745709 2200554
1659745710 2487698
1659745711 989798
1659745712 3109676
1659745713 2788488
1659745714 1978326
1659745715 1501076
1659745716 1931924
1659745717 1842652
1659745718 2547864
1659745719 2101614
1659745720 1723594
1659745721 2171068
1659745722 2786898
1659745723 1463436
1659745724 401860
1659745725 1099400
1659745726 1802338
1659745727 2461632
1659745728 1552776
1659745729 1791832
1659745730 2365696
1659745731 2531430
1659745732 629344
1659745733 1322878
1659745734 2214816
1659745735 2335374
1659745736 3174476
1659745737 1281988
1659745738 2379972
1659745739 2745908
1659745740 2457800
1659745741 1933906
1659745742 1930152
1659745743 2459840
1659745744 1493788
1659745745 2455672
1659745746 1904764
1659745747 2442744
1659745748 1948530
1659745749 1488238
1659745750 2712054
1659745751 1971304
1659745752 1427234
1659745753 2751182
1659745754 1847016
1659745755 2157846
1659745756 2082900
1659745757 2219074
1659745758 1341734
1659745759 1955080
1659745760 1614712
1659745761 1983962
1659745762 813186
1659745763 2186462
1659745764 2607464
1659745765 1187918
1659745766 2327138
1659745767 1917378
1659745768 1586892
1659745769 2625240
1659745770 1868654
1659745771 807430
1659745772 3188634
1659745773 2419980
1659745774 3353414
1659745775 1618930
1659745776 2597234
1659745777 1592790
1659745778 1935064
1659745779 1659042
1659745780 2591112
1659745781 1563978
1659745782 2794502
1659745783 1464066
1659745784 2641846
1659745785 1748600
1659745786 2073476
1659745787 2316294
1659745788 1834020
1659745789 2318720
1659745790 1214238
1659745791 2817644
1659745792 598484
1659745793 1865910
1659745794 3139612
1659745795 850884
1659745796 2785282
1659745797 2855312
1659745798 1083918
1659745799 2807056
1659745800 2177020
1659745801 2286624
1659745802 2104920
1659745803 1480982
1659745804 1656102
1659745805 1909322
1659745806 2373444
1659745807 2289010
1659745808 2032998
1659745809 1430506
1659745810 1869526
1659745811 2219874
1659745812 1137178
1659745813 2991428
1659745814 1697654
1659745815 2896830
1659745816 1628582
1659745817 2232334
1659745818 2327474
1659745819 1996550
1659745820 2171766
1659745821 498252
1659745822 1736078
1659745823 2205514
1659745824 2579890
1659745825 1734644
1659745826 1143758
1659745827 1784208
1659745828 1686840
1659745829 2451100
1659745830 2699724
1659745831 2314928
1659745832 2514890
1659745833 1507496
1659745834 2318462
1659745835 2071022
1659745836 1929762
1659745837 2461980
1659745838 1499280
1659745839 1912682
1659745840 1449652
1659745841 2553442
1659745842 1937056
1659745843 1879976
1659745844 2679948
1659745845 2082034
1659745846 3003132
1659745847 1702698
1659745848 1928922
1659745849 1835636
1659745850 1888648
1659745851 1484712
1659745852 2150066
1659745853 1155864
1659745854 1419520
1659745855 2582384
1659745856 1449716
1659745857 1766466
1659745858 2625926
1659745859 1477096
1659745860 2556882
1659745861 1362042
1659745862 1923846
1659745863 1272456
1659745864 2747052
1659745865 2367006
1659745866 2140862
1659745867 2797260
1659745868 1849160
1659745869 1474070
1659745870 2045034
1659745871 2336004
1659745872 1316896
1659745873 2446968
1659745874 2343866
1659745875 1938896
1659745876 2199164
1659745877 1161680
1659745878 1766808
1659745879 1716610
1659745880 2485232
1659745881 1652398
1659745882 2061184
1659745883 2032872
1659745884 965054
1659745885 2344330
1659745886 2783918
1659745887 2337728
1659745888 1928100
1659745889 1805994
1659745890 1840364
1659745891 2394040
1659745892 1680238
1659745893 2446486
1659745894 1784770
1659745895 577064
1659745896 1765134
1659745897 2936968
1659745898 2791094
1659745899 1802452
1659745900 2060182
1659745901 2551164
1659745902 1693618
1659745903 2415964
1659745904 1905146
1659745905 1992948
1659745906 2369632
1659745907 1490852
1659745908 2005848
1659745909 1691156
1659745910 1652546
1659745911 2064376
1659745912 1400076
1659745913 2247494
1659745914 1463894
1659745915 2193496
1659745916 2894212
1659745917 767660
1659745918 1462752
1659745922 460206
1659745923 2466784
1659745924 1558822
1659745925 2565546
1659745926 3139150
1659745927 1707754
1659745928 2179168
1659745929 2024318
1659745930 2208210
1659745931 1602734
1659745932 2044616
1659745933 1945982
1659745934 1993880
1659745935 1914836
1659745936 2286952
1659745937 2103726
1659745938 1337600
1659745939 2579940
1659745940 1547222
1659745941 3195596
1659745942 122774
1659745943 2701744
1659745944 1560604
1659745945 2180554
1659745946 2329680
1659745947 2091230
1659745948 1454346
1659745949 1441760
1659745950 2277866
1659745951 2918908
1659745952 2151924
1659745953 2346418
1659745954 2044024
1659745955 2110514
1659745956 2280426
1659745957 1740658
1659745958 2402766
1659745959 1712268
1659745960 2200478
1659745961 1810734
1659745962 1652524
1659745963 1909952
1659745964 2246448
1659745965 1888632
1659745966 1738134
1659745967 2573706
1659745968 1543280
1659745969 2188978
1659745970 1841982
1659745971 1953884
1659745972 1383450
1659745973 1413404
1659745978 1976508
1659745979 2428464
1659745980 1522716
1659745981 3110494
1659745982 2671022
1659745983 416448
1659745984 2763370
1659745985 2675568
1659745986 2014572
1659745987 1911644
1659745988 895376
1659745989 2221936
1659745990 1736666
1659745991 2285046
1659745992 2106362
1659745993 1429996
1659745994 2644664
1659745995 2255900
1659745996 1168930
1659745997 2866174
1659745998 1456608
1659745999 2268878
1659746000 2047192
1659746001 2387894
1659746002 522352
1659746003 2185812
1659746004 3157832
1659746005 1958044
1659746006 686714
1659746007 2434102
1659746008 2869218
1659746009 1328020
1659746010 1806414
1659746011 2739142
1659746012 2771562
1659746013 1462942
1659746014 2644388
1659746015 1746482
1659746016 1829516
1659746017 2206626
1659746018 1939942
1659746019 2374704
1659746020 1833168
1659746021 2061442
1659746022 1824926
1659746023 1655622
1659746024 1835042
1659746025 1441952
1659746026 2948554
1659746027 1580656
1659746028 2183514
1659746029 627522
1659746033 1460666
1659746034 1392018
1659746035 2427628
1659746036 2049904
1659746037 1530560
1659746038 2141728
1659746039 2724100
1659746040 2631002
1659746041 1712190
1659746042 1755202
1659746043 1256638
1659746044 1823182
1659746045 2253800
1659746046 1692248
1659746047 2531078
1659746048 1861580
1659746049 1477824
1659746050 1692202
1659746051 2697314
1659746052 1777984
1659746053 1993440
1659746054 3268194
1659746055 1524896
1659746056 2904658
1659746057 1693540
1659746058 2075870
1659746059 2223132
1659746060 1391492
1659746061 1628860
1659746062 1480392
1659746063 2289458
1659746064 2085158
1659746065 1359530
1659746066 2940856
1659746067 1556258
1659746068 2689956
1659746069 1701598
1659746070 1973518
1659746071 3188004
1659746072 2149198
1659746073 2053994
1659746074 1903936
1659746075 2084774
1659746076 1283994
1659746077 2792872
1659746078 1598536
1659746079 863796
1659746080 2078884
1659746081 3005148
1659746082 2283072
1659746083 2015682
1659746088 2538076
1659746089 1624478
1659746090 1692908
1659746091 715958
1659746092 2098296
1659746093 2154844
1659746094 2351420
1659746095 2063134
1659746096 3247498
1659746097 2008992
1659746098 820320
1659746099 2105428
1659746100 1464062
1659746101 2540982
1659746102 1849730
1659746103 1879448
1659746104 1817858
1659746105 1896018
1659746106 2577716
1659746107 2154468
1659746108 1910024
1659746109 2018820
1659746110 2119444
1659746111 1719834
1659746112 2426900
1659746113 1581664
1659746114 2782446
1659746115 1612572
1659746116 1658856
1659746117 2584068
1659746118 1774478
1659746119 2016618
1659746120 2063556
1659746121 744776
1659746122 2898572
1659746123 748398
1659746124 2219586
1659746125 2698034
1659746126 1440460
1659746127 1780698
1659746128 2199510
1659746129 1485800
1659746130 2023334
1659746131 2141820
1659746132 2607550
1659746133 2550306
1659746134 2366004
1659746135 2393466
1659746136 1879640
1659746137 1384122
1659746138 2342434
1659746139 785400
1659746143 1813044
1659746144 2577480
1659746145 1959082
1659746146 2175206
1659746147 1389206
1659746148 2295152
1659746149 2199782
1659746150 2105108
1659746151 1653666
1659746152 864150
1659746153 1157070
1659746154 2284884
1659746155 949826
1659746156 1951944
1659746157 2086682
1659746158 1895176
1659746159 2817538
1659746160 1575416
1659746161 1463688
1659746162 2270310
1659746163 2881212
1659746164 2166842
1659746165 2011482
1659746166 2340170
1659746167 1889350
1659746168 2339696
1659746169 2018824
1659746170 2485136
1659746171 1551952
1659746172 1933554
1659746173 1510230
1659746174 2158588
1659746175 2286334
1659746176 2485116
1659746177 1728154
1659746178 1669162
1659746179 2330394
1659746180 1464898
1659746181 1105202
1659746182 3062664
1659746183 631100
1659746184 2687888
1659746185 2817030
1659746186 1009990
1659746187 1918818
1659746188 2926646
1659746189 2261302
1659746190 1532068
1659746191 2287480
1659746192 1688366
1659746193 2476956
1659746194 1463672
1659746198 270564
1659746199 2657426
1659746200 1463378
1659746201 2430552
1659746202 1961048
1659746203 2084290
1659746204 2306548
1659746205 1671854
1659746206 2390752
1659746207 1792158
1659746208 1174440
1659746209 2733910
1659746210 483644
1659746211 1835604
1659746212 2118408
1659746213 1904112
1659746214 2057584
1659746215 2336942
1659746216 1039432
1659746217 2457664
1659746218 2727540
1659746219 2556510
1659746220 1463198
1659746221 2356834
1659746222 1780632
1659746223 2618182
1659746224 1052864
1659746225 2370472
1659746226 1941326
1659746227 1869800
1659746228 2677140
1659746229 2676128
1659746230 2017842
1659746231 2021954
1659746232 1562730
1659746233 2330756
1659746234 1808310
1659746235 2169080
1659746236 2413414
1659746237 1700710
1659746238 2690428
1659746239 1587850
1659746240 1676292
1659746241 1127580
1659746242 484490
1659746243 3284386
1659746244 1237720
1659746245 1737852
1659746246 1669748
1659746247 2860332
1659746248 2579608
1659746249 2475560
1659746250 2312108
1659746251 1714194
1659746252 2561054
1659746253 1778942
1659746254 1531540
1659746255 2274998
1659746256 1580982
1659746257 2113650
1659746258 2215812
1659746259 1792802
1659746260 2043532
1659746261 1780702
1659746262 2182782
1659746263 2058132
1659746264 1866170
1659746265 1881504
1659746266 2496696
1659746267 1540570
1659746268 1840142
1659746269 3108692
1659746270 2267526
1659746271 1433862
1659746272 796
1659746273 1463708
1659746274 269022
1659746275 2339198
1659746276 1783774
1659746277 2555240
1659746278 2961442
1659746279 338520
1659746280 1718476
1659746281 2674386
1659746282 1649408
1659746283 3064324
1659746284 2345880
1659746285 1723194
1659746286 1463260
1659746287 1718866
1659746288 2672776
1659746289 1717276
1659746290 2624372
1659746291 1545446
1659746292 2410824
1659746293 1949108
1659746294 2068434
1659746295 1962326
1659746296 2038634
1659746297 2413770
1659746298 1837712
1659746299 1944950
1659746300 908852
1659746301 2196888
1659746302 892894
1659746306 1020572
1659746307 2011010
1659746308 2280712
1659746309 2778128
1659746310 2092624
1659746311 1534290
1659746312 1463574
1659746313 1463548
1659746314 2181104
1659746315 1362898
1659746316 2570098
1659746317 1934474
1659746318 2197548
1659746319 1479838
1659746320 2104148
1659746321 2375932
1659746322 1813060
1659746323 2474368
1659746324 1450974
1659746325 2595452
1659746326 1928312
1659746327 2415316
1659746328 1855190
1659746329 1938816
1659746330 1630514
1659746331 936998
1659746332 2346876
1659746333 2028962
1659746334 1487058
1659746335 1146468
1659746336 3080802
1659746337 2898928
1659746338 857696
1659746339 2797518
1659746340 1724544
1659746341 2452280
1659746342 2899724
1659746343 2441316
1659746344 1677722
1659746345 2455100
1659746346 1430266
1659746347 2265792
1659746348 2090246
1659746349 1795878
1659746350 1502182
1659746351 2036164
1659746352 2311578
1659746353 2421770
1659746354 505872
1659746358 1464282
1659746359 1993916
1659746360 2398046
1659746361 1464960
1659746362 1463874
1659746363 2323698
1659746364 840410
1659746365 2697846
1659746366 2489386
1659746367 439106
1659746368 2064706
1659746369 2327574
1659746370 825130
1659746371 2161750
1659746372 2464704
1659746373 3091950
1659746374 1854476
1659746375 2558202
1659746376 1683186
1659746377 1946706
1659746378 2531334
1659746379 2532698
1659746380 1770808
1659746381 2586420
1659746382 1611362
1659746383 2643000
1659746384 1673010
1659746385 2255404
1659746386 1611946
1659746387 1874048
1659746388 3058474
1659746389 2425872
1659746390 1819252
1659746391 1950758
1659746392 307022
1659746393 2962268
1659746394 1713558
1659746395 2842952
1659746396 2422186
1659746397 858106
1659746398 2181168
1659746399 2483172
1659746400 1796398
1659746402 2698848
1659746403 2862802
1659746404 2156156
1659746405 1876732
1659746406 2426326
1659746407 1768570
1659746408 845890
1659746412 1039382
1659746413 2146582
1659746414 2093988
1659746415 2563232
1659746416 2402976
1659746417 1676388
1659746418 2667474
1659746419 1511220
1659746420 1688912
1659746421 2689862
1659746422 1069488
1659746423 780


# events lost
1659745305 647268
1659745306 6814548
1659745307 8912400
1659745308 8245466
1659745309 9629790
1659745310 9814220
1659745311 8857324
1659745312 9272672
1659745313 7901082
1659745314 9599730
1659745315 8311146
1659745316 8808142
1659745317 8291486
1659745318 8757152
1659745319 9314626
1659745320 7486768
1659745321 7834278
1659745322 8956128
1659745323 9265712
1659745324 8776982
1659745325 9202350
1659745326 8164122
1659745327 9617654
1659745328 8237720
1659745329 8005142
1659745330 8023460
1659745331 8406388
1659745332 8540438
1659745333 9431058
1659745334 9625260
1659745335 8683548
1659745336 9233160
1659745337 8914564
1659745338 8975746
1659745339 9219306
1659745340 8068550
1659745341 9568844
1659745342 10305274
1659745343 8333162
1659745344 9534168
1659745345 9104202
1659745346 8067462
1659745347 7457910
1659745348 8692828
1659745349 8372770
1659745350 9373590
1659745351 8325168
1659745352 8509008
1659745353 9089798
1659745354 8431534
1659745355 7776356
1659745356 7947164
1659745357 8924438
1659745358 8939032
1659745359 8360806
1659745360 7999070
1659745361 9492912
1659745362 8552102
1659745363 8442050
1659745364 9396660
1659745365 7842162
1659745366 9261900
1659745367 9453614
1659745368 9217022
1659745369 8470514
1659745370 7778500
1659745371 9754542
1659745372 10202304
1659745373 7408202
1659745374 9360568
1659745375 9395274
1659745376 8527512
1659745377 8904042
1659745378 7949886
1659745379 9369738
1659745380 9370614
1659745381 7891382
1659745382 7675628
1659745383 8898008
1659745384 9622178
1659745385 8074932
1659745386 9278568
1659745387 8644390
1659745388 9201258
1659745389 8120384
1659745390 7630686
1659745391 10321608
1659745392 9448560
1659745393 8631978
1659745394 9136632
1659745395 7976558
1659745396 8274134
1659745397 8741650
1659745398 9033248
1659745399 9186060
1659745400 9206396
1659745401 8587880
1659745402 8892776
1659745403 8601584
1659745404 9291148
1659745405 7082530
1659745406 8798206
1659745407 7183666
1659745408 8971960
1659745409 9348410
1659745410 8888136
1659745411 7695190
1659745412 9756004
1659745413 8473898
1659745414 7777774
1659745415 8370890
1659745416 9636832
1659745417 8467856
1659745418 9125606
1659745419 9016342
1659745420 8086892
1659745421 8689444
1659745422 8614926
1659745423 8613102
1659745424 8980060
1659745425 7723234
1659745426 8215650
1659745427 8763918
1659745428 8444898
1659745429 8350924
1659745430 7696974
1659745431 9001722
1659745432 7869474
1659745433 8891220
1659745434 9402908
1659745435 6462838
1659745436 9540460
1659745437 8082844
1659745438 8154008
1659745439 9084154
1659745440 5975316
1659745441 8531614
1659745442 9136340
1659745443 7878056
1659745444 9118434
1659745445 8634106
1659745446 8773842
1659745447 8848552
1659745448 7163190
1659745449 9251600
1659745450 7590482
1659745451 9017734
1659745452 8867736
1659745453 8306176
1659745454 7944152
1659745455 7633074
1659745456 8122030
1659745457 8525300
1659745458 7931732
1659745459 8554562
1659745460 8923000
1659745461 8657062
1659745462 7922962
1659745463 8489010
1659745464 9934466
1659745465 8872794
1659745466 8687350
1659745467 12244110
1659745468 7910018
1659745469 10311312
1659745470 7789102
1659745471 7090484
1659745472 10109372
1659745473 9067642
1659745474 9037324
1659745475 8741302
1659745476 8862522
1659745477 11029180
1659745478 9025832
1659745479 10219218
1659745480 9237368
1659745481 9514676
1659745482 9382550
1659745483 9651490
1659745484 10646158
1659745485 8053562
1659745486 9971214
1659745487 8104496
1659745488 10523926
1659745489 8914260
1659745490 8276616
1659745491 8282630
1659745492 11709022
1659745493 9823262
1659745494 8660774
1659745495 9198846
1659745496 8925340
1659745497 9862594
1659745498 11643020
1659745499 8409264
1659745500 8640362
1659745501 10669378
1659745502 8750754
1659745503 8150056
1659745504 9075878
1659745505 7158284
1659745506 10216036
1659745507 9116882
1659745508 10481960
1659745509 9413786
1659745510 8959836
1659745511 8421560
1659745512 9478072
1659745513 9074040
1659745514 9816058
1659745515 8045876
1659745516 9663324
1659745517 9599878
1659745518 9749024
1659745519 9418084
1659745520 8562266
1659745521 10391350
1659745522 9886996
1659745523 12048072
1659745524 6755292
1659745525 8572040
1659745526 10921828
1659745527 9138922
1659745528 10461716
1659745529 9886212
1659745530 8576790
1659745531 9085924
1659745532 9379806
1659745533 8173956
1659745534 9790086
1659745535 9286152
1659745536 8450606
1659745537 10992196
1659745538 7244872
1659745539 10137348
1659745540 8422816
1659745541 10815440
1659745542 8275266
1659745543 9445178
1659745544 7670154
1659745545 10537806
1659745546 8704504
1659745547 9400338
1659745548 12419024
1659745549 9584052
1659745550 9233564
1659745551 9401142
1659745552 12266638
1659745553 9551920
1659745554 8954882
1659745555 9389288
1659745556 9001506
1659745557 11238762
1659745558 8200240
1659745559 7562422
1659745560 11041186
1659745561 7917868
1659745562 9947640
1659745563 8172128
1659745564 8566720
1659745565 8306788
1659745566 9615372
1659745567 10390900
1659745568 8253216
1659745569 9637236
1659745570 8478912
1659745571 9398064
1659745572 8808608
1659745573 10770428
1659745574 9612434
1659745575 9390016
1659745576 7873882
1659745577 10274636
1659745578 8382092
1659745579 10239430
1659745580 8350858
1659745581 9383758
1659745582 13523452
1659745583 10014132
1659745584 7849144
1659745585 9272886
1659745586 10811266
1659745587 8811346
1659745588 9228172
1659745589 10304038
1659745590 8208850
1659745591 8782108
1659745592 8365458
1659745593 7993310
1659745594 10847720
1659745595 7808906
1659745596 9758706
1659745597 8748674
1659745598 10823950
1659745599 8757714
1659745600 11511792
1659745601 10913394
1659745602 9471326
1659745603 8782890
1659745604 8593650
1659745605 9696766
1659745606 9083172
1659745607 9237342
1659745608 9670242
1659745609 8981896
1659745610 9038842
1659745611 9049730
1659745612 10084564
1659745613 10141930
1659745614 9603618
1659745615 9485396
1659745616 8539264
1659745617 7579188
1659745618 11857846
1659745619 8830816
1659745620 8921326
1659745621 7215224
1659745622 9962554
1659745623 9360510
1659745624 8667530
1659745625 10378000
1659745626 7072794
1659745627 10213072
1659745628 8171134
1659745629 9836614
1659745630 8612930
1659745631 10409008
1659745632 9738138
1659745633 9204868
1659745634 9368084
1659745635 8237872
1659745636 8902220
1659745637 9476634
1659745638 10170222
1659745639 9257510
1659745640 9726716
1659745641 8773106
1659745642 9012562
1659745643 10625126
1659745644 9168866
1659745645 8715428
1659745646 10928316
1659745647 9636028
1659745648 9478056
1659745649 7659444
1659745650 7944380
1659745651 9685742
1659745652 10948748
1659745653 10761536
1659745654 8055668
1659745655 9065688
1659745656 8934964
1659745657 9127826
1659745658 9493892
1659745659 7850538
1659745660 10036460
1659745661 7894748
1659745662 10542802
1659745663 9093554
1659745664 9508860
1659745665 8057494
1659745666 10185032
1659745667 9586234
1659745668 9672426
1659745669 8796612
1659745670 8766522
1659745671 9514920
1659745672 11717688
1659745673 8572630
1659745674 8993436
1659745675 8401722
1659745676 8297398
1659745677 12080788
1659745678 8726920
1659745679 7466978
1659745680 7436308
1659745681 10343658
1659745682 8830788
1659745683 9306346
1659745684 10343212
1659745685 9053394
1659745686 8638936
1659745687 9933868
1659745688 11645404
1659745689 12766288
1659745690 10515376
1659745691 9423072
1659745692 8802774
1659745693 9351014
1659745694 8531500
1659745695 8867070
1659745696 9013588
1659745697 9838412
1659745698 8809932
1659745699 9464068
1659745700 8404808
1659745701 9326968
1659745702 13043834
1659745703 8964352
1659745704 7820980
1659745705 8682632
1659745706 11582856
1659745707 8417018
1659745708 9922418
1659745709 8989982
1659745710 7734746
1659745711 9669556
1659745712 8810100
1659745713 7710874
1659745714 9443534
1659745715 9505096
1659745716 10270436
1659745717 8835056
1659745718 9419866
1659745719 8215736
1659745720 8901410
1659745721 8873928
1659745722 7868922
1659745723 10843480
1659745724 12177268
1659745725 10936204
1659745726 9462108
1659745727 8933632
1659745728 10096594
1659745729 9411418
1659745730 7989758
1659745731 8497268
1659745732 12740946
1659745733 9348592
1659745734 9052896
1659745735 8452866
1659745736 7013570
1659745737 12094896
1659745738 7877460
1659745739 8870608
1659745740 7554338
1659745741 10081304
1659745742 8998454
1659745743 9184946
1659745744 9841108
1659745745 8335928
1659745746 9483980
1659745747 8547502
1659745748 9688916
1659745749 9764194
1659745750 7870022
1659745751 9700162
1659745752 9337294
1659745753 9081572
1659745754 9240546
1659745755 9475230
1659745756 9388468
1659745757 8916958
1659745758 10963806
1659745759 9710960
1659745760 9018754
1659745761 9610562
1659745762 12293562
1659745763 8646324
1659745764 8365268
1659745765 10717872
1659745766 8077884
1659745767 10690256
1659745768 9267292
1659745769 7576634
1659745770 10165552
1659745771 9361404
1659745772 9079346
1659745773 7940650
1659745774 8947320
1659745775 9512540
1659745776 8459238
1659745777 9985118
1659745778 9201782
1659745779 10198308
1659745780 7669736
1659745781 10109128
1659745782 8044044
1659745783 10845856
1659745784 7531268
1659745785 9330012
1659745786 8222204
1659745787 9816198
1659745788 8965686
1659745789 9461176
1659745790 9184154
1659745791 9058148
1659745792 12748976
1659745793 8501404
1659745794 7441182
1659745795 11090326
1659745796 7798312
1659745797 8075112
1659745798 10744464
1659745799 7925550
1659745800 8870830
1659745801 8660506
1659745802 9428996
1659745803 10510274
1659745804 8977698
1659745805 10085362
1659745806 8444858
1659745807 9435920
1659745808 9698906
1659745809 10595514
1659745810 8883370
1659745811 9152674
1659745812 10266044
1659745813 7818744
1659745814 10048374
1659745815 7589120
1659745816 10004078
1659745817 8484794
1659745818 9542622
1659745819 8713736
1659745820 9506290
1659745821 11672746
1659745822 9844358
1659745823 9198486
1659745824 9002672
1659745825 9329962
1659745826 9508622
1659745827 11297282
1659745828 9850434
1659745829 7414308
1659745830 8006670
1659745831 8732700
1659745832 9035914
1659745833 10099238
1659745834 8786322
1659745835 8336404
1659745836 9432034
1659745837 8608658
1659745838 10424654
1659745839 8727536
1659745840 9529724
1659745841 7871662
1659745842 9723330
1659745843 8319410
1659745844 9335354
1659745845 7750252
1659745846 9303240
1659745847 9113986
1659745848 9922088
1659745849 9311926
1659745850 8871736
1659745851 9284630
1659745852 9846648
1659745853 11183832
1659745854 9148572
1659745855 9112484
1659745856 11237098
1659745857 8432166
1659745858 9853140
1659745859 9081914
1659745860 7966394
1659745861 10822034
1659745862 10381874
1659745863 9032402
1659745864 7927524
1659745865 9062120
1659745866 8207320
1659745867 9181644
1659745868 10241658
1659745869 10117376
1659745870 8858276
1659745871 9246336
1659745872 9769808
1659745873 8740228
1659745874 9136442
1659745875 8711520
1659745876 10072306
1659745877 11216100
1659745878 9939786
1659745879 9697384
1659745880 8207336
1659745881 10411978
1659745882 8820684
1659745883 9825022
1659745884 10824610
1659745885 8607726
1659745886 7888350
1659745887 8569314
1659745888 9358920
1659745889 9884148
1659745890 9288942
1659745891 8864332
1659745892 10498000
1659745893 8362912
1659745894 10515816
1659745895 9823308
1659745896 10221848
1659745897 8577016
1659745898 8150866
1659745899 9781396
1659745900 8455182
1659745901 8870754
1659745902 9781498
1659745903 8570902
1659745904 10113900
1659745905 8067212
1659745906 9746980
1659745907 9854820
1659745908 9455460
1659745909 9623670
1659745910 9981238
1659745911 8812998
1659745912 9800906
1659745913 10074534
1659745914 10646314
1659745915 8037666
1659745916 8081676
1659745917 12533004
1659745918 10191798
1659745919 13821278
1659745920 12511676
1659745921 13835288
1659745922 12455028
1659745923 9307904
1659745924 9184458
1659745925 7399814
1659745926 9053220
1659745927 9205688
1659745928 9194108
1659745929 9818424
1659745930 8155924
1659745931 10630308
1659745932 9129832
1659745933 9131676
1659745934 9926586
1659745935 8790288
1659745936 7865738
1659745937 10071496
1659745938 9415928
1659745939 9243066
1659745940 8845562
1659745941 8533312
1659745942 12794726
1659745943 7797974
1659745944 9620686
1659745945 8467256
1659745946 9334190
1659745947 9889104
1659745948 10958980
1659745949 8825434
1659745950 9361984
1659745951 7786558
1659745952 10144936
1659745953 7855684
1659745954 10183560
1659745955 7698476
1659745956 10035472
1659745957 9207260
1659745958 8994992
1659745959 9846268
1659745960 8589424
1659745961 9687354
1659745962 10105734
1659745963 9264920
1659745964 9249870
1659745965 8354062
1659745966 10171498
1659745967 8242498
1659745968 10608666
1659745969 8195078
1659745970 9949068
1659745971 9522852
1659745972 10619132
1659745973 11124874
1659745974 13812634
1659745975 13272220
1659745976 13838988
1659745977 13736264
1659745978 8732832
1659745979 8734162
1659745980 9431962
1659745981 7758498
1659745982 8252598
1659745983 11437936
1659745984 8045118
1659745985 7971398
1659745986 8415578
1659745987 10279876
1659745988 11350398
1659745989 9375104
1659745990 9507916
1659745991 8057826
1659745992 10077566
1659745993 9092106
1659745994 9402770
1659745995 7501492
1659745996 10546484
1659745997 8883518
1659745998 9327784
1659745999 9877186
1659746000 9151908
1659746001 8627500
1659746002 12527144
1659746003 8680580
1659746004 7602784
1659746005 8893298
1659746006 11891948
1659746007 8853298
1659746008 7083428
1659746009 12011116
1659746010 8549500
1659746011 7787600
1659746012 8795224
1659746013 10763814
1659746014 7795086
1659746015 9566876
1659746016 8776720
1659746017 9759708
1659746018 9198714
1659746019 9096718
1659746020 8847012
1659746021 9006352
1659746022 9634774
1659746023 10389804
1659746024 10014922
1659746025 8949726
1659746026 9374778
1659746027 9477388
1659746028 9242040
1659746029 12930388
1659746030 12672398
1659746031 13830064
1659746032 13817444
1659746033 9961338
1659746034 10877986
1659746035 6857578
1659746036 10920768
1659746037 9724392
1659746038 9245142
1659746039 7271724
1659746040 9097974
1659746041 9765140
1659746042 9601116
1659746043 11016002
1659746044 9839764
1659746045 9117282
1659746046 9415624
1659746047 8873146
1659746048 9388200
1659746049 9681556
1659746050 8460676
1659746051 8557242
1659746052 9650400
1659746053 9363362
1659746054 7854406
1659746055 9317172
1659746056 7913676
1659746057 10337938
1659746058 8388674
1659746059 10102736
1659746060 8396474
1659746061 11735106
1659746062 10253206
1659746063 7404506
1659746064 11392954
1659746065 8220826
1659746066 8607728
1659746067 10475658
1659746068 7176640
1659746069 10915932
1659746070 7651350
1659746071 8085366
1659746072 9520364
1659746073 8648512
1659746074 9729712
1659746075 8925594
1659746076 11482836
1659746077 7623432
1659746078 10455154
1659746079 9487598
1659746080 8896060
1659746081 8142672
1659746082 9066662
1659746083 9572828
1659746084 13759194
1659746085 12842324
1659746086 13526846
1659746087 13758732
1659746088 8414432
1659746089 10082868
1659746090 9250916
1659746091 11522806
1659746092 8571924
1659746093 9893224
1659746094 9042892
1659746095 8193652
1659746096 7685210
1659746097 9582174
1659746098 11533504
1659746099 10130230
1659746100 8891858
1659746101 8492036
1659746102 9817680
1659746103 9496016
1659746104 9497498
1659746105 9181854
1659746106 8467864
1659746107 9534850
1659746108 8919496
1659746109 10058308
1659746110 8359632
1659746111 10078994
1659746112 9359390
1659746113 9311648
1659746114 9272556
1659746115 8890204
1659746116 9965434
1659746117 9053036
1659746118 9711506
1659746119 9129356
1659746120 9408406
1659746121 11560842
1659746122 7136234
1659746123 12550674
1659746124 7983748
1659746125 7744160
1659746126 10991616
1659746127 8896010
1659746128 10438324
1659746129 10538546
1659746130 8120922
1659746131 9023840
1659746132 8981278
1659746133 8371086
1659746134 9097852
1659746135 8272766
1659746136 9732780
1659746137 10110586
1659746138 8587564
1659746139 13016248
1659746140 13131698
1659746141 13827682
1659746142 13857882
1659746143 9578846
1659746144 8922376
1659746145 8983558
1659746146 9020806
1659746147 10824782
1659746148 8033768
1659746149 10102004
1659746150 8477194
1659746151 10271432
1659746152 12476790
1659746153 9617348
1659746154 10008940
1659746155 11606300
1659746156 8875500
1659746157 8028082
1659746158 11282088
1659746159 8015056
1659746160 9543942
1659746161 10891116
1659746162 8022038
1659746163 8146898
1659746164 9199716
1659746165 8964028
1659746166 8897112
1659746167 9690774
1659746168 8630784
1659746169 9600304
1659746170 8137814
1659746171 10723188
1659746172 8791794
1659746173 10260590
1659746174 8790194
1659746175 9050396
1659746176 8553080
1659746177 10151742
1659746178 9736524
1659746179 9568128
1659746180 10096428
1659746181 9375308
1659746182 8867638
1659746183 11512060
1659746184 8291530
1659746185 7612196
1659746186 10792028
1659746187 10180200
1659746188 8163174
1659746189 8095382
1659746190 10165968
1659746191 8687756
1659746192 10159900
1659746193 9141438
1659746194 10386868
1659746195 12470488
1659746196 13789674
1659746197 13830150
1659746198 12688228
1659746199 8594580
1659746200 9390772
1659746201 8935060
1659746202 9749858
1659746203 9057222
1659746204 9028658
1659746205 9343916
1659746206 8725658
1659746207 10549370
1659746208 9463316
1659746209 9332586
1659746210 11845446
1659746211 8883420
1659746212 9054352
1659746213 10531386
1659746214 9087362
1659746215 7390980
1659746216 10934292
1659746217 8000022
1659746218 8639708
1659746219 8692366
1659746220 10004044
1659746221 8276622
1659746222 10441734
1659746223 7702996
1659746224 11285004
1659746225 7484314
1659746226 10427556
1659746227 8873424
1659746228 9356102
1659746229 7998240
1659746230 9176628
1659746231 9566060
1659746232 10317466
1659746233 8468500
1659746234 9969922
1659746235 8422502
1659746236 9519952
1659746237 9331208
1659746238 8839302
1659746239 10198922
1659746240 9403800
1659746241 11775590
1659746242 11391626
1659746243 7203656
1659746244 10318492
1659746245 9330208
1659746246 9050766
1659746247 9057916
1659746248 8602722
1659746249 8564176
1659746250 7648082
1659746251 10824578
1659746252 8124082
1659746253 10131428
1659746254 9658062
1659746255 9271398
1659746256 8984048
1659746257 9879530
1659746258 8906074
1659746259 9699032
1659746260 9818256
1659746261 9509778
1659746262 9595548
1659746263 9011452
1659746264 9718276
1659746265 8800806
1659746266 9251388
1659746267 9250338
1659746268 9990596
1659746269 7595356
1659746270 8102500
1659746271 11343186
1659746272 13504922
1659746273 10032328
1659746274 11761108
1659746275 8720058
1659746276 10367536
1659746277 7472846
1659746278 8272404
1659746279 13094366
1659746280 8804158
1659746281 8986598
1659746282 9248554
1659746283 6727550
1659746284 9657042
1659746285 8585722
1659746286 10778950
1659746287 9916304
1659746288 8193798
1659746289 9357760
1659746290 7919348
1659746291 10734898
1659746292 8036406
1659746293 10272546
1659746294 8364620
1659746295 9447308
1659746296 8774150
1659746297 9259538
1659746298 9225428
1659746299 9475048
1659746300 11094036
1659746301 8258906
1659746302 12508080
1659746303 13779454
1659746304 13836816
1659746305 13283254
1659746306 11372172
1659746307 9026160
1659746308 7980360
1659746309 8635768
1659746310 8367462
1659746311 10755516
1659746312 10821610
1659746313 10108456
1659746314 8983856
1659746315 9775984
1659746316 9111070
1659746317 9186820
1659746318 9892694
1659746319 9932254
1659746320 8723234
1659746321 9340072
1659746322 8989494
1659746323 9555348
1659746324 9559226
1659746325 8460840
1659746326 9217026
1659746327 8796140
1659746328 9709984
1659746329 8991086
1659746330 9706906
1659746331 12086178
1659746332 8420176
1659746333 10087600
1659746334 9329572
1659746335 9103814
1659746336 9070588
1659746337 8514656
1659746338 11387242
1659746339 7542526
1659746340 8321998
1659746341 8711498
1659746342 8535310
1659746343 9060130
1659746344 10084838
1659746345 8038834
1659746346 10938420
1659746347 8401614
1659746348 9720672
1659746349 9492420
1659746350 10080288
1659746351 8867048
1659746352 9852358
1659746353 8072424
1659746354 13119456
1659746355 13189536
1659746356 13794300
1659746357 13831808
1659746358 10978030
1659746359 8520252
1659746360 8430778
1659746361 10605768
1659746362 10236052
1659746363 7808108
1659746364 12118610
1659746365 7702588
1659746366 8023296
1659746367 13241752
1659746368 8480460
1659746369 9556814
1659746370 10658790
1659746371 8234260
1659746372 8068592
1659746373 8622788
1659746374 9563978
1659746375 7380770
1659746376 9778942
1659746377 8876584
1659746378 8689558
1659746379 8807156
1659746380 9287090
1659746381 8305354
1659746382 9929570
1659746383 8420828
1659746384 9851898
1659746385 8550112
1659746386 9792048
1659746387 8952646
1659746388 8593392
1659746389 8542626
1659746390 9453468
1659746391 9940258
1659746392 11593296
1659746393 8317098
1659746394 9849654
1659746395 7173806
1659746396 8990980
1659746397 11494462
1659746398 9310474
1659746399 7949886
1659746400 9628474
1659746401 13282834
1659746402 7629678
1659746403 7394590
1659746404 8914386
1659746405 9491424
1659746406 8681184
1659746407 9660202
1659746408 12914090
1659746409 13797202
1659746410 12750964
1659746411 13818586
1659746412 9939964
1659746413 9630750
1659746414 8983404
1659746415 9098348
1659746416 9352234
1659746417 9711274
1659746418 8589156
1659746419 10078492
1659746420 8992596
1659746421 8880000
1659746422 10969514
1659746423 600
