# events called
1662737211 1159746
1662737212 2788542
1662737213 2483474
1662737214 14031538
1662737215 14005674
1662737216 17427248
1662737217 16328452
1662737218 17117728
1662737219 16081048
1662737220 16624510
1662737221 15960950
1662737222 16300892
1662737223 16108396
1662737224 16305874
1662737225 16129490
1662737226 16458302
1662737227 15598854
1662737228 16224042
1662737229 16229554
1662737230 16267608
1662737231 16917494
1662737232 15665316
1662737233 16802484
1662737234 16218636
1662737235 16542042
1662737236 15786792
1662737237 16061438
1662737238 16640516
1662737239 16698392
1662737240 15924062
1662737241 16956396
1662737242 15600338
1662737243 16398836
1662737244 16025716
1662737245 16418446
1662737246 16522750
1662737247 15292832
1662737248 16835026
1662737249 16798244
1662737250 15938054
1662737251 16232734
1662737252 15634046
1662737253 16395232
1662737254 16252132
1662737255 16201040
1662737256 15296012
1662737257 15104364
1662737258 16173268
1662737259 16472294
1662737260 15596098
1662737261 15831948
1662737262 15487766
1662737263 16023808
1662737264 16164046
1662737265 15896290
1662737266 15682912
1662737267 15430950
1662737268 16493176
1662737269 16506108
1662737270 16759130
1662737271 16200404
1662737272 15781810
1662737273 16602568
1662737274 16391310
1662737275 16506850
1662737276 15656200
1662737277 15488614
1662737278 16081578
1662737279 16589106
1662737280 16034620
1662737281 15729658
1662737282 15487660
1662737283 15909116
1662737284 16783298
1662737285 15745982
1662737286 15420456
1662737287 15411552
1662737288 16278632
1662737289 16690548
1662737290 16196694
1662737291 16040768
1662737292 14758910
1662737293 16605536
1662737294 16921946
1662737295 16281282
1662737296 16352514
1662737297 15301418
1662737298 15749904
1662737299 16424594
1662737300 16398412
1662737301 16095464
1662737302 15617086
1662737303 16402440
1662737304 16316792
1662737305 16746940
1662737306 16543738
1662737307 15806508
1662737308 16371170
1662737309 16909438
1662737310 16366188
1662737311 16218530
1662737312 15723298
1662737313 15951304
1662737314 17067908
1662737315 16490526
1662737316 16568648
1662737317 15234850
1662737318 16534834
1662737319 17283830
1662737320 16950036
1662737321 16842764
1662737322 15520096
1662737323 17038758
1662737324 17232738
1662737325 16754996
1662737326 16002502
1662737327 16220332
1662737328 16865978
1662737329 15915158
1662737330 16432438
1662737331 16456606
1662737332 15708034
1662737333 16764854
1662737334 16524340
1662737335 16535576
1662737336 15652596
1662737337 15760398
1662737338 16310326
1662737339 16564620
1662737340 17134370
1662737341 15832478
1662737342 15438582
1662737343 16402758
1662737344 16227964
1662737345 16723302
1662737346 16365870
1662737347 15498472
1662737348 15943778
1662737349 16775136
1662737350 17561232
1662737351 16930214
1662737352 16119632
1662737353 16864918
1662737354 16155036
1662737355 16648254
1662737356 16883680
1662737357 16303860
1662737358 16775348
1662737359 16627266
1662737360 16180158
1662737361 16282024
1662737362 15887068
1662737363 16870642
1662737364 16539180
1662737365 16172526
1662737366 17055612
1662737367 15531756
1662737368 16871702
1662737369 17034836
1662737370 16515330
1662737371 17175922
1662737372 15572672
1662737373 16072250
1662737374 15796226
1662737375 16143694
1662737376 15981090
1662737377 16052746
1662737378 16852092
1662737379 16330360
1662737380 15888340
1662737381 16683128
1662737382 16180158
1662737383 16527626
1662737384 16109986
1662737385 16781284
1662737386 16682598
1662737387 15409644
1662737388 15415898
1662737389 15303750
1662737390 15773542
1662737391 16575750
1662737392 16154506
1662737393 16702632
1662737394 16062074
1662737395 17082748
1662737396 16726058
1662737397 16537166
1662737398 16412298
1662737399 16386540
1662737400 16566740
1662737401 16746622
1662737402 16372760
1662737403 15421834
1662737404 16276724
1662737405 16604370
1662737406 16377742
1662737407 16906682
1662737408 16821034
1662737409 15570022
1662737410 17030596
1662737411 16711218
1662737412 16755844
1662737413 16570132
1662737414 15802480
1662737415 15966886
1662737416 16716306
1662737417 16497098
1662737418 16323894
1662737419 15873818
1662737420 16644014
1662737421 17080522
1662737422 15829934
1662737423 16328558
1662737424 15989040
1662737425 16843400
1662737426 16683128
1662737427 16869264
1662737428 16706554
1662737429 15750646
1662737430 16565256
1662737431 15987344
1662737432 17018406
1662737433 16212912
1662737434 15882086
1662737435 16149630
1662737436 16217470
1662737437 16254252
1662737438 17073950
1662737439 15857706
1662737440 16276406
1662737441 16241956
1662737442 15724040
1662737443 16393854
1662737444 15708776
1662737445 16499536
1662737446 16492222
1662737447 15819440
1662737448 16244818
1662737449 15941128
1662737450 16649844
1662737451 17359514
1662737452 16609776
1662737453 16706766
1662737454 15720966
1662737455 16333646
1662737456 16812978
1662737457 16704964
1662737458 16193408
1662737459 15557090
1662737460 16920992
1662737461 16527626
1662737462 15663302
1662737463 16491586
1662737464 15969960
1662737465 17029642
1662737466 16929154
1662737467 16190758
1662737468 16141786
1662737469 15648462
1662737470 16556458
1662737471 17411136
1662737472 16242804
1662737473 17295490
1662737474 16023384
1662737475 16827500
1662737476 16861208
1662737477 16353362
1662737478 17002612
1662737479 15652596
1662737480 16607656
1662737481 16819020
1662737482 16498582
1662737483 16313930
1662737484 15757112
1662737485 16641894
1662737486 16394914
1662737487 16587304
1662737488 16437844
1662737489 15710260
1662737490 16443144
1662737491 16557730
1662737492 16534622
1662737493 16264322
1662737494 16084546
1662737495 16864706
1662737496 15353040
1662737497 16303754
1662737498 16327286
1662737499 15977274
1662737500 16675920
1662737501 15049774
1662737502 16597374
1662737503 16754678
1662737504 16122070
1662737505 16821670
1662737506 16037800
1662737507 16750332
1662737508 16973992
1662737509 16161926
1662737510 16223618
1662737511 15374770
1662737512 16721076
1662737513 16708568
1662737514 16528368
1662737515 17190232
1662737516 16073840
1662737517 17249592
1662737518 16523704
1662737519 17250016
1662737520 16624192
1662737521 15748526
1662737522 16566634
1662737523 16778846
1662737524 16549780
1662737525 15935404
1662737526 15359824
1662737527 16510666
1662737528 16249906
1662737529 16228176
1662737530 16752134
1662737531 15056558
1662737532 15707610
1662737533 16841174
1662737534 16058682
1662737535 17491378
1662737536 15438052
1662737537 16883256
1662737538 16383042
1662737539 16891842
1662737540 16902442
1662737541 16272908
1662737542 17016180
1662737543 16254464
1662737544 16888980
1662737545 16249694
1662737546 15904134
1662737547 16611896
1662737548 16577446
1662737549 16571298
1662737550 15971020
1662737551 15812232
1662737552 16000488
1662737553 16887178
1662737554 16611260
1662737555 16450670
1662737556 15063554
1662737557 16369580
1662737558 16523810
1662737559 16366294
1662737560 17176452
1662737561 15684078
1662737562 16333010
1662737563 16543208
1662737564 16434452
1662737565 16697438
1662737566 16526036
1662737567 15972928
1662737568 16206552
1662737569 16765490
1662737570 16456606
1662737571 15918338
1662737572 15888658
1662737573 17277576
1662737574 16192030
1662737575 16676344
1662737576 15870956
1662737577 16367248
1662737578 16735916
1662737579 17211962
1662737580 16312446
1662737581 16078186
1662737582 16921098
1662737583 16701360
1662737584 16724256
1662737585 16677192
1662737586 15969218
1662737587 16925868
1662737588 17014484
1662737589 16266760
1662737590 16692244
1662737591 15456178
1662737592 16849972
1662737593 16875942
1662737594 16636912
1662737595 17084126
1662737596 15857812
1662737597 16114438
1662737598 15701568
1662737599 16376576
1662737600 16659384
1662737601 15862582
1662737602 16345412
1662737603 15858448
1662737604 16428516
1662737605 17064198
1662737606 15736654
1662737607 16466040
1662737608 16323258
1662737609 16298030
1662737610 16777892
1662737611 15229020
1662737612 16338840
1662737613 15966250
1662737614 15997732
1662737615 16128112
1662737616 15856010
1662737617 16270258
1662737618 16586986
1662737619 16828666
1662737620 16283508
1662737621 15967734
1662737622 15798664
1662737623 15716938
1662737624 16978232
1662737625 16692986
1662737626 15553698
1662737627 16302906
1662737628 17290932
1662737629 16403500
1662737630 16222134
1662737631 15817532
1662737632 16845202
1662737633 16366082
1662737634 15738986
1662737635 16379650
1662737636 15556348
1662737637 16754890
1662737638 16963286
1662737639 16464874
1662737640 16427668
1662737641 15703370
1662737642 16375834
1662737643 16444098
1662737644 16260930
1662737645 15873500
1662737646 15120900
1662737647 17656950
1662737648 16850396
1662737649 16789870
1662737650 15815094
1662737651 15595674
1662737652 16454592
1662737653 16459362
1662737654 16476852
1662737655 16436572
1662737656 15915688
1662737657 16343504
1662737658 16445370
1662737659 16738672
1662737660 16844566
1662737661 13442284
1662737662 16450352
1662737663 16118572
1662737664 16572782
1662737665 17093136
1662737666 14954162
1662737667 16189592
1662737668 16285204
1662737669 15996778
1662737670 16573206
1662737671 15517340
1662737672 16336932
1662737673 16662776
1662737674 16437738
1662737675 16328770
1662737676 15850816
1662737677 16340854
1662737678 16049354
1662737679 16609988
1662737680 16091012
1662737681 15683336
1662737682 16828984
1662737683 15979818
1662737684 16557518
1662737685 16611154
1662737686 15268876
1662737687 16243228
1662737688 16161078
1662737689 16874882
1662737690 16598964
1662737691 14935188
1662737692 16293790
1662737693 16574478
1662737694 16440494
1662737695 16330784
1662737696 15810960
1662737697 17151012
1662737698 16798986
1662737699 17629284
1662737700 16876366
1662737701 15975366
1662737702 16599706
1662737703 16150690
1662737704 16778316
1662737705 16498158
1662737706 15648250
1662737707 16865448
1662737708 15949502
1662737709 16433710
1662737710 16466464
1662737711 15791138
1662737712 15802480
1662737713 16931062
1662737714 16324000
1662737715 16967844
1662737716 14995502
1662737717 16810222
1662737718 16471446
1662737719 16772698
1662737720 16451412
1662737721 16127370
1662737722 16570026
1662737723 15520944
1662737724 17042680
1662737725 16602886
1662737726 15592600
1662737727 16238034
1662737728 16784994
1662737729 16884316
1662737730 16619846
1662737731 15807144
1662737732 17022116
1662737733 15859932
1662737734 16700512
1662737735 16666168
1662737736 15650158
1662737737 16651964
1662737738 16660868
1662737739 16646452
1662737740 16718320
1662737741 16170194
1662737742 16854848
1662737743 16236974
1662737744 16748530
1662737745 17109036
1662737746 14947484
1662737747 16893538
1662737748 16800470
1662737749 16153870
1662737750 16031864
1662737751 15145068
1662737752 16542466
1662737753 16716624
1662737754 15774496
1662737755 16340960
1662737756 15218844
1662737757 16833754
1662737758 16772592
1662737759 16512362
1662737760 16478972
1662737761 15568326
1662737762 16690442
1662737763 16842658
1662737764 16440176
1662737765 16567482
1662737766 15508542
1662737767 16693304
1662737768 16928624
1662737769 16932016
1662737770 16732630
1662737771 15552320
1662737772 17062290
1662737773 16889934
1662737774 16409330
1662737775 17320400
1662737776 15084330
1662737777 15935510
1662737778 16981094
1662737779 16503458
1662737780 16365022
1662737781 14306078
1662737782 16016812
1662737783 16349546
1662737784 16644544
1662737785 16108820
1662737786 15604472
1662737787 16916540
1662737788 16780118
1662737789 16620482
1662737790 16452896
1662737791 15717574
1662737792 16820716
1662737793 16416114
1662737794 16863646
1662737795 16640198
1662737796 15214816
1662737797 16750332
1662737798 17448130
1662737799 16222452
1662737800 16700194
1662737801 16038966
1662737802 16503140
1662737803 16806300
1662737804 16223194
1662737805 17067908
1662737806 16151962
1662737807 16678570
1662737808 16433604
1662737809 16139772
1662737810 16407634
1662737811 15879754
1662737812 15790078
1662737813 16172420
1662737814 17240052
1662737815 16634156
1662737816 15673690
1662737817 16271318
1662737818 16443462
1662737819 16381664
1662737820 16319018
1662737821 16093344
1662737822 15804282
1662737823 16534940
1662737824 16223724
1662737825 16213972
1662737826 15583060
1662737827 16479926
1662737828 16861314
1662737829 17125360
1662737830 17220124
1662737831 15767500
1662737832 16856226
1662737833 16195952
1662737834 16948340
1662737835 16834602
1662737836 15640830
1662737837 16768776
1662737838 16201464
1662737839 17016180
1662737840 16824108
1662737841 14809048
1662737842 16359934
1662737843 16048082
1662737844 16638926
1662737845 16550734
1662737846 16084864
1662737847 16378696
1662737848 16405196
1662737849 16516284
1662737850 16706448
1662737851 15107332
1662737852 15963494
1662737853 16545858
1662737854 15895548
1662737855 16480138
1662737856 15987768
1662737857 16753936
1662737858 16395020
1662737859 16788810
1662737860 16482788
1662737861 15808946
1662737862 16540558
1662737863 17345946
1662737864 17073526
1662737865 15990418
1662737866 15528682
1662737867 17176240
1662737868 16714080
1662737869 16218954
1662737870 16510030
1662737871 15957982
1662737872 16079458
1662737873 16653448
1662737874 16430106
1662737875 16405302
1662737876 16092496
1662737877 16272378
1662737878 16343186
1662737879 16765490
1662737880 15694148
1662737881 16085712
1662737882 16299196
1662737883 17163096
1662737884 16721182
1662737885 15703688
1662737886 15979818
1662737887 16941556
1662737888 17398628
1662737889 17010032
1662737890 16831422
1662737891 14798024
1662737892 16630658
1662737893 16339476
1662737894 17160764
1662737895 16209096
1662737896 15642526
1662737897 16532608
1662737898 16014162
1662737899 16290928
1662737900 15956922
1662737901 16406150
1662737902 16633944
1662737903 16579990
1662737904 16512468
1662737905 16488088
1662737906 14719372
1662737907 16203160
1662737908 16387600
1662737909 16681538
1662737910 16750756
1662737911 14986810
1662737912 17300260
1662737913 16620058
1662737914 16874458
1662737915 16674224
1662737916 15553592
1662737917 17006110
1662737918 16388448
1662737919 16941132
1662737920 16652494
1662737921 15934980
1662737922 17170092
1662737923 15880390
1662737924 16986288
1662737925 16872338
1662737926 16136380
1662737927 16070024
1662737928 16867356
1662737929 16301104
1662737930 16374350
1662737931 15269512
1662737932 16369156
1662737933 16334918
1662737934 16843400
1662737935 16379544
1662737936 15698812
1662737937 15817002
1662737938 16806512
1662737939 16317534
1662737940 16446854
1662737941 16065572
1662737942 15858978
1662737943 16201570
1662737944 16921204
1662737945 15680050
1662737946 16349652
1662737947 16796018
1662737948 16379650
1662737949 16471340
1662737950 16776620
1662737951 16429258
1662737952 16573100
1662737953 16313506
1662737954 16619952
1662737955 16762734
1662737956 15954484
1662737957 16439328
1662737958 15835022
1662737959 16842870
1662737960 16662988
1662737961 16204114
1662737962 16547130
1662737963 16000806
1662737964 15825906
1662737965 16955866
1662737966 16101400
1662737967 16723726
1662737968 16540028
1662737969 16540982
1662737970 16769200
1662737971 15984694
1662737972 16260824
1662737973 16912724
1662737974 16852092
1662737975 16968268
1662737976 16225420
1662737977 16892372
1662737978 16695530
1662737979 16925338
1662737980 16471340
1662737981 15734640
1662737982 17027734
1662737983 15932648
1662737984 16165318
1662737985 16938800
1662737986 14717888
1662737987 17235070
1662737988 16305662
1662737989 16242380
1662737990 17069074
1662737991 15246298
1662737992 16224784
1662737993 16818808
1662737994 16180476
1662737995 16801212
1662737996 15794636
1662737997 16414524
1662737998 17000174
1662737999 16228918
1662738000 16101506
1662738001 15956498
1662738002 16187154
1662738003 16444416
1662738004 16463178
1662738005 16347320
1662738006 14184496
1662738007 16682916
1662738008 16603840
1662738009 15954060
1662738010 16363432
1662738011 15874242
1662738012 16975052
1662738013 16748954
1662738014 16192878
1662738015 15957028
1662738016 15767394
1662738017 17364708
1662738018 15957134
1662738019 16761144
1662738020 16976854
1662738021 15970596
1662738022 16803862
1662738023 16109350
1662738024 16410708
1662738025 16628114
1662738026 15780856
1662738027 16507592
1662738028 16796018
1662738029 17083384
1662738030 16234748
1662738031 15280006
1662738032 16658218
1662738033 16010558
1662738034 16701784
1662738035 16426502
1662738036 14588462
1662738037 17270686
1662738038 17245458
1662738039 16834920
1662738040 16701254
1662738041 16180476
1662738042 16873398
1662738043 17166700
1662738044 16489042
1662738045 16793792
1662738046 15682912
1662738047 16835662
1662738048 16169452
1662738049 15982256
1662738050 16577022
1662738051 16195634
1662738052 16386646
1662738053 16664790
1662738054 16926928
1662738055 16109774
1662738056 15222978
1662738057 15261774
1662738058 15524336
1662738059 17056142
1662738060 16334600
1662738061 15791774
1662738062 16398624
1662738063 16877638
1662738064 16590696
1662738065 15913992
1662738066 15776086
1662738067 16119950
1662738068 16936044
1662738069 15943566
1662738070 16690124
1662738071 15019034
1662738072 16567906
1662738073 17080946
1662738074 16560592
1662738075 16207294
1662738076 15352192
1662738077 16527626
1662738078 16920462
1662738079 16338628
1662738080 16622708
1662738081 15555394
1662738082 16157262
1662738083 16269092
1662738084 15938478
1662738085 17011092
1662738086 15286896
1662738087 15839792
1662738088 15731884
1662738089 17053068
1662738090 16073098
1662738091 15469534
1662738092 16268456
1662738093 15813716
1662738094 16583170
1662738095 17079992
1662738096 15432328
1662738097 16141468
1662738098 16861738
1662738099 16434240
1662738100 15873076
1662738101 15863112
1662738102 15747360
1662738103 16674012
1662738104 16558896
1662738105 16393642
1662738106 15221388
1662738107 16467842
1662738108 16640728
1662738109 16134578
1662738110 16849972
1662738111 15586558
1662738112 16723938
1662738113 16294214
1662738114 16696166
1662738115 16559320
1662738116 15364170
1662738117 16469220
1662738118 15859932
1662738119 15936252
1662738120 16269940
1662738121 15830888
1662738122 15998898
1662738123 16658536
1662738124 16141150
1662738125 16166060
1662738126 14885474
1662738127 16810646
1662738128 16000700
1662738129 16563454
1662738130 16726694
1662738131 15237924
1662738132 16830256
1662738133 16570874
1662738134 16251920
1662738135 16199768
1662738136 15670192
1662738137 16913042
1662738138 16883574
1662738139 16980670
1662738140 15788382
1662738141 15698706
1662738142 16382512
1662738143 16063028
1662738144 16966890
1662738145 16602038
1662738146 15332688
1662738147 16705706
1662738148 16482682
1662738149 17120484
1662738150 16435194
1662738151 14572244
1662738152 16485968
1662738153 16105322
1662738154 16655780
1662738155 15984058
1662738156 15707610
1662738157 16120268
1662738158 16286158
1662738159 16870430
1662738160 16633520
1662738161 14610404
1662738162 16643378
1662738163 15978122
1662738164 16501020
1662738165 16440494
1662738166 15932118
1662738167 16369580
1662738168 17204330
1662738169 16855378
1662738170 16152174
1662738171 16095146
1662738172 16591756
1662738173 16866932
1662738174 16155248
1662738175 16378908
1662738176 16087620
1662738177 15826966
1662738178 16410496
1662738179 16614228
1662738180 16635322
1662738181 15556454
1662738182 16130656
1662738183 16326226
1662738184 16607020
1662738185 16481198
1662738186 15771104
1662738187 16936786
1662738188 15812762
1662738189 15955862
1662738190 16477700
1662738191 15342970
1662738192 16677828
1662738193 15418018
1662738194 16837358
1662738195 16567800
1662738196 15687470
1662738197 16621754
1662738198 17348278
1662738199 16113272
1662738200 16499642
1662738201 15347104
1662738202 16098750
1662738203 16449080
1662738204 16150690
1662738205 15941552
1662738206 15364488
1662738207 16084122
1662738208 16655780
1662738209 16512256
1662738210 16347850
1662738211 15518612
1662738212 15886220
1662738213 16465404
1662738214 16130868
1662738215 16025716
1662738216 16399896
1662738217 16223618
1662738218 16615500
1662738219 16431272
1662738220 15912296
1662738221 16155990
1662738222 16055608
1662738223 17017558
1662738224 16239624
1662738225 16492646
1662738226 15645176
1662738227 16094298
1662738228 16289762
1662738229 16883680
1662738230 16891842
1662738231 15652172
1662738232 16923006
1662738233 16513316
1662738234 16418552
1662738235 16542042
1662738236 14805444
1662738237 16523280
1662738238 17328138
1662738239 16602992
1662738240 16489572
1662738241 15452998
1662738242 15942718
1662738243 16728708
1662738244 16034090
1662738245 15860780
1662738246 15306082
1662738247 16197542
1662738248 17080310
1662738249 17229452
1662738250 16202948
1662738251 15158742
1662738252 16001972
1662738253 15889930
1662738254 16784252
1662738255 16258492
1662738256 15479286
1662738257 16567376
1662738258 16801636
1662738259 17262524
1662738260 16312446
1662738261 15987344
1662738262 16742806
1662738263 16566634
1662738264 16758070
1662738265 16533138
1662738266 15508542
1662738267 16089422
1662738268 16890358
1662738269 16947068
1662738270 16034832
1662738271 15163194
1662738272 16981942
1662738273 16195846
1662738274 16653766
1662738275 16829726
1662738276 14819648
1662738277 17069922
1662738278 16479184
1662738279 17114442
1662738280 16955654
1662738281 15062706
1662738282 17323156
1662738283 16420778
1662738284 16434452
1662738285 16484378
1662738286 15347846
1662738287 16505684
1662738288 16302482
1662738289 16322092
1662738290 17272806
1662738291 15927454
1662738292 17096422
1662738293 16600236
1662738294 16591968
1662738295 16930638
1662738296 15681216
1662738297 16654402
1662738298 16223406
1662738299 16129702
1662738300 16900852
1662738301 15268876
1662738302 16400850
1662738303 16234112
1662738304 16114332
1662738305 16529852
1662738306 15665846
1662738307 15735276
1662738308 16689806
1662738309 16566952
1662738310 16890252
1662738311 15795908
1662738312 16365658
1662738313 16790400
1662738314 16521372
1662738315 17218110
1662738316 15307142
1662738317 16598964
1662738318 16645392
1662738319 16743336
1662738320 16175494
1662738321 15676764
1662738322 16614970
1662738323 16931486
1662738324 17187688
1662738325 16333010
1662738326 16027836
1662738327 15998156
1662738328 16116240
1662738329 16159276
1662738330 16226480
1662738331 16028790
1662738332 15867458
1662738333 15999958
1662738334 15770468
1662738335 16056456
1662738336 15149202
1662738337 17013212
1662738338 15982362
1662738339 16377530
1662738340 15653232
1662738341 15471230
1662738342 16673270
1662738343 16663836
1662738344 16784464
1662738345 16729026
1662738346 16214608
1662738347 16873080
1662738348 16878486
1662738349 16778634
1662738350 16703798
1662738351 16070766
1662738352 15954484
1662738353 16400744
1662738354 16586456
1662738355 16681962
1662738356 15981620
1662738357 16781178
1662738358 17520740
1662738359 17279802
1662738360 16210368
1662738361 15887492
1662738362 16281388
1662738363 17222986
1662738364 17108718
1662738365 15363852
1662738366 15334914
1662738367 16384844
1662738368 16840008
1662738369 16720864
1662738370 16644544
1662738371 14517018
1662738372 17023282
1662738373 16563030
1662738374 16474626
1662738375 16509076
1662738376 15886856
1662738377 16534834
1662738378 15766546
1662738379 16724892
1662738380 16154612
1662738381 15322618
1662738382 17293688
1662738383 16622920
1662738384 16622284
1662738385 16510772
1662738386 15809476
1662738387 17244080
1662738388 16689912
1662738389 16144118
1662738390 16284250
1662738391 14921196
1662738392 16000276
1662738393 17068968
1662738394 16690018
1662738395 16446642
1662738396 15544158
1662738397 15810642
1662738398 15356644
1662738399 16688110
1662738400 16211322
1662738401 14446952
1662738402 16346366
1662738403 16668606
1662738404 16474096
1662738405 16405832
1662738406 15814246
1662738407 16263368
1662738408 15570022
1662738409 16501444
1662738410 16680584
1662738411 15449712
1662738412 16749378
1662738413 15516174
1662738414 1802


# events submitted
1662737211 1159746
1662737212 2788542
1662737213 2470224
1662737214 13969952
1662737215 13929990
1662737216 17403822
1662737217 16319654
1662737218 17110626
1662737219 16069918
1662737220 16600342
1662737221 15949184
1662737222 16294108
1662737223 16091330
1662737224 16287536
1662737225 16116982
1662737226 16447172
1662737227 15584014
1662737228 16210686
1662737229 16208566
1662737230 16259658
1662737231 16911770
1662737232 15658426
1662737233 16794958
1662737234 16204432
1662737235 16520206
1662737236 15770256
1662737237 16045856
1662737238 16625146
1662737239 16677722
1662737240 15910282
1662737241 16935726
1662737242 15588996
1662737243 16384738
1662737244 16023384
1662737245 16397140
1662737246 16508970
1662737247 15280324
1662737248 16808950
1662737249 16792944
1662737250 15921836
1662737251 16222664
1662737252 15619630
1662737253 16374562
1662737254 16236444
1662737255 16178568
1662737256 15290288
1662737257 15099382
1662737258 16156096
1662737259 16452578
1662737260 15577654
1662737261 15821136
1662737262 15470806
1662737263 16024868
1662737264 16154506
1662737265 15874666
1662737266 15690120
1662737267 15422682
1662737268 16474732
1662737269 16494448
1662737270 16735810
1662737271 16183550
1662737272 15771634
1662737273 16581898
1662737274 16381346
1662737275 16483212
1662737276 15667012
1662737277 15470170
1662737278 16071826
1662737279 16573312
1662737280 16010982
1662737281 15706656
1662737282 15469322
1662737283 15884418
1662737284 16791566
1662737285 15733156
1662737286 15412612
1662737287 15399680
1662737288 16265488
1662737289 16665744
1662737290 16168604
1662737291 16030168
1662737292 12379104
1662737293 11343590
1662737294 15000272
1662737295 13284026
1662737296 14117610
1662737297 11553682
1662737298 13735056
1662737299 12478108
1662737300 10759530
1662737301 13846356
1662737302 11844864
1662737303 12817944
1662737304 11237802
1662737305 11186286
1662737306 12191696
1662737307 11389276
1662737308 12858542
1662737309 11554106
1662737310 8231324
1662737311 7039778
1662737312 5995042
1662737313 9703876
1662737314 6995788
1662737315 7270646
1662737316 6953070
1662737317 6975012
1662737318 6833608
1662737319 8207050
1662737320 8979260
1662737321 7543490
1662737322 6846116
1662737323 8926790
1662737324 9329908
1662737325 9053248
1662737326 9151086
1662737327 7267890
1662737328 9432622
1662737329 9152252
1662737330 6962186
1662737331 10754124
1662737332 11509798
1662737333 15004194
1662737334 13171772
1662737335 12207172
1662737336 10357154
1662737337 11207168
1662737338 11285926
1662737339 10117382
1662737340 8541586
1662737341 7302870
1662737342 8429650
1662737343 7092884
1662737344 8263336
1662737345 8537346
1662737346 8562044
1662737347 5780286
1662737348 9191896
1662737349 8306160
1662737350 9285282
1662737351 7269056
1662737352 8410464
1662737353 8162742
1662737354 8567026
1662737355 7601366
1662737356 9360012
1662737357 7229624
1662737358 7192948
1662737359 7984026
1662737360 8205036
1662737361 7547412
1662737362 7203336
1662737363 9226558
1662737364 7751780
1662737365 9293020
1662737366 8377604
1662737367 7449574
1662737368 7256442
1662737369 7438974
1662737370 7288984
1662737371 7857780
1662737372 6790996
1662737373 6813892
1662737374 7173868
1662737375 8151400
1662737376 9376760
1662737377 8715426
1662737378 7742770
1662737379 8237472
1662737380 8753692
1662737381 8670588
1662737382 8593632
1662737383 6595002
1662737384 8336900
1662737385 10255924
1662737386 12199222
1662737387 11579016
1662737388 10867862
1662737389 6552072
1662737390 7196976
1662737391 8007346
1662737392 7136026
1662737393 8223056
1662737394 6975648
1662737395 7799586
1662737396 9226982
1662737397 9176102
1662737398 8141118
1662737399 7811246
1662737400 8881422
1662737401 9145892
1662737402 8957106
1662737403 7391274
1662737404 6873994
1662737405 6975648
1662737406 8303616
1662737407 8970568
1662737408 6610372
1662737409 7825980
1662737410 7902088
1662737411 5563410
1662737412 7216374
1662737413 8883648
1662737414 7569884
1662737415 7001830
1662737416 8423820
1662737417 6526102
1662737418 7421590
1662737419 7768634
1662737420 7638996
1662737421 7675672
1662737422 8895838
1662737423 8780404
1662737424 9173134
1662737425 7778598
1662737426 9216700
1662737427 8688290
1662737428 5857030
1662737429 8322590
1662737430 8137090
1662737431 8155216
1662737432 8475124
1662737433 7064900
1662737434 7809974
1662737435 7171112
1662737436 7953604
1662737437 7989220
1662737438 5825336
1662737439 8742562
1662737440 7737788
1662737441 8282946
1662737442 11665512
1662737443 11307762
1662737444 11760170
1662737445 11727840
1662737446 12326952
1662737447 9120876
1662737448 7766620
1662737449 7372618
1662737450 9151192
1662737451 6220928
1662737452 8662956
1662737453 9210658
1662737454 7421166
1662737455 7508086
1662737456 9132536
1662737457 6508506
1662737458 8979048
1662737459 8619284
1662737460 7520700
1662737461 8046566
1662737462 8437600
1662737463 8348348
1662737464 8176522
1662737465 9434636
1662737466 7247856
1662737467 8388310
1662737468 7061084
1662737469 8753798
1662737470 8626386
1662737471 10720946
1662737472 8326300
1662737473 8135500
1662737474 7491550
1662737475 9817826
1662737476 7294920
1662737477 6384486
1662737478 7379614
1662737479 8109636
1662737480 7990916
1662737481 8133274
1662737482 7081542
1662737483 8973854
1662737484 7798632
1662737485 8881104
1662737486 7273508
1662737487 9303832
1662737488 9080490
1662737489 8123946
1662737490 7721888
1662737491 9078794
1662737492 8665500
1662737493 8216272
1662737494 8135076
1662737495 9724122
1662737496 8593950
1662737497 8993146
1662737498 7798102
1662737499 6562460
1662737500 8535438
1662737501 8739806
1662737502 10875706
1662737503 9272138
1662737504 7410566
1662737505 8109212
1662737506 6383002
1662737507 7506390
1662737508 7270540
1662737509 6815800
1662737510 10117912
1662737511 7878132
1662737512 8075716
1662737513 7736728
1662737514 7513280
1662737515 8142284
1662737516 5783042
1662737517 7710228
1662737518 7344634
1662737519 9296836
1662737520 7461022
1662737521 8083984
1662737522 8628824
1662737523 8355344
1662737524 6615036
1662737525 8067766
1662737526 7698462
1662737527 9224544
1662737528 8138468
1662737529 7641858
1662737530 6946392
1662737531 7317816
1662737532 8373576
1662737533 7309442
1662737534 7508722
1662737535 8139952
1662737536 7970140
1662737537 9096708
1662737538 8365202
1662737539 7742770
1662737540 8102004
1662737541 7473636
1662737542 6899964
1662737543 8084726
1662737544 7966536
1662737545 7357036
1662737546 6046240
1662737547 9546678
1662737548 8077306
1662737549 7327780
1662737550 10125650
1662737551 6455506
1662737552 8272240
1662737553 8464948
1662737554 7207470
1662737555 7837216
1662737556 13007366
1662737557 12965496
1662737558 11816456
1662737559 11306702
1662737560 8376226
1662737561 6207466
1662737562 7400072
1662737563 9762282
1662737564 9004382
1662737565 7827676
1662737566 10545622
1662737567 7610694
1662737568 6154148
1662737569 9514560
1662737570 6578042
1662737571 6198350
1662737572 6723792
1662737573 9560670
1662737574 6771068
1662737575 6206300
1662737576 6867422
1662737577 5940346
1662737578 7560344
1662737579 8521022
1662737580 8879514
1662737581 9526750
1662737582 8329268
1662737583 6529282
1662737584 6267674
1662737585 6949042
1662737586 7853752
1662737587 8678432
1662737588 8491342
1662737589 8808918
1662737590 8360750
1662737591 8581548
1662737592 6827990
1662737593 8061088
1662737594 7302976
1662737595 8757296
1662737596 8952654
1662737597 8055046
1662737598 6379186
1662737599 6292160
1662737600 6968758
1662737601 7224006
1662737602 6579102
1662737603 9117166
1662737604 9040740
1662737605 6512428
1662737606 8414916
1662737607 8047520
1662737608 7462930
1662737609 5776152
1662737610 6869860
1662737611 9156068
1662737612 10692538
1662737613 12410268
1662737614 12543510
1662737615 12461148
1662737616 10026222
1662737617 7931026
1662737618 8236306
1662737619 7915444
1662737620 8807540
1662737621 8885768
1662737622 6012002
1662737623 6803928
1662737624 8688078
1662737625 8932832
1662737626 9130734
1662737627 8851954
1662737628 8633170
1662737629 8141754
1662737630 9343476
1662737631 9289416
1662737632 10319418
1662737633 8943644
1662737634 7378236
1662737635 8563528
1662737636 8342200
1662737637 7197506
1662737638 8780510
1662737639 6991018
1662737640 8714578
1662737641 6026630
1662737642 6824704
1662737643 7067338
1662737644 7615358
1662737645 8591512
1662737646 7560556
1662737647 8176734
1662737648 7890534
1662737649 8281462
1662737650 5944798
1662737651 7790788
1662737652 7894350
1662737653 7942050
1662737654 8789520
1662737655 9129462
1662737656 6588430
1662737657 8497172
1662737658 7202276
1662737659 8630838
1662737660 6996530
1662737661 6090548
1662737662 7467700
1662737663 7666026
1662737664 6760256
1662737665 6891908
1662737666 8497490
1662737667 12094494
1662737668 11561632
1662737669 10553254
1662737670 11686924
1662737671 10750202
1662737672 8126914
1662737673 8698572
1662737674 7404418
1662737675 8092146
1662737676 6009988
1662737677 7117900
1662737678 7695070
1662737679 8702494
1662737680 7837746
1662737681 6307636
1662737682 8671224
1662737683 7929118
1662737684 8852484
1662737685 8723906
1662737686 6168246
1662737687 6943212
1662737688 10425630
1662737689 9851216
1662737690 8098188
1662737691 7806476
1662737692 8326724
1662737693 7602850
1662737694 8659776
1662737695 9425096
1662737696 8938556
1662737697 7930602
1662737698 9605508
1662737699 8936648
1662737700 9964636
1662737701 7318982
1662737702 8978412
1662737703 9151298
1662737704 9002686
1662737705 7228246
1662737706 8604762
1662737707 9065120
1662737708 6779760
1662737709 7206834
1662737710 6704182
1662737711 5884060
1662737712 6398902
1662737713 7688392
1662737714 9909410
1662737715 6481582
1662737716 8031832
1662737717 7830538
1662737718 7290468
1662737719 10023784
1662737720 8761324
1662737721 6798840
1662737722 8860116
1662737723 8012858
1662737724 9105824
1662737725 7335306
1662737726 11189784
1662737727 14503450
1662737728 11373800
1662737729 8257188
1662737730 7751462
1662737731 7344952
1662737732 7959010
1662737733 8579216
1662737734 7509464
1662737735 6411940
1662737736 8740972
1662737737 7834248
1662737738 8160304
1662737739 8655430
1662737740 7311456
1662737741 7732912
1662737742 9582082
1662737743 6390740
1662737744 8272134
1662737745 7789834
1662737746 7240330
1662737747 8977458
1662737748 8452334
1662737749 7914172
1662737750 8186804
1662737751 7056102
1662737752 6970030
1662737753 7885870
1662737754 7597338
1662737755 7725492
1662737756 7406538
1662737757 8908240
1662737758 8779026
1662737759 8743622
1662737760 8171328
1662737761 5759192
1662737762 6658814
1662737763 7727082
1662737764 8634654
1662737765 8623630
1662737766 8296514
1662737767 8876864
1662737768 7938976
1662737769 9179600
1662737770 7570520
1662737771 7625534
1662737772 7828100
1662737773 10485096
1662737774 8181080
1662737775 7749766
1662737776 8693060
1662737777 7204078
1662737778 7763864
1662737779 7237468
1662737780 8385872
1662737781 5685522
1662737782 7711394
1662737783 8385236
1662737784 13549026
1662737785 15075108
1662737786 8892234
1662737787 8159562
1662737788 8242666
1662737789 6862864
1662737790 7661256
1662737791 7893184
1662737792 7099774
1662737793 7799904
1662737794 6887032
1662737795 7838382
1662737796 9182674
1662737797 6409502
1662737798 9247758
1662737799 8744470
1662737800 9089394
1662737801 7116204
1662737802 10518486
1662737803 6475010
1662737804 8231642
1662737805 6481370
1662737806 8069674
1662737807 8817186
1662737808 7011158
1662737809 9338070
1662737810 6097862
1662737811 7797148
1662737812 8797046
1662737813 8983500
1662737814 8941842
1662737815 8876228
1662737816 8257612
1662737817 9085578
1662737818 8204294
1662737819 8122780
1662737820 7523244
1662737821 6968122
1662737822 9721790
1662737823 8152672
1662737824 7796724
1662737825 7709062
1662737826 7863398
1662737827 7159240
1662737828 8000986
1662737829 7748918
1662737830 8360644
1662737831 6862122
1662737832 7697614
1662737833 9266520
1662737834 7561086
1662737835 7437596
1662737836 8359478
1662737837 8717016
1662737838 7736092
1662737839 7932086
1662737840 9733450
1662737841 8064480
1662737842 8954880
1662737843 7668888
1662737844 8560454
1662737845 7905480
1662737846 8133698
1662737847 6205876
1662737848 8442052
1662737849 8674298
1662737850 8367640
1662737851 8033634
1662737852 7070306
1662737853 8966858
1662737854 9247758
1662737855 8821214
1662737856 8005544
1662737857 8440886
1662737858 8654688
1662737859 8709702
1662737860 7548896
1662737861 7490066
1662737862 8322272
1662737863 8621616
1662737864 8134228
1662737865 8221360
1662737866 9074236
1662737867 7832976
1662737868 8190620
1662737869 9646106
1662737870 5898158
1662737871 7581332
1662737872 8739806
1662737873 9366372
1662737874 7410990
1662737875 6872510
1662737876 8156700
1662737877 7238952
1662737878 6817708
1662737879 8599144
1662737880 9114940
1662737881 7703020
1662737882 8918734
1662737883 7864246
1662737884 9132854
1662737885 6982114
1662737886 5765976
1662737887 7991128
1662737888 6676410
1662737889 8455620
1662737890 8658292
1662737891 6275624
1662737892 8782206
1662737893 8638788
1662737894 7973850
1662737895 8285066
1662737896 10125544
1662737897 11258366
1662737898 7742664
1662737899 10218506
1662737900 8096386
1662737901 8606564
1662737902 8614302
1662737903 8156594
1662737904 10393088
1662737905 8397744
1662737906 6449676
1662737907 7845272
1662737908 7424664
1662737909 6917348
1662737910 8560348
1662737911 7285910
1662737912 8421488
1662737913 7587904
1662737914 7439398
1662737915 8384812
1662737916 6312618
1662737917 8827892
1662737918 9251362
1662737919 7398058
1662737920 8239804
1662737921 8850152
1662737922 11019972
1662737923 9321110
1662737924 10629044
1662737925 7586526
1662737926 8542752
1662737927 9025900
1662737928 9079430
1662737929 8747120
1662737930 7230790
1662737931 5478822
1662737932 7787078
1662737933 8309870
1662737934 6550694
1662737935 7317392
1662737936 7721040
1662737937 6621290
1662737938 8637198
1662737939 9885560
1662737940 6863182
1662737941 7852056
1662737942 7534798
1662737943 7734184
1662737944 7639950
1662737945 7613450
1662737946 8630202
1662737947 9877292
1662737948 6116412
1662737949 7636558
1662737950 8153414
1662737951 7276052
1662737952 9130628
1662737953 9721366
1662737954 8048156
1662737955 8785810
1662737956 8738534
1662737957 6881414
1662737958 8211714
1662737959 6992608
1662737960 7165812
1662737961 7047410
1662737962 8527276
1662737963 8151930
1662737964 8720196
1662737965 7005646
1662737966 6739480
1662737967 7396574
1662737968 6839120
1662737969 8829694
1662737970 8742668
1662737971 7403888
1662737972 9283374
1662737973 8099354
1662737974 7811882
1662737975 9365736
1662737976 9055474
1662737977 9746594
1662737978 8584516
1662737979 7976182
1662737980 8231218
1662737981 8443430
1662737982 6811772
1662737983 8136136
1662737984 7332974
1662737985 8331812
1662737986 8109530
1662737987 7066490
1662737988 7078044
1662737989 8122674
1662737990 7024408
1662737991 7027376
1662737992 7317392
1662737993 8384494
1662737994 6954766
1662737995 8181292
1662737996 6981584
1662737997 8332872
1662737998 8264290
1662737999 9338706
1662738000 9180660
1662738001 7655532
1662738002 8423926
1662738003 7176412
1662738004 6623410
1662738005 7339652
1662738006 8671330
1662738007 9928066
1662738008 7969080
1662738009 6564050
1662738010 8259626
1662738011 6474586
1662738012 9207690
1662738013 13362254
1662738014 12532592
1662738015 12904546
1662738016 10296098
1662738017 9426792
1662738018 8588968
1662738019 6861062
1662738020 7990068
1662738021 7155000
1662738022 6663690
1662738023 8730796
1662738024 7843576
1662738025 10127770
1662738026 6748914
1662738027 8416294
1662738028 7485084
1662738029 7584724
1662738030 6972468
1662738031 6585038
1662738032 8905802
1662738033 7281140
1662738034 6296718
1662738035 8713836
1662738036 6642914
1662738037 7730686
1662738038 6391482
1662738039 8907922
1662738040 7395938
1662738041 7142386
1662738042 7676838
1662738043 7740120
1662738044 6132736
1662738045 7408976
1662738046 7675036
1662738047 7700794
1662738048 8586318
1662738049 7525258
1662738050 6616944
1662738051 7939506
1662738052 7890958
1662738053 9246592
1662738054 8770970
1662738055 8161894
1662738056 6973846
1662738057 7585784
1662738058 6942470
1662738059 7843682
1662738060 8664334
1662738061 6443528
1662738062 8689562
1662738063 9028444
1662738064 7282730
1662738065 8306054
1662738066 6566276
1662738067 7787502
1662738068 8725496
1662738069 11034918
1662738070 11275750
1662738071 11624384
1662738072 12285188
1662738073 7711818
1662738074 6479462
1662738075 8738322
1662738076 6197502
1662738077 6983386
1662738078 6324702
1662738079 6963988
1662738080 7517838
1662738081 8248920
1662738082 9037878
1662738083 6425932
1662738084 9495268
1662738085 7378766
1662738086 8238956
1662738087 6212660
1662738088 8595964
1662738089 6840180
1662738090 7758246
1662738091 5765128
1662738092 9606038
1662738093 8532894
1662738094 7315590
1662738095 6979464
1662738096 7880464
1662738097 8387356
1662738098 7130832
1662738099 7099456
1662738100 6431444
1662738101 7313894
1662738102 7308806
1662738103 7412792
1662738104 9509366
1662738105 9562790
1662738106 9069890
1662738107 7323858
1662738108 6188174
1662738109 7262696
1662738110 8248496
1662738111 8341776
1662738112 7581120
1662738113 9170590
1662738114 8613666
1662738115 7237680
1662738116 7909402
1662738117 7485084
1662738118 8208640
1662738119 7610058
1662738120 7911734
1662738121 10335954
1662738122 13191276
1662738123 11017640
1662738124 11162118
1662738125 12258794
1662738126 12317306
1662738127 11372210
1662738128 12022202
1662738129 10314754
1662738130 9202390
1662738131 7557376
1662738132 7670054
1662738133 7864140
1662738134 8684368
1662738135 8288776
1662738136 7999714
1662738137 8281886
1662738138 7897848
1662738139 9630630
1662738140 8799166
1662738141 8522718
1662738142 7719026
1662738143 6790042
1662738144 7411944
1662738145 7869758
1662738146 6144184
1662738147 8781252
1662738148 7366788
1662738149 8029394
1662738150 8448518
1662738151 7429858
1662738152 9395098
1662738153 6920316
1662738154 7241920
1662738155 7530770
1662738156 7856826
1662738157 7117582
1662738158 8193800
1662738159 9305422
1662738160 7407174
1662738161 7976818
1662738162 8751042
1662738163 8546038
1662738164 6785696
1662738165 8477986
1662738166 6752730
1662738167 7776160
1662738168 7001088
1662738169 9548162
1662738170 8024200
1662738171 6156480
1662738172 8405376
1662738173 6968652
1662738174 8363506
1662738175 7828842
1662738176 8240864
1662738177 8693060
1662738178 9134126
1662738179 11633394
1662738180 12331828
1662738181 10539156
1662738182 11593326
1662738183 8409404
1662738184 7543808
1662738185 9423294
1662738186 6391906
1662738187 9393720
1662738188 8979048
1662738189 7747116
1662738190 8498762
1662738191 7070412
1662738192 8698890
1662738193 5488892
1662738194 8188818
1662738195 8776376
1662738196 8746590
1662738197 9519860
1662738198 9529506
1662738199 8228992
1662738200 8495688
1662738201 7374208
1662738202 7636240
1662738203 8649812
1662738204 8995160
1662738205 8909724
1662738206 6934096
1662738207 7991552
1662738208 7749660
1662738209 8966858
1662738210 7085888
1662738211 7219766
1662738212 8166134
1662738213 8470248
1662738214 8163378
1662738215 8163696
1662738216 7927210
1662738217 9350790
1662738218 7816228
1662738219 10396162
1662738220 9321640
1662738221 9423824
1662738222 10059082
1662738223 9177692
1662738224 8000456
1662738225 7861490
1662738226 6957946
1662738227 7780718
1662738228 7481374
1662738229 7239058
1662738230 10123848
1662738231 8321954
1662738232 10662646
1662738233 8426682
1662738234 7204396
1662738235 8159350
1662738236 5803924
1662738237 8788884
1662738238 9048584
1662738239 8524944
1662738240 7812412
1662738241 7897000
1662738242 6135280
1662738243 9386724
1662738244 8850894
1662738245 7518898
1662738246 7292164
1662738247 8201856
1662738248 7419258
1662738249 8540526
1662738250 7690512
1662738251 5750818
1662738252 8069250
1662738253 9384286
1662738254 8483816
1662738255 8306690
1662738256 8015296
1662738257 7721676
1662738258 8756448
1662738259 7519110
1662738260 8077412
1662738261 6715418
1662738262 10802354
1662738263 8227614
1662738264 6202272
1662738265 7806794
1662738266 7795134
1662738267 7011476
1662738268 8244362
1662738269 7564478
1662738270 5824064
1662738271 7343786
1662738272 8470142
1662738273 8950110
1662738274 7319512
1662738275 9876974
1662738276 5788448
1662738277 10480008
1662738278 7779234
1662738279 9276484
1662738280 8503320
1662738281 6952328
1662738282 6740010
1662738283 7742876
1662738284 9654056
1662738285 8041160
1662738286 8681400
1662738287 8054304
1662738288 9053460
1662738289 8603914
1662738290 8559818
1662738291 7632106
1662738292 8341246
1662738293 11848362
1662738294 8793972
1662738295 7308382
1662738296 6606662
1662738297 8975550
1662738298 7235348
1662738299 7878768
1662738300 9486470
1662738301 8206732
1662738302 7797890
1662738303 8943432
1662738304 7086948
1662738305 7061508
1662738306 7080376
1662738307 7253368
1662738308 7798314
1662738309 8355238
1662738310 7895198
1662738311 7535328
1662738312 7372194
1662738313 8216908
1662738314 8713942
1662738315 6624046
1662738316 6953070
1662738317 7483918
1662738318 7731958
1662738319 8991980
1662738320 6579102
1662738321 8413008
1662738322 6789406
1662738323 10231968
1662738324 9364252
1662738325 7639950
1662738326 8361280
1662738327 6494302
1662738328 8044976
1662738329 7680124
1662738330 9025370
1662738331 8005544
1662738332 7782096
1662738333 7511902
1662738334 7155212
1662738335 8142814
1662738336 8067448
1662738337 7593946
1662738338 8333402
1662738339 6878870
1662738340 7298842
1662738341 6970454
1662738342 9272350
1662738343 8756342
1662738344 9046358
1662738345 9472372
1662738346 7396786
1662738347 7727930
1662738348 11165192
1662738349 12160320
1662738350 11153956
1662738351 11293134
1662738352 12322924
1662738353 7530346
1662738354 9007880
1662738355 8545508
1662738356 6870284
1662738357 6827142
1662738358 8615786
1662738359 6996424
1662738360 8341246
1662738361 8253266
1662738362 7595536
1662738363 8117904
1662738364 8051548
1662738365 8503744
1662738366 7886294
1662738367 7149170
1662738368 6960172
1662738369 7878662
1662738370 8655324
1662738371 7350994
1662738372 7618538
1662738373 6348552
1662738374 6567230
1662738375 7643978
1662738376 6273504
1662738377 8440992
1662738378 6114716
1662738379 7646098
1662738380 7728990
1662738381 7135390
1662738382 8524732
1662738383 9421916
1662738384 7756020
1662738385 8523142
1662738386 7481374
1662738387 7113872
1662738388 8477138
1662738389 8237790
1662738390 9564380
1662738391 7565962
1662738392 7640374
1662738393 8067448
1662738394 10416620
1662738395 8359690
1662738396 6812726
1662738397 7158922
1662738398 8143238
1662738399 7786230
1662738400 8714896
1662738401 7624792
1662738402 6697292
1662738403 7566704
1662738404 9818356
1662738405 8438766
1662738406 9039150
1662738407 9490180
1662738408 10782744
1662738409 13802048
1662738410 11070322
1662738411 10756032
1662738412 7905374
1662738413 6759196
1662738414 848


# events lost
1662737292 2396130
1662737293 5305936
1662737294 1930260
1662737295 3011566
1662737296 2240734
1662737297 3777734
1662737298 2022374
1662737299 3987084
1662737300 5676194
1662737301 2258118
1662737302 3796496
1662737303 3608558
1662737304 5116302
1662737305 5614820
1662737306 4389354
1662737307 4456028
1662737308 3547926
1662737309 5398898
1662737310 8193164
1662737311 9229632
1662737312 9784966
1662737313 6301594
1662737314 10136144
1662737315 9276696
1662737316 9684796
1662737317 8306902
1662737318 9757512
1662737319 9140698
1662737320 8046884
1662737321 9345808
1662737322 8718500
1662737323 8166664
1662737324 7969186
1662737325 7754854
1662737326 6898586
1662737327 9011590
1662737328 7485614
1662737329 6803186
1662737330 9517316
1662737331 5734282
1662737332 4215196
1662737333 1762462
1662737334 3364228
1662737335 4357660
1662737336 5334450
1662737337 4587256
1662737338 5056730
1662737339 6503418
1662737340 8645360
1662737341 8574446
1662737342 7052604
1662737343 9360330
1662737344 8019854
1662737345 8237896
1662737346 7863504
1662737347 9762812
1662737348 6801066
1662737349 8527064
1662737350 8350044
1662737351 9718080
1662737352 7764182
1662737353 8753268
1662737354 7644508
1662737355 9102538
1662737356 7584406
1662737357 9131476
1662737358 9637414
1662737359 8696028
1662737360 8029712
1662737361 8788566
1662737362 8733764
1662737363 7691042
1662737364 8839446
1662737365 6933248
1662737366 8747226
1662737367 8136454
1662737368 9672606
1662737369 9648650
1662737370 9275000
1662737371 9380364
1662737372 8835312
1662737373 9310298
1662737374 8668468
1662737375 8061512
1662737376 6649910
1662737377 7383536
1662737378 9167834
1662737379 8140270
1662737380 7193266
1662737381 8073490
1662737382 7644190
1662737383 9985624
1662737384 7828948
1662737385 6567654
1662737386 4516236
1662737387 3849920
1662737388 4576020
1662737389 8799060
1662737390 8620026
1662737391 8621828
1662737392 9066922
1662737393 8537028
1662737394 9143454
1662737395 9347186
1662737396 7556528
1662737397 7411308
1662737398 8326512
1662737399 8632428
1662737400 7742240
1662737401 7658182
1662737402 7483176
1662737403 8072430
1662737404 9457956
1662737405 9694230
1662737406 8124370
1662737407 7991552
1662737408 10265782
1662737409 7795240
1662737410 9184052
1662737411 11196886
1662737412 9597134
1662737413 7744890
1662737414 8277646
1662737415 9008516
1662737416 8347076
1662737417 10023042
1662737418 8957318
1662737419 8155110
1662737420 9063318
1662737421 9466860
1662737422 6980630
1662737423 7588222
1662737424 6873994
1662737425 9119922
1662737426 7520382
1662737427 8230688
1662737428 10902630
1662737429 7482646
1662737430 8476396
1662737431 7883008
1662737432 8606776
1662737433 9198892
1662737434 8116102
1662737435 9028020
1662737436 8315064
1662737437 8313368
1662737438 11294406
1662737439 7163268
1662737440 8580276
1662737441 8003000
1662737442 4087784
1662737443 5121178
1662737444 3972880
1662737445 4802436
1662737446 4194632
1662737447 6749444
1662737448 8530032
1662737449 8615998
1662737450 7563630
1662737451 11195402
1662737452 7995898
1662737453 7555468
1662737454 8347394
1662737455 8870186
1662737456 7735244
1662737457 10239494
1662737458 7264498
1662737459 6995576
1662737460 9460606
1662737461 8535332
1662737462 7270010
1662737463 8195708
1662737464 7842198
1662737465 7645780
1662737466 9746700
1662737467 7850996
1662737468 9132960
1662737469 6941198
1662737470 7981376
1662737471 6757500
1662737472 7970246
1662737473 9218184
1662737474 8591936
1662737475 7065642
1662737476 9619712
1662737477 10022300
1662737478 9682782
1662737479 7592568
1662737480 8675994
1662737481 8745424
1662737482 9473856
1662737483 7390108
1662737484 8007876
1662737485 7823966
1662737486 9180872
1662737487 7341242
1662737488 7406962
1662737489 7647370
1662737490 8777118
1662737491 7538296
1662737492 7931238
1662737493 8100732
1662737494 7985616
1662737495 7207152
1662737496 6807532
1662737497 7367848
1662737498 8592996
1662737499 9470676
1662737500 8196132
1662737501 6351838
1662737502 5765764
1662737503 7529286
1662737504 8767578
1662737505 8767790
1662737506 9703452
1662737507 9295988
1662737508 9772458
1662737509 9404002
1662737510 6155738
1662737511 7540416
1662737512 8711398
1662737513 9019434
1662737514 9066180
1662737515 9109216
1662737516 10332244
1662737517 9596816
1662737518 9230586
1662737519 8018264
1662737520 9218184
1662737521 7721888
1662737522 8001304
1662737523 8470354
1662737524 9987108
1662737525 7914808
1662737526 7712666
1662737527 7334034
1662737528 8162318
1662737529 8635396
1662737530 9867010
1662737531 7784216
1662737532 7399012
1662737533 9597664
1662737534 8596706
1662737535 9417358
1662737536 7513280
1662737537 7846438
1662737538 8069780
1662737539 9205146
1662737540 8855028
1662737541 8850788
1662737542 10178862
1662737543 8224010
1662737544 8981380
1662737545 8941948
1662737546 9910788
1662737547 7134966
1662737548 8556850
1662737549 9287402
1662737550 5894024
1662737551 9406122
1662737552 7765560
1662737553 8478516
1662737554 9465694
1662737555 8660306
1662737556 2061382
1662737557 3421044
1662737558 4735020
1662737559 5112698
1662737560 8868914
1662737561 9540318
1662737562 8988588
1662737563 6831806
1662737564 7477876
1662737565 8931242
1662737566 6036170
1662737567 8413644
1662737568 10103496
1662737569 7303400
1662737570 9931564
1662737571 9775638
1662737572 9211824
1662737573 7769164
1662737574 9477566
1662737575 10527496
1662737576 9049220
1662737577 10475450
1662737578 9238112
1662737579 8746696
1662737580 7481798
1662737581 6598500
1662737582 8648858
1662737583 10228046
1662737584 10515836
1662737585 9785284
1662737586 8169208
1662737587 8309234
1662737588 8582926
1662737589 7523350
1662737590 8381314
1662737591 6922542
1662737592 10075406
1662737593 8872518
1662737594 9391812
1662737595 8388840
1662737596 6947770
1662737597 8113558
1662737598 9368280
1662737599 10133600
1662737600 9738114
1662737601 8684898
1662737602 9835846
1662737603 6789830
1662737604 7436854
1662737605 10604452
1662737606 7378872
1662737607 8465372
1662737608 8910042
1662737609 10570532
1662737610 9955944
1662737611 6121076
1662737612 5702270
1662737613 3578454
1662737614 3468214
1662737615 3696644
1662737616 5866782
1662737617 8404210
1662737618 8411100
1662737619 8968448
1662737620 7523880
1662737621 7135814
1662737622 9831076
1662737623 8968130
1662737624 8352164
1662737625 7810610
1662737626 6474056
1662737627 7508298
1662737628 8719136
1662737629 8312414
1662737630 6922330
1662737631 6575498
1662737632 6580056
1662737633 7475968
1662737634 8404528
1662737635 7859900
1662737636 7255700
1662737637 9608264
1662737638 8246482
1662737639 9525372
1662737640 7760896
1662737641 9727090
1662737642 9605614
1662737643 9435060
1662737644 8707900
1662737645 7328310
1662737646 7605076
1662737647 9542332
1662737648 9010954
1662737649 8567344
1662737650 9916618
1662737651 7851950
1662737652 8620662
1662737653 8562362
1662737654 7746798
1662737655 7361064
1662737656 9376442
1662737657 7894986
1662737658 9297684
1662737659 8173024
1662737660 9893722
1662737661 7391910
1662737662 9041906
1662737663 8500670
1662737664 9862558
1662737665 10252214
1662737666 6502146
1662737667 4113118
1662737668 4757068
1662737669 5489316
1662737670 4912888
1662737671 4802754
1662737672 8261216
1662737673 8014342
1662737674 9080914
1662737675 8291532
1662737676 9889906
1662737677 9279240
1662737678 8416188
1662737679 7968656
1662737680 8297680
1662737681 9430608
1662737682 8219770
1662737683 8106456
1662737684 7755914
1662737685 7941520
1662737686 9150344
1662737687 9346974
1662737688 5786116
1662737689 7083662
1662737690 8558440
1662737691 7174928
1662737692 8019218
1662737693 9030882
1662737694 7839442
1662737695 6959642
1662737696 6928372
1662737697 9279346
1662737698 7247326
1662737699 8761218
1662737700 6967168
1662737701 8706946
1662737702 7680654
1662737703 7046138
1662737704 7836474
1662737705 9324608
1662737706 7100410
1662737707 7862550
1662737708 9218078
1662737709 9274258
1662737710 9813586
1662737711 9960184
1662737712 9445236
1662737713 9299486
1662737714 6462820
1662737715 10540746
1662737716 7003844
1662737717 9026854
1662737718 9226664
1662737719 6809970
1662737720 7745420
1662737721 9388632
1662737722 7765666
1662737723 7559496
1662737724 7996534
1662737725 9326304
1662737726 4426454
1662737727 1749000
1662737728 5449672
1662737729 8687760
1662737730 8922444
1662737731 8512542
1662737732 9117166
1662737733 7325448
1662737734 9240232
1662737735 10308076
1662737736 6961762
1662737737 8869550
1662737738 8545508
1662737739 8047626
1662737740 9456684
1662737741 8498126
1662737742 7322692
1662737743 9894782
1662737744 8540738
1662737745 9369022
1662737746 7742452
1662737747 7974380
1662737748 8411418
1662737749 8285172
1662737750 7889898
1662737751 8133168
1662737752 9635930
1662737753 8887676
1662737754 8225812
1662737755 8664758
1662737756 7862232
1662737757 7990704
1662737758 8050064
1662737759 7821740
1662737760 8364884
1662737761 9858000
1662737762 10092048
1662737763 9176526
1662737764 7861384
1662737765 8002576
1662737766 7264922
1662737767 7871454
1662737768 9049008
1662737769 7814002
1662737770 9214474
1662737771 7984344
1662737772 9294822
1662737773 6473632
1662737774 8294924
1662737775 9639428
1662737776 6436638
1662737777 8773726
1662737778 9269382
1662737779 9316234
1662737780 8025366
1662737781 8670270
1662737782 8363824
1662737783 8009572
1662737784 3127848
1662737785 1021840
1662737786 6750928
1662737787 8822486
1662737788 8597130
1662737789 9808498
1662737790 8844216
1662737791 7866578
1662737792 9768748
1662737793 8666242
1662737794 10031522
1662737795 8850152
1662737796 6080584
1662737797 10398918
1662737798 8254008
1662737799 7519746
1662737800 7669524
1662737801 8976398
1662737802 6039986
1662737803 10390332
1662737804 8042326
1662737805 10640174
1662737806 8132956
1662737807 7915338
1662737808 9480428
1662737809 6855656
1662737810 10366270
1662737811 8137408
1662737812 7039566
1662737813 7236938
1662737814 8360538
1662737815 7811670
1662737816 7466110
1662737817 7244252
1662737818 8294394
1662737819 8310506
1662737820 8861176
1662737821 9174936
1662737822 6132842
1662737823 8440568
1662737824 8473640
1662737825 8554942
1662737826 7772344
1662737827 9365312
1662737828 8919052
1662737829 9428170
1662737830 8926048
1662737831 8956046
1662737832 9210234
1662737833 6983386
1662737834 9434636
1662737835 9453080
1662737836 7330642
1662737837 8112286
1662737838 8515192
1662737839 9143454
1662737840 7140160
1662737841 6787286
1662737842 7454132
1662737843 8427954
1662737844 8137514
1662737845 8688078
1662737846 8011798
1662737847 10221792
1662737848 8019006
1662737849 7896894
1662737850 8390430
1662737851 7122564
1662737852 8940994
1662737853 7635074
1662737854 6701638
1662737855 7708956
1662737856 8038510
1662737857 8364036
1662737858 7789410
1662737859 8135076
1662737860 8982228
1662737861 8367958
1662737862 8263230
1662737863 8786764
1662737864 8994948
1662737865 7817712
1662737866 6505962
1662737867 9418100
1662737868 8585046
1662737869 6620760
1662737870 10660950
1662737871 8427212
1662737872 7391062
1662737873 7342832
1662737874 9072964
1662737875 9583778
1662737876 7989962
1662737877 9085684
1662737878 9581022
1662737879 8219558
1662737880 6631254
1662737881 8450214
1662737882 7436112
1662737883 9356514
1662737884 7646734
1662737885 8760052
1662737886 10267902
1662737887 9011590
1662737888 10790058
1662737889 8615468
1662737890 8226978
1662737891 8566178
1662737892 7897742
1662737893 7751568
1662737894 9240550
1662737895 7971624
1662737896 5545708
1662737897 5311448
1662737898 8331282
1662737899 6116730
1662737900 7917352
1662737901 7855978
1662737902 8071158
1662737903 8491448
1662737904 6179058
1662737905 8143980
1662737906 8312732
1662737907 8405164
1662737908 9013922
1662737909 9824610
1662737910 8248390
1662737911 7737576
1662737912 8945870
1662737913 9088334
1662737914 9484880
1662737915 8338490
1662737916 9288780
1662737917 8243832
1662737918 7191888
1662737919 9605402
1662737920 8465690
1662737921 7131044
1662737922 6204710
1662737923 6604118
1662737924 6412682
1662737925 9346550
1662737926 7655426
1662737927 7093732
1662737928 7840184
1662737929 7602426
1662737930 9189882
1662737931 9836058
1662737932 8638364
1662737933 8077730
1662737934 10360016
1662737935 9111124
1662737936 8033104
1662737937 9242140
1662737938 8224222
1662737939 6483490
1662737940 9639640
1662737941 8268636
1662737942 8376862
1662737943 8525156
1662737944 9333724
1662737945 8107198
1662737946 7782414
1662737947 6976708
1662737948 10315072
1662737949 8892658
1662737950 8684898
1662737951 9200058
1662737952 7501938
1662737953 6636872
1662737954 8620768
1662737955 8033634
1662737956 7276582
1662737957 9611126
1662737958 7671432
1662737959 9901354
1662737960 9557172
1662737961 9205358
1662737962 8081016
1662737963 7906328
1662737964 7148534
1662737965 9996012
1662737966 9417358
1662737967 9387678
1662737968 9747442
1662737969 7759518
1662737970 8076140
1662737971 8633594
1662737972 7024938
1662737973 8859798
1662737974 9094800
1662737975 7660514
1662737976 7213194
1662737977 7209590
1662737978 8160516
1662737979 9006820
1662737980 8294606
1662737981 7346436
1662737982 10267690
1662737983 7842622
1662737984 8882376
1662737985 8661472
1662737986 6651076
1662737987 10228576
1662737988 9267580
1662737989 8170586
1662737990 10105828
1662737991 8262170
1662737992 8962406
1662737993 8494204
1662737994 9273622
1662737995 8657126
1662737996 8866264
1662737997 8128716
1662737998 8795032
1662737999 6945438
1662738000 6978722
1662738001 8356192
1662738002 7818772
1662738003 9328212
1662738004 9886726
1662738005 9054838
1662738006 5561608
1662738007 6806154
1662738008 8686276
1662738009 9442692
1662738010 8164120
1662738011 9450324
1662738012 7815062
1662738013 3423058
1662738014 3671416
1662738015 3067428
1662738016 5495888
1662738017 8005120
1662738018 7411626
1662738019 9953930
1662738020 9042224
1662738021 8883860
1662738022 10193914
1662738023 7429434
1662738024 8618118
1662738025 6544652
1662738026 9086956
1662738027 8145994
1662738028 9368174
1662738029 9550388
1662738030 9305634
1662738031 8747756
1662738032 7804144
1662738033 8777330
1662738034 10448844
1662738035 7770436
1662738036 7988372
1662738037 9593424
1662738038 10903372
1662738039 7980104
1662738040 9356726
1662738041 9094376
1662738042 9249666
1662738043 9494314
1662738044 10399766
1662738045 9439194
1662738046 8054304
1662738047 9190624
1662738048 7629244
1662738049 8510422
1662738050 10005022
1662738051 8317820
1662738052 8540526
1662738053 7477346
1662738054 8213304
1662738055 7996216
1662738056 8289094
1662738057 7723478
1662738058 8620238
1662738059 9267792
1662738060 7719556
1662738061 9399020
1662738062 7761638
1662738063 7907282
1662738064 9364252
1662738065 7647476
1662738066 9260796
1662738067 8379088
1662738068 8257506
1662738069 4939918
1662738070 5469070
1662738071 3415850
1662738072 4311762
1662738073 9417676
1662738074 10132010
1662738075 7521336
1662738076 9211612
1662738077 9590138
1662738078 10651410
1662738079 9427746
1662738080 9171014
1662738081 7356188
1662738082 7172596
1662738083 9891072
1662738084 6491864
1662738085 9691474
1662738086 7095746
1662738087 9667942
1662738088 7187966
1662738089 10270022
1662738090 8359690
1662738091 9753908
1662738092 6713616
1662738093 7334882
1662738094 9319838
1662738095 10161266
1662738096 7602108
1662738097 7805204
1662738098 9782316
1662738099 9390222
1662738100 9489650
1662738101 8596176
1662738102 8493462
1662738103 9316128
1662738104 7107618
1662738105 6890318
1662738106 6203650
1662738107 9197938
1662738108 10506190
1662738109 8920536
1662738110 8648858
1662738111 7293224
1662738112 9188186
1662738113 7179168
1662738114 8135182
1662738115 9379410
1662738116 7498652
1662738117 9033426
1662738118 7692314
1662738119 8370820
1662738120 8415552
1662738121 5545284
1662738122 2823098
1662738123 5685416
1662738124 5016980
1662738125 3931222
1662738126 2572302
1662738127 5471084
1662738128 4001288
1662738129 6294598
1662738130 7578258
1662738131 7731216
1662738132 9219138
1662738133 8760688
1662738134 7611754
1662738135 7969610
1662738136 7726022
1662738137 8682884
1662738138 9042542
1662738139 7415230
1662738140 7039884
1662738141 7231002
1662738142 8713942
1662738143 9322064
1662738144 9621514
1662738145 8786870
1662738146 9239384
1662738147 7982754
1662738148 9164654
1662738149 9144938
1662738150 8033104
1662738151 7197824
1662738152 7142174
1662738153 9230374
1662738154 9467496
1662738155 8496854
1662738156 7898484
1662738157 9058866
1662738158 8132426
1662738159 7617266
1662738160 9284222
1662738161 6676198
1662738162 7956678
1662738163 7474166
1662738164 9770338
1662738165 8022504
1662738166 9233342
1662738167 8640272
1662738168 10265464
1662738169 7364032
1662738170 8175674
1662738171 9987638
1662738172 8243938
1662738173 9954884
1662738174 7834248
1662738175 8596388
1662738176 7896894
1662738177 7172914
1662738178 7327462
1662738179 5015708
1662738180 4325436
1662738181 5055882
1662738182 4572522
1662738183 7970034
1662738184 9117060
1662738185 7114190
1662738186 9424036
1662738187 7593310
1662738188 6883640
1662738189 8269908
1662738190 8026638
1662738191 8314216
1662738192 8033740
1662738193 9967074
1662738194 8710868
1662738195 7843364
1662738196 6991972
1662738197 7164328
1662738198 7872514
1662738199 7944806
1662738200 8056212
1662738201 8013282
1662738202 8517206
1662738203 7846120
1662738204 7201640
1662738205 7077938
1662738206 8478198
1662738207 8146948
1662738208 8964844
1662738209 7605924
1662738210 9306800
1662738211 8347500
1662738212 7768634
1662738213 8050170
1662738214 8019748
1662738215 7912476
1662738216 8526322
1662738217 6929538
1662738218 8850258
1662738219 6091396
1662738220 6638250
1662738221 6786332
1662738222 6037972
1662738223 7908766
1662738224 8285702
1662738225 8699526
1662738226 8733976
1662738227 8366050
1662738228 8855558
1662738229 9702922
1662738230 6824386
1662738231 7384914
1662738232 6316328
1662738233 8151506
1662738234 9273940
1662738235 8438342
1662738236 9036500
1662738237 7787290
1662738238 8345168
1662738239 8133592
1662738240 8729206
1662738241 7606772
1662738242 9860332
1662738243 7402510
1662738244 7240966
1662738245 8396048
1662738246 8070734
1662738247 8047732
1662738248 9725500
1662738249 8746484
1662738250 8577520
1662738251 9456048
1662738252 7985616
1662738253 6557266
1662738254 8362552
1662738255 8001834
1662738256 7512008
1662738257 8906438
1662738258 8097446
1662738259 9811360
1662738260 8291214
1662738261 9318142
1662738262 5994936
1662738263 8399758
1662738264 10606148
1662738265 8775316
1662738266 7763440
1662738267 9130310
1662738268 8710020
1662738269 9440148
1662738270 10253804
1662738271 7864246
1662738272 8571584
1662738273 7299690
1662738274 9396370
1662738275 6999180
1662738276 9072858
1662738277 6646518
1662738278 8752420
1662738279 7901558
1662738280 8502578
1662738281 8159350
1662738282 10637630
1662738283 8735990
1662738284 6834032
1662738285 8487950
1662738286 6714146
1662738287 8513708
1662738288 7300432
1662738289 7767786
1662738290 8777860
1662738291 8349832
1662738292 8818458
1662738293 4778904
1662738294 7863716
1662738295 9689036
1662738296 9122890
1662738297 7738106
1662738298 9036606
1662738299 8294606
1662738300 7469184
1662738301 7115038
1662738302 8653416
1662738303 7342408
1662738304 9076462
1662738305 9516892
1662738306 8633700
1662738307 8529290
1662738308 8941736
1662738309 8276586
1662738310 9046994
1662738311 8308492
1662738312 9058124
1662738313 8644512
1662738314 7865412
1662738315 10650668
1662738316 8394776
1662738317 9173452
1662738318 8976186
1662738319 7797254
1662738320 9642396
1662738321 7323434
1662738322 9876126
1662738323 6750398
1662738324 7884174
1662738325 8752632
1662738326 7723478
1662738327 9546678
1662738328 8122356
1662738329 8528654
1662738330 7257290
1662738331 8072430
1662738332 8136136
1662738333 8535438
1662738334 8665924
1662738335 7969080
1662738336 7127440
1662738337 9484774
1662738338 7700052
1662738339 9549752
1662738340 8408662
1662738341 8551444
1662738342 7457206
1662738343 7959010
1662738344 7793650
1662738345 7307746
1662738346 8865734
1662738347 9208856
1662738348 5754210
1662738349 4646934
1662738350 5588426
1662738351 4806146
1662738352 3643962
1662738353 8924882
1662738354 7632530
1662738355 8188182
1662738356 9166774
1662738357 10008520
1662738358 8977246
1662738359 10347826
1662738360 7918730
1662738361 7684364
1662738362 8744364
1662738363 9172922
1662738364 9120558
1662738365 6909080
1662738366 7497486
1662738367 9288462
1662738368 9943118
1662738369 8891068
1662738370 8046142
1662738371 7213724
1662738372 9460712
1662738373 10264192
1662738374 9960820
1662738375 8920218
1662738376 9664762
1662738377 8148326
1662738378 9701438
1662738379 9136776
1662738380 8481484
1662738381 8236200
1662738382 8835842
1662738383 7257820
1662738384 8925730
1662738385 8039994
1662738386 8378558
1662738387 10183314
1662738388 8264184
1662738389 7950530
1662738390 6769902
1662738391 7403252
1662738392 8406224
1662738393 9065650
1662738394 6326822
1662738395 8129882
1662738396 8796834
1662738397 8696452
1662738398 7258350
1662738399 8962194
1662738400 7539250
1662738401 6864454
1662738402 9704512
1662738403 9171332
1662738404 6709058
1662738405 8029288
1662738406 6832548
1662738407 6826400
1662738408 4825968
1662738409 2717522
1662738410 5659976
1662738411 4732370
1662738412 8895838
1662738413 8807752
1662738414 954
