# events called
1663253633 3948288
1663253634 93386
1663253635 13834908
1663253636 14257530
1663253637 17049782
1663253638 17102888
1663253639 16807890
1663253640 17306090
1663253641 17082536
1663253642 17587308
1663253643 16134048
1663253644 16700936
1663253645 17024554
1663253646 16850290
1663253647 16202312
1663253648 16217470
1663253649 16577234
1663253650 16836828
1663253651 16806194
1663253652 17057308
1663253653 16341808
1663253654 16160866
1663253655 16949718
1663253656 16442084
1663253657 16574478
1663253658 15927348
1663253659 16544162
1663253660 16834072
1663253661 16724998
1663253662 15962434
1663253663 15681004
1663253664 16570450
1663253665 16430848
1663253666 17008442
1663253667 16521690
1663253668 16275664
1663253669 16402864
1663253670 16177296
1663253671 16273120
1663253672 16436042
1663253673 15584544
1663253674 16243652
1663253675 16311916
1663253676 16175706
1663253677 16359510
1663253678 16726482
1663253679 16275770
1663253680 16503140
1663253681 16642424
1663253682 16625464
1663253683 15427134
1663253684 16336614
1663253685 16545116
1663253686 16776832
1663253687 16702844
1663253688 16238458
1663253689 16667758
1663253690 16850608
1663253691 16707826
1663253692 16320502
1663253693 15667754
1663253694 16166166
1663253695 16889298
1663253696 16457454
1663253697 16560380
1663253698 15593978
1663253699 16243970
1663253700 16028790
1663253701 16257644
1663253702 16523068
1663253703 16260612
1663253704 16423216
1663253705 17087412
1663253706 16381028
1663253707 15995188
1663253708 15646236
1663253709 17058898
1663253710 16480350
1663253711 16732630
1663253712 16206022
1663253713 15807356
1663253714 16777150
1663253715 16189592
1663253716 16471022
1663253717 17166806
1663253718 16293578
1663253719 16728920
1663253720 16590272
1663253721 16787326
1663253722 16739838
1663253723 16203160
1663253724 16435194
1663253725 16820610
1663253726 16902654
1663253727 16915798
1663253728 14799826
1663253729 16681114
1663253730 16948552
1663253731 16589742
1663253732 16554126
1663253733 15366290
1663253734 17044270
1663253735 17015438
1663253736 16658218
1663253737 17080522
1663253738 16316050
1663253739 16027412
1663253740 16924490
1663253741 17360468
1663253742 16678994
1663253743 16524870
1663253744 16519676
1663253745 16992330
1663253746 17328456
1663253747 16963286
1663253748 16577022
1663253749 16754784
1663253750 16587410
1663253751 16499112
1663253752 16857816
1663253753 16319442
1663253754 16787962
1663253755 17300578
1663253756 17187582
1663253757 16328558
1663253758 16243652
1663253759 16131610
1663253760 16820610
1663253761 17421948
1663253762 17031656
1663253763 16573100
1663253764 16483954
1663253765 17377428
1663253766 17111262
1663253767 17145606
1663253768 16217364
1663253769 16589106
1663253770 16646134
1663253771 16843824
1663253772 17079462
1663253773 16155248
1663253774 16623132
1663253775 16435830
1663253776 17014908
1663253777 16865236
1663253778 16947174
1663253779 16552112
1663253780 16961272
1663253781 16891100
1663253782 17714508
1663253783 15817850
1663253784 16363008
1663253785 16842340
1663253786 16736552
1663253787 16956078
1663253788 16649208
1663253789 16601508
1663253790 15720330
1663253791 17015968
1663253792 16919402
1663253793 15849014
1663253794 17140836
1663253795 16876260
1663253796 16830150
1663253797 16425654
1663253798 16138606
1663253799 16620588
1663253800 16639138
1663253801 16214608
1663253802 16784888
1663253803 16794746
1663253804 16877320
1663253805 16681326
1663253806 16932970
1663253807 17102252
1663253808 16140196
1663253809 16776514
1663253810 17233374
1663253811 17051478
1663253812 17028264
1663253813 16216834
1663253814 16832800
1663253815 16876896
1663253816 16924914
1663253817 17127692
1663253818 16627690
1663253819 16593028
1663253820 16865024
1663253821 16676132
1663253822 17548088
1663253823 15945262
1663253824 17269414
1663253825 17549148
1663253826 17001870
1663253827 16221180
1663253828 16678040
1663253829 15972822
1663253830 17695534
1663253831 16644544
1663253832 17177936
1663253833 16727436
1663253834 16765490
1663253835 16647512
1663253836 17366192
1663253837 16524446
1663253838 16850184
1663253839 16907424
1663253840 16870218
1663253841 16745032
1663253842 16996040
1663253843 16308736
1663253844 16524340
1663253845 16559426
1663253846 17276516
1663253847 16763476
1663253848 16328028
1663253849 16847428
1663253850 16927140
1663253851 16943040
1663253852 16378696
1663253853 16560168
1663253854 16147722
1663253855 17136490
1663253856 16540664
1663253857 16903820
1663253858 15938054
1663253859 16383466
1663253860 16976112
1663253861 16721712
1663253862 17344674
1663253863 16263580
1663253864 16859088
1663253865 16799940
1663253866 16746834
1663253867 16603734
1663253868 16318064
1663253869 16499748
1663253870 17044482
1663253871 16633414
1663253872 17137550
1663253873 16669348
1663253874 16679630
1663253875 17302698
1663253876 17083596
1663253877 16601296
1663253878 16248528
1663253879 17097270
1663253880 16803226
1663253881 16939436
1663253882 16456500
1663253883 16816158
1663253884 16195740
1663253885 17104796
1663253886 16618574
1663253887 16816582
1663253888 16604052
1663253889 16174964
1663253890 17034730
1663253891 17892270
1663253892 16958940
1663253893 16871278
1663253894 16354952
1663253895 17120166
1663253896 17333968
1663253897 17484170
1663253898 16533456
1663253899 16661186
1663253900 17092288
1663253901 15838520
1663253902 17230088
1663253903 16888662
1663253904 16900746
1663253905 16859512
1663253906 16226692
1663253907 16993390
1663253908 17407426
1663253909 17149740
1663253910 16325166
1663253911 16031440
1663253912 16609034
1663253913 17379442
1663253914 17056990
1663253915 16234006
1663253916 15649310
1663253917 16618574
1663253918 17390784
1663253919 16616666
1663253920 16385692
1663253921 17262736
1663253922 16468054
1663253923 16455122
1663253924 17047344
1663253925 17154828
1663253926 17575012
1663253927 16765172
1663253928 17679740
1663253929 17323686
1663253930 17420888
1663253931 16830680
1663253932 16072250
1663253933 16571510
1663253934 16406468
1663253935 16731146
1663253936 17043422
1663253937 16676450
1663253938 17247472
1663253939 16672528
1663253940 17256482
1663253941 17263372
1663253942 15852088
1663253943 16704222
1663253944 17094620
1663253945 17115608
1663253946 16469962
1663253947 16124614
1663253948 17370962
1663253949 17483640
1663253950 17286056
1663253951 16502822
1663253952 16372230
1663253953 16625040
1663253954 16896718
1663253955 17102570
1663253956 17482156
1663253957 16008438
1663253958 16691714
1663253959 15769302
1663253960 17078402
1663253961 17041196
1663253962 16168710
1663253963 16664366
1663253964 17154510
1663253965 16579142
1663253966 17070240
1663253967 15878588
1663253968 16913996
1663253969 16888980
1663253970 17132886
1663253971 17284678
1663253972 15690756
1663253973 17188642
1663253974 16828136
1663253975 17358984
1663253976 17375838
1663253977 15651112
1663253978 16830468
1663253979 16746198
1663253980 16531548
1663253981 16042994
1663253982 15783294
1663253983 16546070
1663253984 16167014
1663253985 16876684
1663253986 16959788
1663253987 16192242
1663253988 16937528
1663253989 16176660
1663253990 16943040
1663253991 16500914
1663253992 16244182
1663253993 16598010
1663253994 17149740
1663253995 16970918
1663253996 16382936
1663253997 15899788
1663253998 17500494
1663253999 16718956
1663254000 16693410
1663254001 17142108
1663254002 15645600
1663254003 16547024
1663254004 16845096
1663254005 16743124
1663254006 16073946
1663254007 16009816
1663254008 16614228
1663254009 16278208
1663254010 16767928
1663254011 17052114
1663254012 15987874
1663254013 16408482
1663254014 16737188
1663254015 16901594
1663254016 17007382
1663254017 16524552
1663254018 17035896
1663254019 17630874
1663254020 16884422
1663254021 17162036
1663254022 15970278
1663254023 17222986
1663254024 16739308
1663254025 16924702
1663254026 17079568
1663254027 16359828
1663254028 17589852
1663254029 16478124
1663254030 16965300
1663254031 16657794
1663254032 16094086
1663254033 17222032
1663254034 16907530
1663254035 17275986
1663254036 17062608
1663254037 16428198
1663254038 16888450
1663254039 16188956
1663254040 17134052
1663254041 17246200
1663254042 15402966
1663254043 17101722
1663254044 16973674
1663254045 16470810
1663254046 17158114
1663254047 15901166
1663254048 17038334
1663254049 16758494
1663254050 16759766
1663254051 17096740
1663254052 15970702
1663254053 17385484
1663254054 16610942
1663254055 17251394
1663254056 17161612
1663254057 16124508
1663254058 17298140
1663254059 17057202
1663254060 16799304
1663254061 17270474
1663254062 15931376
1663254063 16706024
1663254064 16456182
1663254065 16376682
1663254066 16228176
1663254067 15858660
1663254068 16784888
1663254069 16906576
1663254070 16479078
1663254071 16632460
1663254072 16067480
1663254073 17590806
1663254074 16881984
1663254075 16390886
1663254076 17582220
1663254077 15406888
1663254078 16555080
1663254079 16726906
1663254080 16642318
1663254081 17171788
1663254082 15841488
1663254083 17056990
1663254084 17557204
1663254085 17537594
1663254086 16965724
1663254087 16542996
1663254088 17312238
1663254089 16633944
1663254090 17438060
1663254091 16681538
1663254092 15998580
1663254093 16844036
1663254094 16890358
1663254095 16430954
1663254096 16928200
1663254097 15557938
1663254098 16598858
1663254099 16801318
1663254100 16755314
1663254101 16966784
1663254102 16203160
1663254103 16637442
1663254104 17014166
1663254105 16607656
1663254106 17053916
1663254107 15656306
1663254108 17024342
1663254109 16886118
1663254110 17079038
1663254111 16724680
1663254112 16019992
1663254113 16717260
1663254114 16658854
1663254115 16682174
1663254116 17372022
1663254117 16211958
1663254118 16782132
1663254119 16469432
1663254120 16921310
1663254121 16578612
1663254122 15883676
1663254123 16656522
1663254124 16952580
1663254125 17584764
1663254126 16847640
1663254127 16014480
1663254128 16805770
1663254129 17750018
1663254130 16790188
1663254131 16694470
1663254132 16122812
1663254133 16130444
1663254134 17474524
1663254135 17269096
1663254136 16897460
1663254137 16025398
1663254138 16748742
1663254139 16665638
1663254140 17587520
1663254141 17102040
1663254142 16143588
1663254143 16903396
1663254144 17017770
1663254145 17587096
1663254146 16736022
1663254147 15641784
1663254148 16282554
1663254149 16899368
1663254150 17265492
1663254151 17051160
1663254152 15787110
1663254153 16776726
1663254154 17318704
1663254155 17104690
1663254156 17040348
1663254157 16322940
1663254158 17158750
1663254159 16639138
1663254160 16607232
1663254161 16930214
1663254162 16074476
1663254163 16363008
1663254164 16801106
1663254165 16884528
1663254166 17348490
1663254167 16626524
1663254168 16967526
1663254169 17020208
1663254170 16867462
1663254171 17221396
1663254172 16383996
1663254173 16265488
1663254174 16876260
1663254175 17117834
1663254176 17097800
1663254177 16286052
1663254178 16882726
1663254179 16692456
1663254180 17402232
1663254181 17352836
1663254182 15833008
1663254183 16936468
1663254184 17000810
1663254185 17189278
1663254186 17106280
1663254187 16150054
1663254188 16316792
1663254189 16805876
1663254190 17380608
1663254191 16376258
1663254192 15985436
1663254193 16524870
1663254194 16801000
1663254195 16994768
1663254196 16548932
1663254197 15685668
1663254198 16947386
1663254199 16639986
1663254200 17008866
1663254201 17464454
1663254202 15741212
1663254203 16925762
1663254204 17040136
1663254205 16365234
1663254206 16381240
1663254207 15896608
1663254208 16897142
1663254209 17517560
1663254210 16880500
1663254211 17352200
1663254212 16496038
1663254213 16594830
1663254214 17017876
1663254215 17033352
1663254216 16969328
1663254217 15609030
1663254218 16725846
1663254219 17191822
1663254220 17152920
1663254221 16997736
1663254222 15137754
1663254223 16423322
1663254224 16202842
1663254225 16327074
1663254226 16657688
1663254227 15686198
1663254228 16442402
1663254229 16753724
1663254230 17337148
1663254231 16577976
1663254232 16113166
1663254233 16905410
1663254234 16195528
1663254235 17232950
1663254236 16993814
1663254237 16321032
1663254238 16685354
1663254239 16889934
1663254240 16619316
1663254241 17135748
1663254242 15913038
1663254243 16810964
1663254244 17128222
1663254245 17420146
1663254246 17099708
1663254247 16105322
1663254248 16947704
1663254249 16761038
1663254250 17154828
1663254251 16661080
1663254252 16212594
1663254253 16305450
1663254254 16905728
1663254255 16829302
1663254256 16665956
1663254257 16454592
1663254258 15958512
1663254259 17057202
1663254260 17345840
1663254261 17326336
1663254262 16324954
1663254263 16903926
1663254264 16894386
1663254265 16575644
1663254266 16403182
1663254267 16134154
1663254268 16789340
1663254269 16220544
1663254270 17501024
1663254271 16491904
1663254272 16110304
1663254273 16704010
1663254274 17193306
1663254275 16760190
1663254276 16905622
1663254277 16231992
1663254278 17106598
1663254279 16675072
1663254280 16895870
1663254281 17425340
1663254282 16390780
1663254283 16344670
1663254284 16016918
1663254285 17162036
1663254286 16988938
1663254287 16236444
1663254288 17126738
1663254289 16518404
1663254290 16870218
1663254291 17114654
1663254292 16193938
1663254293 17656420
1663254294 16860148
1663254295 16588470
1663254296 16829726
1663254297 16113484
1663254298 17221820
1663254299 16928412
1663254300 17486396
1663254301 16397458
1663254302 15938054
1663254303 17385060
1663254304 17250970
1663254305 16558790
1663254306 17077236
1663254307 15635212
1663254308 16142210
1663254309 16774182
1663254310 17013848
1663254311 17301214
1663254312 16383890
1663254313 16438374
1663254314 16903078
1663254315 15842124
1663254316 16839266
1663254317 16283296
1663254318 17032928
1663254319 16784994
1663254320 17005580
1663254321 16747046
1663254322 16589742
1663254323 16955654
1663254324 16747364
1663254325 16593028
1663254326 17223410
1663254327 16060484
1663254328 17105538
1663254329 17056566
1663254330 17419510
1663254331 16739944
1663254332 16101082
1663254333 16597904
1663254334 16836192
1663254335 17081264
1663254336 16714080
1663254337 15889718
1663254338 17107552
1663254339 16952898
1663254340 16890464
1663254341 17039182
1663254342 16283720
1663254343 16501550
1663254344 17193730
1663254345 17230406
1663254346 16790082
1663254347 15988616
1663254348 16683764
1663254349 16650162
1663254350 16194892
1663254351 16457772
1663254352 16494236
1663254353 16801318
1663254354 16472824
1663254355 16843082
1663254356 17603632
1663254357 16363114
1663254358 16229978
1663254359 17105856
1663254360 17286692
1663254361 16881560
1663254362 16413146
1663254363 16917812
1663254364 17323156
1663254365 17300366
1663254366 17334286
1663254367 15773012
1663254368 16393642
1663254369 17230300
1663254370 16936256
1663254371 16972402
1663254372 16043418
1663254373 16500596
1663254374 16724468
1663254375 17124936
1663254376 16539286
1663254377 16584866
1663254378 16349652
1663254379 16653660
1663254380 16840750
1663254381 16406786
1663254382 16238670
1663254383 16317640
1663254384 17072572
1663254385 16471446
1663254386 16641470
1663254387 16960954
1663254388 17068014
1663254389 16536636
1663254390 16987348
1663254391 16759554
1663254392 16651010
1663254393 17026038
1663254394 16997312
1663254395 16757222
1663254396 16296440
1663254397 16219484
1663254398 16872444
1663254399 17331212
1663254400 17357394
1663254401 17173908
1663254402 16015222
1663254403 17177936
1663254404 16784464
1663254405 17214612
1663254406 17266658
1663254407 16010664
1663254408 16389402
1663254409 17027946
1663254410 17081052
1663254411 16648784
1663254412 16157686
1663254413 17000492
1663254414 16527838
1663254415 16988196
1663254416 17088154
1663254417 16555610
1663254418 17642852
1663254419 16557942
1663254420 17324004
1663254421 16252450
1663254422 16376788
1663254423 16622920
1663254424 17112958
1663254425 17421206
1663254426 17111898
1663254427 16195846
1663254428 17365874
1663254429 16387706
1663254430 17016604
1663254431 16911240
1663254432 16356224
1663254433 17424280
1663254434 16643166
1663254435 16890252
1663254436 16635004
1663254437 15871486
1663254438 17273124
1663254439 16673164
1663254440 16425866
1663254441 17031126
1663254442 16315626
1663254443 17020844
1663254444 16099916
1663254445 17039818
1663254446 16768352
1663254447 16060166
1663254448 16368838
1663254449 17179526
1663254450 17065894
1663254451 16676768
1663254452 15569068
1663254453 17118152
1663254454 17185674
1663254455 16306192
1663254456 17042468
1663254457 15937418
1663254458 17067166
1663254459 17202210
1663254460 16147828
1663254461 17034624
1663254462 15920140
1663254463 16241956
1663254464 17199030
1663254465 17479082
1663254466 16141998
1663254467 16128006
1663254468 16830362
1663254469 16722030
1663254470 16777256
1663254471 16979186
1663254472 16197118
1663254473 17233480
1663254474 17065788
1663254475 17365768
1663254476 16426926
1663254477 16304602
1663254478 17193412
1663254479 17033670
1663254480 17199560
1663254481 17203588
1663254482 15824104
1663254483 16979822
1663254484 17385272
1663254485 16928518
1663254486 16756480
1663254487 16601932
1663254488 17066106
1663254489 16804286
1663254490 16964664
1663254491 16871172
1663254492 15523912
1663254493 16540134
1663254494 16971342
1663254495 17077236
1663254496 16670090
1663254497 16122812
1663254498 16927670
1663254499 16846050
1663254500 17217050
1663254501 16870642
1663254502 16145708
1663254503 17131720
1663254504 16554020
1663254505 17258496
1663254506 17159810
1663254507 15797604
1663254508 17024024
1663254509 16989574
1663254510 16845944
1663254511 16891842
1663254512 16488406
1663254513 16860148
1663254514 15977168
1663254515 16508864
1663254516 16897990
1663254517 17097058
1663254518 16750226
1663254519 16643378
1663254520 17083066
1663254521 17313192
1663254522 17234222
1663254523 16507486
1663254524 15887280
1663254525 16865236
1663254526 16857922
1663254527 16964028
1663254528 16351772
1663254529 16628326
1663254530 17097164
1663254531 17329304
1663254532 17269096
1663254533 16297924
1663254534 15884736
1663254535 17128540
1663254536 17077236
1663254537 16817430
1663254538 17170198
1663254539 16048188
1663254540 16634474
1663254541 17615186
1663254542 16980352
1663254543 16638184
1663254544 15852830
1663254545 16714610
1663254546 16760826
1663254547 16866614
1663254548 16744714
1663254549 16401804
1663254550 17136808
1663254551 16835980
1663254552 16389614
1663254553 17031444
1663254554 15538540
1663254555 16908802
1663254556 17300048
1663254557 17330682
1663254558 17008018
1663254559 16280328
1663254560 16608928
1663254561 17207086
1663254562 17191716
1663254563 16535470
1663254564 16115074
1663254565 16628644
1663254566 16777044
1663254567 16774924
1663254568 17122498
1663254569 16451730
1663254570 17026886
1663254571 17040348
1663254572 17010138
1663254573 17131826
1663254574 16266442
1663254575 16815310
1663254576 16666698
1663254577 16779694
1663254578 16660550
1663254579 15987874
1663254580 16886648
1663254581 17189914
1663254582 16758918
1663254583 17208358
1663254584 15806826
1663254585 16645392
1663254586 16469962
1663254587 17402974
1663254588 16823790
1663254589 16898944
1663254590 16764006
1663254591 16695742
1663254592 16879758
1663254593 17001446
1663254594 16225632
1663254595 17137338
1663254596 17191822
1663254597 17778532
1663254598 17524874
1663254599 15988192
1663254600 17376262
1663254601 17010880
1663254602 16942616
1663254603 16689382
1663254604 17258708
1663254605 16478230
1663254606 17255952
1663254607 16517980
1663254608 17361846
1663254609 16431378
1663254610 17153768
1663254611 16693940
1663254612 16529110
1663254613 16498900
1663254614 16449186
1663254615 16890994
1663254616 16991058
1663254617 16060060
1663254618 16609034
1663254619 16422474
1663254620 16962756
1663254621 16825910
1663254622 16980670
1663254623 17347642
1663254624 16303754
1663254625 16835874
1663254626 16923854
1663254627 16948446
1663254628 17307468
1663254629 16673906
1663254630 16477382
1663254631 17185356
1663254632 17296974
1663254633 17082642
1663254634 16386646
1663254635 16896188
1663254636 16532502
1663254637 16695424
1663254638 15423530
1663254639 15615390
1663254640 16911558
1663254641 17118046
1663254642 16733796
1663254643 16044584
1663254644 16854424
1663254645 17150906
1663254646 17417178
1663254647 17058368
1663254648 15906784
1663254649 16759978
1663254650 17230724
1663254651 16930638
1663254652 17416966
1663254653 15844456
1663254654 16868416
1663254655 17344674
1663254656 16602886
1663254657 17279908
1663254658 15837142
1663254659 16868840
1663254660 16894916
1663254661 16983426
1663254662 17820084
1663254663 16122070
1663254664 16617090
1663254665 16720334
1663254666 17449084
1663254667 17464136
1663254668 16071084
1663254669 16536636
1663254670 16610730
1663254671 16451624
1663254672 16790294
1663254673 16091012
1663254674 17918558
1663254675 17169456
1663254676 16330572
1663254677 16546706
1663254678 16102566
1663254679 16201994
1663254680 16435194
1663254681 16946750
1663254682 16803968
1663254683 16459468
1663254684 17163414
1663254685 17409652
1663254686 16831316
1663254687 17083914
1663254688 16274180
1663254689 16680902
1663254690 16503246
1663254691 16263686
1663254692 16966148
1663254693 15845198
1663254694 17266446
1663254695 16778210
1663254696 16317640
1663254697 16720016
1663254698 16871914
1663254699 17257436
1663254700 16872974
1663254701 17296338
1663254702 17371174
1663254703 15733580
1663254704 16828030
1663254705 16337886
1663254706 16779906
1663254707 17012788
1663254708 16437844
1663254709 17010986
1663254710 16347532
1663254711 16850502
1663254712 16960212
1663254713 16496462
1663254714 17130978
1663254715 17455232
1663254716 16557624
1663254717 17550420
1663254718 15981408
1663254719 17188960
1663254720 16372018
1663254721 17694474
1663254722 17029642
1663254723 16407316
1663254724 16939860
1663254725 17412302
1663254726 16909226
1663254727 16524340
1663254728 16365128
1663254729 16696908
1663254730 17072360
1663254731 16795064
1663254732 16575856
1663254733 16480456
1663254734 17258072
1663254735 17001022
1663254736 16812236
1663254737 16924384
1663254738 15991690
1663254739 17138822
1663254740 17536216
1663254741 16645392
1663254742 17367994
1663254743 16146662
1663254744 16842022
1663254745 16616666
1663254746 17040348
1663254747 17365556
1663254748 16167014
1663254749 17106704
1663254750 16600130
1663254751 17122498
1663254752 16847852
1663254753 15848908
1663254754 17000174
1663254755 17030808
1663254756 17148998
1663254757 17171046
1663254758 15934026
1663254759 16792414
1663254760 17104054
1663254761 17222350
1663254762 16686732
1663254763 15929256
1663254764 16999008
1663254765 17554872
1663254766 17062820
1663254767 16685248
1663254768 16133518
1663254769 17197122
1663254770 16702632
1663254771 17182388
1663254772 15557302
1663254773 15619524
1663254774 17054340
1663254775 16893220
1663254776 17032186
1663254777 16780542
1663254778 15665952
1663254779 16816900
1663254780 17148680
1663254781 16924596
1663254782 17270898
1663254783 16083380
1663254784 16590802
1663254785 16887602
1663254786 16456606
1663254787 16971554
1663254788 16479078
1663254789 16535046
1663254790 16341808
1663254791 16499642
1663254792 16827076
1663254793 15533770
1663254794 17156736
1663254795 16851138
1663254796 17022540
1663254797 16764218
1663254798 16340854
1663254799 16874246
1663254800 17510140
1663254801 16675814
1663254802 16681114
1663254803 16139984
1663254804 16439858
1663254805 17074480
1663254806 17041408
1663254807 17007912
1663254808 16351666
1663254809 17056460
1663254810 17753940
1663254811 17098542
1663254812 16271000
1663254813 16294214
1663254814 16585820
1663254815 16744184
1663254816 16747152
1663254817 16671680
1663254818 16578718
1663254819 16828454
1663254820 16760932
1663254821 16798880
1663254822 17648788
1663254823 16402758
1663254824 16891418
1663254825 16606066
1663254826 17172106
1663254827 16455334
1663254828 15959254
1663254829 16813720
1663254830 16533350
1663254831 17144652
1663254832 17465620
1663254833 15812974
1663254834 16686944
1663254835 1604628
1663254836 1802


# events submitted
1663253633 3948288
1663253634 93386
1663253635 13767280
1663253636 14211420
1663253637 17013318
1663253638 17081582
1663253639 16792520
1663253640 17277046
1663253641 17058580
1663253642 17550844
1663253643 16114756
1663253644 16701572
1663253645 16995298
1663253646 16815310
1663253647 16183020
1663253648 16188426
1663253649 16555610
1663253650 16804498
1663253651 16784146
1663253652 17026038
1663253653 16309160
1663253654 16138924
1663253655 16929048
1663253656 16422156
1663253657 16553384
1663253658 15908480
1663253659 16522220
1663253660 16825910
1663253661 16697650
1663253662 15941022
1663253663 15654928
1663253664 16547766
1663253665 16411026
1663253666 16972190
1663253667 16494872
1663253668 16241532
1663253669 16383254
1663253670 16166590
1663253671 16258280
1663253672 16416220
1663253673 15584014
1663253674 16222452
1663253675 16305556
1663253676 16149736
1663253677 16341172
1663253678 16691396
1663253679 16276406
1663253680 16491056
1663253681 16632672
1663253682 16628644
1663253683 15410492
1663253684 16315308
1663253685 16502292
1663253686 16770366
1663253687 16681856
1663253688 16211534
1663253689 16649314
1663253690 16828772
1663253691 16678570
1663253692 16292624
1663253693 15649204
1663253694 16137970
1663253695 16868946
1663253696 16441130
1663253697 16534410
1663253698 15571188
1663253699 16229660
1663253700 16021582
1663253701 16226586
1663253702 16498370
1663253703 16240790
1663253704 16402864
1663253705 17061124
1663253706 16361948
1663253707 15987132
1663253708 15626944
1663253709 17036320
1663253710 16464344
1663253711 16712808
1663253712 16116134
1663253713 11234622
1663253714 11109012
1663253715 13101282
1663253716 13374762
1663253717 13425854
1663253718 11893518
1663253719 13615276
1663253720 14684816
1663253721 12434860
1663253722 11913128
1663253723 11290590
1663253724 10478736
1663253725 11146430
1663253726 14637328
1663253727 12665516
1663253728 10747340
1663253729 10937292
1663253730 12978640
1663253731 12238866
1663253732 8084726
1663253733 7989220
1663253734 8424774
1663253735 7304248
1663253736 8219876
1663253737 7767150
1663253738 6868482
1663253739 10392876
1663253740 7921062
1663253741 7460386
1663253742 8310188
1663253743 6329684
1663253744 6659662
1663253745 7825980
1663253746 8044764
1663253747 6878658
1663253748 7998548
1663253749 8053456
1663253750 9492300
1663253751 8046778
1663253752 7328098
1663253753 9500992
1663253754 8769592
1663253755 7261318
1663253756 9021872
1663253757 8168678
1663253758 9194758
1663253759 8946824
1663253760 7219236
1663253761 7680548
1663253762 8568298
1663253763 7428056
1663253764 5762584
1663253765 9407500
1663253766 11309458
1663253767 8108576
1663253768 8661366
1663253769 9119604
1663253770 9637520
1663253771 10147380
1663253772 7072214
1663253773 8704932
1663253774 7094156
1663253775 7033206
1663253776 8636668
1663253777 8586530
1663253778 7535328
1663253779 8349620
1663253780 7173974
1663253781 10086218
1663253782 7246478
1663253783 8583986
1663253784 7138570
1663253785 8052502
1663253786 9768430
1663253787 9395522
1663253788 9660310
1663253789 9434742
1663253790 9028868
1663253791 9680450
1663253792 9978522
1663253793 7446182
1663253794 8553776
1663253795 9373050
1663253796 10546152
1663253797 7716482
1663253798 7461340
1663253799 7680442
1663253800 8151082
1663253801 9100842
1663253802 8132850
1663253803 8285066
1663253804 6148742
1663253805 8366474
1663253806 8732810
1663253807 9261326
1663253808 7444910
1663253809 8375590
1663253810 8571796
1663253811 7484342
1663253812 6993032
1663253813 6128390
1663253814 6888304
1663253815 9219880
1663253816 9404532
1663253817 6334454
1663253818 8115784
1663253819 8463146
1663253820 4672056
1663253821 4129442
1663253822 2191338
1663253823 8449366
1663253824 8136030
1663253825 9539470
1663253826 9009576
1663253827 7518792
1663253828 7564266
1663253829 6014440
1663253830 9045298
1663253831 7938870
1663253832 7295344
1663253833 9119392
1663253834 7840714
1663253835 7321314
1663253836 8590134
1663253837 6940138
1663253838 6668354
1663253839 6278380
1663253840 9427958
1663253841 7352372
1663253842 8513602
1663253843 7560450
1663253844 7642282
1663253845 10172820
1663253846 7983390
1663253847 8077412
1663253848 8772242
1663253849 7489218
1663253850 6928584
1663253851 7582922
1663253852 7135284
1663253853 7772662
1663253854 8283052
1663253855 8477986
1663253856 7224536
1663253857 9870402
1663253858 6485610
1663253859 9088864
1663253860 8329374
1663253861 7120126
1663253862 8952018
1663253863 7588646
1663253864 6973528
1663253865 7640056
1663253866 7554938
1663253867 7179486
1663253868 7990386
1663253869 7970034
1663253870 7827994
1663253871 7702490
1663253872 8101898
1663253873 7236196
1663253874 7958692
1663253875 6548150
1663253876 8651826
1663253877 7483812
1663253878 8611546
1663253879 8418520
1663253880 5492814
1663253881 12548386
1663253882 13527614
1663253883 11701552
1663253884 7093202
1663253885 8828846
1663253886 9288780
1663253887 9100100
1663253888 7507768
1663253889 7797360
1663253890 9353440
1663253891 6881202
1663253892 9168152
1663253893 8960816
1663253894 7464308
1663253895 8219452
1663253896 7690936
1663253897 7080270
1663253898 6650970
1663253899 6378656
1663253900 7634014
1663253901 9241398
1663253902 8489222
1663253903 9383862
1663253904 8984136
1663253905 8866370
1663253906 7954558
1663253907 8460496
1663253908 7755596
1663253909 7674082
1663253910 8753162
1663253911 8068402
1663253912 9739598
1663253913 7597338
1663253914 8814218
1663253915 7851526
1663253916 7265240
1663253917 7618114
1663253918 7780506
1663253919 7556528
1663253920 8122674
1663253921 6973422
1663253922 7334352
1663253923 8086952
1663253924 6724322
1663253925 8080062
1663253926 6226334
1663253927 8615786
1663253928 8551974
1663253929 9776804
1663253930 7826192
1663253931 7664542
1663253932 7982330
1663253933 8014766
1663253934 10723278
1663253935 7991764
1663253936 10527814
1663253937 9005866
1663253938 7947880
1663253939 8072960
1663253940 2700456
1663253941 7035644
1663253942 6663584
1663253943 8571160
1663253944 9936016
1663253945 8923822
1663253946 5614290
1663253947 8410358
1663253948 7158816
1663253949 7104438
1663253950 9547102
1663253951 6764390
1663253952 8772984
1663253953 8283158
1663253954 9374110
1663253955 8902940
1663253956 9457850
1663253957 8774574
1663253958 9781574
1663253959 8452970
1663253960 7813896
1663253961 7661362
1663253962 6503630
1663253963 8315700
1663253964 8896050
1663253965 9669638
1663253966 9382060
1663253967 9725076
1663253968 7088114
1663253969 9503642
1663253970 7923924
1663253971 6789088
1663253972 8951594
1663253973 7950848
1663253974 9621620
1663253975 9574132
1663253976 8574234
1663253977 7072850
1663253978 9728680
1663253979 9151192
1663253980 8709066
1663253981 8442794
1663253982 7552500
1663253983 9266944
1663253984 10285286
1663253985 7148004
1663253986 9973964
1663253987 9115576
1663253988 9052400
1663253989 9745004
1663253990 7523032
1663253991 10145260
1663253992 7758564
1663253993 7106558
1663253994 9877716
1663253995 9261750
1663253996 8161152
1663253997 8873366
1663253998 4262896
1663253999 4682656
1663254000 4329676
1663254001 4228446
1663254002 4916492
1663254003 4072308
1663254004 6789724
1663254005 7335730
1663254006 8418202
1663254007 6691356
1663254008 9428700
1663254009 8938026
1663254010 8464948
1663254011 5978294
1663254012 7564054
1663254013 8414280
1663254014 8735248
1663254015 8377922
1663254016 9419372
1663254017 7297252
1663254018 7944912
1663254019 8795562
1663254020 8618436
1663254021 9170484
1663254022 10478418
1663254023 7748600
1663254024 8610062
1663254025 9910576
1663254026 10439198
1663254027 6500450
1663254028 7741074
1663254029 6658284
1663254030 9926582
1663254031 7391910
1663254032 8066600
1663254033 8399440
1663254034 7407810
1663254035 9143666
1663254036 9548586
1663254037 7385020
1663254038 8332766
1663254039 7396786
1663254040 8485936
1663254041 8642180
1663254042 7815910
1663254043 6885230
1663254044 7774358
1663254045 9122466
1663254046 6807214
1663254047 7513386
1663254048 7992082
1663254049 8759628
1663254050 9014664
1663254051 9428594
1663254052 7284956
1663254053 8463676
1663254054 9171544
1663254055 9164654
1663254056 5912044
1663254057 8326406
1663254058 8264078
1663254059 9883228
1663254060 7569990
1663254061 4152126
1663254062 4244982
1663254063 4366564
1663254064 7408234
1663254065 8959756
1663254066 6977556
1663254067 7769800
1663254068 6741812
1663254069 8008512
1663254070 8867642
1663254071 8617058
1663254072 6576240
1663254073 7290256
1663254074 7130938
1663254075 7767362
1663254076 8497914
1663254077 8397532
1663254078 10333410
1663254079 7322268
1663254080 9244260
1663254081 6117472
1663254082 6401764
1663254083 6776686
1663254084 7553560
1663254085 10459656
1663254086 7740332
1663254087 8226130
1663254088 8129140
1663254089 6741918
1663254090 7772874
1663254091 8331918
1663254092 7928376
1663254093 8707582
1663254094 7284108
1663254095 8608684
1663254096 7723478
1663254097 8181716
1663254098 8282098
1663254099 9777970
1663254100 7829478
1663254101 6457732
1663254102 7943004
1663254103 8155640
1663254104 8162636
1663254105 6558962
1663254106 7094898
1663254107 8945446
1663254108 7887460
1663254109 8178430
1663254110 8099036
1663254111 7800752
1663254112 8675782
1663254113 8460072
1663254114 6472360
1663254115 8782206
1663254116 7655638
1663254117 9308496
1663254118 8843898
1663254119 7004268
1663254120 8946082
1663254121 10547530
1663254122 11017216
1663254123 10311150
1663254124 9725712
1663254125 8923398
1663254126 8989118
1663254127 7253474
1663254128 10330442
1663254129 9452974
1663254130 7360216
1663254131 9283692
1663254132 6450736
1663254133 7823754
1663254134 6544334
1663254135 8932620
1663254136 8475336
1663254137 7527802
1663254138 7805734
1663254139 6727608
1663254140 7243934
1663254141 6713086
1663254142 7810398
1663254143 8182670
1663254144 7786018
1663254145 6061080
1663254146 7762698
1663254147 8184366
1663254148 7573064
1663254149 9441632
1663254150 7871242
1663254151 6860002
1663254152 6816542
1663254153 7446500
1663254154 9284858
1663254155 8146418
1663254156 6048996
1663254157 7364244
1663254158 7618538
1663254159 7124684
1663254160 9502370
1663254161 9960820
1663254162 7926468
1663254163 8143980
1663254164 7330642
1663254165 7593522
1663254166 9328106
1663254167 6911836
1663254168 8573810
1663254169 8133910
1663254170 7494624
1663254171 9542862
1663254172 8181822
1663254173 8733658
1663254174 8216378
1663254175 7985828
1663254176 7546988
1663254177 7398270
1663254178 8655324
1663254179 9893510
1663254180 7636982
1663254181 9498342
1663254182 9534806
1663254183 7423180
1663254184 7752310
1663254185 9636884
1663254186 9384392
1663254187 7413428
1663254188 9659250
1663254189 9251044
1663254190 8130306
1663254191 7642812
1663254192 7953392
1663254193 7536812
1663254194 8751254
1663254195 8651826
1663254196 9828850
1663254197 7217752
1663254198 9340932
1663254199 9250832
1663254200 9491028
1663254201 8088118
1663254202 8735778
1663254203 9291430
1663254204 7425194
1663254205 7262484
1663254206 7879616
1663254207 8481696
1663254208 8859374
1663254209 9371248
1663254210 7902618
1663254211 6934944
1663254212 8221360
1663254213 8414174
1663254214 10516366
1663254215 8871882
1663254216 8217756
1663254217 7489960
1663254218 9623104
1663254219 8200584
1663254220 9168152
1663254221 8908664
1663254222 6890212
1663254223 9692004
1663254224 8493674
1663254225 10013396
1663254226 7554832
1663254227 8336582
1663254228 8762914
1663254229 9642608
1663254230 9207054
1663254231 8666772
1663254232 7139418
1663254233 8543494
1663254234 9015724
1663254235 8388416
1663254236 1930790
1663254237 4193042
1663254238 4753888
1663254239 4105168
1663254240 4637818
1663254241 3268934
1663254242 6542850
1663254243 9192002
1663254244 9106566
1663254245 7575926
1663254246 8667090
1663254247 8743304
1663254248 8657020
1663254249 6469604
1663254250 9433894
1663254251 7388306
1663254252 6505326
1663254253 7809444
1663254254 7915338
1663254255 9547844
1663254256 7543596
1663254257 8885662
1663254258 8049746
1663254259 9440042
1663254260 9411422
1663254261 10834260
1663254262 9030458
1663254263 9043920
1663254264 8331282
1663254265 7460916
1663254266 9438134
1663254267 7239906
1663254268 8345274
1663254269 10220202
1663254270 7374950
1663254271 6112384
1663254272 7348132
1663254273 9100842
1663254274 7958798
1663254275 7910356
1663254276 10394360
1663254277 8214470
1663254278 7782414
1663254279 8123628
1663254280 8983288
1663254281 6737254
1663254282 7206516
1663254283 9083246
1663254284 7791318
1663254285 8668256
1663254286 7680018
1663254287 7799374
1663254288 8591300
1663254289 7410884
1663254290 7344210
1663254291 9144726
1663254292 8270544
1663254293 10661374
1663254294 6736088
1663254295 7189768
1663254296 8660306
1663254297 3753778
1663254298 4046974
1663254299 2516228
1663254300 4746574
1663254301 7952226
1663254302 7924348
1663254303 9867222
1663254304 7347072
1663254305 8160304
1663254306 10555268
1663254307 6858836
1663254308 7502150
1663254309 8954456
1663254310 8433678
1663254311 7946396
1663254312 6349082
1663254313 6619170
1663254314 9095118
1663254315 7654260
1663254316 8893294
1663254317 7846862
1663254318 8676206
1663254319 7102636
1663254320 7905904
1663254321 7085464
1663254322 8618966
1663254323 10791754
1663254324 6099134
1663254325 8611758
1663254326 7988160
1663254327 8094160
1663254328 7773828
1663254329 7605606
1663254330 8338384
1663254331 8664970
1663254332 8022080
1663254333 8572856
1663254334 7734714
1663254335 6931764
1663254336 9056640
1663254337 6548786
1663254338 8443218
1663254339 9990500
1663254340 6406534
1663254341 8935164
1663254342 7266936
1663254343 7176200
1663254344 8701116
1663254345 7535964
1663254346 8205672
1663254347 7305414
1663254348 6394450
1663254349 8527170
1663254350 7155212
1663254351 7968550
1663254352 8682142
1663254353 7474590
1663254354 6987414
1663254355 9620666
1663254356 6895300
1663254357 6928584
1663254358 12314974
1663254359 9852064
1663254360 8100096
1663254361 6941092
1663254362 8140376
1663254363 8510952
1663254364 7712560
1663254365 9795248
1663254366 8509998
1663254367 6612068
1663254368 8674510
1663254369 7918730
1663254370 8529290
1663254371 8775952
1663254372 8698890
1663254373 7825026
1663254374 7656910
1663254375 8479364
1663254376 6116306
1663254377 6733332
1663254378 6835834
1663254379 8269590
1663254380 8634548
1663254381 7188284
1663254382 7778280
1663254383 7498016
1663254384 8482438
1663254385 8139846
1663254386 9785390
1663254387 7970670
1663254388 7720404
1663254389 9816236
1663254390 8535756
1663254391 7619386
1663254392 8888948
1663254393 7296722
1663254394 8884178
1663254395 7658818
1663254396 9336374
1663254397 9453928
1663254398 6822902
1663254399 9918632
1663254400 8343578
1663254401 7873892
1663254402 8397002
1663254403 6303926
1663254404 7129560
1663254405 9560670
1663254406 9399338
1663254407 6077192
1663254408 7219872
1663254409 10015410
1663254410 9281784
1663254411 9236628
1663254412 7930390
1663254413 9110488
1663254414 7386186
1663254415 7588010
1663254416 7071472
1663254417 5905260
1663254418 2773172
1663254419 8494098
1663254420 9750728
1663254421 8919794
1663254422 7724538
1663254423 10233240
1663254424 8882906
1663254425 9468874
1663254426 7715528
1663254427 7396680
1663254428 7708744
1663254429 8091934
1663254430 9300758
1663254431 7893926
1663254432 7325024
1663254433 9128402
1663254434 6722308
1663254435 6586946
1663254436 8313580
1663254437 7077726
1663254438 7363820
1663254439 8489116
1663254440 8990072
1663254441 7770754
1663254442 7055572
1663254443 7617054
1663254444 9641760
1663254445 8361704
1663254446 8429332
1663254447 9120770
1663254448 8593950
1663254449 8254538
1663254450 7924560
1663254451 8621510
1663254452 7261106
1663254453 8727828
1663254454 8498126
1663254455 6769584
1663254456 8617588
1663254457 7109526
1663254458 9521768
1663254459 6865938
1663254460 7418516
1663254461 8425728
1663254462 7991128
1663254463 9288780
1663254464 9553462
1663254465 9737266
1663254466 9819628
1663254467 7331914
1663254468 8673980
1663254469 10141656
1663254470 9100948
1663254471 8252312
1663254472 8065858
1663254473 9841464
1663254474 6963140
1663254475 9504066
1663254476 10025374
1663254477 6348022
1663254478 3485492
1663254479 3654244
1663254480 3956344
1663254481 2643534
1663254482 6255802
1663254483 7964840
1663254484 8673768
1663254485 7087372
1663254486 8331600
1663254487 7098820
1663254488 8688396
1663254489 10583994
1663254490 8311142
1663254491 7663906
1663254492 7841668
1663254493 7572534
1663254494 6592670
1663254495 6681710
1663254496 8117692
1663254497 8456044
1663254498 9888210
1663254499 9890966
1663254500 7235348
1663254501 6469498
1663254502 8817186
1663254503 8532258
1663254504 8653946
1663254505 9187974
1663254506 10182572
1663254507 9486470
1663254508 7989856
1663254509 8393398
1663254510 8261322
1663254511 7722524
1663254512 7509146
1663254513 10827158
1663254514 10332244
1663254515 7747434
1663254516 7449256
1663254517 7818666
1663254518 8482650
1663254519 8760052
1663254520 7440670
1663254521 9157764
1663254522 8434738
1663254523 9307330
1663254524 9798110
1663254525 7903678
1663254526 9227088
1663254527 9059926
1663254528 7305202
1663254529 6485928
1663254530 6644822
1663254531 8623948
1663254532 7266512
1663254533 7543490
1663254534 7730156
1663254535 8210972
1663254536 7120338
1663254537 5037438
1663254538 3254094
1663254539 4838688
1663254540 4375256
1663254541 7836474
1663254542 8862236
1663254543 8690940
1663254544 8928910
1663254545 8484558
1663254546 7908024
1663254547 9103704
1663254548 9434636
1663254549 6733332
1663254550 6609206
1663254551 6840392
1663254552 9279452
1663254553 6466106
1663254554 9449264
1663254555 7643660
1663254556 7475014
1663254557 7807536
1663254558 7367742
1663254559 6907490
1663254560 8062148
1663254561 8711822
1663254562 8999400
1663254563 9045722
1663254564 8613348
1663254565 7586208
1663254566 9537774
1663254567 7503422
1663254568 8155216
1663254569 6986990
1663254570 9230268
1663254571 8595328
1663254572 9634446
1663254573 8829482
1663254574 9888422
1663254575 6827460
1663254576 8221890
1663254577 8384176
1663254578 9623952
1663254579 6064790
1663254580 8608154
1663254581 8425622
1663254582 7570096
1663254583 7492822
1663254584 8269060
1663254585 7401662
1663254586 8780510
1663254587 9445024
1663254588 6795554
1663254589 9459440
1663254590 6469498
1663254591 6797356
1663254592 7764924
1663254593 8465160
1663254594 5403350
1663254595 8327466
1663254596 7769270
1663254597 6929432
1663254598 8499716
1663254599 8084196
1663254600 3787380
1663254601 6874736
1663254602 7559602
1663254603 7704822
1663254604 8788036
1663254605 8115360
1663254606 8572962
1663254607 8891280
1663254608 8917886
1663254609 8375590
1663254610 7818878
1663254611 6782304
1663254612 7791848
1663254613 8783584
1663254614 10315390
1663254615 8033846
1663254616 7291422
1663254617 7952544
1663254618 5694532
1663254619 9072964
1663254620 7661362
1663254621 8798848
1663254622 9546678
1663254623 8918310
1663254624 9030352
1663254625 8326724
1663254626 7458796
1663254627 8719348
1663254628 10286770
1663254629 8708536
1663254630 7074122
1663254631 8922444
1663254632 6593942
1663254633 7173868
1663254634 8012646
1663254635 7820892
1663254636 8555896
1663254637 6724534
1663254638 7041156
1663254639 7595960
1663254640 7764500
1663254641 6641536
1663254642 7758352
1663254643 7991446
1663254644 7074864
1663254645 9797580
1663254646 8776270
1663254647 9001520
1663254648 7834460
1663254649 6695702
1663254650 8601688
1663254651 7232910
1663254652 8703448
1663254653 9684690
1663254654 6067864
1663254655 9393932
1663254656 9703876
1663254657 6876856
1663254658 8431876
1663254659 7876966
1663254660 5518784
1663254661 4601036
1663254662 7309548
1663254663 9569150
1663254664 9725394
1663254665 7015398
1663254666 8115360
1663254667 8648116
1663254668 8123840
1663254669 6650334
1663254670 8615680
1663254671 8231960
1663254672 7489854
1663254673 8178854
1663254674 9586428
1663254675 10028236
1663254676 8414280
1663254677 8886086
1663254678 7881842
1663254679 8257188
1663254680 9590456
1663254681 8195284
1663254682 6708316
1663254683 8131260
1663254684 9264506
1663254685 9742248
1663254686 9446296
1663254687 7036492
1663254688 8628188
1663254689 6829898
1663254690 8303616
1663254691 8280402
1663254692 7877390
1663254693 7667616
1663254694 7507344
1663254695 8193800
1663254696 9447462
1663254697 9022296
1663254698 7185952
1663254699 8993146
1663254700 7656910
1663254701 8516146
1663254702 7239376
1663254703 6940032
1663254704 7745950
1663254705 10529828
1663254706 7835520
1663254707 7941944
1663254708 6482854
1663254709 10337120
1663254710 7376116
1663254711 8066176
1663254712 6529070
1663254713 7186482
1663254714 7829584
1663254715 7763864
1663254716 8520916
1663254717 6744250
1663254718 8652038
1663254719 7621824
1663254720 8185850
1663254721 4713396
1663254722 4100928
1663254723 5406636
1663254724 9981914
1663254725 7110480
1663254726 8985302
1663254727 7853434
1663254728 6313360
1663254729 7226232
1663254730 8805950
1663254731 9971208
1663254732 9977886
1663254733 7874740
1663254734 8316760
1663254735 7569248
1663254736 8668150
1663254737 7513174
1663254738 8987528
1663254739 6855232
1663254740 7553348
1663254741 7732594
1663254742 9689672
1663254743 7123412
1663254744 7829690
1663254745 9001414
1663254746 10058234
1663254747 6910352
1663254748 8329162
1663254749 7670902
1663254750 8758674
1663254751 5966210
1663254752 7765454
1663254753 6915016
1663254754 8517630
1663254755 8213834
1663254756 8388098
1663254757 6865196
1663254758 6990064
1663254759 8201114
1663254760 7596808
1663254761 8501836
1663254762 8695180
1663254763 8556108
1663254764 8543918
1663254765 7481586
1663254766 10290480
1663254767 6902720
1663254768 9167622
1663254769 7917458
1663254770 9026218
1663254771 8765564
1663254772 8964102
1663254773 7204714
1663254774 8693272
1663254775 9718292
1663254776 9186808
1663254777 8037344
1663254778 8554518
1663254779 8039676
1663254780 7340182
1663254781 5532458
1663254782 2599650
1663254783 4109408
1663254784 8960710
1663254785 9832030
1663254786 8719560
1663254787 6977344
1663254788 7907600
1663254789 7004162
1663254790 7668040
1663254791 8122674
1663254792 10019544
1663254793 7910144
1663254794 7405054
1663254795 7233864
1663254796 9842312
1663254797 8722316
1663254798 8427530
1663254799 7906646
1663254800 8927638
1663254801 10261118
1663254802 9648756
1663254803 6004582
1663254804 8463994
1663254805 10338180
1663254806 11203352
1663254807 8791322
1663254808 6493878
1663254809 8336158
1663254810 10373160
1663254811 9036288
1663254812 9680768
1663254813 8748816
1663254814 8549960
1663254815 7300962
1663254816 10790800
1663254817 7654472
1663254818 10058870
1663254819 6795236
1663254820 7753264
1663254821 9549646
1663254822 7598716
1663254823 8732386
1663254824 10709498
1663254825 9661688
1663254826 7959540
1663254827 9731436
1663254828 6582070
1663254829 8007982
1663254830 6971090
1663254831 7929754
1663254832 6641960
1663254833 7890110
1663254834 8403256
1663254835 742212
1663254836 848


# events lost
1663253712 66886
1663253713 4602626
1663253714 5693684
1663253715 3099440
1663253716 3099122
1663253717 3764272
1663253718 4425924
1663253719 3125304
1663253720 1911286
1663253721 4390732
1663253722 4852362
1663253723 4959104
1663253724 6000978
1663253725 5709584
1663253726 2262994
1663253727 4271058
1663253728 4080046
1663253729 5777318
1663253730 3993232
1663253731 4370274
1663253732 8514980
1663253733 7421272
1663253734 8678644
1663253735 9771610
1663253736 8482226
1663253737 9358952
1663253738 9505338
1663253739 5676194
1663253740 9057276
1663253741 9959760
1663253742 8416612
1663253743 10260482
1663253744 9908244
1663253745 9210658
1663253746 9363298
1663253747 10137310
1663253748 8646102
1663253749 8751784
1663253750 7142810
1663253751 8499928
1663253752 9588548
1663253753 6872722
1663253754 8065434
1663253755 10095652
1663253756 8215530
1663253757 8212456
1663253758 7101894
1663253759 7231850
1663253760 9660416
1663253761 9797792
1663253762 8523354
1663253763 9187232
1663253764 10771508
1663253765 8039464
1663253766 5854168
1663253767 9099888
1663253768 7598504
1663253769 7526424
1663253770 7057586
1663253771 6738102
1663253772 10067032
1663253773 7502892
1663253774 9584944
1663253775 9449900
1663253776 8431028
1663253777 8329374
1663253778 9473644
1663253779 8252100
1663253780 9854078
1663253781 6858836
1663253782 10536188
1663253783 7274144
1663253784 9273304
1663253785 8847926
1663253786 7020062
1663253787 7620128
1663253788 7045502
1663253789 7219024
1663253790 6731212
1663253791 7385762
1663253792 6992396
1663253793 8448730
1663253794 8631898
1663253795 7561086
1663253796 6330214
1663253797 8754646
1663253798 8716486
1663253799 8989754
1663253800 8538936
1663253801 7162314
1663253802 8712988
1663253803 8566178
1663253804 10780836
1663253805 8374954
1663253806 8250298
1663253807 7902406
1663253808 8740442
1663253809 8450426
1663253810 8715532
1663253811 9621196
1663253812 10095864
1663253813 10145790
1663253814 10000358
1663253815 7717648
1663253816 7575820
1663253817 10848464
1663253818 8565966
1663253819 8179914
1663253820 12218832
1663253821 12574038
1663253822 15344772
1663253823 7530770
1663253824 9181720
1663253825 8074974
1663253826 8047626
1663253827 8755812
1663253828 9179706
1663253829 9994210
1663253830 8719560
1663253831 8760794
1663253832 9937182
1663253833 7659772
1663253834 8974066
1663253835 9370612
1663253836 8837220
1663253837 9630206
1663253838 10242144
1663253839 10688616
1663253840 7498440
1663253841 9454458
1663253842 8543706
1663253843 8801816
1663253844 8940464
1663253845 6438440
1663253846 9362874
1663253847 8735990
1663253848 7616100
1663253849 9413542
1663253850 10062686
1663253851 9421704
1663253852 9296306
1663253853 8841778
1663253854 7911840
1663253855 8717970
1663253856 9376018
1663253857 7076454
1663253858 9496434
1663253859 7348556
1663253860 8702282
1663253861 9655222
1663253862 8454242
1663253863 8724542
1663253864 9942482
1663253865 9216700
1663253866 9251468
1663253867 9480746
1663253868 8381526
1663253869 8576354
1663253870 9268640
1663253871 8988270
1663253872 9090348
1663253873 9493148
1663253874 8773090
1663253875 10803732
1663253876 8487314
1663253877 9175784
1663253878 7687226
1663253879 8742986
1663253880 11359702
1663253881 4422638
1663253882 2944892
1663253883 5148208
1663253884 9147694
1663253885 8338702
1663253886 7380250
1663253887 7763440
1663253888 9147270
1663253889 8420852
1663253890 7746692
1663253891 11070216
1663253892 7844212
1663253893 7961024
1663253894 8929864
1663253895 8955092
1663253896 9701438
1663253897 10480750
1663253898 9938878
1663253899 10329276
1663253900 9513182
1663253901 6652136
1663253902 8800332
1663253903 7569354
1663253904 7969292
1663253905 8043704
1663253906 8326300
1663253907 8581654
1663253908 9707480
1663253909 9536396
1663253910 7621294
1663253911 8012010
1663253912 6921588
1663253913 9847294
1663253914 8303404
1663253915 8433890
1663253916 8420640
1663253917 9053566
1663253918 9672288
1663253919 9115046
1663253920 8312308
1663253921 10351748
1663253922 9195606
1663253923 8420322
1663253924 10395738
1663253925 9119922
1663253926 11421076
1663253927 8213198
1663253928 9195288
1663253929 7607514
1663253930 9648226
1663253931 9215322
1663253932 8133380
1663253933 8605822
1663253934 5740960
1663253935 8798530
1663253936 6573484
1663253937 7731428
1663253938 9351320
1663253939 8654794
1663253940 14557510
1663253941 10265040
1663253942 9230162
1663253943 8185744
1663253944 7219342
1663253945 8247330
1663253946 10907506
1663253947 7761956
1663253948 10271082
1663253949 10436442
1663253950 7790364
1663253951 9792280
1663253952 7650762
1663253953 8391596
1663253954 7591932
1663253955 8258460
1663253956 8090662
1663253957 7276158
1663253958 6960808
1663253959 7356294
1663253960 9313584
1663253961 9442586
1663253962 9714158
1663253963 8400818
1663253964 8317184
1663253965 6958052
1663253966 7748706
1663253967 6206724
1663253968 9875066
1663253969 7435688
1663253970 9274258
1663253971 10550498
1663253972 6790042
1663253973 9286978
1663253974 7267890
1663253975 7854388
1663253976 8855664
1663253977 8624372
1663253978 7158604
1663253979 7648218
1663253980 7876860
1663253981 7645250
1663253982 8274678
1663253983 7334140
1663253984 5929958
1663253985 9782846
1663253986 7035326
1663253987 7136874
1663253988 7940778
1663253989 6477766
1663253990 9471524
1663253991 6413212
1663253992 8543706
1663253993 9547950
1663253994 7331490
1663253995 7747646
1663253996 8273618
1663253997 7077938
1663253998 13279362
1663253999 12065556
1663254000 12391718
1663254001 12929986
1663254002 10774688
1663254003 12481076
1663254004 10102118
1663254005 9455518
1663254006 7701218
1663254007 9367008
1663254008 7242768
1663254009 7391062
1663254010 8350892
1663254011 11123110
1663254012 8468234
1663254013 8043280
1663254014 8056530
1663254015 8584622
1663254016 7640374
1663254017 9288356
1663254018 9149602
1663254019 8890008
1663254020 8319834
1663254021 8038828
1663254022 5533942
1663254023 9525902
1663254024 8179596
1663254025 7063310
1663254026 6697610
1663254027 9916088
1663254028 9902520
1663254029 9870084
1663254030 7093626
1663254031 9325456
1663254032 8083984
1663254033 8884496
1663254034 9555158
1663254035 8185214
1663254036 7576350
1663254037 9099146
1663254038 8619920
1663254039 8841672
1663254040 8704720
1663254041 8665924
1663254042 7625534
1663254043 10263980
1663254044 9249560
1663254045 7397422
1663254046 10412062
1663254047 8436116
1663254048 9103386
1663254049 8056000
1663254050 7802766
1663254051 7728460
1663254052 8728252
1663254053 8981698
1663254054 7489748
1663254055 8147478
1663254056 11299282
1663254057 7846862
1663254058 9097662
1663254059 7229306
1663254060 9271078
1663254061 13155024
1663254062 11710562
1663254063 12370412
1663254064 9093210
1663254065 7463248
1663254066 9285176
1663254067 8144086
1663254068 10090988
1663254069 8957106
1663254070 7656380
1663254071 8066812
1663254072 9542014
1663254073 10362560
1663254074 9807862
1663254075 8675464
1663254076 9154372
1663254077 7050908
1663254078 6274246
1663254079 9452550
1663254080 7450210
1663254081 11105832
1663254082 9489650
1663254083 10334682
1663254084 10065972
1663254085 7137722
1663254086 9277438
1663254087 8374636
1663254088 9239914
1663254089 9940150
1663254090 9725606
1663254091 8399970
1663254092 8117480
1663254093 8188288
1663254094 9655116
1663254095 7872938
1663254096 9259948
1663254097 7416820
1663254098 8366262
1663254099 7078150
1663254100 8965586
1663254101 10563218
1663254102 8317926
1663254103 8533530
1663254104 8909300
1663254105 10103496
1663254106 10014244
1663254107 6763860
1663254108 9197832
1663254109 8757826
1663254110 9036500
1663254111 8969826
1663254112 7391486
1663254113 8303828
1663254114 10222428
1663254115 7958268
1663254116 9765780
1663254117 6962292
1663254118 7989962
1663254119 9513182
1663254120 8026532
1663254121 6073800
1663254122 4909072
1663254123 6379292
1663254124 7269904
1663254125 8729418
1663254126 7914914
1663254127 8806480
1663254128 6528752
1663254129 8364672
1663254130 9477884
1663254131 7469290
1663254132 9716490
1663254133 8347818
1663254134 10991988
1663254135 8399334
1663254136 8470142
1663254137 8548370
1663254138 8997916
1663254139 9998026
1663254140 10405808
1663254141 10445134
1663254142 8386614
1663254143 8766412
1663254144 9285176
1663254145 11573928
1663254146 9024098
1663254147 7506814
1663254148 8762808
1663254149 7513492
1663254150 9463150
1663254151 10251896
1663254152 9032260
1663254153 9388420
1663254154 8087482
1663254155 9022614
1663254156 11046260
1663254157 9013922
1663254158 9598088
1663254159 9559928
1663254160 7157650
1663254161 7021122
1663254162 8203870
1663254163 8261852
1663254164 9518482
1663254165 9343370
1663254166 8067660
1663254167 9768006
1663254168 8445974
1663254169 8941736
1663254170 9443434
1663254171 7735350
1663254172 8247966
1663254173 7583134
1663254174 8714896
1663254175 9178858
1663254176 9598830
1663254177 8947566
1663254178 8274148
1663254179 6854702
1663254180 9809134
1663254181 7905056
1663254182 6342722
1663254183 9565016
1663254184 9305210
1663254185 7618220
1663254186 7774676
1663254187 8790898
1663254188 6705454
1663254189 7608998
1663254190 9309450
1663254191 8781782
1663254192 8090556
1663254193 9031094
1663254194 8107092
1663254195 8398698
1663254196 6772552
1663254197 8506606
1663254198 7658182
1663254199 7441836
1663254200 7580908
1663254201 9434106
1663254202 7052710
1663254203 7693586
1663254204 9665080
1663254205 9152570
1663254206 8554094
1663254207 7462718
1663254208 8093418
1663254209 8212032
1663254210 9038514
1663254211 10487640
1663254212 8342200
1663254213 8229416
1663254214 6554404
1663254215 8221042
1663254216 8807646
1663254217 8170798
1663254218 7148428
1663254219 9050598
1663254220 8042750
1663254221 8156806
1663254222 8287610
1663254223 6780926
1663254224 7759094
1663254225 6359152
1663254226 9158930
1663254227 7398800
1663254228 7733230
1663254229 7163268
1663254230 8197616
1663254231 7963356
1663254232 9037878
1663254233 8412160
1663254234 7232486
1663254235 8905590
1663254236 15062282
1663254237 12150144
1663254238 11951076
1663254239 12815930
1663254240 11989342
1663254241 13861196
1663254242 9397748
1663254243 7674082
1663254244 8076564
1663254245 9894040
1663254246 8479682
1663254247 7419046
1663254248 8346864
1663254249 10338286
1663254250 7792484
1663254251 9326940
1663254252 9757512
1663254253 8548158
1663254254 9041376
1663254255 7338486
1663254256 9183946
1663254257 7623308
1663254258 7958374
1663254259 7673340
1663254260 7993142
1663254261 6551542
1663254262 7351312
1663254263 7911522
1663254264 8616316
1663254265 9168258
1663254266 7007872
1663254267 8948096
1663254268 8499186
1663254269 6055568
1663254270 10183208
1663254271 10433050
1663254272 8823016
1663254273 7659772
1663254274 9293126
1663254275 8903894
1663254276 6566912
1663254277 8076246
1663254278 9384498
1663254279 8602960
1663254280 7964946
1663254281 10748718
1663254282 9238748
1663254283 7310820
1663254284 8274996
1663254285 8556638
1663254286 9359588
1663254287 8488798
1663254288 8591724
1663254289 9159460
1663254290 9578902
1663254291 8023670
1663254292 7972366
1663254293 7053664
1663254294 10181512
1663254295 9447356
1663254296 8226978
1663254297 12380588
1663254298 13196258
1663254299 14405294
1663254300 12782328
1663254301 8496218
1663254302 8069250
1663254303 7580908
1663254304 9961138
1663254305 8454348
1663254306 6578148
1663254307 8824182
1663254308 8695180
1663254309 7874846
1663254310 8638788
1663254311 9420326
1663254312 10077208
1663254313 9872840
1663254314 7865412
1663254315 8233232
1663254316 8003106
1663254317 8487526
1663254318 8420216
1663254319 9738750
1663254320 9166562
1663254321 9712462
1663254322 8027168
1663254323 6209692
1663254324 10693280
1663254325 8037450
1663254326 9285070
1663254327 8011798
1663254328 9384604
1663254329 9513394
1663254330 9130628
1663254331 8128504
1663254332 8126278
1663254333 8071264
1663254334 9156704
1663254335 10205150
1663254336 7712878
1663254337 9385452
1663254338 8720090
1663254339 7019320
1663254340 10540958
1663254341 8166982
1663254342 9072858
1663254343 9363510
1663254344 8547416
1663254345 9749668
1663254346 8634442
1663254347 8731750
1663254348 10343904
1663254349 8169738
1663254350 9092044
1663254351 8534802
1663254352 7866578
1663254353 9375594
1663254354 9540106
1663254355 7272448
1663254356 10770236
1663254357 9492618
1663254358 3933978
1663254359 7310608
1663254360 9247652
1663254361 9992938
1663254362 8328738
1663254363 8462828
1663254364 9659356
1663254365 7562040
1663254366 8883224
1663254367 9212460
1663254368 7766726
1663254369 9379304
1663254370 8460178
1663254371 8243408
1663254372 7393818
1663254373 8723376
1663254374 9119074
1663254375 8713200
1663254376 10472694
1663254377 9917042
1663254378 9561094
1663254379 8437282
1663254380 8268848
1663254381 9266732
1663254382 8511164
1663254383 8871352
1663254384 8651720
1663254385 8382586
1663254386 6911412
1663254387 9052400
1663254388 9401246
1663254389 6776474
1663254390 8501306
1663254391 9199634
1663254392 7822694
1663254393 9779030
1663254394 8168572
1663254395 9156174
1663254396 7014868
1663254397 6814528
1663254398 10101270
1663254399 7478194
1663254400 9068194
1663254401 9362980
1663254402 7674824
1663254403 10928918
1663254404 9710872
1663254405 7712242
1663254406 7919260
1663254407 9979264
1663254408 9223166
1663254409 7068504
1663254410 7860112
1663254411 7463354
1663254412 8279554
1663254413 7944382
1663254414 9192956
1663254415 9450006
1663254416 10076678
1663254417 10702290
1663254418 14865970
1663254419 8112180
1663254420 7626170
1663254421 7387140
1663254422 8696664
1663254423 6443316
1663254424 8301390
1663254425 8015296
1663254426 9450006
1663254427 8853438
1663254428 9717444
1663254429 8351952
1663254430 7772026
1663254431 9087698
1663254432 9086532
1663254433 8360008
1663254434 9965696
1663254435 10343904
1663254436 8386190
1663254437 8824606
1663254438 9977568
1663254439 8241606
1663254440 7490702
1663254441 9316658
1663254442 9310934
1663254443 9448946
1663254444 6503100
1663254445 8737156
1663254446 8381526
1663254447 6992078
1663254448 7826192
1663254449 8983818
1663254450 9187126
1663254451 8109424
1663254452 8354390
1663254453 8468022
1663254454 8745424
1663254455 9579432
1663254456 8480318
1663254457 8878560
1663254458 7600412
1663254459 10383230
1663254460 8778814
1663254461 8652886
1663254462 7971200
1663254463 7003950
1663254464 7700688
1663254465 7803614
1663254466 6371554
1663254467 8839870
1663254468 8208746
1663254469 6639098
1663254470 7727824
1663254471 8777118
1663254472 8179278
1663254473 7442896
1663254474 10155224
1663254475 7921698
1663254476 6448616
1663254477 10008308
1663254478 13722866
1663254479 13387376
1663254480 13271730
1663254481 14574682
1663254482 9603388
1663254483 9073494
1663254484 8771182
1663254485 9900824
1663254486 8476290
1663254487 9570210
1663254488 8442052
1663254489 6268416
1663254490 8714578
1663254491 9258040
1663254492 7723902
1663254493 9018798
1663254494 10443756
1663254495 10448738
1663254496 8610804
1663254497 7716694
1663254498 7095216
1663254499 7010840
1663254500 10031628
1663254501 10461882
1663254502 7370392
1663254503 8658504
1663254504 7950000
1663254505 8126596
1663254506 7038400
1663254507 6367314
1663254508 9089712
1663254509 8654688
1663254510 8635926
1663254511 9222106
1663254512 9023780
1663254513 6089170
1663254514 5686476
1663254515 8815702
1663254516 9509896
1663254517 9329272
1663254518 8320894
1663254519 7946502
1663254520 9700484
1663254521 8207262
1663254522 8855134
1663254523 7254428
1663254524 6146304
1663254525 9018586
1663254526 7682774
1663254527 7957844
1663254528 9103598
1663254529 10208224
1663254530 10510218
1663254531 8759098
1663254532 10054842
1663254533 8809978
1663254534 8206308
1663254535 8980532
1663254536 10012866
1663254537 11810202
1663254538 13936668
1663254539 11250840
1663254540 12272044
1663254541 9841782
1663254542 8172070
1663254543 7999820
1663254544 6978616
1663254545 8286762
1663254546 8906120
1663254547 7824496
1663254548 7369332
1663254549 9728362
1663254550 10575514
1663254551 10046044
1663254552 7155530
1663254553 10631058
1663254554 6134962
1663254555 9322700
1663254556 9885878
1663254557 9582930
1663254558 9690520
1663254559 9423082
1663254560 8605928
1663254561 8549112
1663254562 8254432
1663254563 7543172
1663254564 7558012
1663254565 9091408
1663254566 7296510
1663254567 9328318
1663254568 9023992
1663254569 9516892
1663254570 7852374
1663254571 8508090
1663254572 7433144
1663254573 8361386
1663254574 6429748
1663254575 10033536
1663254576 8494946
1663254577 8446716
1663254578 7092142
1663254579 9974176
1663254580 8334674
1663254581 8824500
1663254582 9249136
1663254583 9779454
1663254584 7597550
1663254585 9294504
1663254586 7739696
1663254587 8022610
1663254588 10083886
1663254589 7502468
1663254590 10351006
1663254591 9945556
1663254592 9168152
1663254593 8595540
1663254594 10865530
1663254595 8873048
1663254596 9471312
1663254597 10913548
1663254598 9081762
1663254599 7956890
1663254600 13612626
1663254601 10178650
1663254602 9446720
1663254603 9038514
1663254604 8537664
1663254605 8416718
1663254606 8738534
1663254607 7679276
1663254608 8500670
1663254609 8110060
1663254610 9391176
1663254611 9958806
1663254612 8787294
1663254613 7760896
1663254614 6187432
1663254615 8909406
1663254616 9754544
1663254617 8150976
1663254618 10955842
1663254619 7410672
1663254620 9361602
1663254621 8077836
1663254622 7483388
1663254623 8486678
1663254624 7332656
1663254625 8560136
1663254626 9517528
1663254627 8290472
1663254628 7082178
1663254629 8023140
1663254630 9452868
1663254631 8321424
1663254632 10761226
1663254633 9959336
1663254634 8428060
1663254635 9131688
1663254636 8030348
1663254637 10020604
1663254638 8424032
1663254639 8067236
1663254640 9192108
1663254641 10520076
1663254642 9028444
1663254643 8099990
1663254644 9841464
1663254645 7408976
1663254646 8704614
1663254647 8110378
1663254648 8112816
1663254649 10115368
1663254650 8675252
1663254651 9750304
1663254652 8769062
1663254653 6214250
1663254654 10851432
1663254655 8011586
1663254656 6949572
1663254657 10457536
1663254658 7448726
1663254659 9052824
1663254660 11410688
1663254661 12402848
1663254662 10571274
1663254663 6601150
1663254664 6951374
1663254665 9761434
1663254666 9385982
1663254667 8877712
1663254668 7998866
1663254669 9940362
1663254670 8048686
1663254671 8269696
1663254672 9351532
1663254673 7963992
1663254674 8404740
1663254675 7195810
1663254676 7956996
1663254677 7701642
1663254678 8273194
1663254679 7981376
1663254680 6894028
1663254681 8805844
1663254682 10149818
1663254683 8388946
1663254684 7954770
1663254685 7729414
1663254686 7431448
1663254687 10096606
1663254688 7699310
1663254689 9907502
1663254690 8253054
1663254691 8024942
1663254692 9145892
1663254693 8212244
1663254694 9814222
1663254695 8623100
1663254696 6919786
1663254697 7745950
1663254698 9732178
1663254699 8318244
1663254700 9273304
1663254701 8840612
1663254702 10196246
1663254703 8835948
1663254704 9133172
1663254705 5849504
1663254706 8993252
1663254707 9125752
1663254708 10019226
1663254709 6733014
1663254710 9014558
1663254711 8834676
1663254712 10491350
1663254713 9362662
1663254714 9361390
1663254715 9749774
1663254716 8083454
1663254717 10873586
1663254718 7373890
1663254719 9626602
1663254720 8232172
1663254721 12995812
1663254722 12959984
1663254723 11052514
1663254724 7001406
1663254725 10363832
1663254726 7963780
1663254727 8714472
1663254728 10090246
1663254729 9520072
1663254730 8323650
1663254731 6884064
1663254732 6642384
1663254733 8655642
1663254734 8998976
1663254735 9475340
1663254736 8193588
1663254737 9474492
1663254738 7048046
1663254739 10334470
1663254740 10038412
1663254741 8972794
1663254742 7742876
1663254743 9078052
1663254744 9071586
1663254745 7665496
1663254746 7044442
1663254747 10511490
1663254748 7894668
1663254749 9495056
1663254750 7899544
1663254751 11208334
1663254752 9125646
1663254753 8977140
1663254754 8541586
1663254755 8879620
1663254756 8816868
1663254757 10362984
1663254758 8989754
1663254759 8642604
1663254760 9570634
1663254761 8776800
1663254762 8045612
1663254763 7424982
1663254764 8516040
1663254765 10133070
1663254766 6832442
1663254767 9831288
1663254768 7023984
1663254769 9348246
1663254770 7741180
1663254771 8476184
1663254772 6632738
1663254773 8463994
1663254774 8429120
1663254775 7226126
1663254776 7902194
1663254777 8794714
1663254778 7156908
1663254779 8833828
1663254780 9860014
1663254781 11444608
1663254782 14667962
1663254783 11990932
1663254784 7675884
1663254785 7115250
1663254786 7790046
1663254787 10045302
1663254788 8624054
1663254789 9578584
1663254790 8723164
1663254791 8427000
1663254792 6864136
1663254793 7685954
1663254794 9819416
1663254795 9674408
1663254796 7226232
1663254797 8093736
1663254798 7964734
1663254799 9025476
1663254800 8643558
1663254801 6472572
1663254802 7089174
1663254803 10185858
1663254804 8028652
1663254805 6789618
1663254806 5893388
1663254807 8267258
1663254808 9901778
1663254809 8779980
1663254810 7447772
1663254811 8128822
1663254812 6635070
1663254813 7600836
1663254814 8091086
1663254815 9495162
1663254816 6002356
1663254817 9075614
1663254818 6573908
1663254819 10092154
1663254820 9056958
1663254821 7298206
1663254822 10115580
1663254823 7729838
1663254824 6234920
1663254825 7000134
1663254826 9268958
1663254827 6770326
1663254828 9427110
1663254829 8858738
1663254830 9603812
1663254831 9272774
1663254832 10877614
1663254833 7969928
1663254834 8333190
1663254835 868776
1663254836 954
