# events called
1662734469 2815148
1662734470 1133140
1662734471 7422438
1662734472 14585812
1662734473 16402228
1662734474 17700728
1662734475 16878380
1662734476 16733902
1662734477 16417068
1662734478 16986818
1662734479 16197330
1662734480 15770998
1662734481 16880818
1662734482 16992648
1662734483 17253832
1662734484 17084762
1662734485 15459252
1662734486 16337568
1662734487 16219590
1662734488 16338098
1662734489 16758706
1662734490 15720966
1662734491 16268350
1662734492 16487770
1662734493 16307464
1662734494 16684082
1662734495 15976214
1662734496 16659914
1662734497 16514376
1662734498 16476428
1662734499 16752982
1662734500 15773648
1662734501 16227858
1662734502 16559320
1662734503 16316580
1662734504 16495932
1662734505 15836930
1662734506 16187578
1662734507 16188638
1662734508 15841806
1662734509 16582958
1662734510 15693406
1662734511 16662140
1662734512 16117300
1662734513 15853254
1662734514 16549144
1662734515 15648144
1662734516 16585078
1662734517 16196270
1662734518 15808628
1662734519 16190440
1662734520 15963918
1662734521 16927034
1662734522 16920356
1662734523 16355164
1662734524 16218848
1662734525 15602034
1662734526 16327922
1662734527 16196588
1662734528 16090800
1662734529 16495402
1662734530 15613906
1662734531 16765914
1662734532 16476852
1662734533 15996778
1662734534 16376152
1662734535 15550836
1662734536 16106806
1662734537 16280540
1662734538 16091860
1662734539 15303962
1662734540 15609454
1662734541 16704540
1662734542 16592286
1662734543 15937524
1662734544 16817430
1662734545 15282020
1662734546 16648784
1662734547 16831316
1662734548 16569178
1662734549 16727012
1662734550 15367032
1662734551 16446324
1662734552 17122286
1662734553 16203160
1662734554 16829938
1662734555 16008226
1662734556 16600130
1662734557 16954064
1662734558 16484272
1662734559 16692562
1662734560 16132882
1662734561 16830998
1662734562 16389826
1662734563 16385904
1662734564 17145712
1662734565 15959996
1662734566 16841916
1662734567 17699350
1662734568 16916434
1662734569 16340324
1662734570 15883358
1662734571 15926712
1662734572 16895658
1662734573 16537060
1662734574 16715246
1662734575 16202842
1662734576 16676238
1662734577 16222240
1662734578 16593134
1662734579 16277360
1662734580 15998262
1662734581 16447172
1662734582 16058364
1662734583 17195002
1662734584 17044482
1662734585 16112424
1662734586 16794534
1662734587 16337250
1662734588 17402868
1662734589 16392052
1662734590 16209626
1662734591 16525294
1662734592 17189808
1662734593 17261464
1662734594 16764218
1662734595 15813504
1662734596 16628432
1662734597 16591968
1662734598 16677510
1662734599 16865766
1662734600 16574478
1662734601 16135638
1662734602 15828450
1662734603 16873504
1662734604 16372442
1662734605 15633834
1662734606 17182388
1662734607 16769942
1662734608 16963604
1662734609 16886648
1662734610 16098538
1662734611 16628220
1662734612 16129278
1662734613 16299196
1662734614 16509606
1662734615 15417594
1662734616 17114230
1662734617 16582216
1662734618 16951308
1662734619 16923854
1662734620 15881980
1662734621 17131614
1662734622 16452260
1662734623 16855802
1662734624 16887178
1662734625 16127900
1662734626 16999432
1662734627 15935404
1662734628 16777998
1662734629 17066530
1662734630 15942718
1662734631 16626948
1662734632 16736870
1662734633 16534092
1662734634 17547558
1662734635 15986284
1662734636 16912724
1662734637 16854106
1662734638 15809688
1662734639 16863328
1662734640 16132034
1662734641 16231250
1662734642 16812660
1662734643 16493388
1662734644 16970600
1662734645 15628852
1662734646 16614652
1662734647 16649526
1662734648 16924914
1662734649 16582428
1662734650 16211322
1662734651 16417598
1662734652 16547342
1662734653 16606702
1662734654 16724362
1662734655 15980348
1662734656 16766974
1662734657 16139666
1662734658 16117512
1662734659 17153980
1662734660 15777888
1662734661 17269732
1662734662 16461800
1662734663 16646558
1662734664 16690018
1662734665 16047446
1662734666 17203588
1662734667 16700618
1662734668 16765702
1662734669 16539710
1662734670 15814882
1662734671 16788810
1662734672 16387600
1662734673 16464026
1662734674 16088998
1662734675 15208880
1662734676 16799092
1662734677 16448232
1662734678 16866826
1662734679 16094510
1662734680 15524548
1662734681 16369262
1662734682 16748106
1662734683 16488724
1662734684 16288066
1662734685 15899152
1662734686 17068226
1662734687 16789234
1662734688 16829832
1662734689 16847216
1662734690 15788806
1662734691 16093768
1662734692 16046916
1662734693 16618998
1662734694 16249800
1662734695 16057092
1662734696 16078504
1662734697 16608504
1662734698 16685566
1662734699 16949294
1662734700 15816472
1662734701 16477700
1662734702 16536530
1662734703 16968904
1662734704 16790506
1662734705 15716408
1662734706 16545222
1662734707 17324746
1662734708 16376894
1662734709 16427244
1662734710 15934556
1662734711 16741746
1662734712 16829302
1662734713 16695424
1662734714 16676874
1662734715 15773330
1662734716 17058686
1662734717 16788916
1662734718 16077656
1662734719 16490420
1662734720 16619740
1662734721 16826228
1662734722 16735704
1662734723 16842234
1662734724 16077232
1662734725 15504938
1662734726 16181112
1662734727 16381558
1662734728 16183338
1662734729 16777256
1662734730 15685562
1662734731 17105008
1662734732 16157898
1662734733 16698922
1662734734 16506002
1662734735 15736442
1662734736 16620376
1662734737 16805134
1662734738 16855378
1662734739 16638078
1662734740 16285098
1662734741 17099072
1662734742 16549356
1662734743 16297182
1662734744 17039182
1662734745 15324738
1662734746 16979398
1662734747 16907848
1662734748 17090274
1662734749 16819444
1662734750 16045856
1662734751 16880712
1662734752 16538756
1662734753 15743544
1662734754 16837570
1662734755 16889510
1662734756 16986818
1662734757 16667016
1662734758 14387592
1662734759 16764324
1662734760 16475368
1662734761 17576602
1662734762 16870854
1662734763 15854950
1662734764 17128328
1662734765 16937210
1662734766 16496462
1662734767 16683128
1662734768 16129172
1662734769 16390250
1662734770 16681008
1662734771 17750548
1662734772 16285416
1662734773 15911554
1662734774 17078932
1662734775 17130130
1662734776 16089528
1662734777 17276198
1662734778 16706130
1662734779 16673058
1662734780 16227010
1662734781 17174544
1662734782 16589212
1662734783 15699130
1662734784 16267290
1662734785 16504836
1662734786 16854742
1662734787 16401380
1662734788 15796650
1662734789 16403394
1662734790 16426714
1662734791 17004096
1662734792 16599282
1662734793 15875620
1662734794 15910282
1662734795 16284038
1662734796 16637124
1662734797 16660232
1662734798 16141256
1662734799 17072890
1662734800 16570238
1662734801 16872444
1662734802 16764112
1662734803 16086348
1662734804 17207192
1662734805 16236444
1662734806 16991482
1662734807 16479184
1662734808 16043736
1662734809 16721076
1662734810 16437632
1662734811 17165216
1662734812 16465192
1662734813 15863536
1662734814 16887708
1662734815 15946640
1662734816 17274820
1662734817 17084762
1662734818 16422686
1662734819 16879970
1662734820 15717574
1662734821 16905728
1662734822 16767822
1662734823 15838626
1662734824 16666486
1662734825 16780436
1662734826 16900746
1662734827 16569814
1662734828 16356012
1662734829 16539498
1662734830 16974310
1662734831 17037592
1662734832 17111474
1662734833 15800784
1662734834 15853254
1662734835 16615712
1662734836 16722878
1662734837 16752452
1662734838 16037058
1662734839 17008654
1662734840 16683870
1662734841 16622178
1662734842 16613168
1662734843 16082744
1662734844 16226374
1662734845 16571404
1662734846 16751180
1662734847 16881666
1662734848 16326862
1662734849 16994450
1662734850 16513528
1662734851 16700830
1662734852 16890676
1662734853 16371170
1662734854 16718532
1662734855 16693092
1662734856 16676026
1662734857 16698498
1662734858 15543098
1662734859 16673376
1662734860 16365234
1662734861 16568648
1662734862 16360146
1662734863 15843290
1662734864 16766126
1662734865 16674860
1662734866 16917706
1662734867 16971554
1662734868 14169338
1662734869 16561440
1662734870 16679206
1662734871 16439858
1662734872 16381558
1662734873 15846152
1662734874 16599706
1662734875 17051372
1662734876 16158746
1662734877 16428092
1662734878 15494232
1662734879 16573948
1662734880 16778952
1662734881 16852834
1662734882 16248740
1662734883 15460630
1662734884 17099814
1662734885 16905092
1662734886 16388024
1662734887 17329198
1662734888 15902650
1662734889 16969434
1662734890 16468690
1662734891 16432226
1662734892 16777362
1662734893 15719800
1662734894 16533032
1662734895 16240896
1662734896 17450886
1662734897 17211114
1662734898 15810748
1662734899 16869052
1662734900 16699982
1662734901 16336190
1662734902 16806194
1662734903 15851346
1662734904 15931482
1662734905 16650692
1662734906 16915798
1662734907 16736340
1662734908 14019878
1662734909 15842654
1662734910 16932546
1662734911 16823154
1662734912 16494766
1662734913 16104156
1662734914 15715030
1662734915 16152598
1662734916 16502398
1662734917 16881030
1662734918 15639028
1662734919 17020632
1662734920 16376576
1662734921 17438060
1662734922 16799304
1662734923 16141680
1662734924 17017452
1662734925 16676662
1662734926 16260824
1662734927 16380074
1662734928 16376894
1662734929 16448974
1662734930 16790930
1662734931 16381134
1662734932 17180586
1662734933 15862264
1662734934 16893114
1662734935 16586880
1662734936 16313612
1662734937 17002718
1662734938 15519990
1662734939 16961484
1662734940 15797816
1662734941 16391734
1662734942 16917388
1662734943 15555394
1662734944 16758706
1662734945 16804816
1662734946 16372124
1662734947 16681962
1662734948 15106378
1662734949 16470280
1662734950 16819974
1662734951 16424700
1662734952 16801212
1662734953 15493702
1662734954 17422266
1662734955 16541194
1662734956 16438162
1662734957 16762416
1662734958 16020734
1662734959 15949608
1662734960 16814886
1662734961 16817642
1662734962 16492752
1662734963 15480452
1662734964 16492222
1662734965 16214290
1662734966 17499116
1662734967 16496250
1662734968 16099386
1662734969 16614546
1662734970 17036002
1662734971 16221180
1662734972 17430534
1662734973 15648886
1662734974 16964982
1662734975 16720758
1662734976 16207506
1662734977 16438904
1662734978 15631714
1662734979 16903714
1662734980 16516814
1662734981 16550522
1662734982 17103948
1662734983 15249584
1662734984 16987984
1662734985 16569496
1662734986 16974522
1662734987 16527520
1662734988 16375092
1662734989 16563242
1662734990 16706660
1662734991 16609458
1662734992 16974204
1662734993 16179628
1662734994 17403080
1662734995 16517874
1662734996 16752982
1662734997 16226904
1662734998 15344242
1662734999 17195532
1662735000 17153238
1662735001 16735492
1662735002 16695636
1662735003 16074476
1662735004 16715882
1662735005 16949400
1662735006 16744608
1662735007 16505896
1662735008 15225310
1662735009 16690230
1662735010 16423216
1662735011 16257220
1662735012 16407634
1662735013 14213328
1662735014 17174438
1662735015 16865978
1662735016 15993492
1662735017 16534304
1662735018 15411976
1662735019 17151012
1662735020 16085606
1662735021 16865024
1662735022 16291988
1662735023 16339158
1662735024 16624192
1662735025 16308524
1662735026 16440812
1662735027 16764324
1662735028 15874666
1662735029 16765702
1662735030 16938588
1662735031 16809374
1662735032 16983532
1662735033 16186624
1662735034 16897990
1662735035 16160548
1662735036 16337038
1662735037 17203906
1662735038 15220434
1662735039 16356966
1662735040 16812554
1662735041 16554232
1662735042 16848912
1662735043 16094616
1662735044 16249376
1662735045 16251708
1662735046 16753300
1662735047 16809480
1662735048 15975472
1662735049 16852092
1662735050 16856332
1662735051 16955654
1662735052 16441554
1662735053 15479180
1662735054 16206658
1662735055 16255418
1662735056 16330784
1662735057 16832588
1662735058 15627792
1662735059 15953106
1662735060 16806406
1662735061 16568012
1662735062 16872232
1662735063 14968154
1662735064 16623344
1662735065 16728814
1662735066 16739308
1662735067 16534940
1662735068 15740258
1662735069 16476110
1662735070 16603416
1662735071 17171046
1662735072 16773228
1662735073 16246196
1662735074 16570662
1662735075 16770684
1662735076 16612532
1662735077 16004304
1662735078 15031542
1662735079 17140836
1662735080 16384102
1662735081 16429470
1662735082 16921098
1662735083 15716302
1662735084 16856756
1662735085 17187900
1662735086 16065360
1662735087 16517132
1662735088 15713228
1662735089 16256266
1662735090 17290084
1662735091 17375944
1662735092 16716094
1662735093 16411344
1662735094 16589954
1662735095 16859088
1662735096 16924278
1662735097 16573630
1662735098 16115392
1662735099 16169558
1662735100 17186098
1662735101 16473884
1662735102 16477806
1662735103 15387172
1662735104 16762840
1662735105 16628856
1662735106 16049884
1662735107 16655356
1662735108 15768030
1662735109 16554126
1662735110 17204542
1662735111 16395126
1662735112 16659384
1662735113 15470276
1662735114 16761144
1662735115 16452578
1662735116 16596420
1662735117 16805028
1662735118 15629700
1662735119 16376470
1662735120 16397352
1662735121 16711006
1662735122 16955866
1662735123 15205700
1662735124 16460528
1662735125 16555292
1662735126 16658006
1662735127 16280328
1662735128 15808628
1662735129 16896930
1662735130 16585820
1662735131 16368732
1662735132 15960844
1662735133 16135638
1662735134 16721712
1662735135 16182596
1662735136 16905834
1662735137 16535258
1662735138 16266124
1662735139 15974518
1662735140 16659066
1662735141 17007064
1662735142 16529322
1662735143 16131504
1662735144 16567164
1662735145 17181434
1662735146 16704858
1662735147 17109990
1662735148 15561118
1662735149 16817854
1662735150 16860360
1662735151 17129600
1662735152 17235918
1662735153 15421728
1662735154 16654190
1662735155 17015544
1662735156 16445900
1662735157 16752346
1662735158 14269402
1662735159 17202316
1662735160 16874776
1662735161 16267078
1662735162 16828348
1662735163 15062706
1662735164 16953004
1662735165 17067060
1662735166 16551264
1662735167 16874564
1662735168 16114968
1662735169 16873928
1662735170 17263266
1662735171 17211644
1662735172 17077130
1662735173 15971762
1662735174 16758706
1662735175 16697544
1662735176 16987136
1662735177 17438272
1662735178 15886114
1662735179 16701572
1662735180 16867674
1662735181 16539710
1662735182 16510030
1662735183 16010558
1662735184 17127586
1662735185 16491268
1662735186 16373396
1662735187 16008650
1662735188 16222558
1662735189 16064300
1662735190 16198390
1662735191 16876472
1662735192 16575856
1662735193 15765062
1662735194 16539604
1662735195 15374982
1662735196 16508652
1662735197 16570026
1662735198 15582424
1662735199 16540452
1662735200 16196588
1662735201 16103096
1662735202 16278844
1662735203 15389292
1662735204 17099178
1662735205 15808628
1662735206 16002926
1662735207 17000810
1662735208 15571400
1662735209 17254574
1662735210 16061120
1662735211 16638078
1662735212 16746516
1662735213 15813504
1662735214 16105004
1662735215 16522538
1662735216 16515754
1662735217 16694152
1662735218 15523594
1662735219 16862586
1662735220 16878698
1662735221 15631926
1662735222 16347956
1662735223 15805130
1662735224 16413888
1662735225 17085186
1662735226 16348804
1662735227 16444522
1662735228 15611998
1662735229 16326650
1662735230 16836298
1662735231 15732944
1662735232 16798668
1662735233 15785944
1662735234 16766126
1662735235 16140408
1662735236 16903290
1662735237 16301316
1662735238 15746724
1662735239 16872444
1662735240 16761462
1662735241 16754360
1662735242 16721924
1662735243 15875620
1662735244 16515542
1662735245 16801954
1662735246 16263156
1662735247 17054234
1662735248 15674962
1662735249 16185352
1662735250 17001128
1662735251 16703162
1662735252 17209948
1662735253 15550624
1662735254 16535576
1662735255 16590802
1662735256 16707084
1662735257 16310962
1662735258 14381550
1662735259 16638184
1662735260 16572888
1662735261 16348698
1662735262 16760402
1662735263 15042990
1662735264 16502292
1662735265 16677616
1662735266 16560062
1662735267 17247154
1662735268 15379752
1662735269 16959682
1662735270 16404878
1662735271 16993708
1662735272 16656522
1662735273 16333858
1662735274 16585396
1662735275 16982684
1662735276 16463920
1662735277 16781072
1662735278 16465616
1662735279 16677934
1662735280 16082426
1662735281 16938164
1662735282 16520100
1662735283 16027094
1662735284 16491374
1662735285 17124406
1662735286 16713974
1662735287 16569178
1662735288 16512998
1662735289 16031970
1662735290 17397144
1662735291 16424276
1662735292 16784146
1662735293 16105428
1662735294 16825062
1662735295 16180158
1662735296 16692244
1662735297 16969010
1662735298 15588254
1662735299 16807890
1662735300 16653766
1662735301 16566316
1662735302 17016498
1662735303 16256796
1662735304 16654932
1662735305 16607232
1662735306 16659914
1662735307 16670620
1662735308 15605320
1662735309 16781390
1662735310 17019148
1662735311 16429046
1662735312 16480986
1662735313 15786050
1662735314 16712702
1662735315 17043104
1662735316 16527626
1662735317 16938588
1662735318 16117724
1662735319 16565362
1662735320 16556564
1662735321 16747788
1662735322 16487134
1662735323 16027306
1662735324 16410708
1662735325 16764112
1662735326 16909226
1662735327 16529322
1662735328 15343818
1662735329 16788174
1662735330 16728178
1662735331 16436784
1662735332 16342020
1662735333 15705914
1662735334 16331420
1662735335 16358132
1662735336 16942510
1662735337 16414948
1662735338 16095888
1662735339 16381028
1662735340 16510136
1662735341 17401066
1662735342 16382830
1662735343 16187472
1662735344 16845414
1662735345 16024020
1662735346 16999750
1662735347 16897354
1662735348 16074264
1662735349 16558578
1662735350 16164788
1662735351 17115184
1662735352 15879754
1662735353 15457980
1662735354 16440494
1662735355 16544480
1662735356 16717790
1662735357 16482894
1662735358 14685452
1662735359 16613804
1662735360 17007170
1662735361 17521800
1662735362 16525824
1662735363 16565256
1662735364 16601720
1662735365 16445370
1662735366 17018618
1662735367 17326336
1662735368 15905088
1662735369 17099814
1662735370 16565574
1662735371 16961060
1662735372 16099068
1662735373 15822408
1662735374 16860678
1662735375 17258496
1662735376 16643696
1662735377 16505366
1662735378 15902968
1662735379 16354846
1662735380 16804286
1662735381 16484484
1662735382 16401274
1662735383 13335648
1662735384 16747258
1662735385 16990104
1662735386 16784358
1662735387 15861946
1662735388 15257004
1662735389 17223834
1662735390 16860784
1662735391 17156948
1662735392 16451624
1662735393 15703900
1662735394 16410814
1662735395 16672528
1662735396 17066954
1662735397 16327180
1662735398 15522852
1662735399 16941556
1662735400 16750544
1662735401 16494024
1662735402 17237720
1662735403 15518294
1662735404 17120802
1662735405 16364492
1662735406 17030384
1662735407 16490950
1662735408 16070554
1662735409 16023278
1662735410 16837252
1662735411 16756480
1662735412 16189592
1662735413 14906780
1662735414 16004834
1662735415 16490102
1662735416 16699452
1662735417 16792202
1662735418 16159276
1662735419 17239522
1662735420 16312446
1662735421 16603522
1662735422 16460528
1662735423 15237606
1662735424 15907102
1662735425 17004308
1662735426 17064092
1662735427 16088256
1662735428 15826436
1662735429 16636594
1662735430 16724044
1662735431 16024444
1662735432 16454698
1662735433 15701674
1662735434 16830468
1662735435 16529428
1662735436 16800576
1662735437 17313934
1662735438 16193408
1662735439 16888980
1662735440 15807356
1662735441 17131296
1662735442 16629492
1662735443 15902968
1662735444 16851032
1662735445 16805876
1662735446 17369796
1662735447 16663624
1662735448 15235380
1662735449 16764218
1662735450 16465298
1662735451 15963388
1662735452 16119526
1662735453 16325484
1662735454 17063562
1662735455 16558154
1662735456 16640092
1662735457 16073416
1662735458 16077868
1662735459 16715034
1662735460 16194150
1662735461 16370852
1662735462 16863010
1662735463 16156732
1662735464 17076176
1662735465 16477170
1662735466 17133416
1662735467 16611684
1662735468 15915264
1662735469 17282134
1662735470 16155142
1662735471 16655780
1662735472 16776726
1662735473 16135214
1662735474 16510878
1662735475 16912406
1662735476 16522220
1662735477 16483636
1662735478 15207608
1662735479 17016392
1662735480 16653130
1662735481 16955548
1662735482 16790718
1662735483 15880602
1662735484 17265916
1662735485 16205386
1662735486 17358772
1662735487 17349338
1662735488 15609030
1662735489 16776090
1662735490 16508440
1662735491 16806512
1662735492 16973038
1662735493 16037906
1662735494 16045114
1662735495 17003778
1662735496 16695636
1662735497 16944206
1662735498 15975790
1662735499 16971554
1662735500 16190758
1662735501 16149736
1662735502 16913254
1662735503 13008850
1662735504 16631718
1662735505 16075218
1662735506 16989362
1662735507 17015968
1662735508 15166374
1662735509 17181964
1662735510 16390144
1662735511 16583912
1662735512 16631188
1662735513 15697858
1662735514 16460316
1662735515 16247468
1662735516 16806300
1662735517 16140832
1662735518 15955120
1662735519 17021798
1662735520 16220544
1662735521 16805452
1662735522 17002930
1662735523 15733368
1662735524 16807042
1662735525 16823790
1662735526 16837888
1662735527 16308948
1662735528 15886008
1662735529 16944842
1662735530 17148998
1662735531 16643272
1662735532 16178356
1662735533 16140832
1662735534 15647084
1662735535 16635958
1662735536 16562606
1662735537 16063558
1662735538 15773966
1662735539 16655886
1662735540 16351348
1662735541 17062502
1662735542 17006534
1662735543 16079670
1662735544 16717684
1662735545 16608928
1662735546 16953534
1662735547 16628856
1662735548 16195316
1662735549 16924172
1662735550 16272696
1662735551 16430000
1662735552 16768776
1662735553 15597158
1662735554 16773758
1662735555 16943358
1662735556 16735068
1662735557 16236020
1662735558 16554974
1662735559 16329936
1662735560 16431484
1662735561 16865448
1662735562 16564408
1662735563 15949608
1662735564 16084228
1662735565 16407740
1662735566 16809798
1662735567 16331420
1662735568 16029532
1662735569 16946856
1662735570 16538120
1662735571 16959364
1662735572 16287854
1662735573 15824528
1662735574 16859512
1662735575 16829090
1662735576 16839160
1662735577 16597056
1662735578 15085284
1662735579 16908060
1662735580 16287006
1662735581 16416220
1662735582 16283826
1662735583 15909434
1662735584 16392582
1662735585 17011728
1662735586 16865236
1662735587 16673164
1662735588 16536000
1662735589 16658430
1662735590 16464132
1662735591 16262414
1662735592 16428834
1662735593 15510238
1662735594 17050206
1662735595 16731994
1662735596 15509602
1662735597 16552112
1662735598 15910176
1662735599 16574584
1662735600 16826864
1662735601 16442402
1662735602 16772910
1662735603 15996990
1662735604 17113170
1662735605 16644968
1662735606 17253514
1662735607 17091334
1662735608 15784566
1662735609 16784040
1662735610 16964664
1662735611 16673058
1662735612 16748636
1662735613 15187362
1662735614 16838524
1662735615 16345200
1662735616 16024656
1662735617 16978020
1662735618 15950032
1662735619 16616136
1662735620 16687792
1662735621 16490102
1662735622 16513210
1662735623 15440066
1662735624 16788280
1662735625 16455546
1662735626 16646346
1662735627 16561228
1662735628 15258912
1662735629 15719376
1662735630 16195740
1662735631 16749378
1662735632 17137232
1662735633 14831732
1662735634 17020526
1662735635 16792202
1662735636 16355694
1662735637 16742276
1662735638 15586982
1662735639 16410390
1662735640 16748106
1662735641 16756162
1662735642 17249168
1662735643 16254040
1662735644 16967208
1662735645 16636594
1662735646 16644438
1662735647 16626842
1662735648 15616556
1662735649 16890570
1662735650 16908378
1662735651 16820610
1662735652 16102990
1662735653 16457560
1662735654 16731676
1662735655 16576280
1662735656 16839690
1662735657 15969218
1662735658 15829722
1662735659 15539070
1662735660 17069180
1662735661 17073208
1662735662 17110626
1662735663 15791456
1662735664 16918554
1662735665 16719380
1662735666 17000068
1662735667 16709098
1662735668 16093450
1662735669 17066106
1662735670 16598328
1662735671 9486788
1662735672 1696


# events submitted
1662734469 2815148
1662734470 1133140
1662734471 7387776
1662734472 14495712
1662734473 16358450
1662734474 17664688
1662734475 16855696
1662734476 16697332
1662734477 16387494
1662734478 16964346
1662734479 16180582
1662734480 15729234
1662734481 16858876
1662734482 16957032
1662734483 17214612
1662734484 17069286
1662734485 15462114
1662734486 16318276
1662734487 16199874
1662734488 16314884
1662734489 16716942
1662734490 15694890
1662734491 16241532
1662734492 16468796
1662734493 16282236
1662734494 16642742
1662734495 15946746
1662734496 16636806
1662734497 16494766
1662734498 16457984
1662734499 16715034
1662734500 15732838
1662734501 16198178
1662734502 16532396
1662734503 16298878
1662734504 16469644
1662734505 15821348
1662734506 16171148
1662734507 16182702
1662734508 15809052
1662734509 16574478
1662734510 15669662
1662734511 16616878
1662734512 16098962
1662734513 15835870
1662734514 16531760
1662734515 15629488
1662734516 16562288
1662734517 16173374
1662734518 15789336
1662734519 16180794
1662734520 15942400
1662734521 16897354
1662734522 16884104
1662734523 16325908
1662734524 16220756
1662734525 15586028
1662734526 16298136
1662734527 16189486
1662734528 16061756
1662734529 16479396
1662734530 15589420
1662734531 16734432
1662734532 16448656
1662734533 15966674
1662734534 16358344
1662734535 15535890
1662734536 16074264
1662734537 16256160
1662734538 16055714
1662734539 15289758
1662734540 15586664
1662734541 16683870
1662734542 12372744
1662734543 11523260
1662734544 12171768
1662734545 11453830
1662734546 11444820
1662734547 11131484
1662734548 12093752
1662734549 11733458
1662734550 11816774
1662734551 13064924
1662734552 11172082
1662734553 11460084
1662734554 10851644
1662734555 12864372
1662734556 13120362
1662734557 10996546
1662734558 11097776
1662734559 11273736
1662734560 12732720
1662734561 11601276
1662734562 11728158
1662734563 11278824
1662734564 9918208
1662734565 6514018
1662734566 8490070
1662734567 10340512
1662734568 9500144
1662734569 11957542
1662734570 13092378
1662734571 13315296
1662734572 11121838
1662734573 12265896
1662734574 11441746
1662734575 10701124
1662734576 11354402
1662734577 11853026
1662734578 12665410
1662734579 7482964
1662734580 7368378
1662734581 7439080
1662734582 7690512
1662734583 5970026
1662734584 6840816
1662734585 8526322
1662734586 9630524
1662734587 6051328
1662734588 8553564
1662734589 7375904
1662734590 8276904
1662734591 7716376
1662734592 9743626
1662734593 6652454
1662734594 8627976
1662734595 8955198
1662734596 9164760
1662734597 8331812
1662734598 10484354
1662734599 7813472
1662734600 8740018
1662734601 7965370
1662734602 8915554
1662734603 7690830
1662734604 9227406
1662734605 5928898
1662734606 7349298
1662734607 8234398
1662734608 8321106
1662734609 8440250
1662734610 9715324
1662734611 7881948
1662734612 6785590
1662734613 7797042
1662734614 8162212
1662734615 7765984
1662734616 8964950
1662734617 6501934
1662734618 10119714
1662734619 9684054
1662734620 7687862
1662734621 6724534
1662734622 7722736
1662734623 7290468
1662734624 7175140
1662734625 7145566
1662734626 9042436
1662734627 7064052
1662734628 6333288
1662734629 9622680
1662734630 8209488
1662734631 4550156
1662734632 6742766
1662734633 8060240
1662734634 8384070
1662734635 7055784
1662734636 7783050
1662734637 7264392
1662734638 7002678
1662734639 9052612
1662734640 7879616
1662734641 7601366
1662734642 8098612
1662734643 6734710
1662734644 7793120
1662734645 6007868
1662734646 6721354
1662734647 9378244
1662734648 7264180
1662734649 7774464
1662734650 8044022
1662734651 7557376
1662734652 8310082
1662734653 8880574
1662734654 9715430
1662734655 7309760
1662734656 7513704
1662734657 7166024
1662734658 7261318
1662734659 8531410
1662734660 8953820
1662734661 8097340
1662734662 8126172
1662734663 8612288
1662734664 8312838
1662734665 8647798
1662734666 7256336
1662734667 7096064
1662734668 7893396
1662734669 7475332
1662734670 7867426
1662734671 8300012
1662734672 7058858
1662734673 8016038
1662734674 7977454
1662734675 6551754
1662734676 8375590
1662734677 6875054
1662734678 6716584
1662734679 8182670
1662734680 7344422
1662734681 7938128
1662734682 8891492
1662734683 8540950
1662734684 7455722
1662734685 7991340
1662734686 7141538
1662734687 7844318
1662734688 9444600
1662734689 7092036
1662734690 7182348
1662734691 8992934
1662734692 8537240
1662734693 8072642
1662734694 12546796
1662734695 12149296
1662734696 8779450
1662734697 8967812
1662734698 6756122
1662734699 7045714
1662734700 8147902
1662734701 7819938
1662734702 7527802
1662734703 7363184
1662734704 9104022
1662734705 7382264
1662734706 8507984
1662734707 8666454
1662734708 8468658
1662734709 7164540
1662734710 8423926
1662734711 7769058
1662734712 7754324
1662734713 7756444
1662734714 6971302
1662734715 8974384
1662734716 8099566
1662734717 7975652
1662734718 6677364
1662734719 9192744
1662734720 8939510
1662734721 8164332
1662734722 8422866
1662734723 7837322
1662734724 8179172
1662734725 7951908
1662734726 7925832
1662734727 10890652
1662734728 8827786
1662734729 8098930
1662734730 8104230
1662734731 8414598
1662734732 9239278
1662734733 8650448
1662734734 7793862
1662734735 7360852
1662734736 9328636
1662734737 7356506
1662734738 8069144
1662734739 8337430
1662734740 6554722
1662734741 6828626
1662734742 8272558
1662734743 10341678
1662734744 8210654
1662734745 7010840
1662734746 7848664
1662734747 7304884
1662734748 7233546
1662734749 7901558
1662734750 8203022
1662734751 9556960
1662734752 10519864
1662734753 7211392
1662734754 3930374
1662734755 4573158
1662734756 4074110
1662734757 7179062
1662734758 6195594
1662734759 8855876
1662734760 8744046
1662734761 8418732
1662734762 8495476
1662734763 6555040
1662734764 9049644
1662734765 6509036
1662734766 8773726
1662734767 8356616
1662734768 8506076
1662734769 7435476
1662734770 5463452
1662734771 6783894
1662734772 7291952
1662734773 9041800
1662734774 8375272
1662734775 9363404
1662734776 6300110
1662734777 7183408
1662734778 7376328
1662734779 7930920
1662734780 7398588
1662734781 6404308
1662734782 7408446
1662734783 7659772
1662734784 8027910
1662734785 8253266
1662734786 6189022
1662734787 6886078
1662734788 8822380
1662734789 7555786
1662734790 8777224
1662734791 8659564
1662734792 8745742
1662734793 7868486
1662734794 9176632
1662734795 8473958
1662734796 8721998
1662734797 6982220
1662734798 8345486
1662734799 8296620
1662734800 7267784
1662734801 9052930
1662734802 9746806
1662734803 9035440
1662734804 6665598
1662734805 8572326
1662734806 8694862
1662734807 8439402
1662734808 8594056
1662734809 8319516
1662734810 10691690
1662734811 8927532
1662734812 7627018
1662734813 8058438
1662734814 8098930
1662734815 9798534
1662734816 4998218
1662734817 3661134
1662734818 8545508
1662734819 8468658
1662734820 8186062
1662734821 7548260
1662734822 6905158
1662734823 6448086
1662734824 6345266
1662734825 5994194
1662734826 8576036
1662734827 6993350
1662734828 8742456
1662734829 9075084
1662734830 8834676
1662734831 7867214
1662734832 9140274
1662734833 8396896
1662734834 8483604
1662734835 9877504
1662734836 6826612
1662734837 8155216
1662734838 7727612
1662734839 7782944
1662734840 7098820
1662734841 9308390
1662734842 9966438
1662734843 8918310
1662734844 7773192
1662734845 7541688
1662734846 8514556
1662734847 8438024
1662734848 6779018
1662734849 7800222
1662734850 8885874
1662734851 7629350
1662734852 8918310
1662734853 8872094
1662734854 8425198
1662734855 6776898
1662734856 8310612
1662734857 8286868
1662734858 8879196
1662734859 7697508
1662734860 8151824
1662734861 7203972
1662734862 9034062
1662734863 8201644
1662734864 8373682
1662734865 6955296
1662734866 6437698
1662734867 7341030
1662734868 6106660
1662734869 9416510
1662734870 7416608
1662734871 9153524
1662734872 8023670
1662734873 8729842
1662734874 7293436
1662734875 7794286
1662734876 8228780
1662734877 9472796
1662734878 7711288
1662734879 5800002
1662734880 5410346
1662734881 6662630
1662734882 8519644
1662734883 7584830
1662734884 7133588
1662734885 8402196
1662734886 8752420
1662734887 7696766
1662734888 7263226
1662734889 7315590
1662734890 9550176
1662734891 8115042
1662734892 6064578
1662734893 6251880
1662734894 7993248
1662734895 7646416
1662734896 8143556
1662734897 6680650
1662734898 7955088
1662734899 8473534
1662734900 6962822
1662734901 8199948
1662734902 6546984
1662734903 7796512
1662734904 7848240
1662734905 6546560
1662734906 9154054
1662734907 8426152
1662734908 7136344
1662734909 7960494
1662734910 8175992
1662734911 6659344
1662734912 10288996
1662734913 7300750
1662734914 8352058
1662734915 7952438
1662734916 6606556
1662734917 8524520
1662734918 6980842
1662734919 7140372
1662734920 6219444
1662734921 7201322
1662734922 6668778
1662734923 7359580
1662734924 8981274
1662734925 10063746
1662734926 7694752
1662734927 7605394
1662734928 6288768
1662734929 8615256
1662734930 7071260
1662734931 8023352
1662734932 7725598
1662734933 6677682
1662734934 7718602
1662734935 8852908
1662734936 9530354
1662734937 9143878
1662734938 8451062
1662734939 9410362
1662734940 8713942
1662734941 9127448
1662734942 11466550
1662734943 11366168
1662734944 7472682
1662734945 7961978
1662734946 9426262
1662734947 9305528
1662734948 8038086
1662734949 8051654
1662734950 7648006
1662734951 7685424
1662734952 9253906
1662734953 7853328
1662734954 8861812
1662734955 8102640
1662734956 7627018
1662734957 6336256
1662734958 9069148
1662734959 8017310
1662734960 8674510
1662734961 7530240
1662734962 8754010
1662734963 9660098
1662734964 9028550
1662734965 7203442
1662734966 9067134
1662734967 8947142
1662734968 5436104
1662734969 9750940
1662734970 9114940
1662734971 7421908
1662734972 9309238
1662734973 6784954
1662734974 8913222
1662734975 9659144
1662734976 9170060
1662734977 9557490
1662734978 8127656
1662734979 8436434
1662734980 7856508
1662734981 8219558
1662734982 8148432
1662734983 6958794
1662734984 10445982
1662734985 9332028
1662734986 5388192
1662734987 8850152
1662734988 6510838
1662734989 7885234
1662734990 8883224
1662734991 9749668
1662734992 8703024
1662734993 9490816
1662734994 8351846
1662734995 8453818
1662734996 8838704
1662734997 8647904
1662734998 6516986
1662734999 3408218
1662735000 4510830
1662735001 5021008
1662735002 4272436
1662735003 3214026
1662735004 4692302
1662735005 4601036
1662735006 8196238
1662735007 7223370
1662735008 7626806
1662735009 8430922
1662735010 6603694
1662735011 6794918
1662735012 8641862
1662735013 7276476
1662735014 8698784
1662735015 8470884
1662735016 7802660
1662735017 7447772
1662735018 8453818
1662735019 7076454
1662735020 7502892
1662735021 10537354
1662735022 7764606
1662735023 7132528
1662735024 9146634
1662735025 8898064
1662735026 9346444
1662735027 7878980
1662735028 8819412
1662735029 7413004
1662735030 6487200
1662735031 9620878
1662735032 8106350
1662735033 8944704
1662735034 7952120
1662735035 8209594
1662735036 8845806
1662735037 8149068
1662735038 8144828
1662735039 7262696
1662735040 9014240
1662735041 10061626
1662735042 6996106
1662735043 8403362
1662735044 8628506
1662735045 9599360
1662735046 7074334
1662735047 8038404
1662735048 9208962
1662735049 9241292
1662735050 8585894
1662735051 7696766
1662735052 8288564
1662735053 8933998
1662735054 8395836
1662735055 8755388
1662735056 8591088
1662735057 8271498
1662735058 7738000
1662735059 7742346
1662735060 8348136
1662735061 8910890
1662735062 4344410
1662735063 3117354
1662735064 4828936
1662735065 7122988
1662735066 8291532
1662735067 7166236
1662735068 7293542
1662735069 8629884
1662735070 7768210
1662735071 7201852
1662735072 8407496
1662735073 5854486
1662735074 7116310
1662735075 8481166
1662735076 9435908
1662735077 8657868
1662735078 7152774
1662735079 6537868
1662735080 7663800
1662735081 7671432
1662735082 9105082
1662735083 7453072
1662735084 7354916
1662735085 8987422
1662735086 8569040
1662735087 7529604
1662735088 7169098
1662735089 7027588
1662735090 9432940
1662735091 8586318
1662735092 9249984
1662735093 8027592
1662735094 8266092
1662735095 8545402
1662735096 9088122
1662735097 7243616
1662735098 7100304
1662735099 8388098
1662735100 8707900
1662735101 9579432
1662735102 6838060
1662735103 8073490
1662735104 9086426
1662735105 9047100
1662735106 7940354
1662735107 8510422
1662735108 7119490
1662735109 7416926
1662735110 6957840
1662735111 6967380
1662735112 9064378
1662735113 8710974
1662735114 7673128
1662735115 7686908
1662735116 8111332
1662735117 9930504
1662735118 8047732
1662735119 7966536
1662735120 9632432
1662735121 7186694
1662735122 4676826
1662735123 6809652
1662735124 8446716
1662735125 6210964
1662735126 9480004
1662735127 9059926
1662735128 8129140
1662735129 7924984
1662735130 10563642
1662735131 8030560
1662735132 8812734
1662735133 8615892
1662735134 8851954
1662735135 7304778
1662735136 9386300
1662735137 5485182
1662735138 8949686
1662735139 8128080
1662735140 10858216
1662735141 7524198
1662735142 7827464
1662735143 6623410
1662735144 7392122
1662735145 7540310
1662735146 7857674
1662735147 7898060
1662735148 8895626
1662735149 10478206
1662735150 7005010
1662735151 8946082
1662735152 9502688
1662735153 6399326
1662735154 9663172
1662735155 7485084
1662735156 7552288
1662735157 8284854
1662735158 5126372
1662735159 8251676
1662735160 9147270
1662735161 9123420
1662735162 7291104
1662735163 6015076
1662735164 8124052
1662735165 8392020
1662735166 8551762
1662735167 10455098
1662735168 6849614
1662735169 8580806
1662735170 9095754
1662735171 9414920
1662735172 8649388
1662735173 7009568
1662735174 8996114
1662735175 8124582
1662735176 7554726
1662735177 8200054
1662735178 9552508
1662735179 6985400
1662735180 6995364
1662735181 8549854
1662735182 4011888
1662735183 3370376
1662735184 3327022
1662735185 6309650
1662735186 7839018
1662735187 7870818
1662735188 7964204
1662735189 6846752
1662735190 9253482
1662735191 8903470
1662735192 7355764
1662735193 7873362
1662735194 6598288
1662735195 7762486
1662735196 8174508
1662735197 8358100
1662735198 8412796
1662735199 9700484
1662735200 7057056
1662735201 9171438
1662735202 9234720
1662735203 8324498
1662735204 8707370
1662735205 9396900
1662735206 6642914
1662735207 8861282
1662735208 6631466
1662735209 8280826
1662735210 9375382
1662735211 9712144
1662735212 9105506
1662735213 7566280
1662735214 8101686
1662735215 8173766
1662735216 9240550
1662735217 7670478
1662735218 6773930
1662735219 8322696
1662735220 6471512
1662735221 7379296
1662735222 8258142
1662735223 8554200
1662735224 7716800
1662735225 7186694
1662735226 6203756
1662735227 7731322
1662735228 8002152
1662735229 6920210
1662735230 7752098
1662735231 7822694
1662735232 8637516
1662735233 6350248
1662735234 7334988
1662735235 7444168
1662735236 9152782
1662735237 8482968
1662735238 8412372
1662735239 8310718
1662735240 8950640
1662735241 8663804
1662735242 8044446
1662735243 6751458
1662735244 8650024
1662735245 9038620
1662735246 7920744
1662735247 10245854
1662735248 7717330
1662735249 6954236
1662735250 7981058
1662735251 8628294
1662735252 6903462
1662735253 8069144
1662735254 7679700
1662735255 8348348
1662735256 7786230
1662735257 7648112
1662735258 7412050
1662735259 9553356
1662735260 9212672
1662735261 8404634
1662735262 8394670
1662735263 7706200
1662735264 7655532
1662735265 9746170
1662735266 8860858
1662735267 8439402
1662735268 7519746
1662735269 7861596
1662735270 9052188
1662735271 8394988
1662735272 7133694
1662735273 6588854
1662735274 7891912
1662735275 9599678
1662735276 8569888
1662735277 9388526
1662735278 8266304
1662735279 7974804
1662735280 7280822
1662735281 8132638
1662735282 9041376
1662735283 7093308
1662735284 8470248
1662735285 9047524
1662735286 7645992
1662735287 7597338
1662735288 7816652
1662735289 8365308
1662735290 8172918
1662735291 6983492
1662735292 7957632
1662735293 7832658
1662735294 7258032
1662735295 7857568
1662735296 8356298
1662735297 8932620
1662735298 7448514
1662735299 8410994
1662735300 7205986
1662735301 5810920
1662735302 5103794
1662735303 5248378
1662735304 8759628
1662735305 9007350
1662735306 8169738
1662735307 9617062
1662735308 9074236
1662735309 7674930
1662735310 7893820
1662735311 9554522
1662735312 7794816
1662735313 6507552
1662735314 9335526
1662735315 8408980
1662735316 8308280
1662735317 8459648
1662735318 5942148
1662735319 7544444
1662735320 8974278
1662735321 8282522
1662735322 8249980
1662735323 8834252
1662735324 6525784
1662735325 10574560
1662735326 9413118
1662735327 8213092
1662735328 6064260
1662735329 7270540
1662735330 7818242
1662735331 7054724
1662735332 7315166
1662735333 6736830
1662735334 7643130
1662735335 8667090
1662735336 7982754
1662735337 9462302
1662735338 8978518
1662735339 10101906
1662735340 9137730
1662735341 8691046
1662735342 7542112
1662735343 8601794
1662735344 9594590
1662735345 7368272
1662735346 9047948
1662735347 6660404
1662735348 9163064
1662735349 8344214
1662735350 6563944
1662735351 7628290
1662735352 6366360
1662735353 6259088
1662735354 8527912
1662735355 6072634
1662735356 8832662
1662735357 8523460
1662735358 7292164
1662735359 8282734
1662735360 8007558
1662735361 6375900
1662735362 3588100
1662735363 4972566
1662735364 8477244
1662735365 8299800
1662735366 7918094
1662735367 9051022
1662735368 7665390
1662735369 8607518
1662735370 8891916
1662735371 7118324
1662735372 7459326
1662735373 7545716
1662735374 7188390
1662735375 8654264
1662735376 8763550
1662735377 8750724
1662735378 8557698
1662735379 7474696
1662735380 9708964
1662735381 8925094
1662735382 9071692
1662735383 6704818
1662735384 7574866
1662735385 7118112
1662735386 6482748
1662735387 7856084
1662735388 7803296
1662735389 8949156
1662735390 8821108
1662735391 8497914
1662735392 7794604
1662735393 8104336
1662735394 7579848
1662735395 8715002
1662735396 7073380
1662735397 7179168
1662735398 7028860
1662735399 9422658
1662735400 8950640
1662735401 8626280
1662735402 6794706
1662735403 6173758
1662735404 9774048
1662735405 7171854
1662735406 6020058
1662735407 9607522
1662735408 7455934
1662735409 9201754
1662735410 9040528
1662735411 7774994
1662735412 8004060
1662735413 8956046
1662735414 6967168
1662735415 7483918
1662735416 8359796
1662735417 9746594
1662735418 8474382
1662735419 8486784
1662735420 7225278
1662735421 8222844
1662735422 4755478
1662735423 3793846
1662735424 6317282
1662735425 9302984
1662735426 9013710
1662735427 8971734
1662735428 9198150
1662735429 7345058
1662735430 7971094
1662735431 8257082
1662735432 8545826
1662735433 7408552
1662735434 6696868
1662735435 9190412
1662735436 8045612
1662735437 8453288
1662735438 9711190
1662735439 8711928
1662735440 7616842
1662735441 9701332
1662735442 8015614
1662735443 8293334
1662735444 9029186
1662735445 8936648
1662735446 7643766
1662735447 8980002
1662735448 7025892
1662735449 9816130
1662735450 8548688
1662735451 8272558
1662735452 7753688
1662735453 7580696
1662735454 8166028
1662735455 7495472
1662735456 9044238
1662735457 9762600
1662735458 7814850
1662735459 8682990
1662735460 8301814
1662735461 6436426
1662735462 7565856
1662735463 7453496
1662735464 8354390
1662735465 8209488
1662735466 7497380
1662735467 7268208
1662735468 8894142
1662735469 9682464
1662735470 7363608
1662735471 7645250
1662735472 8664652
1662735473 7123836
1662735474 8219134
1662735475 8709172
1662735476 7186906
1662735477 7729944
1662735478 7883432
1662735479 9951810
1662735480 9518164
1662735481 9442798
1662735482 3149578
1662735483 2533294
1662735484 5245834
1662735485 4858722
1662735486 2727274
1662735487 6986354
1662735488 7988478
1662735489 9328636
1662735490 9418312
1662735491 6759408
1662735492 8048050
1662735493 6677470
1662735494 8941948
1662735495 7095852
1662735496 9998344
1662735497 7242344
1662735498 6823114
1662735499 10403264
1662735500 7180016
1662735501 7390744
1662735502 9294716
1662735503 5628388
1662735504 9375170
1662735505 10218506
1662735506 8732704
1662735507 7414064
1662735508 7428692
1662735509 8954774
1662735510 8981910
1662735511 7564160
1662735512 8366580
1662735513 7501620
1662735514 7968868
1662735515 8624478
1662735516 7707154
1662735517 8384600
1662735518 7673976
1662735519 7680442
1662735520 6599984
1662735521 8703978
1662735522 7837322
1662735523 6325232
1662735524 7750932
1662735525 8566708
1662735526 9911636
1662735527 7950424
1662735528 7483070
1662735529 8666454
1662735530 7469926
1662735531 7551016
1662735532 9614306
1662735533 6667188
1662735534 6528858
1662735535 8925200
1662735536 8398698
1662735537 8083772
1662735538 7796830
1662735539 8606564
1662735540 8828846
1662735541 7100516
1662735542 8368912
1662735543 8591830
1662735544 8137832
1662735545 7645462
1662735546 3450194
1662735547 4670466
1662735548 9051446
1662735549 5548358
1662735550 8568722
1662735551 8223056
1662735552 9509578
1662735553 7502362
1662735554 7440882
1662735555 7060766
1662735556 9276166
1662735557 6418088
1662735558 9151192
1662735559 7859476
1662735560 8397426
1662735561 8420852
1662735562 7591296
1662735563 9510744
1662735564 8729736
1662735565 8485618
1662735566 9668896
1662735567 8012646
1662735568 8902834
1662735569 8011586
1662735570 7774676
1662735571 8132108
1662735572 8345698
1662735573 8455408
1662735574 7546882
1662735575 7593734
1662735576 8127550
1662735577 8544342
1662735578 7250082
1662735579 8438024
1662735580 9501628
1662735581 7282518
1662735582 9575722
1662735583 7709698
1662735584 6866998
1662735585 8211926
1662735586 7862550
1662735587 7977454
1662735588 7217222
1662735589 8563210
1662735590 7732806
1662735591 6825976
1662735592 9189882
1662735593 8501518
1662735594 7911840
1662735595 7464732
1662735596 7485296
1662735597 8438554
1662735598 8099142
1662735599 8507984
1662735600 9067346
1662735601 8099884
1662735602 6073906
1662735603 6771068
1662735604 8267894
1662735605 7017836
1662735606 9824398
1662735607 7215632
1662735608 4915750
1662735609 4845048
1662735610 7411096
1662735611 9325986
1662735612 8370290
1662735613 6279758
1662735614 7895198
1662735615 9013922
1662735616 6938654
1662735617 9351638
1662735618 7861066
1662735619 7561934
1662735620 9046358
1662735621 10616324
1662735622 9194758
1662735623 8054940
1662735624 8918098
1662735625 8636880
1662735626 7314848
1662735627 8407920
1662735628 8337536
1662735629 7168250
1662735630 8872412
1662735631 8687018
1662735632 8504698
1662735633 7112812
1662735634 7800222
1662735635 9545300
1662735636 7584830
1662735637 8222314
1662735638 7351842
1662735639 7999396
1662735640 8236306
1662735641 8746696
1662735642 9434000
1662735643 7448938
1662735644 8752102
1662735645 10215962
1662735646 8683520
1662735647 9568514
1662735648 7727718
1662735649 8236412
1662735650 7411626
1662735651 9104870
1662735652 9212354
1662735653 9760480
1662735654 10003220
1662735655 6905794
1662735656 8784220
1662735657 7915126
1662735658 7318770
1662735659 8391702
1662735660 9484138
1662735661 8487738
1662735662 7371558
1662735663 8995160
1662735664 8375590
1662735665 7989220
1662735666 9200058
1662735667 4841974
1662735668 4817912
1662735669 4905892
1662735670 4109196
1662735671 2618624
1662735672 1484


# events lost
1662734542 4247314
1662734543 4440340
1662734544 4682444
1662734545 3848436
1662734546 5227920
1662734547 5743822
1662734548 4510194
1662734549 5045706
1662734550 3570292
1662734551 3396558
1662734552 5995042
1662734553 4787278
1662734554 6021012
1662734555 3163570
1662734556 3498000
1662734557 6003628
1662734558 5418826
1662734559 5469600
1662734560 3407794
1662734561 5281768
1662734562 4695270
1662734563 5145558
1662734564 7278808
1662734565 9493784
1662734566 8406330
1662734567 7431554
1662734568 7458690
1662734569 4415218
1662734570 2798400
1662734571 2624348
1662734572 5813994
1662734573 4305508
1662734574 5299364
1662734575 5539242
1662734576 5364978
1662734577 4407268
1662734578 3953164
1662734579 8838280
1662734580 8685428
1662734581 9057382
1662734582 8417142
1662734583 11283912
1662734584 10264404
1662734585 7637406
1662734586 7216374
1662734587 10340618
1662734588 8912268
1662734589 9069254
1662734590 7986570
1662734591 8862554
1662734592 7517626
1662734593 10675048
1662734594 8197934
1662734595 6902826
1662734596 7525258
1662734597 8316230
1662734598 6244884
1662734599 9116742
1662734600 7896682
1662734601 8220830
1662734602 6954024
1662734603 9238642
1662734604 7201746
1662734605 9758678
1662734606 9896584
1662734607 8597978
1662734608 8695816
1662734609 8506606
1662734610 6434412
1662734611 8795032
1662734612 9393296
1662734613 8557062
1662734614 8400712
1662734615 7701006
1662734616 8205884
1662734617 10133918
1662734618 6887456
1662734619 7299372
1662734620 8248708
1662734621 10467288
1662734622 8786340
1662734623 9622044
1662734624 9771928
1662734625 9029928
1662734626 8005120
1662734627 8923504
1662734628 10493576
1662734629 7503316
1662734630 7788350
1662734631 12095554
1662734632 10035126
1662734633 8521022
1662734634 9230162
1662734635 8988906
1662734636 9191154
1662734637 9652996
1662734638 8860964
1662734639 7869228
1662734640 8318032
1662734641 8678644
1662734642 8770440
1662734643 9808392
1662734644 9231646
1662734645 9666670
1662734646 9948736
1662734647 7334034
1662734648 9722532
1662734649 8864674
1662734650 8227190
1662734651 8906332
1662734652 8289518
1662734653 7780188
1662734654 7068928
1662734655 8722952
1662734656 9305104
1662734657 9019858
1662734658 8906862
1662734659 8690516
1662734660 6865514
1662734661 9239596
1662734662 8391172
1662734663 8091828
1662734664 8433360
1662734665 7450740
1662734666 10004810
1662734667 9653950
1662734668 8938132
1662734669 9124056
1662734670 7988584
1662734671 8543494
1662734672 9379304
1662734673 8507666
1662734674 8162530
1662734675 8703236
1662734676 8483710
1662734677 9624164
1662734678 10203136
1662734679 7959646
1662734680 8233762
1662734681 8490388
1662734682 7913536
1662734683 8000350
1662734684 8883542
1662734685 7958162
1662734686 9982338
1662734687 9003322
1662734688 7441942
1662734689 9816130
1662734690 8657762
1662734691 7162632
1662734692 7562464
1662734693 8592254
1662734694 3724098
1662734695 3926028
1662734696 7335412
1662734697 7694964
1662734698 9988168
1662734699 9959018
1662734700 7714044
1662734701 8705674
1662734702 9050916
1662734703 9662006
1662734704 7750508
1662734705 8387356
1662734706 8092358
1662734707 8722528
1662734708 7961554
1662734709 9316658
1662734710 7564478
1662734711 9034062
1662734712 9133278
1662734713 8994736
1662734714 9768006
1662734715 6847812
1662734716 9022932
1662734717 8873366
1662734718 9447992
1662734719 7348450
1662734720 7754854
1662734721 8725814
1662734722 8364460
1662734723 9063318
1662734724 7952120
1662734725 7602108
1662734726 8309128
1662734727 5547722
1662734728 7409718
1662734729 8733976
1662734730 7638466
1662734731 8750406
1662734732 6974164
1662734733 8101156
1662734734 8765458
1662734735 8428272
1662734736 7337532
1662734737 9499190
1662734738 8839128
1662734739 8346758
1662734740 9789948
1662734741 10323658
1662734742 8318032
1662734743 6005430
1662734744 8897958
1662734745 8358948
1662734746 9194334
1662734747 9657130
1662734748 9921812
1662734749 8972688
1662734750 7890852
1662734751 7386186
1662734752 6063942
1662734753 8573704
1662734754 12945780
1662734755 12327694
1662734756 12926064
1662734757 9545936
1662734758 8251252
1662734759 7972790
1662734760 7783792
1662734761 9222954
1662734762 8438130
1662734763 9359906
1662734764 8125324
1662734765 10489124
1662734766 7776690
1662734767 8387038
1662734768 7670478
1662734769 9009152
1662734770 11272464
1662734771 11030572
1662734772 9052506
1662734773 6921694
1662734774 8758992
1662734775 7839124
1662734776 9847294
1662734777 10156072
1662734778 9395204
1662734779 8803406
1662734780 8872412
1662734781 10827370
1662734782 9232176
1662734783 8089496
1662734784 8282204
1662734785 8300648
1662734786 10722430
1662734787 9565970
1662734788 7033418
1662734789 8891810
1662734790 7696554
1662734791 8408132
1662734792 7903678
1662734793 8058862
1662734794 6762694
1662734795 7866366
1662734796 7975334
1662734797 9735040
1662734798 7852798
1662734799 8836902
1662734800 9340402
1662734801 7869758
1662734802 7074440
1662734803 7109844
1662734804 10584100
1662734805 7715104
1662734806 8359054
1662734807 8097870
1662734808 7503104
1662734809 8464100
1662734810 5794490
1662734811 8291532
1662734812 8895520
1662734813 7857674
1662734814 8828210
1662734815 6194746
1662734816 12305858
1662734817 13426808
1662734818 7928164
1662734819 8470036
1662734820 7581862
1662734821 9421386
1662734822 9920222
1662734823 9435378
1662734824 10380898
1662734825 10845390
1662734826 8378558
1662734827 9622892
1662734828 7661044
1662734829 7531406
1662734830 8200478
1662734831 9223802
1662734832 8031408
1662734833 7459644
1662734834 7413216
1662734835 6791208
1662734836 9947146
1662734837 8649706
1662734838 8367110
1662734839 9287296
1662734840 9635718
1662734841 7373996
1662734842 6698352
1662734843 7220932
1662734844 8505228
1662734845 9081868
1662734846 8294712
1662734847 8496112
1662734848 9606568
1662734849 9250302
1662734850 7685954
1662734851 9132218
1662734852 8029818
1662734853 7555892
1662734854 8352270
1662734855 9970466
1662734856 8422230
1662734857 8462722
1662734858 6716160
1662734859 9034910
1662734860 8269060
1662734861 9415556
1662734862 7382900
1662734863 7696766
1662734864 8457740
1662734865 9771928
1662734866 10535552
1662734867 9694654
1662734868 8104548
1662734869 7201428
1662734870 9317188
1662734871 7344634
1662734872 8415976
1662734873 7165494
1662734874 9357256
1662734875 9321534
1662734876 7982542
1662734877 7006812
1662734878 7832552
1662734879 10823660
1662734880 11386096
1662734881 10239600
1662734882 7782308
1662734883 7926256
1662734884 10025586
1662734885 8555790
1662734886 7689664
1662734887 9696138
1662734888 8694544
1662734889 9717232
1662734890 6979252
1662734891 8377180
1662734892 10765148
1662734893 9517952
1662734894 8598932
1662734895 8645678
1662734896 9370294
1662734897 10587704
1662734898 7914384
1662734899 8448836
1662734900 9789736
1662734901 8193588
1662734902 10316556
1662734903 8111862
1662734904 8131366
1662734905 10160630
1662734906 7818136
1662734907 8363294
1662734908 6930068
1662734909 7936326
1662734910 8815914
1662734911 10218930
1662734912 6255802
1662734913 8859162
1662734914 7420954
1662734915 8256658
1662734916 9943648
1662734917 8416294
1662734918 8710762
1662734919 9935380
1662734920 10207376
1662734921 10292812
1662734922 10195716
1662734923 8831072
1662734924 8098082
1662734925 6666446
1662734926 8628400
1662734927 8832026
1662734928 10148758
1662734929 7888520
1662734930 9777652
1662734931 8415870
1662734932 9509578
1662734933 9240020
1662734934 9236204
1662734935 7784746
1662734936 6842724
1662734937 7919048
1662734938 7122246
1662734939 7617690
1662734940 7130302
1662734941 7315802
1662734942 5495146
1662734943 4228764
1662734944 9335526
1662734945 8901774
1662734946 7001300
1662734947 7438974
1662734948 7115674
1662734949 8465372
1662734950 9226134
1662734951 8797152
1662734952 7605818
1662734953 7682562
1662734954 8643240
1662734955 8493038
1662734956 8855452
1662734957 10480008
1662734958 7000876
1662734959 7974698
1662734960 8195390
1662734961 9347610
1662734962 7793968
1662734963 5869220
1662734964 7514022
1662734965 9068194
1662734966 8486996
1662734967 7597656
1662734968 10716600
1662734969 6918514
1662734970 7978302
1662734971 8853014
1662734972 8190302
1662734973 8912904
1662734974 8099778
1662734975 7122034
1662734976 7083132
1662734977 6933354
1662734978 7565220
1662734979 8533106
1662734980 8728676
1662734981 8391490
1662734982 9011908
1662734983 8338596
1662734984 6603482
1662734985 7290786
1662734986 11642404
1662734987 7736728
1662734988 9919798
1662734989 8730054
1662734990 7884916
1662734991 6920104
1662734992 8336158
1662734993 6734180
1662734994 9117166
1662734995 8125112
1662734996 7962826
1662734997 7638678
1662734998 8859586
1662734999 13784346
1662735000 12649934
1662735001 11738546
1662735002 12445566
1662735003 12876986
1662735004 12046900
1662735005 12389174
1662735006 8604020
1662735007 9341462
1662735008 7655320
1662735009 8325028
1662735010 9866904
1662735011 9513606
1662735012 7828948
1662735013 6983068
1662735014 8536286
1662735015 8459860
1662735016 8233762
1662735017 9150980
1662735018 7010522
1662735019 10136568
1662735020 8633064
1662735021 6386712
1662735022 8581654
1662735023 9264294
1662735024 7526530
1662735025 7470138
1662735026 7147792
1662735027 8935058
1662735028 7114508
1662735029 9407500
1662735030 10506084
1662735031 7238634
1662735032 8933256
1662735033 7300326
1662735034 9014558
1662735035 8012752
1662735036 7548154
1662735037 9128614
1662735038 7117900
1662735039 9141758
1662735040 7843046
1662735041 6541790
1662735042 9909198
1662735043 7744678
1662735044 7669630
1662735045 6700260
1662735046 9736100
1662735047 8835948
1662735048 6811348
1662735049 7664436
1662735050 8326406
1662735051 9316552
1662735052 8202598
1662735053 6599984
1662735054 7863504
1662735055 7553030
1662735056 7799162
1662735057 8626174
1662735058 7941202
1662735059 8259096
1662735060 8514132
1662735061 7716694
1662735062 12530790
1662735063 11871788
1662735064 11827374
1662735065 9662748
1662735066 8496960
1662735067 9411104
1662735068 8498126
1662735069 7896576
1662735070 8882588
1662735071 10027706
1662735072 8422018
1662735073 10450540
1662735074 9513076
1662735075 8343366
1662735076 7229942
1662735077 7408764
1662735078 7920214
1662735079 10671762
1662735080 8773196
1662735081 8807858
1662735082 7871242
1662735083 8314216
1662735084 9561412
1662735085 8246058
1662735086 7545080
1662735087 9036076
1662735088 8592572
1662735089 9270866
1662735090 7909084
1662735091 8857784
1662735092 7516672
1662735093 8439084
1662735094 8382798
1662735095 8378876
1662735096 7886612
1662735097 9378880
1662735098 9076038
1662735099 7835732
1662735100 8543176
1662735101 6942788
1662735102 9687128
1662735103 7364562
1662735104 7736728
1662735105 7642812
1662735106 8172282
1662735107 8198676
1662735108 8701752
1662735109 9193062
1662735110 10308076
1662735111 9473008
1662735112 7651398
1662735113 6810182
1662735114 9140168
1662735115 8817080
1662735116 8551762
1662735117 6936958
1662735118 7636770
1662735119 8464948
1662735120 6807002
1662735121 9572648
1662735122 12303208
1662735123 8446398
1662735124 8073278
1662735125 10399236
1662735126 7233228
1662735127 7268738
1662735128 7725492
1662735129 9029398
1662735130 6074648
1662735131 8392232
1662735132 7197188
1662735133 7581650
1662735134 7919154
1662735135 8927108
1662735136 7580802
1662735137 11102864
1662735138 7369332
1662735139 7894244
1662735140 5849504
1662735141 9550812
1662735142 8757402
1662735143 9569150
1662735144 9228466
1662735145 9701862
1662735146 8907180
1662735147 9269912
1662735148 6723686
1662735149 6393390
1662735150 9910682
1662735151 8246058
1662735152 7793120
1662735153 9081020
1662735154 7044972
1662735155 9597558
1662735156 8954032
1662735157 8526640
1662735158 9191684
1662735159 9009682
1662735160 7782520
1662735161 7191146
1662735162 9601692
1662735163 9095436
1662735164 8886828
1662735165 8744258
1662735166 8082182
1662735167 6473950
1662735168 9318460
1662735169 8347818
1662735170 8236942
1662735171 7861384
1662735172 8490494
1662735173 9021448
1662735174 7818666
1662735175 8634972
1662735176 9501946
1662735177 9305104
1662735178 6383956
1662735179 9771080
1662735180 9929974
1662735181 8025578
1662735182 12525702
1662735183 12649510
1662735184 13792826
1662735185 10217976
1662735186 8590452
1662735187 8174190
1662735188 8314746
1662735189 9276272
1662735190 7004056
1662735191 8025896
1662735192 9280194
1662735193 7933146
1662735194 9997284
1662735195 7657440
1662735196 8385342
1662735197 8270756
1662735198 7225384
1662735199 6894240
1662735200 9188822
1662735201 6983810
1662735202 7097230
1662735203 7114190
1662735204 8449260
1662735205 6453810
1662735206 9402836
1662735207 8187122
1662735208 8988588
1662735209 9029716
1662735210 6739480
1662735211 6979570
1662735212 7702066
1662735213 8303298
1662735214 8046990
1662735215 8405376
1662735216 7328416
1662735217 9084836
1662735218 8796092
1662735219 8604656
1662735220 10458384
1662735221 8293864
1662735222 8135182
1662735223 7297146
1662735224 8748922
1662735225 9957110
1662735226 10190628
1662735227 8757614
1662735228 7659030
1662735229 9462514
1662735230 9142394
1662735231 7947350
1662735232 8215000
1662735233 9477566
1662735234 9479686
1662735235 8743516
1662735236 7807218
1662735237 7866578
1662735238 7381522
1662735239 8615468
1662735240 7870712
1662735241 8149810
1662735242 8722634
1662735243 9180024
1662735244 7920532
1662735245 7815486
1662735246 8397956
1662735247 6865196
1662735248 8004908
1662735249 9281042
1662735250 9091090
1662735251 8131154
1662735252 10366270
1662735253 7527696
1662735254 8905060
1662735255 8301708
1662735256 8983182
1662735257 8714896
1662735258 7010522
1662735259 7142598
1662735260 7416608
1662735261 8003848
1662735262 8419686
1662735263 7385126
1662735264 8898488
1662735265 6994728
1662735266 7750296
1662735267 8872200
1662735268 7903678
1662735269 9159142
1662735270 7406220
1662735271 8647904
1662735272 9576146
1662735273 9801820
1662735274 8748604
1662735275 7441942
1662735276 7942474
1662735277 7442472
1662735278 8262382
1662735279 8760794
1662735280 8863720
1662735281 8861812
1662735282 7524622
1662735283 8999082
1662735284 8075292
1662735285 8139422
1662735286 9116000
1662735287 9026536
1662735288 8749876
1662735289 7711500
1662735290 9274894
1662735291 9503960
1662735292 8884284
1662735293 8329162
1662735294 9628722
1662735295 8374742
1662735296 8388946
1662735297 8107516
1662735298 8186804
1662735299 8455196
1662735300 9502582
1662735301 10781154
1662735302 11957966
1662735303 11033434
1662735304 7955936
1662735305 7653730
1662735306 8549112
1662735307 7120974
1662735308 6581752
1662735309 9155538
1662735310 9182250
1662735311 6929538
1662735312 8751678
1662735313 9335950
1662735314 7432826
1662735315 8693908
1662735316 8270014
1662735317 8520068
1662735318 10238010
1662735319 9069148
1662735320 7638466
1662735321 8517842
1662735322 8293228
1662735323 7245842
1662735324 9934532
1662735325 6251774
1662735326 7553242
1662735327 8369336
1662735328 9334572
1662735329 9577948
1662735330 8966116
1662735331 9433576
1662735332 9076674
1662735333 9018162
1662735334 8740654
1662735335 7753052
1662735336 9021978
1662735337 7006494
1662735338 7159664
1662735339 6332334
1662735340 7437384
1662735341 8777330
1662735342 8893930
1662735343 7645250
1662735344 7314424
1662735345 8714048
1662735346 8014872
1662735347 10284332
1662735348 6970560
1662735349 8268848
1662735350 9652572
1662735351 9541590
1662735352 9554734
1662735353 9250620
1662735354 7969610
1662735355 10523786
1662735356 7935902
1662735357 8009254
1662735358 7439504
1662735359 8388522
1662735360 9067134
1662735361 11198052
1662735362 12949702
1662735363 11615904
1662735364 8188288
1662735365 8188818
1662735366 9166668
1662735367 8339550
1662735368 8298104
1662735369 8543282
1662735370 7721464
1662735371 9899658
1662735372 8694120
1662735373 8332554
1662735374 9733238
1662735375 8666772
1662735376 7946608
1662735377 7820150
1662735378 7397104
1662735379 8933256
1662735380 7149700
1662735381 7608680
1662735382 7381946
1662735383 6672594
1662735384 9230480
1662735385 9923084
1662735386 10363090
1662735387 8054834
1662735388 7498652
1662735389 8350998
1662735390 8107092
1662735391 8712776
1662735392 8705356
1662735393 7652246
1662735394 8888100
1662735395 8009678
1662735396 10061202
1662735397 9206100
1662735398 8543706
1662735399 7582710
1662735400 7854388
1662735401 7922016
1662735402 10507674
1662735403 9389798
1662735404 7409718
1662735405 9236946
1662735406 11058132
1662735407 6936110
1662735408 8668786
1662735409 6867104
1662735410 7854918
1662735411 9042966
1662735412 8231324
1662735413 6007762
1662735414 9087486
1662735415 9052930
1662735416 8397426
1662735417 7104226
1662735418 7734290
1662735419 8820048
1662735420 9141016
1662735421 8433784
1662735422 11738228
1662735423 11442806
1662735424 9634764
1662735425 7759200
1662735426 8105078
1662735427 7169628
1662735428 6677576
1662735429 9344006
1662735430 8810296
1662735431 7820680
1662735432 7963992
1662735433 8339444
1662735434 10192430
1662735435 7389896
1662735436 8806268
1662735437 8921490
1662735438 6537656
1662735439 8239804
1662735440 8235776
1662735441 7484872
1662735442 8673556
1662735443 7664118
1662735444 7880464
1662735445 7922546
1662735446 9780620
1662735447 7738530
1662735448 8265774
1662735449 6998226
1662735450 7977772
1662735451 7744572
1662735452 8416506
1662735453 8797152
1662735454 8941736
1662735455 9134868
1662735456 7651504
1662735457 6351944
1662735458 8325028
1662735459 8089920
1662735460 7942580
1662735461 9998238
1662735462 9352380
1662735463 8754858
1662735464 8777860
1662735465 8327996
1662735466 9695502
1662735467 9396158
1662735468 7080164
1662735469 7662316
1662735470 8844534
1662735471 9055898
1662735472 8166240
1662735473 9062152
1662735474 8345804
1662735475 8263866
1662735476 9381636
1662735477 8806374
1662735478 7370710
1662735479 7115038
1662735480 7186694
1662735481 7579106
1662735482 13633720
1662735483 13351336
1662735484 12069478
1662735485 11373376
1662735486 14633512
1662735487 10411320
1662735488 7670160
1662735489 7509146
1662735490 7152880
1662735491 10112082
1662735492 8973430
1662735493 9413436
1662735494 7153728
1662735495 9961032
1662735496 6752836
1662735497 9759102
1662735498 9206418
1662735499 6621396
1662735500 9062682
1662735501 8805208
1662735502 7670584
1662735503 7409612
1662735504 7306156
1662735505 5906850
1662735506 8321212
1662735507 9661688
1662735508 7783368
1662735509 8286974
1662735510 7456994
1662735511 9069784
1662735512 8321424
1662735513 8246270
1662735514 8550384
1662735515 7673234
1662735516 9150874
1662735517 7812518
1662735518 8327678
1662735519 9395204
1662735520 9669320
1662735521 8168148
1662735522 9233978
1662735523 9455306
1662735524 9105294
1662735525 8316230
1662735526 6981372
1662735527 8408238
1662735528 8454136
1662735529 8340292
1662735530 9742778
1662735531 9151828
1662735532 6615036
1662735533 9519012
1662735534 9164548
1662735535 7764182
1662735536 8221572
1662735537 8029818
1662735538 8023458
1662735539 8119918
1662735540 7568082
1662735541 10023360
1662735542 8697618
1662735543 7541158
1662735544 8630520
1662735545 9016254
1662735546 13519240
1662735547 11988600
1662735548 7204184
1662735549 11430616
1662735550 7761850
1662735551 8258036
1662735552 7308912
1662735553 8140482
1662735554 9394144
1662735555 9941634
1662735556 7512644
1662735557 9870932
1662735558 7466746
1662735559 8519114
1662735560 8089602
1662735561 8499822
1662735562 9027490
1662735563 6495786
1662735564 7407386
1662735565 7994944
1662735566 7201746
1662735567 8368382
1662735568 7178002
1662735569 8993464
1662735570 8821426
1662735571 8880892
1662735572 8006392
1662735573 7419788
1662735574 9381318
1662735575 9298532
1662735576 8768850
1662735577 8112816
1662735578 7885022
1662735579 8509468
1662735580 6842406
1662735581 9183204
1662735582 6742978
1662735583 8253796
1662735584 9570210
1662735585 8860540
1662735586 9056958
1662735587 8744788
1662735588 9364464
1662735589 8146842
1662735590 8784962
1662735591 9481382
1662735592 7288984
1662735593 7061190
1662735594 9191578
1662735595 9314856
1662735596 8071264
1662735597 8171328
1662735598 7861490
1662735599 8119812
1662735600 7823330
1662735601 8395624
1662735602 10763028
1662735603 9272350
1662735604 8917038
1662735605 9687764
1662735606 7485720
1662735607 9938348
1662735608 10899026
1662735609 11941642
1662735610 9609218
1662735611 7409400
1662735612 8439826
1662735613 8954880
1662735614 9001626
1662735615 7375586
1662735616 9136458
1662735617 7689240
1662735618 8148644
1662735619 9110170
1662735620 7699098
1662735621 5931866
1662735622 7368696
1662735623 7430494
1662735624 7936432
1662735625 7867426
1662735626 9380788
1662735627 8205142
1662735628 6967168
1662735629 8593208
1662735630 7374102
1662735631 8126384
1662735632 8693166
1662735633 7758458
1662735634 9283904
1662735635 7300114
1662735636 8824500
1662735637 8572326
1662735638 8293546
1662735639 8468658
1662735640 8567132
1662735641 8064480
1662735642 7877814
1662735643 8855240
1662735644 8268530
1662735645 6480628
1662735646 8012540
1662735647 7111222
1662735648 7938234
1662735649 8703872
1662735650 9549858
1662735651 7783686
1662735652 6936958
1662735653 6762694
1662735654 6795024
1662735655 9724864
1662735656 8104972
1662735657 8103064
1662735658 8572538
1662735659 7189344
1662735660 7645674
1662735661 8653416
1662735662 9801820
1662735663 6847070
1662735664 8598190
1662735665 8792700
1662735666 7869122
1662735667 11903482
1662735668 11312426
1662735669 12179294
1662735670 12515632
1662735671 6870178
1662735672 318
