# events called
1663257029 2956340
1663257030 991948
1663257031 8032680
1663257032 14466880
1663257033 16489148
1663257034 17291674
1663257035 16447172
1663257036 16740580
1663257037 16872338
1663257038 16930850
1663257039 16885694
1663257040 16097054
1663257041 16264216
1663257042 16592074
1663257043 16243122
1663257044 16858134
1663257045 15607864
1663257046 16785418
1663257047 16391628
1663257048 15754144
1663257049 16548190
1663257050 15980136
1663257051 16228918
1663257052 16381240
1663257053 16175176
1663257054 16017660
1663257055 16072462
1663257056 16943888
1663257057 16469962
1663257058 16135956
1663257059 16518828
1663257060 15476636
1663257061 16290610
1663257062 16458620
1663257063 16450352
1663257064 16653766
1663257065 15215770
1663257066 16824850
1663257067 16834072
1663257068 16093556
1663257069 16127688
1663257070 15760292
1663257071 16604264
1663257072 16231780
1663257073 16271000
1663257074 16536636
1663257075 15511192
1663257076 16579460
1663257077 16176660
1663257078 16299408
1663257079 16823896
1663257080 15641996
1663257081 16250118
1663257082 16746834
1663257083 16366718
1663257084 16136910
1663257085 15654080
1663257086 16549462
1663257087 16496250
1663257088 16329512
1663257089 16529958
1663257090 16235172
1663257091 16628538
1663257092 16234324
1663257093 16007908
1663257094 16298136
1663257095 15377738
1663257096 16298878
1663257097 16381558
1663257098 16076702
1663257099 16684400
1663257100 15980666
1663257101 16696272
1663257102 16847640
1663257103 16386964
1663257104 16394808
1663257105 15100336
1663257106 16637654
1663257107 16070342
1663257108 16512150
1663257109 16586456
1663257110 15603836
1663257111 16618256
1663257112 16967632
1663257113 16285416
1663257114 16572040
1663257115 14833746
1663257116 15940174
1663257117 16199768
1663257118 16806406
1663257119 16345836
1663257120 16064088
1663257121 16694682
1663257122 16647936
1663257123 16591438
1663257124 16743866
1663257125 16393218
1663257126 16462966
1663257127 17500388
1663257128 16626948
1663257129 16429894
1663257130 16062180
1663257131 16393218
1663257132 16293684
1663257133 17065894
1663257134 16302694
1663257135 15910812
1663257136 16722772
1663257137 16531548
1663257138 16974840
1663257139 17107658
1663257140 15753614
1663257141 16524870
1663257142 16243122
1663257143 15760928
1663257144 17303864
1663257145 15635530
1663257146 17397250
1663257147 16858558
1663257148 16659702
1663257149 16820716
1663257150 16166272
1663257151 16855166
1663257152 16444840
1663257153 16193090
1663257154 16836722
1663257155 16051686
1663257156 16662034
1663257157 16135002
1663257158 16681856
1663257159 16591438
1663257160 15776616
1663257161 16701466
1663257162 17183342
1663257163 16642530
1663257164 17060912
1663257165 16358662
1663257166 16196376
1663257167 16290716
1663257168 16828666
1663257169 17154934
1663257170 16699982
1663257171 16132140
1663257172 16399896
1663257173 17050418
1663257174 17329304
1663257175 16191606
1663257176 16449080
1663257177 16809586
1663257178 16619210
1663257179 16959258
1663257180 16261566
1663257181 16548826
1663257182 16903290
1663257183 16859088
1663257184 16920250
1663257185 15379434
1663257186 16973992
1663257187 16522326
1663257188 16848806
1663257189 16811176
1663257190 15814670
1663257191 16800046
1663257192 16423852
1663257193 16329724
1663257194 16698604
1663257195 15617616
1663257196 16932546
1663257197 15958512
1663257198 16922794
1663257199 16451836
1663257200 15822196
1663257201 16974098
1663257202 16757434
1663257203 16551370
1663257204 16541618
1663257205 15677612
1663257206 16854106
1663257207 15854102
1663257208 16374456
1663257209 16585502
1663257210 15722768
1663257211 16677086
1663257212 17299518
1663257213 16903078
1663257214 16524234
1663257215 16139348
1663257216 17148574
1663257217 16684824
1663257218 16844142
1663257219 16988408
1663257220 15913780
1663257221 16423110
1663257222 16243652
1663257223 16679206
1663257224 17028370
1663257225 15809582
1663257226 17037062
1663257227 16322940
1663257228 16211428
1663257229 16968374
1663257230 16068752
1663257231 16292730
1663257232 16923006
1663257233 16680160
1663257234 16531442
1663257235 15857176
1663257236 16915268
1663257237 17253302
1663257238 16088786
1663257239 16385056
1663257240 15824952
1663257241 17050524
1663257242 17068014
1663257243 17147620
1663257244 16652176
1663257245 16099810
1663257246 16815946
1663257247 16750226
1663257248 16546388
1663257249 15903180
1663257250 15348376
1663257251 17419616
1663257252 16441342
1663257253 16947174
1663257254 16940178
1663257255 15781174
1663257256 17100026
1663257257 16538332
1663257258 16725210
1663257259 16582004
1663257260 15529212
1663257261 16468902
1663257262 16724680
1663257263 16583276
1663257264 16552430
1663257265 15653974
1663257266 16738248
1663257267 16420036
1663257268 16190228
1663257269 17101828
1663257270 16235278
1663257271 17002400
1663257272 16554656
1663257273 17223834
1663257274 16475474
1663257275 16281494
1663257276 16521796
1663257277 17202104
1663257278 16980034
1663257279 17245246
1663257280 15713122
1663257281 16382936
1663257282 16939224
1663257283 16515754
1663257284 16890464
1663257285 16329724
1663257286 17058474
1663257287 17058368
1663257288 16147828
1663257289 16918978
1663257290 16124932
1663257291 16300256
1663257292 16941238
1663257293 16517026
1663257294 16632778
1663257295 15978440
1663257296 16041722
1663257297 16585078
1663257298 16825592
1663257299 16936468
1663257300 16088256
1663257301 17051054
1663257302 17053598
1663257303 16945584
1663257304 17167654
1663257305 16277572
1663257306 16696166
1663257307 16700936
1663257308 16234430
1663257309 17459154
1663257310 16100552
1663257311 16281494
1663257312 16286264
1663257313 16185458
1663257314 16761144
1663257315 17290614
1663257316 16636276
1663257317 16228282
1663257318 16594088
1663257319 16904562
1663257320 17526782
1663257321 16223300
1663257322 15764744
1663257323 16791036
1663257324 16550840
1663257325 16392158
1663257326 16069388
1663257327 15458934
1663257328 16614122
1663257329 16490844
1663257330 16663730
1663257331 16623980
1663257332 15333218
1663257333 16790718
1663257334 17236660
1663257335 16928730
1663257336 17233374
1663257337 15472820
1663257338 17056248
1663257339 16910286
1663257340 16066208
1663257341 16862904
1663257342 16001972
1663257343 17101616
1663257344 16785206
1663257345 16484802
1663257346 16600130
1663257347 16612002
1663257348 16648572
1663257349 16682916
1663257350 16489890
1663257351 16220438
1663257352 16080624
1663257353 17070770
1663257354 17015968
1663257355 17278212
1663257356 16856968
1663257357 15833326
1663257358 16242804
1663257359 16459680
1663257360 17214718
1663257361 16754890
1663257362 15964872
1663257363 16572358
1663257364 16469962
1663257365 16747682
1663257366 16974310
1663257367 15842972
1663257368 17012576
1663257369 16538756
1663257370 16164788
1663257371 16582958
1663257372 16008438
1663257373 16037270
1663257374 16909226
1663257375 16742276
1663257376 16555716
1663257377 15803434
1663257378 17135324
1663257379 17158538
1663257380 17417708
1663257381 17393752
1663257382 16539922
1663257383 16402970
1663257384 17005262
1663257385 16443674
1663257386 17217156
1663257387 15926606
1663257388 16526884
1663257389 16084864
1663257390 16116452
1663257391 16228282
1663257392 15951410
1663257393 16553808
1663257394 16991164
1663257395 17211750
1663257396 16954488
1663257397 16166908
1663257398 16563772
1663257399 16411344
1663257400 16863434
1663257401 16552324
1663257402 16353680
1663257403 15965508
1663257404 16684188
1663257405 16758282
1663257406 16764960
1663257407 15933602
1663257408 16707826
1663257409 17389194
1663257410 16008332
1663257411 16923006
1663257412 16029850
1663257413 16867462
1663257414 16572676
1663257415 16443992
1663257416 16439646
1663257417 15602776
1663257418 16475156
1663257419 16971130
1663257420 16307146
1663257421 16826546
1663257422 15758596
1663257423 16805770
1663257424 17098012
1663257425 17052220
1663257426 16787644
1663257427 16287642
1663257428 16831952
1663257429 16912194
1663257430 16282024
1663257431 16570344
1663257432 15741742
1663257433 17220018
1663257434 16534092
1663257435 16135638
1663257436 16841810
1663257437 16003244
1663257438 17139034
1663257439 16372760
1663257440 16568118
1663257441 16771320
1663257442 16739096
1663257443 16244606
1663257444 16635852
1663257445 16683128
1663257446 17020738
1663257447 15568538
1663257448 16881666
1663257449 16742170
1663257450 17013530
1663257451 16449504
1663257452 16221816
1663257453 16745668
1663257454 16826970
1663257455 17237932
1663257456 16716942
1663257457 15688106
1663257458 16734750
1663257459 17088472
1663257460 17189914
1663257461 16691608
1663257462 15750964
1663257463 16701042
1663257464 17058686
1663257465 16256266
1663257466 15854102
1663257467 15461584
1663257468 17058474
1663257469 16015116
1663257470 17298670
1663257471 16721394
1663257472 15667330
1663257473 16823154
1663257474 16784676
1663257475 16946538
1663257476 16844248
1663257477 15991160
1663257478 16486710
1663257479 16960424
1663257480 16699876
1663257481 17078084
1663257482 15850392
1663257483 17037486
1663257484 17127692
1663257485 16561546
1663257486 16759978
1663257487 15671676
1663257488 16641682
1663257489 16901170
1663257490 16348274
1663257491 16493070
1663257492 16335554
1663257493 16314778
1663257494 16628008
1663257495 17411242
1663257496 17264114
1663257497 15422470
1663257498 16278738
1663257499 16581580
1663257500 16819762
1663257501 16958728
1663257502 15971020
1663257503 16786372
1663257504 16593240
1663257505 16745350
1663257506 16479290
1663257507 16867038
1663257508 16768458
1663257509 16311810
1663257510 17195638
1663257511 16915056
1663257512 16131822
1663257513 16839902
1663257514 17250440
1663257515 16545010
1663257516 16741746
1663257517 16363432
1663257518 16891948
1663257519 16384102
1663257520 17385802
1663257521 16819126
1663257522 16169028
1663257523 17410818
1663257524 16763582
1663257525 16980246
1663257526 17061548
1663257527 15612740
1663257528 16632354
1663257529 17241324
1663257530 17076600
1663257531 16820504
1663257532 16241850
1663257533 16385480
1663257534 16591332
1663257535 16864812
1663257536 16781920
1663257537 15364594
1663257538 16548932
1663257539 16919190
1663257540 16485332
1663257541 16856120
1663257542 15512358
1663257543 16669878
1663257544 15856540
1663257545 17023706
1663257546 17113064
1663257547 16526036
1663257548 16566104
1663257549 16527944
1663257550 15992008
1663257551 16729238
1663257552 15565570
1663257553 16714398
1663257554 16354528
1663257555 16952474
1663257556 17246306
1663257557 15841170
1663257558 16385904
1663257559 16642530
1663257560 17428520
1663257561 16464450
1663257562 16005788
1663257563 16628008
1663257564 16809692
1663257565 16635746
1663257566 16616984
1663257567 16059848
1663257568 16950990
1663257569 17117728
1663257570 17101616
1663257571 16490738
1663257572 15867882
1663257573 16538968
1663257574 16656946
1663257575 16647618
1663257576 16566634
1663257577 15933814
1663257578 17184296
1663257579 16971554
1663257580 16465404
1663257581 16569390
1663257582 16028578
1663257583 16905622
1663257584 17144334
1663257585 16860890
1663257586 16881242
1663257587 15855162
1663257588 16304284
1663257589 16463284
1663257590 16330996
1663257591 16926610
1663257592 16210792
1663257593 16188638
1663257594 16591332
1663257595 16748106
1663257596 16557200
1663257597 15624718
1663257598 17012364
1663257599 16442826
1663257600 16599706
1663257601 16327604
1663257602 15693406
1663257603 16829408
1663257604 15963282
1663257605 16845308
1663257606 17139988
1663257607 15484586
1663257608 16763582
1663257609 16699982
1663257610 16641788
1663257611 17059216
1663257612 16201464
1663257613 16492964
1663257614 16234324
1663257615 16637442
1663257616 16867038
1663257617 15435614
1663257618 16155460
1663257619 16516072
1663257620 16649314
1663257621 16546176
1663257622 15914734
1663257623 17396084
1663257624 16817006
1663257625 16697650
1663257626 17035366
1663257627 15734640
1663257628 16722454
1663257629 16258492
1663257630 16392264
1663257631 17055294
1663257632 16599070
1663257633 16591332
1663257634 16624828
1663257635 16141468
1663257636 16722030
1663257637 15511616
1663257638 16250118
1663257639 16347214
1663257640 16722772
1663257641 17078932
1663257642 16226692
1663257643 16965830
1663257644 16863540
1663257645 17113276
1663257646 16883256
1663257647 15996036
1663257648 17059958
1663257649 17024872
1663257650 15974730
1663257651 17040030
1663257652 16149418
1663257653 16942934
1663257654 16850608
1663257655 17035472
1663257656 16627478
1663257657 15231776
1663257658 16845202
1663257659 17017982
1663257660 16775878
1663257661 16618574
1663257662 16381770
1663257663 16550204
1663257664 16843082
1663257665 17096952
1663257666 16407104
1663257667 16292518
1663257668 17106068
1663257669 15897668
1663257670 16573842
1663257671 16991800
1663257672 16238564
1663257673 16850926
1663257674 16442190
1663257675 16060060
1663257676 17030172
1663257677 15442928
1663257678 17024024
1663257679 17346158
1663257680 16804710
1663257681 16465722
1663257682 15779266
1663257683 16590802
1663257684 16468266
1663257685 16947492
1663257686 16789128
1663257687 15242058
1663257688 16640198
1663257689 16377636
1663257690 16830468
1663257691 16663942
1663257692 15695632
1663257693 15973670
1663257694 16304814
1663257695 16899686
1663257696 16547024
1663257697 15641148
1663257698 16954912
1663257699 16560592
1663257700 15954060
1663257701 17086564
1663257702 15632880
1663257703 16803332
1663257704 16641894
1663257705 16701996
1663257706 16356330
1663257707 15538222
1663257708 17096104
1663257709 16585078
1663257710 16641152
1663257711 16565892
1663257712 15492218
1663257713 16794322
1663257714 16217788
1663257715 16696590
1663257716 16826758
1663257717 15678036
1663257718 16509182
1663257719 16621118
1663257720 17189278
1663257721 16946538
1663257722 15687682
1663257723 17332166
1663257724 16927882
1663257725 16664154
1663257726 16354422
1663257727 15330462
1663257728 16385798
1663257729 16706766
1663257730 16395444
1663257731 16579778
1663257732 15806720
1663257733 16991270
1663257734 16806300
1663257735 16282660
1663257736 16966890
1663257737 15489886
1663257738 16840114
1663257739 16124826
1663257740 16864812
1663257741 16843930
1663257742 15589420
1663257743 16995298
1663257744 16677298
1663257745 16709734
1663257746 16447490
1663257747 16011406
1663257748 16881242
1663257749 16370640
1663257750 16385162
1663257751 16806194
1663257752 15303538
1663257753 16422686
1663257754 16247786
1663257755 17020526
1663257756 16703480
1663257757 15562072
1663257758 16707614
1663257759 16980776
1663257760 16796654
1663257761 16465828
1663257762 15989676
1663257763 16551582
1663257764 17641156
1663257765 16663412
1663257766 16914738
1663257767 16281176
1663257768 16616348
1663257769 16856968
1663257770 17076070
1663257771 17312132
1663257772 15238242
1663257773 16436572
1663257774 16969010
1663257775 16069918
1663257776 16584972
1663257777 16253298
1663257778 16535788
1663257779 16726058
1663257780 17000068
1663257781 16804180
1663257782 15680262
1663257783 17238144
1663257784 16672422
1663257785 16970070
1663257786 16994556
1663257787 15833750
1663257788 16504942
1663257789 16436996
1663257790 16991800
1663257791 16277890
1663257792 15975684
1663257793 16312976
1663257794 16112530
1663257795 16880394
1663257796 16493600
1663257797 15563768
1663257798 16784994
1663257799 16590590
1663257800 16537696
1663257801 16795488
1663257802 16614228
1663257803 16561652
1663257804 16548614
1663257805 17238462
1663257806 16753936
1663257807 16302482
1663257808 16931698
1663257809 16655144
1663257810 16615924
1663257811 16304072
1663257812 16049672
1663257813 17030172
1663257814 16502292
1663257815 17240794
1663257816 16667334
1663257817 16115392
1663257818 16163410
1663257819 17044906
1663257820 16413676
1663257821 16631400
1663257822 15722132
1663257823 17061654
1663257824 17016922
1663257825 16946326
1663257826 16934454
1663257827 15406994
1663257828 16904138
1663257829 16807466
1663257830 15876044
1663257831 16758494
1663257832 15675174
1663257833 16425124
1663257834 16902654
1663257835 16160230
1663257836 16534198
1663257837 15496140
1663257838 16583488
1663257839 17089850
1663257840 16862692
1663257841 16996782
1663257842 16399684
1663257843 16485862
1663257844 16933924
1663257845 16582110
1663257846 17082112
1663257847 16235702
1663257848 17000598
1663257849 16203266
1663257850 16600554
1663257851 17393858
1663257852 16046386
1663257853 16526884
1663257854 16128536
1663257855 16809692
1663257856 16495296
1663257857 15579350
1663257858 17017346
1663257859 16597904
1663257860 16953640
1663257861 16540134
1663257862 15467096
1663257863 16360146
1663257864 16948764
1663257865 16549356
1663257866 17019572
1663257867 16005152
1663257868 16689382
1663257869 17139882
1663257870 16148676
1663257871 16108820
1663257872 16184716
1663257873 16629810
1663257874 16764642
1663257875 17489258
1663257876 16874882
1663257877 15920352
1663257878 16577976
1663257879 16283826
1663257880 16381664
1663257881 16988514
1663257882 15512146
1663257883 16685990
1663257884 16650904
1663257885 17273336
1663257886 16766338
1663257887 15395652
1663257888 16907000
1663257889 17456080
1663257890 17256164
1663257891 16305450
1663257892 16119950
1663257893 16494342
1663257894 16746092
1663257895 16242698
1663257896 16553914
1663257897 15496140
1663257898 16750438
1663257899 16371488
1663257900 16693622
1663257901 16617620
1663257902 15794954
1663257903 16722454
1663257904 16654720
1663257905 17070346
1663257906 16629386
1663257907 16121752
1663257908 16181960
1663257909 16953640
1663257910 16602886
1663257911 16379756
1663257912 15562284
1663257913 15481618
1663257914 16644756
1663257915 16881242
1663257916 17544378
1663257917 16104474
1663257918 16669772
1663257919 16511620
1663257920 16446430
1663257921 16206658
1663257922 15714500
1663257923 17201574
1663257924 17113170
1663257925 16441130
1663257926 16358450
1663257927 16268350
1663257928 16355164
1663257929 16670726
1663257930 16681220
1663257931 17102464
1663257932 15838944
1663257933 17121014
1663257934 16787220
1663257935 16348592
1663257936 16185564
1663257937 16089104
1663257938 16534198
1663257939 16484908
1663257940 16321986
1663257941 16305132
1663257942 16132458
1663257943 16893856
1663257944 16381558
1663257945 16375622
1663257946 17222456
1663257947 16301422
1663257948 16664684
1663257949 17174014
1663257950 15746724
1663257951 16981730
1663257952 16105640
1663257953 16753194
1663257954 16786478
1663257955 16967102
1663257956 16858558
1663257957 16194362
1663257958 16690018
1663257959 16276406
1663257960 16369686
1663257961 16224784
1663257962 15878800
1663257963 16447278
1663257964 16931168
1663257965 16224572
1663257966 17017876
1663257967 15086450
1663257968 17339480
1663257969 16866614
1663257970 16949612
1663257971 16135002
1663257972 16356436
1663257973 16625782
1663257974 16408800
1663257975 17103842
1663257976 15969748
1663257977 16165424
1663257978 16407316
1663257979 16355058
1663257980 17001764
1663257981 16411132
1663257982 16081684
1663257983 16840962
1663257984 16705918
1663257985 17199030
1663257986 16425866
1663257987 16000488
1663257988 16532078
1663257989 16927458
1663257990 16750332
1663257991 16332692
1663257992 16471764
1663257993 16645286
1663257994 16935302
1663257995 16942192
1663257996 16646770
1663257997 16472082
1663257998 16834920
1663257999 16765596
1663258000 16702102
1663258001 16969328
1663258002 15928196
1663258003 16619634
1663258004 16497946
1663258005 16602674
1663258006 17072360
1663258007 15283610
1663258008 16583700
1663258009 16672952
1663258010 17027522
1663258011 16397776
1663258012 16302694
1663258013 16900852
1663258014 16707296
1663258015 16649102
1663258016 17283618
1663258017 16638184
1663258018 17057626
1663258019 16885164
1663258020 16722772
1663258021 16411450
1663258022 16202100
1663258023 16740156
1663258024 16625464
1663258025 16387918
1663258026 16311916
1663258027 15336186
1663258028 17003884
1663258029 16908060
1663258030 16815946
1663258031 17167442
1663258032 15807144
1663258033 16939648
1663258034 16595996
1663258035 17104372
1663258036 16831316
1663258037 16183338
1663258038 15808204
1663258039 16627160
1663258040 16379862
1663258041 16379120
1663258042 15786580
1663258043 16272272
1663258044 16771638
1663258045 16796972
1663258046 16792732
1663258047 16383572
1663258048 17026144
1663258049 16522220
1663258050 17242808
1663258051 16900322
1663258052 15903816
1663258053 16951944
1663258054 16616348
1663258055 16802484
1663258056 16807572
1663258057 15518612
1663258058 16393642
1663258059 16122918
1663258060 17096528
1663258061 17097376
1663258062 15752872
1663258063 16558260
1663258064 17114442
1663258065 16724044
1663258066 16469856
1663258067 16194574
1663258068 16970706
1663258069 16877532
1663258070 16279692
1663258071 16724044
1663258072 15857176
1663258073 17162248
1663258074 17415376
1663258075 16679736
1663258076 16979398
1663258077 16019356
1663258078 17121014
1663258079 16473248
1663258080 16430636
1663258081 16643060
1663258082 15623022
1663258083 16035362
1663258084 16818066
1663258085 16480456
1663258086 16805770
1663258087 15515644
1663258088 16563348
1663258089 15974200
1663258090 16789658
1663258091 16023596
1663258092 16170194
1663258093 16375834
1663258094 16838100
1663258095 16447384
1663258096 16194468
1663258097 16042888
1663258098 16496674
1663258099 16507592
1663258100 16400214
1663258101 16501126
1663258102 15641572
1663258103 16861526
1663258104 16327180
1663258105 17343932
1663258106 16977596
1663258107 16219060
1663258108 16956926
1663258109 16745244
1663258110 16696484
1663258111 16492328
1663258112 16293790
1663258113 15807250
1663258114 16473778
1663258115 16671362
1663258116 16000488
1663258117 15756476
1663258118 16515330
1663258119 16619740
1663258120 17086670
1663258121 16953110
1663258122 15665846
1663258123 16282766
1663258124 16976324
1663258125 16827500
1663258126 16168180
1663258127 16031864
1663258128 16962968
1663258129 16692880
1663258130 16372654
1663258131 17137126
1663258132 16173692
1663258133 16158534
1663258134 16645286
1663258135 16819020
1663258136 16992224
1663258137 16406468
1663258138 16861844
1663258139 17018088
1663258140 17001552
1663258141 17047980
1663258142 14798448
1663258143 16471764
1663258144 16647406
1663258145 17193200
1663258146 16725210
1663258147 15905512
1663258148 16608292
1663258149 16940496
1663258150 16743124
1663258151 16549674
1663258152 16496568
1663258153 16940496
1663258154 16777786
1663258155 16809586
1663258156 16219378
1663258157 16223300
1663258158 16452154
1663258159 16902654
1663258160 16158110
1663258161 16632460
1663258162 15538964
1663258163 16430848
1663258164 16796018
1663258165 17160658
1663258166 17094832
1663258167 15703476
1663258168 16668924
1663258169 16128536
1663258170 16980670
1663258171 16611684
1663258172 16210898
1663258173 16041828
1663258174 17157902
1663258175 16544374
1663258176 16798668
1663258177 15927560
1663258178 16239200
1663258179 16183338
1663258180 16674754
1663258181 16141044
1663258182 15888658
1663258183 16312340
1663258184 16554868
1663258185 16295804
1663258186 16706660
1663258187 15453316
1663258188 16816158
1663258189 16390462
1663258190 16995934
1663258191 16383254
1663258192 16181854
1663258193 16848382
1663258194 16545434
1663258195 16316156
1663258196 16445476
1663258197 14978224
1663258198 16305132
1663258199 17103418
1663258200 16430742
1663258201 16639032
1663258202 15377950
1663258203 16841174
1663258204 15898092
1663258205 17134158
1663258206 16947598
1663258207 16142952
1663258208 16467948
1663258209 16458938
1663258210 16412934
1663258211 16918872
1663258212 16449822
1663258213 16731994
1663258214 16384208
1663258215 16636064
1663258216 16893856
1663258217 16356224
1663258218 16772910
1663258219 16409648
1663258220 16720652
1663258221 17086140
1663258222 15694678
1663258223 17093030
1663258224 16499854
1663258225 16813932
1663258226 16719592
1663258227 16635958
1663258228 17424810
1663258229 16397882
1663258230 15872652
1663258231 9778818
1663258232 1590


# events submitted
1663257029 2956340
1663257030 991948
1663257031 8002682
1663257032 14417484
1663257033 16463602
1663257034 17271110
1663257035 16436678
1663257036 16725952
1663257037 16848912
1663257038 16920568
1663257039 16865766
1663257040 16080412
1663257041 16242486
1663257042 16591968
1663257043 16232204
1663257044 16847746
1663257045 15592706
1663257046 16771850
1663257047 16372124
1663257048 15738880
1663257049 16520418
1663257050 15965296
1663257051 16210898
1663257052 16367354
1663257053 16152174
1663257054 15999110
1663257055 16053594
1663257056 16943146
1663257057 16451730
1663257058 16122176
1663257059 16506108
1663257060 15455012
1663257061 16266866
1663257062 16445370
1663257063 16432120
1663257064 16638820
1663257065 15187468
1663257066 16807572
1663257067 16824956
1663257068 16069812
1663257069 16115074
1663257070 15753190
1663257071 16589530
1663257072 16217258
1663257073 16261990
1663257074 16521054
1663257075 15503984
1663257076 16562076
1663257077 16160972
1663257078 16290928
1663257079 16810858
1663257080 15635954
1663257081 16229024
1663257082 16735916
1663257083 16343716
1663257084 16109562
1663257085 15649098
1663257086 16523174
1663257087 16484484
1663257088 16320926
1663257089 16529004
1663257090 16220014
1663257091 16608610
1663257092 16219908
1663257093 15980030
1663257094 16275028
1663257095 15378268
1663257096 16282660
1663257097 16370852
1663257098 16059424
1663257099 16675920
1663257100 15964130
1663257101 16677722
1663257102 16821564
1663257103 16377848
1663257104 16383572
1663257105 15088888
1663257106 12390446
1663257107 11362882
1663257108 12407830
1663257109 13144212
1663257110 10757622
1663257111 12391294
1663257112 13562488
1663257113 12956592
1663257114 10730804
1663257115 9411104
1663257116 11847090
1663257117 11348148
1663257118 13135838
1663257119 10976512
1663257120 10838500
1663257121 11064704
1663257122 12174524
1663257123 14474618
1663257124 11064386
1663257125 7447348
1663257126 7267572
1663257127 7101258
1663257128 6933142
1663257129 8324392
1663257130 9855774
1663257131 9442162
1663257132 8394140
1663257133 7755490
1663257134 6716160
1663257135 8486996
1663257136 8369866
1663257137 9075084
1663257138 9851534
1663257139 7949152
1663257140 6232588
1663257141 8111756
1663257142 9105718
1663257143 5594680
1663257144 7990916
1663257145 7732806
1663257146 7466428
1663257147 8628294
1663257148 8311778
1663257149 8498974
1663257150 7374314
1663257151 8090132
1663257152 7200368
1663257153 9198892
1663257154 11078590
1663257155 12079760
1663257156 12834162
1663257157 11302780
1663257158 10935914
1663257159 12428500
1663257160 7893714
1663257161 7977772
1663257162 9054308
1663257163 8746802
1663257164 8793654
1663257165 8359266
1663257166 6947664
1663257167 6487730
1663257168 10145048
1663257169 8487844
1663257170 8689456
1663257171 9234932
1663257172 6753684
1663257173 8634336
1663257174 10149182
1663257175 7405902
1663257176 8483710
1663257177 8029182
1663257178 6881202
1663257179 9372626
1663257180 8258142
1663257181 8392974
1663257182 7986994
1663257183 8420746
1663257184 8274254
1663257185 8235246
1663257186 8010102
1663257187 9002792
1663257188 9130840
1663257189 8388416
1663257190 7826086
1663257191 8718818
1663257192 8377710
1663257193 8645572
1663257194 8012540
1663257195 6206194
1663257196 8584410
1663257197 8171328
1663257198 7332550
1663257199 7533420
1663257200 8260368
1663257201 7037552
1663257202 7765136
1663257203 6915970
1663257204 7679382
1663257205 8027168
1663257206 6617580
1663257207 7596914
1663257208 8633064
1663257209 9559080
1663257210 6904204
1663257211 4231944
1663257212 3723462
1663257213 4831480
1663257214 5133792
1663257215 6789406
1663257216 8519538
1663257217 7595536
1663257218 10057598
1663257219 6944484
1663257220 9006290
1663257221 8711186
1663257222 9590138
1663257223 7262908
1663257224 8824500
1663257225 7004374
1663257226 9013922
1663257227 8562256
1663257228 9279558
1663257229 7378342
1663257230 7666662
1663257231 8504804
1663257232 9175148
1663257233 8534166
1663257234 7079952
1663257235 8638788
1663257236 10310938
1663257237 9415556
1663257238 7811034
1663257239 8887782
1663257240 8387462
1663257241 7336472
1663257242 7468548
1663257243 7539462
1663257244 8168996
1663257245 6619806
1663257246 6884382
1663257247 8139846
1663257248 8247118
1663257249 7041474
1663257250 6045710
1663257251 7875694
1663257252 9095754
1663257253 7829584
1663257254 8662744
1663257255 8642074
1663257256 8501836
1663257257 7309230
1663257258 7125426
1663257259 9195712
1663257260 7349616
1663257261 8945764
1663257262 8352164
1663257263 9132642
1663257264 8142708
1663257265 5688702
1663257266 8211290
1663257267 8798106
1663257268 9232706
1663257269 8055046
1663257270 8036072
1663257271 8703024
1663257272 5963772
1663257273 3085024
1663257274 4219860
1663257275 3715618
1663257276 5395082
1663257277 6491970
1663257278 7380780
1663257279 6078464
1663257280 7532890
1663257281 7698250
1663257282 9973540
1663257283 7066702
1663257284 8441310
1663257285 8418308
1663257286 7119384
1663257287 8681612
1663257288 6039032
1663257289 7318452
1663257290 9480746
1663257291 7321208
1663257292 7763652
1663257293 7380568
1663257294 8224858
1663257295 7414488
1663257296 9498448
1663257297 7735668
1663257298 7880994
1663257299 7783368
1663257300 8670164
1663257301 8420534
1663257302 7702808
1663257303 7473742
1663257304 8361598
1663257305 8240652
1663257306 8810720
1663257307 8135924
1663257308 7702490
1663257309 8758038
1663257310 8125960
1663257311 8474806
1663257312 8448730
1663257313 7857780
1663257314 7726552
1663257315 7511266
1663257316 8426046
1663257317 8482968
1663257318 7203442
1663257319 6457838
1663257320 9593212
1663257321 6614612
1663257322 8095962
1663257323 5741066
1663257324 8166346
1663257325 8236942
1663257326 7358732
1663257327 8195814
1663257328 8871988
1663257329 8261958
1663257330 8672708
1663257331 7139524
1663257332 7784322
1663257333 8337112
1663257334 6438758
1663257335 7371452
1663257336 6864030
1663257337 4425394
1663257338 7363820
1663257339 7343574
1663257340 7374738
1663257341 7030980
1663257342 9212460
1663257343 7886400
1663257344 8146418
1663257345 8141754
1663257346 9596074
1663257347 8394988
1663257348 7741392
1663257349 8104548
1663257350 9136882
1663257351 8176416
1663257352 6983068
1663257353 8559182
1663257354 8344426
1663257355 9433576
1663257356 6792268
1663257357 7766620
1663257358 9034380
1663257359 7777326
1663257360 6500874
1663257361 7234076
1663257362 7522078
1663257363 7494200
1663257364 8323332
1663257365 8625750
1663257366 8023988
1663257367 6977874
1663257368 8353330
1663257369 9171862
1663257370 9200800
1663257371 8364036
1663257372 8071476
1663257373 8934952
1663257374 8791746
1663257375 7977348
1663257376 6260890
1663257377 8938026
1663257378 9597452
1663257379 7331596
1663257380 8545084
1663257381 8980638
1663257382 8404104
1663257383 7440034
1663257384 7481162
1663257385 7631364
1663257386 9287084
1663257387 7710016
1663257388 9587912
1663257389 7699098
1663257390 6588642
1663257391 9042436
1663257392 6471406
1663257393 7620022
1663257394 7172702
1663257395 2065198
1663257396 5640472
1663257397 3667706
1663257398 7958480
1663257399 6675668
1663257400 8996326
1663257401 9548480
1663257402 7494412
1663257403 8393080
1663257404 6205770
1663257405 8593950
1663257406 8205248
1663257407 7133058
1663257408 9247546
1663257409 10057810
1663257410 7649066
1663257411 8405588
1663257412 7442684
1663257413 9299592
1663257414 9980748
1663257415 8948308
1663257416 8968024
1663257417 7691678
1663257418 9488166
1663257419 7922864
1663257420 8089920
1663257421 8290154
1663257422 7501514
1663257423 7689770
1663257424 8807858
1663257425 7516248
1663257426 10821328
1663257427 7641752
1663257428 9304998
1663257429 7194432
1663257430 8894036
1663257431 7438232
1663257432 6788028
1663257433 7764606
1663257434 8446292
1663257435 9300440
1663257436 9304786
1663257437 6460382
1663257438 7123624
1663257439 6018362
1663257440 8890644
1663257441 7197188
1663257442 8552398
1663257443 8358842
1663257444 9648226
1663257445 9057912
1663257446 9384180
1663257447 7747328
1663257448 10839348
1663257449 6909398
1663257450 7483282
1663257451 8081016
1663257452 8557804
1663257453 9180236
1663257454 8136984
1663257455 6884594
1663257456 2821508
1663257457 5256646
1663257458 3694948
1663257459 1660278
1663257460 2560006
1663257461 6481900
1663257462 7188920
1663257463 7094792
1663257464 8434208
1663257465 9927006
1663257466 7538614
1663257467 8520386
1663257468 7337638
1663257469 8899442
1663257470 9894358
1663257471 6633374
1663257472 8106138
1663257473 7891170
1663257474 8897428
1663257475 8905696
1663257476 8848244
1663257477 6997378
1663257478 9025688
1663257479 8948732
1663257480 8165286
1663257481 8290366
1663257482 7652034
1663257483 9212778
1663257484 6214250
1663257485 5939498
1663257486 8248708
1663257487 6872616
1663257488 9732602
1663257489 8459860
1663257490 10005234
1663257491 9278922
1663257492 8001834
1663257493 9287402
1663257494 8581018
1663257495 7058328
1663257496 6847600
1663257497 6396252
1663257498 8186486
1663257499 7982860
1663257500 7928800
1663257501 9963258
1663257502 8228992
1663257503 10593534
1663257504 6790890
1663257505 7707260
1663257506 9088970
1663257507 7281352
1663257508 8121508
1663257509 8882376
1663257510 7336578
1663257511 7353114
1663257512 9563956
1663257513 7546564
1663257514 9200270
1663257515 8032256
1663257516 7876012
1663257517 5763750
1663257518 4311232
1663257519 3301476
1663257520 3205122
1663257521 4173750
1663257522 3958464
1663257523 8648328
1663257524 7164010
1663257525 9131052
1663257526 8043810
1663257527 6113338
1663257528 7506602
1663257529 6855126
1663257530 5619272
1663257531 7837428
1663257532 7929118
1663257533 9245956
1663257534 7547200
1663257535 7669630
1663257536 8839128
1663257537 6123726
1663257538 9213414
1663257539 8609850
1663257540 9014664
1663257541 7800646
1663257542 7615358
1663257543 8826938
1663257544 9499720
1663257545 7489536
1663257546 9123950
1663257547 9380258
1663257548 7911204
1663257549 8160304
1663257550 8530668
1663257551 6004582
1663257552 6935580
1663257553 6389256
1663257554 8559394
1663257555 7989008
1663257556 7055360
1663257557 6694324
1663257558 8446080
1663257559 9374216
1663257560 9199528
1663257561 7195386
1663257562 8079638
1663257563 7418728
1663257564 7782732
1663257565 7641540
1663257566 8335628
1663257567 8330116
1663257568 9569892
1663257569 8184260
1663257570 8858950
1663257571 8571266
1663257572 6849190
1663257573 8467704
1663257574 7495578
1663257575 6429324
1663257576 8636668
1663257577 8836796
1663257578 10007990
1663257579 7599988
1663257580 3252716
1663257581 3342710
1663257582 7715422
1663257583 7925090
1663257584 7622460
1663257585 9564486
1663257586 8343260
1663257587 7183196
1663257588 8608472
1663257589 9122890
1663257590 8757084
1663257591 8412690
1663257592 6253152
1663257593 9074872
1663257594 8996962
1663257595 9219774
1663257596 8868808
1663257597 8105502
1663257598 6865514
1663257599 7516036
1663257600 9165608
1663257601 9227724
1663257602 6929750
1663257603 9673030
1663257604 7519110
1663257605 8312944
1663257606 8251888
1663257607 6864772
1663257608 8942372
1663257609 6086944
1663257610 7409612
1663257611 8260792
1663257612 6928266
1663257613 7196446
1663257614 7849936
1663257615 6451902
1663257616 6751458
1663257617 7031510
1663257618 7344952
1663257619 7836156
1663257620 8085680
1663257621 6395404
1663257622 6707362
1663257623 8007346
1663257624 7717860
1663257625 9898598
1663257626 9234296
1663257627 8814960
1663257628 7119914
1663257629 9768006
1663257630 7463460
1663257631 8653416
1663257632 7694964
1663257633 7712454
1663257634 9056534
1663257635 9658296
1663257636 9018056
1663257637 8671542
1663257638 7043170
1663257639 7854812
1663257640 8741714
1663257641 9113350
1663257642 5649376
1663257643 4101034
1663257644 3988356
1663257645 5136442
1663257646 6207678
1663257647 6660086
1663257648 8097976
1663257649 8291850
1663257650 8088118
1663257651 9073282
1663257652 7562676
1663257653 10064276
1663257654 8233020
1663257655 9908456
1663257656 7572110
1663257657 7347496
1663257658 7666450
1663257659 8216272
1663257660 8333614
1663257661 8033740
1663257662 7708744
1663257663 8358524
1663257664 7975334
1663257665 7149170
1663257666 10108266
1663257667 9131688
1663257668 8680022
1663257669 7587904
1663257670 7515294
1663257671 8451698
1663257672 7231108
1663257673 9170484
1663257674 9453398
1663257675 7413640
1663257676 7426784
1663257677 7044866
1663257678 7965794
1663257679 8864462
1663257680 8376226
1663257681 7257502
1663257682 7656592
1663257683 7364774
1663257684 9736418
1663257685 7237150
1663257686 8009678
1663257687 6788452
1663257688 8150658
1663257689 9097344
1663257690 9757724
1663257691 9054308
1663257692 8033422
1663257693 10593958
1663257694 8324710
1663257695 8515616
1663257696 6801490
1663257697 7961554
1663257698 7902406
1663257699 6463880
1663257700 9767900
1663257701 8311248
1663257702 6692522
1663257703 8785492
1663257704 5131566
1663257705 4777314
1663257706 2376096
1663257707 3804234
1663257708 5744564
1663257709 6847918
1663257710 9306906
1663257711 7862868
1663257712 5998328
1663257713 7904526
1663257714 8400076
1663257715 7774676
1663257716 6881202
1663257717 7994202
1663257718 7703232
1663257719 6391588
1663257720 6989534
1663257721 7123730
1663257722 6132206
1663257723 7840502
1663257724 9150980
1663257725 8633382
1663257726 9089394
1663257727 8553670
1663257728 7448938
1663257729 8821532
1663257730 7499818
1663257731 7973108
1663257732 7556422
1663257733 9920222
1663257734 8665500
1663257735 8146524
1663257736 8189454
1663257737 6854914
1663257738 8632004
1663257739 7825556
1663257740 8692530
1663257741 9125434
1663257742 7658076
1663257743 7844106
1663257744 8601794
1663257745 6828096
1663257746 8324922
1663257747 8702494
1663257748 6629982
1663257749 7253262
1663257750 7143340
1663257751 10025056
1663257752 7684364
1663257753 8918628
1663257754 7079634
1663257755 8664228
1663257756 6942364
1663257757 6068394
1663257758 8184684
1663257759 8518690
1663257760 8581124
1663257761 8726238
1663257762 8276056
1663257763 9680450
1663257764 9675150
1663257765 8564588
1663257766 7579954
1663257767 9374958
1663257768 3867410
1663257769 4790246
1663257770 4349498
1663257771 8413962
1663257772 6251456
1663257773 9742672
1663257774 8281250
1663257775 7089174
1663257776 8347818
1663257777 7705988
1663257778 7531936
1663257779 9327364
1663257780 8038616
1663257781 7961660
1663257782 7427420
1663257783 8724648
1663257784 7731216
1663257785 7387034
1663257786 9620136
1663257787 8882270
1663257788 7846544
1663257789 8138044
1663257790 9199210
1663257791 7687226
1663257792 6667506
1663257793 9121618
1663257794 8105714
1663257795 9514984
1663257796 6847706
1663257797 7966854
1663257798 8905378
1663257799 7076454
1663257800 8444384
1663257801 9026854
1663257802 8669740
1663257803 7569354
1663257804 8005756
1663257805 9973540
1663257806 7624050
1663257807 8297786
1663257808 7133800
1663257809 8369336
1663257810 9342416
1663257811 9441950
1663257812 6672806
1663257813 9225604
1663257814 7756656
1663257815 7400708
1663257816 6945862
1663257817 6440242
1663257818 8871776
1663257819 7962084
1663257820 8091616
1663257821 7698674
1663257822 7669948
1663257823 8596918
1663257824 5984654
1663257825 7704928
1663257826 7959222
1663257827 5253148
1663257828 3627320
1663257829 3217418
1663257830 7537130
1663257831 7934100
1663257832 7667722
1663257833 7664542
1663257834 7482328
1663257835 6775520
1663257836 7029496
1663257837 6992502
1663257838 9382378
1663257839 8137302
1663257840 6940032
1663257841 8076140
1663257842 8568616
1663257843 8444384
1663257844 8712034
1663257845 8128928
1663257846 8276374
1663257847 7405796
1663257848 9659568
1663257849 7594158
1663257850 7169416
1663257851 7372830
1663257852 7825132
1663257853 8650660
1663257854 7523562
1663257855 8297044
1663257856 8795880
1663257857 8085150
1663257858 6667718
1663257859 7608680
1663257860 8046778
1663257861 7114826
1663257862 8000244
1663257863 9550282
1663257864 6741706
1663257865 6262268
1663257866 7614510
1663257867 7006918
1663257868 8146630
1663257869 6997272
1663257870 8341882
1663257871 5843780
1663257872 6885866
1663257873 8939616
1663257874 9047842
1663257875 7342196
1663257876 7969186
1663257877 8280614
1663257878 7311456
1663257879 7188072
1663257880 8029394
1663257881 7850254
1663257882 8310294
1663257883 10067244
1663257884 7974486
1663257885 7657652
1663257886 8197934
1663257887 6631784
1663257888 7340182
1663257889 7997276
1663257890 6366042
1663257891 8540844
1663257892 8208428
1663257893 9707162
1663257894 9029716
1663257895 8377180
1663257896 7798844
1663257897 7470562
1663257898 7550486
1663257899 7468018
1663257900 9264930
1663257901 9457002
1663257902 8086528
1663257903 8145252
1663257904 8542752
1663257905 9079960
1663257906 10219672
1663257907 8418308
1663257908 6782410
1663257909 8090768
1663257910 7653200
1663257911 7415760
1663257912 8236942
1663257913 8028546
1663257914 7474908
1663257915 6730364
1663257916 7838488
1663257917 8287080
1663257918 8680128
1663257919 8159138
1663257920 7460492
1663257921 6844632
1663257922 8168254
1663257923 6523346
1663257924 7320466
1663257925 8784432
1663257926 7114932
1663257927 7678216
1663257928 9029292
1663257929 8439826
1663257930 8214364
1663257931 8019854
1663257932 8037450
1663257933 7119066
1663257934 8689456
1663257935 7653730
1663257936 8013388
1663257937 8426364
1663257938 9292066
1663257939 9736312
1663257940 9583354
1663257941 8434738
1663257942 7922440
1663257943 8309234
1663257944 7423498
1663257945 8370078
1663257946 7406114
1663257947 7589918
1663257948 7407598
1663257949 7622036
1663257950 8502154
1663257951 7681926
1663257952 4320560
1663257953 5142166
1663257954 5462604
1663257955 4117888
1663257956 6670474
1663257957 7622566
1663257958 7379402
1663257959 7244464
1663257960 7439610
1663257961 8862554
1663257962 8196874
1663257963 8470778
1663257964 8102110
1663257965 7398482
1663257966 6861062
1663257967 6412788
1663257968 9986684
1663257969 8717758
1663257970 6344630
1663257971 6615248
1663257972 8625432
1663257973 8486678
1663257974 9285282
1663257975 8049958
1663257976 9127024
1663257977 8861812
1663257978 8797788
1663257979 7975122
1663257980 7395408
1663257981 7878450
1663257982 6798840
1663257983 8500776
1663257984 8689350
1663257985 10258362
1663257986 7368590
1663257987 7719132
1663257988 8414386
1663257989 8302874
1663257990 8552080
1663257991 7999502
1663257992 7383006
1663257993 8558016
1663257994 8494840
1663257995 7890428
1663257996 7295662
1663257997 8139210
1663257998 7312728
1663257999 7097336
1663258000 7612284
1663258001 8523142
1663258002 6317812
1663258003 8453076
1663258004 8106562
1663258005 8582290
1663258006 7636346
1663258007 8574446
1663258008 7338274
1663258009 8619920
1663258010 7802236
1663258011 9116318
1663258012 7360004
1663258013 7006494
1663258014 7654260
1663258015 5321306
1663258016 5207992
1663258017 6865938
1663258018 7196658
1663258019 7937174
1663258020 7714786
1663258021 8153838
1663258022 7425088
1663258023 8151612
1663258024 8935588
1663258025 8584092
1663258026 8273406
1663258027 6139626
1663258028 7973108
1663258029 7946820
1663258030 8015614
1663258031 8236518
1663258032 6662100
1663258033 9443222
1663258034 9199952
1663258035 9569044
1663258036 7665072
1663258037 8593420
1663258038 8351104
1663258039 9928490
1663258040 7512750
1663258041 8591512
1663258042 6957628
1663258043 7580272
1663258044 8088966
1663258045 6919892
1663258046 7932510
1663258047 6646412
1663258048 9372626
1663258049 8004484
1663258050 8988058
1663258051 8641332
1663258052 7244146
1663258053 8731538
1663258054 8646632
1663258055 6167716
1663258056 7418198
1663258057 7155530
1663258058 7939188
1663258059 7320678
1663258060 6616626
1663258061 9646848
1663258062 8224540
1663258063 8021762
1663258064 9605402
1663258065 8700798
1663258066 7698992
1663258067 8914600
1663258068 8498550
1663258069 7553454
1663258070 8396048
1663258071 8231006
1663258072 8413750
1663258073 6876644
1663258074 7206834
1663258075 6330426
1663258076 7510100
1663258077 1929836
1663258078 2635160
1663258079 4205020
1663258080 8443430
1663258081 9487318
1663258082 8785916
1663258083 7190298
1663258084 9420644
1663258085 9665928
1663258086 9466966
1663258087 7350782
1663258088 9488590
1663258089 6846222
1663258090 8377286
1663258091 8289412
1663258092 8864038
1663258093 7680548
1663258094 7581968
1663258095 9113774
1663258096 7260152
1663258097 8303192
1663258098 9309874
1663258099 7620764
1663258100 8064692
1663258101 6554298
1663258102 8398804
1663258103 8621722
1663258104 7539038
1663258105 8534590
1663258106 8796622
1663258107 8376120
1663258108 8452546
1663258109 9023144
1663258110 8485512
1663258111 7604122
1663258112 6562460
1663258113 7437490
1663258114 9556960
1663258115 8793018
1663258116 8241288
1663258117 6834138
1663258118 7998018
1663258119 8940570
1663258120 7785806
1663258121 7369226
1663258122 5898052
1663258123 9450642
1663258124 8328314
1663258125 6755274
1663258126 8422124
1663258127 7052710
1663258128 8678538
1663258129 9222424
1663258130 8707370
1663258131 7965052
1663258132 7904950
1663258133 9286024
1663258134 8469188
1663258135 9381530
1663258136 8860116
1663258137 6007974
1663258138 7922016
1663258139 5264384
1663258140 3861898
1663258141 4370062
1663258142 4660396
1663258143 3620960
1663258144 7836580
1663258145 10153740
1663258146 10154270
1663258147 7053558
1663258148 8567556
1663258149 8698466
1663258150 7020910
1663258151 8502896
1663258152 8340610
1663258153 7527908
1663258154 10312422
1663258155 8481272
1663258156 8396048
1663258157 7640056
1663258158 9499402
1663258159 9397218
1663258160 9220304
1663258161 6157646
1663258162 8930818
1663258163 9381318
1663258164 10263344
1663258165 8796940
1663258166 10423298
1663258167 7215844
1663258168 8641544
1663258169 8449366
1663258170 8157760
1663258171 8703872
1663258172 5511788
1663258173 6761316
1663258174 8656490
1663258175 7956466
1663258176 8294394
1663258177 7794604
1663258178 8036920
1663258179 7880570
1663258180 8223374
1663258181 6432186
1663258182 7979150
1663258183 7997064
1663258184 7618750
1663258185 7775418
1663258186 8082288
1663258187 7875906
1663258188 9029504
1663258189 8945340
1663258190 8893718
1663258191 8669528
1663258192 9305846
1663258193 10219990
1663258194 7606030
1663258195 7519640
1663258196 8321636
1663258197 6934626
1663258198 6740752
1663258199 9751894
1663258200 9027702
1663258201 7617478
1663258202 5780286
1663258203 3209892
1663258204 3409278
1663258205 4257384
1663258206 3061810
1663258207 2637810
1663258208 4977654
1663258209 8472580
1663258210 9266202
1663258211 8944386
1663258212 8224328
1663258213 9024734
1663258214 8061830
1663258215 7116310
1663258216 7269798
1663258217 6737572
1663258218 8915660
1663258219 7037976
1663258220 8247860
1663258221 7452648
1663258222 7038188
1663258223 8457528
1663258224 6829580
1663258225 7640586
1663258226 8562574
1663258227 8988800
1663258228 9301394
1663258229 10175364
1663258230 6818556
1663258231 4739896
1663258232 424


# events lost
1663257106 4281234
1663257107 4730356
1663257108 4138346
1663257109 3468850
1663257110 4883738
1663257111 4260458
1663257112 3434294
1663257113 3348010
1663257114 5894130
1663257115 5474688
1663257116 4133152
1663257117 4894550
1663257118 3685938
1663257119 5412360
1663257120 5260674
1663257121 5668880
1663257122 4510936
1663257123 2120848
1663257124 5708630
1663257125 9000142
1663257126 9232600
1663257127 10466228
1663257128 9751258
1663257129 8152884
1663257130 6255378
1663257131 7003314
1663257132 7947032
1663257133 9366478
1663257134 9626390
1663257135 7474378
1663257136 8411842
1663257137 7516354
1663257138 7189026
1663257139 9209916
1663257140 9570422
1663257141 8473958
1663257142 7180440
1663257143 10203666
1663257144 9377502
1663257145 7943110
1663257146 9984246
1663257147 8280614
1663257148 8397532
1663257149 8374212
1663257150 8849728
1663257151 8819942
1663257152 9292596
1663257153 7036492
1663257154 5801380
1663257155 3997790
1663257156 3854902
1663257157 4867626
1663257158 5799260
1663257159 4208306
1663257160 7925514
1663257161 8782418
1663257162 8182140
1663257163 7943110
1663257164 8326724
1663257165 8054940
1663257166 9298214
1663257167 9856410
1663257168 6739798
1663257169 8724224
1663257170 8072536
1663257171 6948088
1663257172 9693594
1663257173 8479788
1663257174 7238422
1663257175 8849092
1663257176 8014342
1663257177 8831920
1663257178 9803516
1663257179 7642282
1663257180 8060028
1663257181 8202598
1663257182 8976504
1663257183 8498020
1663257184 8693272
1663257185 7191252
1663257186 9035758
1663257187 7576774
1663257188 7767574
1663257189 8482438
1663257190 8039676
1663257191 8139316
1663257192 8091298
1663257193 7734078
1663257194 8745424
1663257195 9464952
1663257196 8414280
1663257197 7828948
1663257198 9641654
1663257199 8969084
1663257200 7610800
1663257201 9999934
1663257202 9044026
1663257203 9686916
1663257204 8919688
1663257205 7698780
1663257206 10290586
1663257207 8309870
1663257208 7792590
1663257209 7082284
1663257210 8864886
1663257211 12464964
1663257212 13576586
1663257213 12078064
1663257214 11412066
1663257215 9383438
1663257216 8682354
1663257217 9150026
1663257218 6851204
1663257219 10096500
1663257220 6951692
1663257221 7759094
1663257222 6702804
1663257223 9466436
1663257224 8261746
1663257225 8850470
1663257226 8085680
1663257227 7807430
1663257228 6986884
1663257229 9653526
1663257230 8456044
1663257231 7827040
1663257232 7806052
1663257233 8205248
1663257234 9497282
1663257235 7278066
1663257236 6663902
1663257237 7897106
1663257238 8326724
1663257239 7543066
1663257240 7482964
1663257241 9762176
1663257242 9654480
1663257243 9669638
1663257244 8534696
1663257245 9527068
1663257246 9983398
1663257247 8671118
1663257248 8355874
1663257249 8907392
1663257250 9346656
1663257251 9606250
1663257252 7395938
1663257253 9182462
1663257254 8334992
1663257255 7186270
1663257256 8655536
1663257257 9279346
1663257258 9646636
1663257259 7438868
1663257260 8232808
1663257261 7575820
1663257262 8421488
1663257263 7497062
1663257264 8460708
1663257265 10013396
1663257266 8588226
1663257267 7674188
1663257268 7005646
1663257269 9097874
1663257270 8255810
1663257271 8350574
1663257272 10614310
1663257273 14146866
1663257274 12290806
1663257275 12589832
1663257276 11144734
1663257277 10759000
1663257278 9652254
1663257279 11216390
1663257280 8230158
1663257281 8729948
1663257282 7017624
1663257283 9503536
1663257284 8509680
1663257285 7965476
1663257286 9992090
1663257287 8424456
1663257288 10153634
1663257289 9653844
1663257290 6696338
1663257291 9015088
1663257292 9234190
1663257293 9189352
1663257294 8450320
1663257295 8598720
1663257296 6589490
1663257297 8892446
1663257298 8992298
1663257299 9196560
1663257300 7457736
1663257301 8682354
1663257302 9392660
1663257303 9516680
1663257304 8869338
1663257305 8088648
1663257306 7947350
1663257307 8620238
1663257308 8566072
1663257309 8762702
1663257310 8027804
1663257311 7855766
1663257312 7881312
1663257313 8376544
1663257314 9084200
1663257315 9830864
1663257316 8263230
1663257317 7798420
1663257318 9443540
1663257319 10499724
1663257320 7996852
1663257321 9656070
1663257322 7716058
1663257323 11096504
1663257324 8419792
1663257325 8202386
1663257326 8755070
1663257327 7313788
1663257328 7789622
1663257329 8275526
1663257330 8040100
1663257331 9534276
1663257332 7593628
1663257333 8503850
1663257334 10846556
1663257335 9600208
1663257336 10429870
1663257337 11063644
1663257338 9746594
1663257339 9617804
1663257340 8735672
1663257341 9884712
1663257342 6835304
1663257343 9280194
1663257344 8689138
1663257345 8395624
1663257346 7057904
1663257347 8279554
1663257348 8962512
1663257349 8637304
1663257350 7405372
1663257351 8095856
1663257352 9146528
1663257353 8562150
1663257354 8720514
1663257355 7903360
1663257356 10118972
1663257357 8112922
1663257358 7254534
1663257359 8732810
1663257360 10767586
1663257361 9562260
1663257362 8491554
1663257363 9121088
1663257364 8192740
1663257365 8177052
1663257366 9010424
1663257367 8900608
1663257368 8712034
1663257369 7411414
1663257370 7015292
1663257371 8268000
1663257372 7989008
1663257373 7146838
1663257374 8180444
1663257375 8822910
1663257376 10349098
1663257377 6918832
1663257378 7596490
1663257379 9878776
1663257380 8942584
1663257381 8472050
1663257382 8191150
1663257383 9020388
1663257384 9588760
1663257385 8872624
1663257386 7987630
1663257387 8265350
1663257388 6986672
1663257389 8429968
1663257390 9577100
1663257391 7238952
1663257392 9536714
1663257393 8981592
1663257394 9864784
1663257395 15133726
1663257396 11352070
1663257397 12524218
1663257398 8642604
1663257399 9782634
1663257400 7920214
1663257401 7065324
1663257402 8919900
1663257403 7626594
1663257404 10526648
1663257405 8214788
1663257406 8607412
1663257407 8849410
1663257408 7502998
1663257409 7400708
1663257410 8405058
1663257411 8575400
1663257412 8642180
1663257413 7615782
1663257414 6653090
1663257415 7546988
1663257416 7524834
1663257417 7956148
1663257418 7039354
1663257419 9103916
1663257420 8267788
1663257421 8594374
1663257422 8309128
1663257423 9172180
1663257424 8337112
1663257425 9597240
1663257426 6021754
1663257427 8701116
1663257428 7580590
1663257429 9778288
1663257430 7437490
1663257431 9184688
1663257432 9003534
1663257433 9521344
1663257434 8145146
1663257435 6883322
1663257436 7597126
1663257437 9589290
1663257438 10077844
1663257439 10403900
1663257440 7730792
1663257441 9626284
1663257442 8248920
1663257443 7934736
1663257444 7039142
1663257445 7674506
1663257446 7692526
1663257447 7866366
1663257448 6091290
1663257449 9889376
1663257450 9582930
1663257451 8414916
1663257452 7716270
1663257453 7619174
1663257454 8742350
1663257455 10397858
1663257456 13881336
1663257457 10461140
1663257458 13047964
1663257459 15404132
1663257460 14632558
1663257461 10236950
1663257462 8607942
1663257463 9658296
1663257464 8677054
1663257465 6379292
1663257466 8365732
1663257467 6985506
1663257468 9779984
1663257469 7163374
1663257470 7459114
1663257471 10143458
1663257472 7605818
1663257473 8984348
1663257474 7942050
1663257475 8104336
1663257476 8052502
1663257477 9037984
1663257478 7517626
1663257479 8058968
1663257480 8588438
1663257481 8852908
1663257482 8250828
1663257483 7887566
1663257484 10970152
1663257485 10671550
1663257486 8569782
1663257487 8849092
1663257488 6957946
1663257489 8492826
1663257490 6389044
1663257491 7267466
1663257492 8387250
1663257493 7071472
1663257494 8099142
1663257495 10412168
1663257496 10480538
1663257497 9065438
1663257498 8140376
1663257499 8645360
1663257500 8948308
1663257501 7055466
1663257502 7789198
1663257503 6242340
1663257504 9858106
1663257505 9089394
1663257506 7438656
1663257507 9652360
1663257508 8696558
1663257509 7481162
1663257510 9908562
1663257511 9616850
1663257512 6623516
1663257513 9341568
1663257514 8109530
1663257515 8569464
1663257516 8920430
1663257517 10646852
1663257518 12616862
1663257519 13093014
1663257520 14161494
1663257521 12669968
1663257522 12231340
1663257523 8820154
1663257524 9658508
1663257525 7902512
1663257526 9067346
1663257527 9544028
1663257528 9185854
1663257529 10440364
1663257530 11495912
1663257531 9036394
1663257532 8370290
1663257533 7187860
1663257534 9095966
1663257535 9256768
1663257536 7997594
1663257537 9288992
1663257538 7385338
1663257539 8352800
1663257540 7518050
1663257541 9103280
1663257542 7951060
1663257543 7886294
1663257544 6402188
1663257545 9576676
1663257546 8042432
1663257547 7194538
1663257548 8697194
1663257549 8418520
1663257550 7512220
1663257551 10768010
1663257552 8682248
1663257553 10382276
1663257554 7845590
1663257555 9016678
1663257556 10269492
1663257557 9190412
1663257558 7993036
1663257559 7322374
1663257560 8284642
1663257561 9316446
1663257562 7984556
1663257563 9262810
1663257564 9067664
1663257565 9048054
1663257566 8332342
1663257567 7767892
1663257568 7425512
1663257569 8983076
1663257570 8307432
1663257571 7977984
1663257572 9064060
1663257573 8120236
1663257574 9214262
1663257575 10266418
1663257576 7978090
1663257577 7153198
1663257578 7236090
1663257579 9428912
1663257580 13203148
1663257581 13247456
1663257582 8362552
1663257583 9032578
1663257584 9575722
1663257585 7352160
1663257586 8587378
1663257587 8716168
1663257588 7739590
1663257589 7390638
1663257590 7612178
1663257591 8569146
1663257592 10008626
1663257593 7162844
1663257594 7638572
1663257595 7577940
1663257596 7744360
1663257597 7550910
1663257598 10206634
1663257599 8978306
1663257600 7489430
1663257601 7141326
1663257602 8815384
1663257603 7211180
1663257604 8486784
1663257605 8597554
1663257606 8946824
1663257607 8661366
1663257608 7855342
1663257609 10666356
1663257610 9283162
1663257611 8843156
1663257612 9327788
1663257613 9351956
1663257614 8420322
1663257615 10229848
1663257616 10168368
1663257617 8457210
1663257618 8853332
1663257619 8731114
1663257620 8616210
1663257621 10202182
1663257622 9247864
1663257623 9452020
1663257624 9151510
1663257625 6854702
1663257626 7852586
1663257627 6961338
1663257628 9656918
1663257629 6543592
1663257630 8987528
1663257631 8447458
1663257632 8962088
1663257633 8930500
1663257634 7626276
1663257635 6531296
1663257636 7753476
1663257637 6887138
1663257638 9263870
1663257639 8539572
1663257640 8045294
1663257641 8030772
1663257642 10603392
1663257643 12884724
1663257644 12894264
1663257645 12005454
1663257646 10735044
1663257647 9385028
1663257648 9016890
1663257649 8789944
1663257650 7940778
1663257651 8028970
1663257652 8640590
1663257653 6932930
1663257654 8676100
1663257655 7180758
1663257656 9102114
1663257657 7936962
1663257658 9235038
1663257659 8856088
1663257660 8493780
1663257661 8637092
1663257662 8725390
1663257663 8247860
1663257664 8917674
1663257665 9997602
1663257666 6349400
1663257667 7209696
1663257668 8484134
1663257669 8363612
1663257670 9100206
1663257671 8598614
1663257672 9067346
1663257673 7737470
1663257674 7040520
1663257675 8692742
1663257676 9665504
1663257677 8446080
1663257678 9112290
1663257679 8543176
1663257680 8482014
1663257681 9250938
1663257682 8174402
1663257683 9274682
1663257684 6784636
1663257685 9772246
1663257686 8838916
1663257687 8487844
1663257688 8544554
1663257689 7326508
1663257690 7122776
1663257691 7667086
1663257692 7705564
1663257693 5428684
1663257694 8033952
1663257695 8435056
1663257696 9788782
1663257697 7734820
1663257698 9115894
1663257699 10142080
1663257700 6233542
1663257701 8830224
1663257702 8979048
1663257703 8072006
1663257704 11517960
1663257705 11959980
1663257706 13990940
1663257707 11746602
1663257708 11400300
1663257709 9786662
1663257710 7391062
1663257711 8755388
1663257712 9548374
1663257713 8947566
1663257714 7864352
1663257715 8974702
1663257716 10007036
1663257717 7731322
1663257718 8853968
1663257719 10281682
1663257720 10253274
1663257721 9874006
1663257722 9605720
1663257723 9553992
1663257724 7829478
1663257725 8085150
1663257726 7319406
1663257727 6818344
1663257728 8982652
1663257729 7929330
1663257730 8947672
1663257731 8664016
1663257732 8305524
1663257733 7123200
1663257734 8188076
1663257735 8181186
1663257736 8832556
1663257737 8674616
1663257738 8256552
1663257739 8342200
1663257740 8227402
1663257741 7766726
1663257742 7985828
1663257743 9207584
1663257744 8118434
1663257745 9936652
1663257746 8164332
1663257747 7357778
1663257748 10302140
1663257749 9163594
1663257750 9293974
1663257751 6839968
1663257752 7666980
1663257753 7553878
1663257754 9220304
1663257755 8409934
1663257756 9813374
1663257757 9539046
1663257758 8566284
1663257759 8513496
1663257760 8268424
1663257761 7795664
1663257762 7766726
1663257763 6924238
1663257764 8030454
1663257765 8149280
1663257766 9387148
1663257767 6963564
1663257768 12758796
1663257769 12072340
1663257770 12748726
1663257771 8966010
1663257772 9026748
1663257773 6747112
1663257774 8746590
1663257775 9020494
1663257776 8274996
1663257777 8595646
1663257778 9049750
1663257779 7447666
1663257780 9015724
1663257781 8894460
1663257782 8290260
1663257783 8581230
1663257784 8994630
1663257785 9635930
1663257786 7432296
1663257787 6994622
1663257788 8713730
1663257789 8346122
1663257790 7840290
1663257791 8635290
1663257792 9351850
1663257793 7238740
1663257794 8054516
1663257795 7423392
1663257796 9714900
1663257797 7648748
1663257798 7937174
1663257799 9570528
1663257800 8151930
1663257801 7820892
1663257802 8002576
1663257803 9049220
1663257804 8590028
1663257805 7322692
1663257806 9184688
1663257807 8064692
1663257808 9857788
1663257809 8342094
1663257810 7316862
1663257811 6912790
1663257812 9430502
1663257813 7867214
1663257814 8794502
1663257815 9893404
1663257816 9775002
1663257817 9717656
1663257818 7330006
1663257819 9143878
1663257820 8367534
1663257821 8989648
1663257822 8099884
1663257823 8516570
1663257824 11092476
1663257825 9287084
1663257826 9025052
1663257827 10183314
1663257828 13281588
1663257829 13601178
1663257830 8384812
1663257831 8867748
1663257832 8061406
1663257833 8806480
1663257834 9468768
1663257835 9441950
1663257836 9553886
1663257837 8546992
1663257838 7248598
1663257839 9003110
1663257840 9984140
1663257841 8969826
1663257842 7878238
1663257843 8086210
1663257844 8275420
1663257845 8511376
1663257846 8851636
1663257847 8869656
1663257848 7393818
1663257849 8660942
1663257850 9475340
1663257851 10067350
1663257852 8274148
1663257853 7921804
1663257854 8646526
1663257855 8572326
1663257856 7741392
1663257857 7530346
1663257858 10381640
1663257859 9036076
1663257860 8970250
1663257861 9471630
1663257862 7514340
1663257863 6858094
1663257864 10259634
1663257865 10324612
1663257866 9465376
1663257867 9041906
1663257868 8593632
1663257869 10198260
1663257870 7852162
1663257871 10307122
1663257872 9352592
1663257873 7738318
1663257874 7768528
1663257875 10196034
1663257876 8958272
1663257877 7675566
1663257878 9321004
1663257879 9133808
1663257880 8393504
1663257881 9189352
1663257882 7244146
1663257883 6669202
1663257884 8721256
1663257885 9675998
1663257886 8616210
1663257887 8809024
1663257888 9613246
1663257889 9514560
1663257890 10950330
1663257891 7812518
1663257892 7952650
1663257893 6829262
1663257894 7763228
1663257895 7909402
1663257896 8806056
1663257897 8075928
1663257898 9256874
1663257899 8944492
1663257900 7493882
1663257901 7216904
1663257902 7750296
1663257903 8626916
1663257904 8159880
1663257905 8048792
1663257906 6460806
1663257907 7759200
1663257908 9445872
1663257909 8920854
1663257910 8996008
1663257911 9018162
1663257912 7374102
1663257913 7490702
1663257914 9219986
1663257915 10197518
1663257916 9772140
1663257917 7871454
1663257918 8053032
1663257919 8409510
1663257920 9031836
1663257921 9404638
1663257922 7594052
1663257923 10727942
1663257924 9844220
1663257925 7718814
1663257926 9283162
1663257927 8646208
1663257928 7376010
1663257929 8278706
1663257930 8521340
1663257931 9131582
1663257932 7847180
1663257933 10056538
1663257934 8167936
1663257935 8737898
1663257936 8211290
1663257937 7704928
1663257938 7287394
1663257939 6796932
1663257940 6785696
1663257941 7920320
1663257942 8259096
1663257943 8647374
1663257944 9008198
1663257945 8051230
1663257946 9887574
1663257947 8761324
1663257948 9310086
1663257949 9604978
1663257950 7290680
1663257951 9352274
1663257952 11810202
1663257953 11622900
1663257954 11371998
1663257955 12873276
1663257956 10234830
1663257957 8620874
1663257958 9359906
1663257959 9085260
1663257960 8973006
1663257961 7402298
1663257962 7726446
1663257963 8028546
1663257964 8888630
1663257965 8878030
1663257966 10213100
1663257967 8722104
1663257968 7400814
1663257969 8206626
1663257970 10661692
1663257971 9563002
1663257972 7795028
1663257973 8198040
1663257974 7174504
1663257975 9103810
1663257976 6887880
1663257977 7363184
1663257978 7663482
1663257979 8430392
1663257980 9656812
1663257981 8582714
1663257982 9336374
1663257983 8394458
1663257984 8074444
1663257985 6990170
1663257986 9111866
1663257987 8339020
1663257988 8168890
1663257989 8683202
1663257990 8242348
1663257991 8383222
1663257992 9141440
1663257993 8140800
1663257994 8492402
1663257995 9109110
1663257996 9387572
1663257997 8395836
1663257998 9571164
1663257999 9721472
1663258000 9142288
1663258001 8504274
1663258002 9662854
1663258003 8225176
1663258004 8439614
1663258005 8065858
1663258006 9498024
1663258007 6755804
1663258008 9292172
1663258009 8102322
1663258010 9282632
1663258011 7331172
1663258012 8992086
1663258013 9941634
1663258014 9106460
1663258015 11365850
1663258016 12117390
1663258017 9805212
1663258018 9927536
1663258019 9006502
1663258020 9064166
1663258021 8314852
1663258022 8834570
1663258023 8640908
1663258024 7746162
1663258025 7855236
1663258026 8084832
1663258027 9243200
1663258028 9086002
1663258029 9013286
1663258030 8855982
1663258031 8991874
1663258032 9197196
1663258033 7545716
1663258034 7443532
1663258035 7595324
1663258036 9217654
1663258037 7642070
1663258038 7507238
1663258039 6749868
1663258040 8911526
1663258041 7829690
1663258042 8868808
1663258043 8741184
1663258044 8742880
1663258045 9924780
1663258046 8912904
1663258047 9791008
1663258048 7702808
1663258049 8556638
1663258050 8319728
1663258051 8318774
1663258052 8704614
1663258053 8273512
1663258054 8020596
1663258055 10686072
1663258056 9451278
1663258057 8406542
1663258058 8517206
1663258059 8854074
1663258060 10534598
1663258061 7506496
1663258062 7579212
1663258063 8583138
1663258064 7571262
1663258065 8070310
1663258066 8816762
1663258067 7345482
1663258068 8543282
1663258069 9368704
1663258070 7928376
1663258071 8543706
1663258072 7498970
1663258073 10343480
1663258074 10261542
1663258075 10404112
1663258076 9505020
1663258077 14085280
1663258078 14499528
1663258079 12290806
1663258080 8038086
1663258081 7214996
1663258082 6886290
1663258083 8894884
1663258084 7446394
1663258085 6866044
1663258086 7393076
1663258087 8209170
1663258088 7121716
1663258089 9171226
1663258090 8458694
1663258091 7784322
1663258092 7358308
1663258093 8738428
1663258094 9313902
1663258095 7385868
1663258096 8982758
1663258097 7799480
1663258098 7238952
1663258099 8945128
1663258100 8365202
1663258101 10002054
1663258102 7284532
1663258103 8288670
1663258104 8839870
1663258105 8870716
1663258106 8239486
1663258107 7900180
1663258108 8563740
1663258109 7769588
1663258110 8265986
1663258111 8935482
1663258112 9786344
1663258113 8416506
1663258114 6956356
1663258115 7936856
1663258116 7806900
1663258117 8973430
1663258118 8574022
1663258119 7730050
1663258120 9356196
1663258121 9644622
1663258122 9819522
1663258123 6889576
1663258124 8709490
1663258125 10132752
1663258126 7797678
1663258127 9024522
1663258128 8344744
1663258129 7520594
1663258130 7714892
1663258131 9231222
1663258132 8323862
1663258133 6918726
1663258134 8240652
1663258135 7493352
1663258136 8181292
1663258137 10447572
1663258138 8990178
1663258139 11776176
1663258140 13171984
1663258141 12694666
1663258142 10162962
1663258143 12865750
1663258144 8871564
1663258145 7100622
1663258146 6622244
1663258147 8907498
1663258148 8100520
1663258149 8303934
1663258150 9780196
1663258151 8094478
1663258152 8210442
1663258153 9465588
1663258154 6503418
1663258155 8375802
1663258156 7868592
1663258157 8633382
1663258158 7001194
1663258159 7547200
1663258160 6982962
1663258161 10518698
1663258162 6661888
1663258163 7095746
1663258164 6587582
1663258165 8403468
1663258166 6728986
1663258167 8532364
1663258168 8077942
1663258169 7736516
1663258170 8876864
1663258171 7965370
1663258172 10751474
1663258173 9331604
1663258174 8556426
1663258175 8638364
1663258176 8557804
1663258177 8185956
1663258178 8251358
1663258179 8353860
1663258180 8502048
1663258181 9752212
1663258182 7959010
1663258183 8360856
1663258184 8985514
1663258185 8571478
1663258186 8687124
1663258187 7620658
1663258188 7848558
1663258189 7488052
1663258190 8155640
1663258191 7763970
1663258192 6924344
1663258193 6684996
1663258194 8984242
1663258195 8843792
1663258196 8183200
1663258197 8091722
1663258198 9614306
1663258199 7414064
1663258200 7450846
1663258201 9069042
1663258202 9623422
1663258203 13654496
1663258204 12496764
1663258205 12904758
1663258206 13881018
1663258207 13510442
1663258208 11534496
1663258209 8022822
1663258210 7197082
1663258211 8024306
1663258212 8278600
1663258213 7766620
1663258214 8377392
1663258215 9576782
1663258216 9680874
1663258217 9671016
1663258218 7906752
1663258219 9419796
1663258220 8529078
1663258221 9694548
1663258222 8706522
1663258223 8687760
1663258224 9713416
1663258225 9237052
1663258226 8208216
1663258227 7695176
1663258228 8191468
1663258229 6272868
1663258230 9098934
1663258231 5078778
1663258232 1272
