# events called
1662735842 2428354
1662735843 1519934
1662735844 6096272
1662735845 14724566
1662735846 16821988
1662735847 17124300
1662735848 16471552
1662735849 16702208
1662735850 16858028
1662735851 17218534
1662735852 16560274
1662735853 16501550
1662735854 16514906
1662735855 17030914
1662735856 17391950
1662735857 16170618
1662735858 16049460
1662735859 16224784
1662735860 16074900
1662735861 16560274
1662735862 16225102
1662735863 15875620
1662735864 16120056
1662735865 16875200
1662735866 16161396
1662735867 16779058
1662735868 15607758
1662735869 16584760
1662735870 16787962
1662735871 16845626
1662735872 16465298
1662735873 15549140
1662735874 16287960
1662735875 16835450
1662735876 16114650
1662735877 16561864
1662735878 15272798
1662735879 16435618
1662735880 16274074
1662735881 16222134
1662735882 16140408
1662735883 15487872
1662735884 16631506
1662735885 16302694
1662735886 16388236
1662735887 16665850
1662735888 15537904
1662735889 16112106
1662735890 16599706
1662735891 16472506
1662735892 16869052
1662735893 15564086
1662735894 16625358
1662735895 16521796
1662735896 16184610
1662735897 16457348
1662735898 14997834
1662735899 16319654
1662735900 16400002
1662735901 16156202
1662735902 16338310
1662735903 15699872
1662735904 15862052
1662735905 16422262
1662735906 16443568
1662735907 16045220
1662735908 15853678
1662735909 17114018
1662735910 16365552
1662735911 16116346
1662735912 15904558
1662735913 15246086
1662735914 16024020
1662735915 16222664
1662735916 15876256
1662735917 16620164
1662735918 15683336
1662735919 16842340
1662735920 16354316
1662735921 16478336
1662735922 16186836
1662735923 15698812
1662735924 16766444
1662735925 16983002
1662735926 15685880
1662735927 17029748
1662735928 15829934
1662735929 16262414
1662735930 16612214
1662735931 16428834
1662735932 16731146
1662735933 15637862
1662735934 16822200
1662735935 16801954
1662735936 16135426
1662735937 16219802
1662735938 16078292
1662735939 17332484
1662735940 16857074
1662735941 16818172
1662735942 16241320
1662735943 15469216
1662735944 16995404
1662735945 16097266
1662735946 16720334
1662735947 16805558
1662735948 15120476
1662735949 17172742
1662735950 16905622
1662735951 16686838
1662735952 16434346
1662735953 15233260
1662735954 17256058
1662735955 16241108
1662735956 16622390
1662735957 16419188
1662735958 15960526
1662735959 16449504
1662735960 16454168
1662735961 16139030
1662735962 16122176
1662735963 15621538
1662735964 16389826
1662735965 17053174
1662735966 16437420
1662735967 16334812
1662735968 15765486
1662735969 16911452
1662735970 17410076
1662735971 16860042
1662735972 16686202
1662735973 16002714
1662735974 16795912
1662735975 16621012
1662735976 16738036
1662735977 16446854
1662735978 15689590
1662735979 16735810
1662735980 16530276
1662735981 17130448
1662735982 18131300
1662735983 15601716
1662735984 16892054
1662735985 17153768
1662735986 16943888
1662735987 16254040
1662735988 15939326
1662735989 16520736
1662735990 17199772
1662735991 16736976
1662735992 16456500
1662735993 15865550
1662735994 17020102
1662735995 16556352
1662735996 16874034
1662735997 16428940
1662735998 16083698
1662735999 16677404
1662736000 16879546
1662736001 16492540
1662736002 16649314
1662736003 15543522
1662736004 17060064
1662736005 16995192
1662736006 17052538
1662736007 15899894
1662736008 16321880
1662736009 17237614
1662736010 17322202
1662736011 16664048
1662736012 17166382
1662736013 15710472
1662736014 17046284
1662736015 16737400
1662736016 15916430
1662736017 17211856
1662736018 16219908
1662736019 17157902
1662736020 16731782
1662736021 15966780
1662736022 17030490
1662736023 16694152
1662736024 16941238
1662736025 16456818
1662736026 15833432
1662736027 16302800
1662736028 16979080
1662736029 17280968
1662736030 16547236
1662736031 16066314
1662736032 16916858
1662736033 17142850
1662736034 16696696
1662736035 16904668
1662736036 15753084
1662736037 17202740
1662736038 16681538
1662736039 16860678
1662736040 16916858
1662736041 15233048
1662736042 16386434
1662736043 16754890
1662736044 16564832
1662736045 16831634
1662736046 14807564
1662736047 16497310
1662736048 17052220
1662736049 16668818
1662736050 16516708
1662736051 16000276
1662736052 16758494
1662736053 16927352
1662736054 17042468
1662736055 16917070
1662736056 15688212
1662736057 16532078
1662736058 16525930
1662736059 16690124
1662736060 16920674
1662736061 16229978
1662736062 16902760
1662736063 16732524
1662736064 17495936
1662736065 16788386
1662736066 15652490
1662736067 16544692
1662736068 17028476
1662736069 16894386
1662736070 16428198
1662736071 16127264
1662736072 16349122
1662736073 17222456
1662736074 17465726
1662736075 16619104
1662736076 15488296
1662736077 16564938
1662736078 16722560
1662736079 16282872
1662736080 16478866
1662736081 16043418
1662736082 16962650
1662736083 16858558
1662736084 16368096
1662736085 17177724
1662736086 16562394
1662736087 16856226
1662736088 16912194
1662736089 17176664
1662736090 16733266
1662736091 16106594
1662736092 16473990
1662736093 16247892
1662736094 16473990
1662736095 16952686
1662736096 16110834
1662736097 16841068
1662736098 16429258
1662736099 17394812
1662736100 17175604
1662736101 16126204
1662736102 16413676
1662736103 16099386
1662736104 16304920
1662736105 16677934
1662736106 15727644
1662736107 16839796
1662736108 16649950
1662736109 16553172
1662736110 16739838
1662736111 16425760
1662736112 16847958
1662736113 16689912
1662736114 17142850
1662736115 16334176
1662736116 16211322
1662736117 16589106
1662736118 16354952
1662736119 16478760
1662736120 17240158
1662736121 15569174
1662736122 16687474
1662736123 17243232
1662736124 16878910
1662736125 16685460
1662736126 15714394
1662736127 17052750
1662736128 16771002
1662736129 16095358
1662736130 16786796
1662736131 15770044
1662736132 16593982
1662736133 16644226
1662736134 17065364
1662736135 16714080
1662736136 15889294
1662736137 16785630
1662736138 16736870
1662736139 16500490
1662736140 17345416
1662736141 16408482
1662736142 17418768
1662736143 17046814
1662736144 16907000
1662736145 16714716
1662736146 15717362
1662736147 16387494
1662736148 16203054
1662736149 16506744
1662736150 16919614
1662736151 16194680
1662736152 16741322
1662736153 16493918
1662736154 16716836
1662736155 16568648
1662736156 16595890
1662736157 16592286
1662736158 16710900
1662736159 16309690
1662736160 16961802
1662736161 15559634
1662736162 16684082
1662736163 17060806
1662736164 16473884
1662736165 16853788
1662736166 15761458
1662736167 16895022
1662736168 16108820
1662736169 16692880
1662736170 17171258
1662736171 16484378
1662736172 17022434
1662736173 16158746
1662736174 17265280
1662736175 16988726
1662736176 16090906
1662736177 16634686
1662736178 16907000
1662736179 16618362
1662736180 16503564
1662736181 16490844
1662736182 16960742
1662736183 16712490
1662736184 16685036
1662736185 16661716
1662736186 16154930
1662736187 16525612
1662736188 16859406
1662736189 16884104
1662736190 16095676
1662736191 15763578
1662736192 16405408
1662736193 16318170
1662736194 16957880
1662736195 16144966
1662736196 15533876
1662736197 16844672
1662736198 16849866
1662736199 16889722
1662736200 16606066
1662736201 16357178
1662736202 16698604
1662736203 16330466
1662736204 17435728
1662736205 16267396
1662736206 15807674
1662736207 17010774
1662736208 16722878
1662736209 16812024
1662736210 16688640
1662736211 16189274
1662736212 16883150
1662736213 17069816
1662736214 16667122
1662736215 17294960
1662736216 16038224
1662736217 16736022
1662736218 16271106
1662736219 17187582
1662736220 17698502
1662736221 15965932
1662736222 16924596
1662736223 16573524
1662736224 16689912
1662736225 16595678
1662736226 15559952
1662736227 16575114
1662736228 16474520
1662736229 16503458
1662736230 17158114
1662736231 15735594
1662736232 16436042
1662736233 16855696
1662736234 16968374
1662736235 16694576
1662736236 15904134
1662736237 16681962
1662736238 16732100
1662736239 17049040
1662736240 16840644
1662736241 16199238
1662736242 16676556
1662736243 16782344
1662736244 16555822
1662736245 17009714
1662736246 15834068
1662736247 16652600
1662736248 16353256
1662736249 16572358
1662736250 16519994
1662736251 16164364
1662736252 16411238
1662736253 16659808
1662736254 16419930
1662736255 16248740
1662736256 15449606
1662736257 16749590
1662736258 16476640
1662736259 17403928
1662736260 16660444
1662736261 15604048
1662736262 17362694
1662736263 16910816
1662736264 16727754
1662736265 16704434
1662736266 14931796
1662736267 16390568
1662736268 16161290
1662736269 17258708
1662736270 17156312
1662736271 16058788
1662736272 16361418
1662736273 16344352
1662736274 16855802
1662736275 17052856
1662736276 16139560
1662736277 16694364
1662736278 16434134
1662736279 16981518
1662736280 17095468
1662736281 16048188
1662736282 16558472
1662736283 17013848
1662736284 16164576
1662736285 16373078
1662736286 14795162
1662736287 16688110
1662736288 16393218
1662736289 16198814
1662736290 16650480
1662736291 15003240
1662736292 17164474
1662736293 16770366
1662736294 16541724
1662736295 16739626
1662736296 16091860
1662736297 16649738
1662736298 16565256
1662736299 16920250
1662736300 16535894
1662736301 15707610
1662736302 17443148
1662736303 17017134
1662736304 16750756
1662736305 17377534
1662736306 16477806
1662736307 16846156
1662736308 16932122
1662736309 16626100
1662736310 16960954
1662736311 16451942
1662736312 16588046
1662736313 16631506
1662736314 16987878
1662736315 16776514
1662736316 15761034
1662736317 16386540
1662736318 16583064
1662736319 16909438
1662736320 16724362
1662736321 16008650
1662736322 16365658
1662736323 17320930
1662736324 16840538
1662736325 16518086
1662736326 16519676
1662736327 17264750
1662736328 17154828
1662736329 16844672
1662736330 17573528
1662736331 15302266
1662736332 16921840
1662736333 17141472
1662736334 17039500
1662736335 17086140
1662736336 16069812
1662736337 16883256
1662736338 16501126
1662736339 16741746
1662736340 17288812
1662736341 16047658
1662736342 16559214
1662736343 16969434
1662736344 16509924
1662736345 17445586
1662736346 16049672
1662736347 16382194
1662736348 16650904
1662736349 16703056
1662736350 16663836
1662736351 16181112
1662736352 16326650
1662736353 16678782
1662736354 16339688
1662736355 17598756
1662736356 16143800
1662736357 16910604
1662736358 16562182
1662736359 16718214
1662736360 16613274
1662736361 15182380
1662736362 16912618
1662736363 16498688
1662736364 16421838
1662736365 15835764
1662736366 15790608
1662736367 17234434
1662736368 16479926
1662736369 17123770
1662736370 17237614
1662736371 15725312
1662736372 16167332
1662736373 17278742
1662736374 16152810
1662736375 16789552
1662736376 16184928
1662736377 16216940
1662736378 16627054
1662736379 16415266
1662736380 16009180
1662736381 15459146
1662736382 16766656
1662736383 16839902
1662736384 16896718
1662736385 16334600
1662736386 15249160
1662736387 16704858
1662736388 16755420
1662736389 17075010
1662736390 16520100
1662736391 15709518
1662736392 16595254
1662736393 16772274
1662736394 17069710
1662736395 16248422
1662736396 16059530
1662736397 16401274
1662736398 17076600
1662736399 17110096
1662736400 16342762
1662736401 15663938
1662736402 16845838
1662736403 16665320
1662736404 16966996
1662736405 16449716
1662736406 15880072
1662736407 16137970
1662736408 16722878
1662736409 16863540
1662736410 16810540
1662736411 15345726
1662736412 16651752
1662736413 16886012
1662736414 16635852
1662736415 16789870
1662736416 15225840
1662736417 16699452
1662736418 16787962
1662736419 16492434
1662736420 16553384
1662736421 16079352
1662736422 16986182
1662736423 16620376
1662736424 16499324
1662736425 17313510
1662736426 15423954
1662736427 16686096
1662736428 16370110
1662736429 16965618
1662736430 17007170
1662736431 15901166
1662736432 17148680
1662736433 15881556
1662736434 17129388
1662736435 16942404
1662736436 15423636
1662736437 16092602
1662736438 16591120
1662736439 16941450
1662736440 16454804
1662736441 15453846
1662736442 15915264
1662736443 16521266
1662736444 17001022
1662736445 16864812
1662736446 16308948
1662736447 16465616
1662736448 17029006
1662736449 16734432
1662736450 17024236
1662736451 16433286
1662736452 17048298
1662736453 16808844
1662736454 16385586
1662736455 16865872
1662736456 15127366
1662736457 16978762
1662736458 16262626
1662736459 16782662
1662736460 17141366
1662736461 15813398
1662736462 16309372
1662736463 16742594
1662736464 16619422
1662736465 17271852
1662736466 15560058
1662736467 16930532
1662736468 16399048
1662736469 16897778
1662736470 16409012
1662736471 15271844
1662736472 16778952
1662736473 16100234
1662736474 17022646
1662736475 16480244
1662736476 15759020
1662736477 16681962
1662736478 16550840
1662736479 16516072
1662736480 16766974
1662736481 15721496
1662736482 15957346
1662736483 17216520
1662736484 17057096
1662736485 16207930
1662736486 16343822
1662736487 16755102
1662736488 16552536
1662736489 16906576
1662736490 16813932
1662736491 16091966
1662736492 16882302
1662736493 17105750
1662736494 16844036
1662736495 17037804
1662736496 15718104
1662736497 17208464
1662736498 16577552
1662736499 16479396
1662736500 16770260
1662736501 16249588
1662736502 16788810
1662736503 15792516
1662736504 16660974
1662736505 16047764
1662736506 16106700
1662736507 16901594
1662736508 16734856
1662736509 16810010
1662736510 16804498
1662736511 15981196
1662736512 16390674
1662736513 16902548
1662736514 16686626
1662736515 17130236
1662736516 15633198
1662736517 17364072
1662736518 17044058
1662736519 16825910
1662736520 16791990
1662736521 15861734
1662736522 16873504
1662736523 16353574
1662736524 17078402
1662736525 16410814
1662736526 15824528
1662736527 17077024
1662736528 16462542
1662736529 17016074
1662736530 16872338
1662736531 15004088
1662736532 16698286
1662736533 17045436
1662736534 17070770
1662736535 17087412
1662736536 14254774
1662736537 16636488
1662736538 16676344
1662736539 16900110
1662736540 16422368
1662736541 15902438
1662736542 16196482
1662736543 16908802
1662736544 17087624
1662736545 16629916
1662736546 16172738
1662736547 16780860
1662736548 17182388
1662736549 16345518
1662736550 16956608
1662736551 16654402
1662736552 16664896
1662736553 16865024
1662736554 16685460
1662736555 16143694
1662736556 15630654
1662736557 16536530
1662736558 16408164
1662736559 16474732
1662736560 17177088
1662736561 16413358
1662736562 16067586
1662736563 16652176
1662736564 17054022
1662736565 17334180
1662736566 15623552
1662736567 16147934
1662736568 16437844
1662736569 16980140
1662736570 16947386
1662736571 16351772
1662736572 16946114
1662736573 16584866
1662736574 17122710
1662736575 16616348
1662736576 15927772
1662736577 16566634
1662736578 16850608
1662736579 16790824
1662736580 17083596
1662736581 15802692
1662736582 17395872
1662736583 16900534
1662736584 16315732
1662736585 17101616
1662736586 16291246
1662736587 16625464
1662736588 16809586
1662736589 16941344
1662736590 16639880
1662736591 15979712
1662736592 17379442
1662736593 16230508
1662736594 16951096
1662736595 16443038
1662736596 15922048
1662736597 16704858
1662736598 16094722
1662736599 16494660
1662736600 16714822
1662736601 15937736
1662736602 16930426
1662736603 16283614
1662736604 16029956
1662736605 16847004
1662736606 15322936
1662736607 16557624
1662736608 16605324
1662736609 16835662
1662736610 16924278
1662736611 16160760
1662736612 16501444
1662736613 16731676
1662736614 16783086
1662736615 17096210
1662736616 15551260
1662736617 16774394
1662736618 16945478
1662736619 17117622
1662736620 16372336
1662736621 16545964
1662736622 16028578
1662736623 17001340
1662736624 16469220
1662736625 16833860
1662736626 16098432
1662736627 16760190
1662736628 16200086
1662736629 16488830
1662736630 16153340
1662736631 16053064
1662736632 16440494
1662736633 16690124
1662736634 16822306
1662736635 15923002
1662736636 16505366
1662736637 16730934
1662736638 17319552
1662736639 16502292
1662736640 16759342
1662736641 15999746
1662736642 16774606
1662736643 16377954
1662736644 16686944
1662736645 16066632
1662736646 16892584
1662736647 15997838
1662736648 17282982
1662736649 17035048
1662736650 16593134
1662736651 16641894
1662736652 17011092
1662736653 16468160
1662736654 17343932
1662736655 16324424
1662736656 14476844
1662736657 16503564
1662736658 16395020
1662736659 16439222
1662736660 15927666
1662736661 15760292
1662736662 16985864
1662736663 16755632
1662736664 16919614
1662736665 16045008
1662736666 16190334
1662736667 16682598
1662736668 16469008
1662736669 16673270
1662736670 16157262
1662736671 16589530
1662736672 15889400
1662736673 16553066
1662736674 16422580
1662736675 15956604
1662736676 15711744
1662736677 16984910
1662736678 16614970
1662736679 17166912
1662736680 16164046
1662736681 15309368
1662736682 17001658
1662736683 16669984
1662736684 16405514
1662736685 15807250
1662736686 16058576
1662736687 16753088
1662736688 16755526
1662736689 16837464
1662736690 15911978
1662736691 15999640
1662736692 16408376
1662736693 15902862
1662736694 16158640
1662736695 16889616
1662736696 16349864
1662736697 16851456
1662736698 16794216
1662736699 16356648
1662736700 16952050
1662736701 16109350
1662736702 16747576
1662736703 17165004
1662736704 16797926
1662736705 16612956
1662736706 15903180
1662736707 16589742
1662736708 17010032
1662736709 16687792
1662736710 16921946
1662736711 15665740
1662736712 16802802
1662736713 16764430
1662736714 16712808
1662736715 17102676
1662736716 16286476
1662736717 17146030
1662736718 16672210
1662736719 16568436
1662736720 16843294
1662736721 16373290
1662736722 16784146
1662736723 16722136
1662736724 16982684
1662736725 16934348
1662736726 16573312
1662736727 17172954
1662736728 17124406
1662736729 16614970
1662736730 16547872
1662736731 15561012
1662736732 16117194
1662736733 16374986
1662736734 16526036
1662736735 16427244
1662736736 15454482
1662736737 17069710
1662736738 16855590
1662736739 15666164
1662736740 15719270
1662736741 15989676
1662736742 16650904
1662736743 16881242
1662736744 16857286
1662736745 17172636
1662736746 16027836
1662736747 16431696
1662736748 17061654
1662736749 16208036
1662736750 16585820
1662736751 16099174
1662736752 17223622
1662736753 16711960
1662736754 16766868
1662736755 15828556
1662736756 15660334
1662736757 16672634
1662736758 16519252
1662736759 17047238
1662736760 16457560
1662736761 15999110
1662736762 16964876
1662736763 17312450
1662736764 16635110
1662736765 15378798
1662736766 16458620
1662736767 17053386
1662736768 16672740
1662736769 16930426
1662736770 16515012
1662736771 15862264
1662736772 16953322
1662736773 17203376
1662736774 16617514
1662736775 16410390
1662736776 16097160
1662736777 16451412
1662736778 16303224
1662736779 16667334
1662736780 17057096
1662736781 16109668
1662736782 16375728
1662736783 16802484
1662736784 16703692
1662736785 16114544
1662736786 16216940
1662736787 16941874
1662736788 16898520
1662736789 17163944
1662736790 16108396
1662736791 15728916
1662736792 17281286
1662736793 17411030
1662736794 16635852
1662736795 16518404
1662736796 16328558
1662736797 16380604
1662736798 16777680
1662736799 16208142
1662736800 16195634
1662736801 16149524
1662736802 16071614
1662736803 16573736
1662736804 17016816
1662736805 16457348
1662736806 16043100
1662736807 16775666
1662736808 16836934
1662736809 17002612
1662736810 16764112
1662736811 16428516
1662736812 16496780
1662736813 16478442
1662736814 16831422
1662736815 16622390
1662736816 16168604
1662736817 16854000
1662736818 16516602
1662736819 16960636
1662736820 16559638
1662736821 16079034
1662736822 17211750
1662736823 16936150
1662736824 16860148
1662736825 16573630
1662736826 16146132
1662736827 16837994
1662736828 15917384
1662736829 17186204
1662736830 16485650
1662736831 16593452
1662736832 17014696
1662736833 16531230
1662736834 16490950
1662736835 16782768
1662736836 15691922
1662736837 16068116
1662736838 17108082
1662736839 16877744
1662736840 16029214
1662736841 16947598
1662736842 16654084
1662736843 16389932
1662736844 16767398
1662736845 16854636
1662736846 16145602
1662736847 16513634
1662736848 16759978
1662736849 16549356
1662736850 17107764
1662736851 15778736
1662736852 16452154
1662736853 17087624
1662736854 17076812
1662736855 16472188
1662736856 16374138
1662736857 17099390
1662736858 16407422
1662736859 16159700
1662736860 16234218
1662736861 16257432
1662736862 16769942
1662736863 17131720
1662736864 16560592
1662736865 16604158
1662736866 14926708
1662736867 16936680
1662736868 16839054
1662736869 16899686
1662736870 15746830
1662736871 16249694
1662736872 16196906
1662736873 16449610
1662736874 17129070
1662736875 16614334
1662736876 15466460
1662736877 16844460
1662736878 16201994
1662736879 16625994
1662736880 15991796
1662736881 16230720
1662736882 17009290
1662736883 16484802
1662736884 17114866
1662736885 16650798
1662736886 16318912
1662736887 16743654
1662736888 15889930
1662736889 16863222
1662736890 16295804
1662736891 15418760
1662736892 16729238
1662736893 16958834
1662736894 16838100
1662736895 16391946
1662736896 16309902
1662736897 16945372
1662736898 16678782
1662736899 17039500
1662736900 16350924
1662736901 16332480
1662736902 16904350
1662736903 17723412
1662736904 16961908
1662736905 15622492
1662736906 16107760
1662736907 16529110
1662736908 16610518
1662736909 16655144
1662736910 16104262
1662736911 16449080
1662736912 16626948
1662736913 16681644
1662736914 16784994
1662736915 16708780
1662736916 15931376
1662736917 16545116
1662736918 16648466
1662736919 16978762
1662736920 17154404
1662736921 15192344
1662736922 16652176
1662736923 16012784
1662736924 17019996
1662736925 16709204
1662736926 15885266
1662736927 16136804
1662736928 16437208
1662736929 17248956
1662736930 17052962
1662736931 15742166
1662736932 16741534
1662736933 17011516
1662736934 16558790
1662736935 16503988
1662736936 15749586
1662736937 17182600
1662736938 16916328
1662736939 16986818
1662736940 16845944
1662736941 15987662
1662736942 16834178
1662736943 16419718
1662736944 16559320
1662736945 16310008
1662736946 15211530
1662736947 16961484
1662736948 16462542
1662736949 16940072
1662736950 16892054
1662736951 15937312
1662736952 16616348
1662736953 16363856
1662736954 16644438
1662736955 16407104
1662736956 15818698
1662736957 16274392
1662736958 17194154
1662736959 16798456
1662736960 17410606
1662736961 15515750
1662736962 16697544
1662736963 16782874
1662736964 16582640
1662736965 16918872
1662736966 16074794
1662736967 16885164
1662736968 16502716
1662736969 16761144
1662736970 16799940
1662736971 15847742
1662736972 16555716
1662736973 16301740
1662736974 16723726
1662736975 16336296
1662736976 15627050
1662736977 16552006
1662736978 16464026
1662736979 16163410
1662736980 17057414
1662736981 16037376
1662736982 16466358
1662736983 16542996
1662736984 15955014
1662736985 16828242
1662736986 15906254
1662736987 17247790
1662736988 16543102
1662736989 16831740
1662736990 17227014
1662736991 15993068
1662736992 16366082
1662736993 16778422
1662736994 16790930
1662736995 17020950
1662736996 15959996
1662736997 16843718
1662736998 17044058
1662736999 16889404
1662737000 16284038
1662737001 15700296
1662737002 17287116
1662737003 17318704
1662737004 16433498
1662737005 16690866
1662737006 15629594
1662737007 17202952
1662737008 17205390
1662737009 16455758
1662737010 17159068
1662737011 15758702
1662737012 16640516
1662737013 16728920
1662737014 16944842
1662737015 15820288
1662737016 14290920
1662737017 16816158
1662737018 17158644
1662737019 15905512
1662737020 16604582
1662737021 15624400
1662737022 16417916
1662737023 16605006
1662737024 16672634
1662737025 16479926
1662737026 15731990
1662737027 16524234
1662737028 16491268
1662737029 16802696
1662737030 17298564
1662737031 15544900
1662737032 16944630
1662737033 16596102
1662737034 16063664
1662737035 16535894
1662737036 15979394
1662737037 16493706
1662737038 16906788
1662737039 16689594
1662737040 16571192
1662737041 15050198
1662737042 17017452
1662737043 16684082
1662737044 11834688
1662737045 1590


# events submitted
1662735842 2428354
1662735843 1519934
1662735844 6070938
1662735845 14669128
1662735846 16798562
1662735847 17103100
1662735848 16443780
1662735849 16699134
1662735850 16854742
1662735851 17197440
1662735852 16548296
1662735853 16491162
1662735854 16503246
1662735855 17006322
1662735856 17372976
1662735857 16152704
1662735858 16031758
1662735859 16215880
1662735860 16055926
1662735861 16538120
1662735862 16215456
1662735863 15865338
1662735864 16099704
1662735865 16860042
1662735866 16139348
1662735867 16751604
1662735868 15607122
1662735869 16565044
1662735870 16773758
1662735871 16840220
1662735872 16447490
1662735873 15518082
1662735874 16285416
1662735875 16815628
1662735876 16099386
1662735877 16537272
1662735878 15248842
1662735879 16410920
1662735880 16240154
1662735881 16211216
1662735882 16130762
1662735883 15476424
1662735884 16629386
1662735885 16286900
1662735886 16373396
1662735887 16636170
1662735888 15513100
1662735889 16099492
1662735890 16596420
1662735891 16458726
1662735892 16875412
1662735893 15556348
1662735894 16598752
1662735895 16499112
1662735896 16161502
1662735897 16429682
1662735898 14976104
1662735899 16308100
1662735900 16387388
1662735901 16144224
1662735902 16321244
1662735903 15675174
1662735904 15840534
1662735905 16411238
1662735906 16420884
1662735907 16031652
1662735908 15837672
1662735909 17086352
1662735910 16342974
1662735911 16098750
1662735912 15881662
1662735913 15229444
1662735914 16008332
1662735915 16216516
1662735916 15868094
1662735917 16597480
1662735918 15673902
1662735919 16831316
1662735920 16331102
1662735921 16456182
1662735922 12505032
1662735923 11205790
1662735924 11890550
1662735925 11005238
1662735926 11005768
1662735927 13907518
1662735928 10796100
1662735929 12367974
1662735930 10948952
1662735931 11893412
1662735932 12970266
1662735933 11274266
1662735934 11565448
1662735935 11133074
1662735936 14377416
1662735937 14253926
1662735938 7537554
1662735939 9760268
1662735940 7405584
1662735941 8938662
1662735942 9949796
1662735943 8036178
1662735944 10042440
1662735945 10087808
1662735946 8369124
1662735947 6854596
1662735948 7895516
1662735949 7874104
1662735950 10149182
1662735951 8386190
1662735952 9001732
1662735953 7523032
1662735954 7826086
1662735955 6490062
1662735956 8544766
1662735957 8017840
1662735958 7081330
1662735959 7359686
1662735960 9251680
1662735961 7320678
1662735962 7882478
1662735963 5949674
1662735964 8677478
1662735965 8519220
1662735966 11432418
1662735967 11944292
1662735968 6778488
1662735969 8865310
1662735970 7447772
1662735971 6603694
1662735972 7302870
1662735973 6230892
1662735974 7920744
1662735975 8343896
1662735976 7859900
1662735977 7428268
1662735978 8102852
1662735979 6997484
1662735980 7549956
1662735981 8567874
1662735982 9921918
1662735983 7843364
1662735984 9297048
1662735985 8316336
1662735986 10467288
1662735987 8289306
1662735988 8115148
1662735989 8323650
1662735990 8131578
1662735991 9497918
1662735992 8028970
1662735993 8686912
1662735994 6233542
1662735995 8422760
1662735996 8744788
1662735997 9528870
1662735998 7094156
1662735999 8409192
1662736000 9710448
1662736001 8911950
1662736002 7888520
1662736003 6367632
1662736004 8020702
1662736005 8508090
1662736006 7249128
1662736007 7868274
1662736008 8652250
1662736009 8780298
1662736010 7528438
1662736011 7958586
1662736012 8963466
1662736013 7415124
1662736014 7098184
1662736015 7090976
1662736016 8202280
1662736017 8393822
1662736018 7450104
1662736019 8451062
1662736020 9520920
1662736021 8176098
1662736022 8828104
1662736023 8682672
1662736024 3791302
1662736025 4292576
1662736026 3159436
1662736027 7397316
1662736028 9124692
1662736029 7197188
1662736030 8263018
1662736031 7247644
1662736032 9091408
1662736033 8721362
1662736034 8251994
1662736035 8610380
1662736036 7852798
1662736037 7713302
1662736038 8141436
1662736039 9672924
1662736040 8881952
1662736041 7788032
1662736042 7722630
1662736043 7456994
1662736044 9293550
1662736045 8621616
1662736046 7711288
1662736047 7468124
1662736048 8319728
1662736049 8699632
1662736050 10052510
1662736051 8906226
1662736052 8527806
1662736053 8231536
1662736054 8851742
1662736055 7880146
1662736056 8020596
1662736057 7248916
1662736058 7153198
1662736059 7410566
1662736060 9046464
1662736061 8450532
1662736062 9631796
1662736063 7456464
1662736064 8209594
1662736065 7583028
1662736066 9162216
1662736067 7882054
1662736068 7008614
1662736069 9357892
1662736070 8866794
1662736071 8602112
1662736072 7855448
1662736073 7264180
1662736074 9549116
1662736075 8417990
1662736076 6563096
1662736077 9023992
1662736078 6754002
1662736079 7755066
1662736080 5880562
1662736081 8545402
1662736082 8059286
1662736083 7183832
1662736084 8398698
1662736085 7454450
1662736086 5662202
1662736087 3215298
1662736088 4208518
1662736089 4302858
1662736090 5391266
1662736091 8005650
1662736092 6939926
1662736093 10301186
1662736094 7539356
1662736095 8926684
1662736096 6353110
1662736097 8659246
1662736098 9251574
1662736099 9407076
1662736100 6791844
1662736101 7906858
1662736102 9584626
1662736103 9611232
1662736104 6620018
1662736105 8783584
1662736106 8730902
1662736107 7934312
1662736108 8176628
1662736109 10138582
1662736110 7633272
1662736111 9668790
1662736112 8859268
1662736113 8173554
1662736114 7533632
1662736115 7033100
1662736116 8152672
1662736117 8900290
1662736118 8382162
1662736119 7847710
1662736120 8091934
1662736121 6886396
1662736122 8417884
1662736123 8896050
1662736124 8611334
1662736125 6628498
1662736126 7096594
1662736127 6859790
1662736128 8898064
1662736129 8747968
1662736130 8574234
1662736131 7662422
1662736132 6530554
1662736133 8778284
1662736134 7222522
1662736135 7494200
1662736136 8493038
1662736137 7777114
1662736138 6641430
1662736139 8532894
1662736140 8629036
1662736141 7835202
1662736142 7277960
1662736143 8136772
1662736144 7502574
1662736145 8491342
1662736146 6895830
1662736147 8190514
1662736148 8739806
1662736149 9318566
1662736150 8533954
1662736151 5345262
1662736152 4165588
1662736153 2905566
1662736154 6823432
1662736155 9645788
1662736156 8185108
1662736157 8346864
1662736158 7102848
1662736159 9673242
1662736160 8601900
1662736161 8549748
1662736162 9616956
1662736163 8168148
1662736164 8228568
1662736165 8099354
1662736166 9040528
1662736167 8581442
1662736168 8259096
1662736169 7973108
1662736170 9484562
1662736171 8365308
1662736172 8296090
1662736173 7118324
1662736174 9012756
1662736175 8650660
1662736176 7229306
1662736177 9382272
1662736178 6974906
1662736179 7696130
1662736180 7577622
1662736181 9313372
1662736182 9089712
1662736183 8782842
1662736184 7978408
1662736185 5521222
1662736186 9409938
1662736187 8773302
1662736188 9667412
1662736189 7020168
1662736190 8229204
1662736191 7863398
1662736192 8015932
1662736193 8356722
1662736194 8569040
1662736195 7999184
1662736196 8298952
1662736197 7477028
1662736198 7890216
1662736199 9098828
1662736200 6839014
1662736201 9501734
1662736202 9127554
1662736203 8765564
1662736204 7784428
1662736205 8582608
1662736206 7678958
1662736207 9333088
1662736208 8769698
1662736209 9127660
1662736210 7159876
1662736211 4067538
1662736212 3232682
1662736213 3159860
1662736214 3986448
1662736215 2692294
1662736216 4426878
1662736217 5520480
1662736218 9641654
1662736219 9175996
1662736220 8524202
1662736221 8435056
1662736222 7794392
1662736223 7056632
1662736224 7639950
1662736225 6421480
1662736226 8812734
1662736227 7645038
1662736228 7946608
1662736229 8279024
1662736230 6746052
1662736231 7346012
1662736232 8078684
1662736233 7018154
1662736234 7093732
1662736235 10192006
1662736236 7023454
1662736237 8612500
1662736238 7575926
1662736239 8014978
1662736240 5623088
1662736241 9649286
1662736242 8814960
1662736243 7880464
1662736244 7985934
1662736245 8061194
1662736246 6728032
1662736247 8205990
1662736248 7574972
1662736249 7174080
1662736250 7937174
1662736251 8625220
1662736252 7473530
1662736253 9403578
1662736254 7950318
1662736255 7390532
1662736256 7177048
1662736257 7721146
1662736258 6658178
1662736259 8062042
1662736260 7140054
1662736261 7532254
1662736262 8362976
1662736263 8135606
1662736264 8288776
1662736265 8589180
1662736266 6712238
1662736267 8528336
1662736268 7615782
1662736269 9453716
1662736270 8206202
1662736271 8869020
1662736272 8953184
1662736273 8766730
1662736274 8224222
1662736275 8152142
1662736276 6788770
1662736277 7806370
1662736278 8634866
1662736279 9587170
1662736280 8843686
1662736281 6340814
1662736282 8593738
1662736283 9118756
1662736284 8950746
1662736285 7883644
1662736286 6735558
1662736287 9198044
1662736288 6220716
1662736289 7715634
1662736290 7318240
1662736291 6548892
1662736292 7753052
1662736293 9540106
1662736294 8301920
1662736295 7443744
1662736296 8518584
1662736297 7130620
1662736298 8658716
1662736299 9563532
1662736300 8163908
1662736301 8014766
1662736302 7275946
1662736303 9037878
1662736304 9677164
1662736305 7156908
1662736306 9434848
1662736307 7160830
1662736308 7995474
1662736309 7760154
1662736310 7265028
1662736311 8175780
1662736312 8585258
1662736313 8648116
1662736314 8518266
1662736315 9582082
1662736316 6512216
1662736317 8371986
1662736318 9011908
1662736319 8251252
1662736320 7027376
1662736321 8991768
1662736322 6155420
1662736323 7345482
1662736324 8157124
1662736325 10324612
1662736326 7836156
1662736327 9379198
1662736328 7782096
1662736329 6217218
1662736330 7801388
1662736331 7616842
1662736332 8412584
1662736333 8483816
1662736334 5787070
1662736335 3283244
1662736336 4080258
1662736337 5797458
1662736338 4603368
1662736339 7496002
1662736340 8390536
1662736341 8426152
1662736342 8398274
1662736343 8923080
1662736344 7080906
1662736345 5877276
1662736346 8109212
1662736347 8608048
1662736348 7619386
1662736349 9121406
1662736350 9700908
1662736351 8826832
1662736352 6811666
1662736353 7808490
1662736354 6974482
1662736355 6568608
1662736356 8648434
1662736357 7845696
1662736358 8413008
1662736359 8408132
1662736360 8359478
1662736361 7508404
1662736362 8116738
1662736363 7825344
1662736364 8987952
1662736365 7566704
1662736366 7391168
1662736367 8627658
1662736368 6483702
1662736369 7872090
1662736370 6865090
1662736371 6960172
1662736372 7716800
1662736373 8764504
1662736374 9335632
1662736375 8936224
1662736376 8481484
1662736377 9016890
1662736378 10574984
1662736379 7772450
1662736380 9182568
1662736381 8701116
1662736382 8933574
1662736383 9363828
1662736384 8688078
1662736385 8508726
1662736386 8129670
1662736387 7351524
1662736388 8025684
1662736389 8597342
1662736390 8864038
1662736391 9434212
1662736392 7269586
1662736393 8444490
1662736394 10065336
1662736395 9216064
1662736396 5509986
1662736397 3780490
1662736398 4459632
1662736399 5251876
1662736400 4460692
1662736401 8915130
1662736402 5796822
1662736403 8467492
1662736404 7866366
1662736405 7737258
1662736406 7747116
1662736407 7750190
1662736408 8102640
1662736409 7568082
1662736410 9782210
1662736411 7945336
1662736412 8407390
1662736413 5627434
1662736414 7439186
1662736415 7807218
1662736416 8044552
1662736417 7994520
1662736418 9713204
1662736419 7086948
1662736420 8625326
1662736421 7667828
1662736422 7470880
1662736423 9116106
1662736424 8453924
1662736425 8936224
1662736426 6036276
1662736427 8431452
1662736428 7320678
1662736429 7496638
1662736430 8877182
1662736431 7476498
1662736432 7791742
1662736433 5707570
1662736434 9564062
1662736435 8057166
1662736436 8909088
1662736437 8074126
1662736438 9084412
1662736439 8382586
1662736440 8919688
1662736441 8424456
1662736442 7078786
1662736443 8510422
1662736444 9466542
1662736445 7983178
1662736446 9145574
1662736447 9189352
1662736448 8014766
1662736449 8844428
1662736450 6333606
1662736451 8935270
1662736452 8354496
1662736453 7883962
1662736454 8893612
1662736455 7422120
1662736456 7222310
1662736457 7380038
1662736458 8146736
1662736459 7461870
1662736460 7332126
1662736461 5136442
1662736462 8172706
1662736463 8174084
1662736464 7547200
1662736465 9207796
1662736466 8864144
1662736467 7380356
1662736468 9358634
1662736469 7531830
1662736470 9698682
1662736471 8157760
1662736472 7712984
1662736473 8058862
1662736474 9271608
1662736475 8248814
1662736476 8608684
1662736477 8189242
1662736478 7561404
1662736479 7600518
1662736480 8521658
1662736481 7894350
1662736482 9429336
1662736483 8282734
1662736484 8788672
1662736485 8432512
1662736486 8589604
1662736487 7769800
1662736488 6803822
1662736489 7795134
1662736490 9429972
1662736491 7183514
1662736492 8423820
1662736493 8419050
1662736494 8437600
1662736495 9783588
1662736496 8433042
1662736497 8040524
1662736498 7622142
1662736499 8233762
1662736500 8824076
1662736501 7606984
1662736502 6218384
1662736503 8294076
1662736504 8101262
1662736505 8409192
1662736506 6758030
1662736507 8205248
1662736508 8724648
1662736509 6118108
1662736510 9024522
1662736511 6716054
1662736512 6717644
1662736513 8426046
1662736514 6661676
1662736515 8681506
1662736516 7489748
1662736517 8643240
1662736518 7648960
1662736519 9094800
1662736520 9284434
1662736521 8733552
1662736522 8436116
1662736523 6104646
1662736524 5048356
1662736525 3666752
1662736526 4526412
1662736527 3974788
1662736528 5907168
1662736529 8233444
1662736530 6873782
1662736531 7115886
1662736532 8174508
1662736533 9020706
1662736534 10550074
1662736535 8106138
1662736536 5931442
1662736537 9166880
1662736538 9370930
1662736539 9534170
1662736540 8167088
1662736541 8040630
1662736542 6260042
1662736543 6164854
1662736544 7916928
1662736545 7686166
1662736546 7325024
1662736547 9378138
1662736548 9177692
1662736549 8626068
1662736550 7930602
1662736551 8985302
1662736552 6886714
1662736553 7670690
1662736554 9000142
1662736555 7726340
1662736556 6870496
1662736557 8487950
1662736558 8317820
1662736559 7819938
1662736560 7079528
1662736561 6305304
1662736562 9318672
1662736563 6656482
1662736564 7809762
1662736565 7675884
1662736566 8588756
1662736567 6954236
1662736568 7248810
1662736569 7488688
1662736570 7779234
1662736571 8134228
1662736572 7807430
1662736573 6411304
1662736574 8190302
1662736575 6440878
1662736576 8209488
1662736577 7645674
1662736578 7507556
1662736579 9150980
1662736580 9391494
1662736581 7049000
1662736582 8862236
1662736583 8575082
1662736584 6956886
1662736585 8418308
1662736586 8023988
1662736587 8211608
1662736588 8828210
1662736589 7887036
1662736590 4619692
1662736591 5828304
1662736592 6209692
1662736593 7868698
1662736594 8438130
1662736595 7757080
1662736596 7839654
1662736597 7284532
1662736598 9046888
1662736599 7066808
1662736600 8811886
1662736601 7360852
1662736602 8360114
1662736603 9703876
1662736604 8691152
1662736605 9280830
1662736606 7108784
1662736607 9169424
1662736608 7779552
1662736609 10086218
1662736610 7232804
1662736611 8177158
1662736612 7144824
1662736613 8902198
1662736614 9424884
1662736615 8207262
1662736616 7797784
1662736617 6476070
1662736618 7711712
1662736619 8631686
1662736620 8327360
1662736621 7394666
1662736622 9085578
1662736623 9004912
1662736624 7048788
1662736625 8741608
1662736626 7113872
1662736627 7614934
1662736628 9118014
1662736629 7332656
1662736630 6706938
1662736631 8748604
1662736632 9126176
1662736633 9539152
1662736634 9677058
1662736635 8473746
1662736636 7954558
1662736637 9180342
1662736638 9616320
1662736639 9932624
1662736640 8826726
1662736641 8770652
1662736642 7682562
1662736643 7915126
1662736644 9259948
1662736645 7298206
1662736646 8904530
1662736647 6776368
1662736648 8326512
1662736649 9061516
1662736650 4990162
1662736651 3376736
1662736652 4412356
1662736653 3639404
1662736654 3344724
1662736655 5617788
1662736656 7645144
1662736657 8020278
1662736658 8556426
1662736659 9564062
1662736660 8364884
1662736661 7393500
1662736662 6834138
1662736663 8876652
1662736664 9667942
1662736665 7378660
1662736666 9222000
1662736667 6969606
1662736668 9204298
1662736669 7757398
1662736670 8092040
1662736671 8274996
1662736672 8312732
1662736673 8068508
1662736674 8172812
1662736675 6312194
1662736676 7633378
1662736677 7210862
1662736678 7879722
1662736679 6213084
1662736680 6715206
1662736681 8428484
1662736682 9181402
1662736683 7072638
1662736684 8205778
1662736685 6787604
1662736686 8937814
1662736687 7234288
1662736688 6928478
1662736689 9695396
1662736690 7738530
1662736691 8876546
1662736692 7439398
1662736693 7522184
1662736694 9220198
1662736695 6974058
1662736696 7962190
1662736697 8703236
1662736698 6768736
1662736699 9135080
1662736700 7987630
1662736701 9382696
1662736702 9255602
1662736703 8652568
1662736704 8981592
1662736705 6585038
1662736706 9087062
1662736707 7431660
1662736708 9312100
1662736709 8381314
1662736710 8334356
1662736711 7906222
1662736712 6909716
1662736713 9251786
1662736714 10103920
1662736715 4906316
1662736716 6109734
1662736717 8513072
1662736718 7630622
1662736719 8907604
1662736720 8065540
1662736721 8164014
1662736722 7882584
1662736723 7562888
1662736724 7595430
1662736725 9744580
1662736726 6007126
1662736727 8557168
1662736728 9038938
1662736729 8097340
1662736730 8009148
1662736731 8470460
1662736732 9101478
1662736733 8427000
1662736734 8633806
1662736735 9074872
1662736736 8685852
1662736737 8428166
1662736738 9607840
1662736739 6227818
1662736740 6869754
1662736741 7292270
1662736742 8266728
1662736743 7965264
1662736744 7190298
1662736745 8033422
1662736746 6926570
1662736747 7117052
1662736748 6886078
1662736749 8074232
1662736750 8928274
1662736751 9659992
1662736752 7437278
1662736753 8243832
1662736754 7048258
1662736755 6852794
1662736756 7756020
1662736757 9123632
1662736758 9470252
1662736759 7753264
1662736760 8541904
1662736761 6089170
1662736762 8448730
1662736763 9193380
1662736764 8761748
1662736765 8282416
1662736766 7433992
1662736767 9079960
1662736768 7029284
1662736769 7400920
1662736770 7701324
1662736771 7641434
1662736772 6303396
1662736773 5079626
1662736774 2413514
1662736775 6810288
1662736776 8866264
1662736777 7947774
1662736778 7764712
1662736779 8411736
1662736780 8943750
1662736781 7009462
1662736782 6101254
1662736783 6721460
1662736784 7284744
1662736785 6835834
1662736786 7003738
1662736787 8372834
1662736788 7755384
1662736789 9879412
1662736790 8125536
1662736791 7127122
1662736792 8433890
1662736793 10408988
1662736794 8366156
1662736795 7340712
1662736796 8154156
1662736797 7211816
1662736798 9629782
1662736799 9555476
1662736800 7605394
1662736801 8015932
1662736802 8648116
1662736803 7343044
1662736804 6151498
1662736805 7555998
1662736806 8073172
1662736807 8200372
1662736808 6340708
1662736809 6116306
1662736810 8863190
1662736811 7186800
1662736812 8066070
1662736813 7277536
1662736814 10094062
1662736815 8500458
1662736816 7468866
1662736817 7823436
1662736818 6965472
1662736819 8664864
1662736820 9187550
1662736821 7156590
1662736822 6660192
1662736823 8804466
1662736824 7915020
1662736825 8033316
1662736826 7214466
1662736827 6325762
1662736828 8226024
1662736829 8303616
1662736830 8593208
1662736831 8968130
1662736832 7737894
1662736833 9112926
1662736834 8602642
1662736835 8587060
1662736836 8822380
1662736837 5664004
1662736838 5717322
1662736839 6098604
1662736840 7753688
1662736841 6607934
1662736842 9109110
1662736843 8681612
1662736844 7041050
1662736845 7876966
1662736846 8682990
1662736847 8862660
1662736848 8485088
1662736849 7636876
1662736850 5756436
1662736851 6796508
1662736852 6651606
1662736853 8594056
1662736854 8874532
1662736855 9172392
1662736856 9308920
1662736857 7626700
1662736858 6812302
1662736859 10157132
1662736860 9233448
1662736861 6797038
1662736862 7892336
1662736863 9689566
1662736864 8244680
1662736865 8365308
1662736866 6286966
1662736867 7473318
1662736868 9558656
1662736869 8748922
1662736870 9273622
1662736871 6213826
1662736872 9044556
1662736873 7581862
1662736874 7571580
1662736875 7184786
1662736876 7432508
1662736877 9931458
1662736878 8963466
1662736879 7813366
1662736880 8734188
1662736881 8715956
1662736882 9204616
1662736883 7869546
1662736884 8299694
1662736885 8025472
1662736886 7392652
1662736887 6573166
1662736888 8163166
1662736889 8163590
1662736890 8187546
1662736891 8284218
1662736892 7667510
1662736893 8497384
1662736894 9497918
1662736895 8647162
1662736896 8129034
1662736897 6683406
1662736898 9464316
1662736899 8343896
1662736900 7059070
1662736901 6899858
1662736902 4203218
1662736903 4364126
1662736904 3518882
1662736905 5690928
1662736906 8698466
1662736907 7480208
1662736908 8233444
1662736909 8655430
1662736910 7910250
1662736911 7270434
1662736912 6971090
1662736913 7906434
1662736914 9636248
1662736915 9649180
1662736916 9051552
1662736917 8677160
1662736918 7769482
1662736919 7886400
1662736920 8973430
1662736921 7495260
1662736922 10012972
1662736923 7347814
1662736924 9278710
1662736925 9762812
1662736926 8460284
1662736927 7932934
1662736928 8303298
1662736929 8518584
1662736930 8582714
1662736931 6902720
1662736932 10077950
1662736933 9391706
1662736934 7516142
1662736935 8613136
1662736936 8779980
1662736937 7577410
1662736938 7166024
1662736939 7487098
1662736940 8793124
1662736941 8225070
1662736942 7985722
1662736943 8142390
1662736944 8517736
1662736945 9494738
1662736946 7504800
1662736947 8461026
1662736948 7821528
1662736949 8311566
1662736950 9131688
1662736951 7537448
1662736952 9424990
1662736953 8480742
1662736954 8581442
1662736955 9726878
1662736956 7825556
1662736957 7625746
1662736958 9682464
1662736959 4512950
1662736960 3445530
1662736961 3563190
1662736962 4385750
1662736963 5090014
1662736964 4924336
1662736965 5858938
1662736966 6457202
1662736967 8851106
1662736968 7403676
1662736969 9527704
1662736970 9042012
1662736971 8111756
1662736972 8259626
1662736973 8037238
1662736974 7916822
1662736975 7421590
1662736976 7734502
1662736977 8652568
1662736978 7809020
1662736979 7328840
1662736980 6758348
1662736981 6578042
1662736982 8706522
1662736983 7996216
1662736984 8312838
1662736985 6636024
1662736986 8154156
1662736987 6147258
1662736988 8220194
1662736989 8331388
1662736990 7800222
1662736991 7021652
1662736992 7381628
1662736993 8431028
1662736994 7952862
1662736995 8691364
1662736996 6093516
1662736997 8389476
1662736998 7024408
1662736999 6772128
1662737000 6718810
1662737001 7029708
1662737002 7903254
1662737003 7467276
1662737004 7447984
1662737005 7655850
1662737006 10246066
1662737007 7485296
1662737008 8822698
1662737009 7409930
1662737010 8805632
1662737011 6778276
1662737012 6321628
1662737013 6278062
1662737014 8161682
1662737015 7811034
1662737016 6031188
1662737017 9237158
1662737018 8864780
1662737019 8206096
1662737020 7741710
1662737021 7521548
1662737022 6338376
1662737023 8000350
1662737024 9666246
1662737025 10932628
1662737026 12122902
1662737027 11507360
1662737028 12126188
1662737029 8156488
1662737030 8297786
1662737031 7877602
1662737032 8571266
1662737033 8126914
1662737034 9730164
1662737035 6815588
1662737036 8331176
1662737037 8367110
1662737038 9000990
1662737039 7805946
1662737040 7536918
1662737041 7657546
1662737042 10427750
1662737043 8863932
1662737044 5156158
1662737045 1272


# events lost
1662735922 3706502
1662735923 4510724
1662735924 4920520
1662735925 6026206
1662735926 4718060
1662735927 3143960
1662735928 5066588
1662735929 3924968
1662735930 5707040
1662735931 4568176
1662735932 3779642
1662735933 4401120
1662735934 5302968
1662735935 5707570
1662735936 1763946
1662735937 1979232
1662735938 8595964
1662735939 7637936
1662735940 9505126
1662735941 7934948
1662735942 6340814
1662735943 7482434
1662735944 7006494
1662735945 6060020
1662735946 8426576
1662735947 10003326
1662735948 7273190
1662735949 9357574
1662735950 6818450
1662735951 8349620
1662735952 7486886
1662735953 7761638
1662735954 9485198
1662735955 9800866
1662735956 8120872
1662735957 8458058
1662735958 8926048
1662735959 9147694
1662735960 7255700
1662735961 8875486
1662735962 8292804
1662735963 9713204
1662735964 7771072
1662735965 8593208
1662735966 5034470
1662735967 4422108
1662735968 9040316
1662735969 8105078
1662735970 10024632
1662735971 10311044
1662735972 9428912
1662735973 9822596
1662735974 8929546
1662735975 8332236
1662735976 8942160
1662735977 9073388
1662735978 7636664
1662735979 9794400
1662735980 9029716
1662735981 8625750
1662735982 8281886
1662735983 7809974
1662735984 7648854
1662735985 8896368
1662735986 6529494
1662735987 8013918
1662735988 7869016
1662735989 8249980
1662735990 9124162
1662735991 7291528
1662735992 8478622
1662735993 7219236
1662735994 10843482
1662735995 8184048
1662735996 8189560
1662735997 6949042
1662735998 9044874
1662735999 8321530
1662736000 7224006
1662736001 7640586
1662736002 8814642
1662736003 9219774
1662736004 9099994
1662736005 8538724
1662736006 9871356
1662736007 8078366
1662736008 7723054
1662736009 8532788
1662736010 9857046
1662736011 8768744
1662736012 8265986
1662736013 8365202
1662736014 10000888
1662736015 9702180
1662736016 7770860
1662736017 8875804
1662736018 8817398
1662736019 8766518
1662736020 7274038
1662736021 7848558
1662736022 8262912
1662736023 8072536
1662736024 13175482
1662736025 12203356
1662736026 12679508
1662736027 8951276
1662736028 7912582
1662736029 10147062
1662736030 8338066
1662736031 8876016
1662736032 7875270
1662736033 8479788
1662736034 8503638
1662736035 8343684
1662736036 7952014
1662736037 9557278
1662736038 8586000
1662736039 7246796
1662736040 8102004
1662736041 7493140
1662736042 8718076
1662736043 9364358
1662736044 7326508
1662736045 8276268
1662736046 7145778
1662736047 9080172
1662736048 8803936
1662736049 8021868
1662736050 6515396
1662736051 7152244
1662736052 8288246
1662736053 8751148
1662736054 8255598
1662736055 9100630
1662736056 7720616
1662736057 9343158
1662736058 9433364
1662736059 9330756
1662736060 7933252
1662736061 7841880
1662736062 7331702
1662736063 9333936
1662736064 9346656
1662736065 9261432
1662736066 6539246
1662736067 8728464
1662736068 10084310
1662736069 7599776
1662736070 7613662
1662736071 7578576
1662736072 8542010
1662736073 10018590
1662736074 7988160
1662736075 8249874
1662736076 8975126
1662736077 7596066
1662736078 10019756
1662736079 8572220
1662736080 10654060
1662736081 7553772
1662736082 8957318
1662736083 9729740
1662736084 8018052
1662736085 9781998
1662736086 10917682
1662736087 13636158
1662736088 12716290
1662736089 12907196
1662736090 11387156
1662736091 8146418
1662736092 9590562
1662736093 5991120
1662736094 8984136
1662736095 8076882
1662736096 9802986
1662736097 8239274
1662736098 7227186
1662736099 8051760
1662736100 10441318
1662736101 8288564
1662736102 6878976
1662736103 6542320
1662736104 9731966
1662736105 7948834
1662736106 7053240
1662736107 8965904
1662736108 8534060
1662736109 6467802
1662736110 9157022
1662736111 6822266
1662736112 8046672
1662736113 8576142
1662736114 9669956
1662736115 9355772
1662736116 8119388
1662736117 7732700
1662736118 8022610
1662736119 8689668
1662736120 9208644
1662736121 8735884
1662736122 8321530
1662736123 8412054
1662736124 8322166
1662736125 10106358
1662736126 8673450
1662736127 10250942
1662736128 7934206
1662736129 7401026
1662736130 8261110
1662736131 8157972
1662736132 10122470
1662736133 7936220
1662736134 9902414
1662736135 9272774
1662736136 7443320
1662736137 9059290
1662736138 10146214
1662736139 8027698
1662736140 8776058
1662736141 8638682
1662736142 10199108
1662736143 8961770
1662736144 9471842
1662736145 8286656
1662736146 8874956
1662736147 8254644
1662736148 7505118
1662736149 7236726
1662736150 8442158
1662736151 10885246
1662736152 12601068
1662736153 13605100
1662736154 9940998
1662736155 6963458
1662736156 8467068
1662736157 8300648
1662736158 9665822
1662736159 6692628
1662736160 8423820
1662736161 7064582
1662736162 7105922
1662736163 8955940
1662736164 8291214
1662736165 8810720
1662736166 6771280
1662736167 8363612
1662736168 7897424
1662736169 8771606
1662736170 7738954
1662736171 8176204
1662736172 8772454
1662736173 9098934
1662736174 8324816
1662736175 8395306
1662736176 8908982
1662736177 7305838
1662736178 9994846
1662736179 8983182
1662736180 8980956
1662736181 7233016
1662736182 7928694
1662736183 7990492
1662736184 8761748
1662736185 11191162
1662736186 6809016
1662736187 7797784
1662736188 7252732
1662736189 9916724
1662736190 7921168
1662736191 7942050
1662736192 8450956
1662736193 8018794
1662736194 8444490
1662736195 8196344
1662736196 7276582
1662736197 9415874
1662736198 9025794
1662736199 7855554
1662736200 9828426
1662736201 6901130
1662736202 7629350
1662736203 7624898
1662736204 9722532
1662736205 7746798
1662736206 8181398
1662736207 7736198
1662736208 8017734
1662736209 7734608
1662736210 9583566
1662736211 12137318
1662736212 13666580
1662736213 13929566
1662736214 12700920
1662736215 14608708
1662736216 11635514
1662736217 11256246
1662736218 6680862
1662736219 8076246
1662736220 9236098
1662736221 7580590
1662736222 9186596
1662736223 9567666
1662736224 9099888
1662736225 10230696
1662736226 6796720
1662736227 8980214
1662736228 8585576
1662736229 8279024
1662736230 10471316
1662736231 8441416
1662736232 8410676
1662736233 9892238
1662736234 9928384
1662736235 6562460
1662736236 8938132
1662736237 8128080
1662736238 9209492
1662736239 9098722
1662736240 11262818
1662736241 6606556
1662736242 7920108
1662736243 8958060
1662736244 8631580
1662736245 9013074
1662736246 9153842
1662736247 8509468
1662736248 8837008
1662736249 9454034
1662736250 8635820
1662736251 7603910
1662736252 8982864
1662736253 7320254
1662736254 8526110
1662736255 8918204
1662736256 8322908
1662736257 9088652
1662736258 9879518
1662736259 9401246
1662736260 9573708
1662736261 8128716
1662736262 9057382
1662736263 8829270
1662736264 8496324
1662736265 8180550
1662736266 8256764
1662736267 7921592
1662736268 8589180
1662736269 7869864
1662736270 9010318
1662736271 7241496
1662736272 7473742
1662736273 7630834
1662736274 8687124
1662736275 8959756
1662736276 9404638
1662736277 8942690
1662736278 7841138
1662736279 7448832
1662736280 8306584
1662736281 9758784
1662736282 8028864
1662736283 7958586
1662736284 7262166
1662736285 8531198
1662736286 8105184
1662736287 7545398
1662736288 10219248
1662736289 8538724
1662736290 9387254
1662736291 8501518
1662736292 9469404
1662736293 7284320
1662736294 8300330
1662736295 9356938
1662736296 7630516
1662736297 9580810
1662736298 7958374
1662736299 7416714
1662736300 8420322
1662736301 7738318
1662736302 10236844
1662736303 8036602
1662736304 7129560
1662736305 10280304
1662736306 7104968
1662736307 9735888
1662736308 8987104
1662736309 8916402
1662736310 9748608
1662736311 8336582
1662736312 8061936
1662736313 8040418
1662736314 8529820
1662736315 7257820
1662736316 9290052
1662736317 8070628
1662736318 7627230
1662736319 8724860
1662736320 9754544
1662736321 7067762
1662736322 10260588
1662736323 10029932
1662736324 8742244
1662736325 6253682
1662736326 8730690
1662736327 7947456
1662736328 9431562
1662736329 10678864
1662736330 9829380
1662736331 7732170
1662736332 8573810
1662736333 8713518
1662736334 11298964
1662736335 13830244
1662736336 12027714
1662736337 11137738
1662736338 11934540
1662736339 9309132
1662736340 8969614
1662736341 7673022
1662736342 8216696
1662736343 8113452
1662736344 9475976
1662736345 11610604
1662736346 7998442
1662736347 7817288
1662736348 9077840
1662736349 7634226
1662736350 7009250
1662736351 7408976
1662736352 9571906
1662736353 8924776
1662736354 9424142
1662736355 11094490
1662736356 7548578
1662736357 9128402
1662736358 8205142
1662736359 8363188
1662736360 8317820
1662736361 7717012
1662736362 8860328
1662736363 8723270
1662736364 7484554
1662736365 8319940
1662736366 8448518
1662736367 8674934
1662736368 10046998
1662736369 9318460
1662736370 10435382
1662736371 8811250
1662736372 8495900
1662736373 8578368
1662736374 6863182
1662736375 7913006
1662736376 7766726
1662736377 7252414
1662736378 6108356
1662736379 8705674
1662736380 6883216
1662736381 6806684
1662736382 7891806
1662736383 7535222
1662736384 8273830
1662736385 7873362
1662736386 7168462
1662736387 9402518
1662736388 8783372
1662736389 8549748
1662736390 7707048
1662736391 6317600
1662736392 9383226
1662736393 8380572
1662736394 7073168
1662736395 7082284
1662736396 10586114
1662736397 12648450
1662736398 12652054
1662736399 11878042
1662736400 11907298
1662736401 6800960
1662736402 11110390
1662736403 8256870
1662736404 9148330
1662736405 8765458
1662736406 8181292
1662736407 8445020
1662736408 8672708
1662736409 9337222
1662736410 7088008
1662736411 7450316
1662736412 8293440
1662736413 11310094
1662736414 9247016
1662736415 9031624
1662736416 7235560
1662736417 8765988
1662736418 7125426
1662736419 9458486
1662736420 7980846
1662736421 8464206
1662736422 9570528
1662736423 7553242
1662736424 8097234
1662736425 8437918
1662736426 9434212
1662736427 8318138
1662736428 9102962
1662736429 9534276
1662736430 8184684
1662736431 8473428
1662736432 9409196
1662736433 10218930
1662736434 7634544
1662736435 8948096
1662736436 6558326
1662736437 8068084
1662736438 7558648
1662736439 8618118
1662736440 7591190
1662736441 7074440
1662736442 8898912
1662736443 8058862
1662736444 7580908
1662736445 8939722
1662736446 7219448
1662736447 7329158
1662736448 9074024
1662736449 7947032
1662736450 10754548
1662736451 7552500
1662736452 8760052
1662736453 8981062
1662736454 7547836
1662736455 9501946
1662736456 7956148
1662736457 9669956
1662736458 8167088
1662736459 9372096
1662736460 9852806
1662736461 10698262
1662736462 8188288
1662736463 8620980
1662736464 9125964
1662736465 8130306
1662736466 6739056
1662736467 9621832
1662736468 7108466
1662736469 9416616
1662736470 6767888
1662736471 7163162
1662736472 9125752
1662736473 8092358
1662736474 7811246
1662736475 8288882
1662736476 7198354
1662736477 8551020
1662736478 9046358
1662736479 8968554
1662736480 8299270
1662736481 7888944
1662736482 6574650
1662736483 8990814
1662736484 8334780
1662736485 7825238
1662736486 7818984
1662736487 9040210
1662736488 9800442
1662736489 9167728
1662736490 7444486
1662736491 8961346
1662736492 8515192
1662736493 8745000
1662736494 8464842
1662736495 7308382
1662736496 7329370
1662736497 9232812
1662736498 9013498
1662736499 8302768
1662736500 8014766
1662736501 8698678
1662736502 10633602
1662736503 7550698
1662736504 8615574
1662736505 7688180
1662736506 9411634
1662736507 8766200
1662736508 8063632
1662736509 10747976
1662736510 7838912
1662736511 9314326
1662736512 9723804
1662736513 8542540
1662736514 10076572
1662736515 8509256
1662736516 8196662
1662736517 8775528
1662736518 9457108
1662736519 7800540
1662736520 7560238
1662736521 7185846
1662736522 8491554
1662736523 10285074
1662736524 12070220
1662736525 12759644
1662736526 11331612
1662736527 13127358
1662736528 10595336
1662736529 8850046
1662736530 10054418
1662736531 7942368
1662736532 8572326
1662736533 8080168
1662736534 6579632
1662736535 9040104
1662736536 8363506
1662736537 7527696
1662736538 7361170
1662736539 7423922
1662736540 8309234
1662736541 7912476
1662736542 9987214
1662736543 10792602
1662736544 9223908
1662736545 8997810
1662736546 8908346
1662736547 7446924
1662736548 8061300
1662736549 7766620
1662736550 9083140
1662736551 7731428
1662736552 9831076
1662736553 9250090
1662736554 7740968
1662736555 8470036
1662736556 8812416
1662736557 8104230
1662736558 8138892
1662736559 8702282
1662736560 10166036
1662736561 10167944
1662736562 6800112
1662736563 10043288
1662736564 9319096
1662736565 9726454
1662736566 7079952
1662736567 9241398
1662736568 9245744
1662736569 9547314
1662736570 9218290
1662736571 8275102
1662736572 9195394
1662736573 10234830
1662736574 8992722
1662736575 10230166
1662736576 7780612
1662736577 8980532
1662736578 9397112
1662736579 7695070
1662736580 7748600
1662736581 8818352
1662736582 8583350
1662736583 8378452
1662736584 9411952
1662736585 8732598
1662736586 8319622
1662736587 8463888
1662736588 8039888
1662736589 9113562
1662736590 12032696
1662736591 10188296
1662736592 11224870
1662736593 8413856
1662736594 8561620
1662736595 8745318
1662736596 8131578
1662736597 9477354
1662736598 7102848
1662736599 9473538
1662736600 7965582
1662736601 8632958
1662736602 8630202
1662736603 6637190
1662736604 7394348
1662736605 7633696
1662736606 8258672
1662736607 7442154
1662736608 8883860
1662736609 6799158
1662736610 9745004
1662736611 8039358
1662736612 9408242
1662736613 7878132
1662736614 7400072
1662736615 8935482
1662736616 7805098
1662736617 10351006
1662736618 9289734
1662736619 8554412
1662736620 8097552
1662736621 9205782
1662736622 6988580
1662736623 8057696
1662736624 9467708
1662736625 8152672
1662736626 9033956
1662736627 9202814
1662736628 7126486
1662736629 9216064
1662736630 9497282
1662736631 7358096
1662736632 7377918
1662736633 7195174
1662736634 7213194
1662736635 7499818
1662736636 8601476
1662736637 7605712
1662736638 7776478
1662736639 6630406
1662736640 7997700
1662736641 7281458
1662736642 9143030
1662736643 8517206
1662736644 7483600
1662736645 8822910
1662736646 8054516
1662736647 9276590
1662736648 9008728
1662736649 8026638
1662736650 11613784
1662736651 13287312
1662736652 12640288
1662736653 12851970
1662736654 14015426
1662736655 10744266
1662736656 6882368
1662736657 8536392
1662736658 7892866
1662736659 6923814
1662736660 7616312
1662736661 8413962
1662736662 10215008
1662736663 7946608
1662736664 7311668
1662736665 8722316
1662736666 7015716
1662736667 9763130
1662736668 7306474
1662736669 8973642
1662736670 8113452
1662736671 8368064
1662736672 7627230
1662736673 8537346
1662736674 8303722
1662736675 9703452
1662736676 8128504
1662736677 9831500
1662736678 8793124
1662736679 10995910
1662736680 9504914
1662736681 6925510
1662736682 7879298
1662736683 9651936
1662736684 8255598
1662736685 9062258
1662736686 7177684
1662736687 9576782
1662736688 9874324
1662736689 7209378
1662736690 8213834
1662736691 7184680
1662736692 9020282
1662736693 8428060
1662736694 6990488
1662736695 9986048
1662736696 8439826
1662736697 8208004
1662736698 10080600
1662736699 7292270
1662736700 9033214
1662736701 6771810
1662736702 7558118
1662736703 8572962
1662736704 7871560
1662736705 10066184
1662736706 6867846
1662736707 9209386
1662736708 7752628
1662736709 8365944
1662736710 8646314
1662736711 7807854
1662736712 9948524
1662736713 7574230
1662736714 6663054
1662736715 12200600
1662736716 10218824
1662736717 8689986
1662736718 9095012
1662736719 7711076
1662736720 8836054
1662736721 8271604
1662736722 8954244
1662736723 9219244
1662736724 9438876
1662736725 7245312
1662736726 10613038
1662736727 8671966
1662736728 8158184
1662736729 8563634
1662736730 8601476
1662736731 7143128
1662736732 7068292
1662736733 8000350
1662736734 7946926
1662736735 7408128
1662736736 6817602
1662736737 8706734
1662736738 7308806
1662736739 9483926
1662736740 8902728
1662736741 8757826
1662736742 8444278
1662736743 8976822
1662736744 9716384
1662736745 9202072
1662736746 9160838
1662736747 9361602
1662736748 10235996
1662736749 8182776
1662736750 7712878
1662736751 6493666
1662736752 9853866
1662736753 8528018
1662736754 9776274
1662736755 9018056
1662736756 7947774
1662736757 7605500
1662736758 7106664
1662736759 9362980
1662736760 7966642
1662736761 9964106
1662736762 8576778
1662736763 8183306
1662736764 7936220
1662736765 7140902
1662736766 9082822
1662736767 8036602
1662736768 9706420
1662736769 9587064
1662736770 8868490
1662736771 8275420
1662736772 10703880
1662736773 12170708
1662736774 14214388
1662736775 9647378
1662736776 7284532
1662736777 8566602
1662736778 8591300
1662736779 8306160
1662736780 8171646
1662736781 9156916
1662736782 10314436
1662736783 10141126
1662736784 9472478
1662736785 9330862
1662736786 9258040
1662736787 8624902
1662736788 9205888
1662736789 7353644
1662736790 8037556
1662736791 8655960
1662736792 8904954
1662736793 7061932
1662736794 8324180
1662736795 9228572
1662736796 8227296
1662736797 9233236
1662736798 7214254
1662736799 6700578
1662736800 8646102
1662736801 8182352
1662736802 7477982
1662736803 9303196
1662736804 10917894
1662736805 8956258
1662736806 8020702
1662736807 8633064
1662736808 10552088
1662736809 10938564
1662736810 7962190
1662736811 9300440
1662736812 8486784
1662736813 9267898
1662736814 6790360
1662736815 8190726
1662736816 8745318
1662736817 9085048
1662736818 9603282
1662736819 8365944
1662736820 7428374
1662736821 8969508
1662736822 10600106
1662736823 8191680
1662736824 9006714
1662736825 8600204
1662736826 8989966
1662736827 10560038
1662736828 7738848
1662736829 8958484
1662736830 7943428
1662736831 7684470
1662736832 9340402
1662736833 7474908
1662736834 7947032
1662736835 8255068
1662736836 6911624
1662736837 10441000
1662736838 11428708
1662736839 10832670
1662736840 8327148
1662736841 10401568
1662736842 7611542
1662736843 7765666
1662736844 9779666
1662736845 9041164
1662736846 7507556
1662736847 7704398
1662736848 8325876
1662736849 8973536
1662736850 11413338
1662736851 9036288
1662736852 9847506
1662736853 8552716
1662736854 8260474
1662736855 7345588
1662736856 7141962
1662736857 9526538
1662736858 9645046
1662736859 6063836
1662736860 7052816
1662736861 9518800
1662736862 8932302
1662736863 7503210
1662736864 8364778
1662736865 8299588
1662736866 8689350
1662736867 9533110
1662736868 7335624
1662736869 8209488
1662736870 6527162
1662736871 10085476
1662736872 7198354
1662736873 8923822
1662736874 9625966
1662736875 9489756
1662736876 8080274
1662736877 6964200
1662736878 7288348
1662736879 8867642
1662736880 7307958
1662736881 7572746
1662736882 7858522
1662736883 8648540
1662736884 8873684
1662736885 8688078
1662736886 8983288
1662736887 10212464
1662736888 7776054
1662736889 8753904
1662736890 8171858
1662736891 7177790
1662736892 9113350
1662736893 8505546
1662736894 7398906
1662736895 7801282
1662736896 8232172
1662736897 10318252
1662736898 7264816
1662736899 8752632
1662736900 9334996
1662736901 9473326
1662736902 12721272
1662736903 13403594
1662736904 13460728
1662736905 9989440
1662736906 7453602
1662736907 9094588
1662736908 8429968
1662736909 8055258
1662736910 8247648
1662736911 9241716
1662736912 9706208
1662736913 8829270
1662736914 7205244
1662736915 7114508
1662736916 6930280
1662736917 7912476
1662736918 8935800
1662736919 9147164
1662736920 8248390
1662736921 7744360
1662736922 6684042
1662736923 8715532
1662736924 7803826
1662736925 7003420
1662736926 7471516
1662736927 8251464
1662736928 8185426
1662736929 8779556
1662736930 8526852
1662736931 8887252
1662736932 6718280
1662736933 7672068
1662736934 9100100
1662736935 7938870
1662736936 7022924
1662736937 9663914
1662736938 9806060
1662736939 9556854
1662736940 8112604
1662736941 7816652
1662736942 8905060
1662736943 8327360
1662736944 8095114
1662736945 6866044
1662736946 7744678
1662736947 8557804
1662736948 8703448
1662736949 8690728
1662736950 7810504
1662736951 8449790
1662736952 7243828
1662736953 7934630
1662736954 8118116
1662736955 6730788
1662736956 8048580
1662736957 8699526
1662736958 7562040
1662736959 12306176
1662736960 13979916
1662736961 11961146
1662736962 12353346
1662736963 11721162
1662736964 11676748
1662736965 11105196
1662736966 9669850
1662736967 8086528
1662736968 9153206
1662736969 7292376
1662736970 7819938
1662736971 7785276
1662736972 8357888
1662736973 8316018
1662736974 8861176
1662736975 8963890
1662736976 7930814
1662736977 7960388
1662736978 8707476
1662736979 8885556
1662736980 10353762
1662736981 9509366
1662736982 7812836
1662736983 8595222
1662736984 7698250
1662736985 10245430
1662736986 7812836
1662736987 11156606
1662736988 8378028
1662736989 8556744
1662736990 9488908
1662736991 9016466
1662736992 9032684
1662736993 8408980
1662736994 8899018
1662736995 8393504
1662736996 9918950
1662736997 8505758
1662736998 10074876
1662736999 10175258
1662737000 9617380
1662737001 8719666
1662737002 9446296
1662737003 9903474
1662737004 9031624
1662737005 9090984
1662737006 5432500
1662737007 9784118
1662737008 8447034
1662737009 9100100
1662737010 8421064
1662737011 9033108
1662737012 10372524
1662737013 10505342
1662737014 8843050
1662737015 8058968
1662737016 8300754
1662737017 7646628
1662737018 8353118
1662737019 7747328
1662737020 8921596
1662737021 8148008
1662737022 10128300
1662737023 8660306
1662737024 7051650
1662737025 5588638
1662737026 3624564
1662737027 5047296
1662737028 4395608
1662737029 8699526
1662737030 9060032
1662737031 7714044
1662737032 8430710
1662737033 8525580
1662737034 6382790
1662737035 9771504
1662737036 7706412
1662737037 8191892
1662737038 7957420
1662737039 8935164
1662737040 9086638
1662737041 7436536
1662737042 6642490
1662737043 7875376
1662737044 6718916
1662737045 424
