# events called
1663251833 237440
1663251834 3710848
1663251835 993008
1663251836 14294206
1663251837 14074362
1663251838 17347324
1663251839 16162138
1663251840 17353790
1663251841 16845732
1663251842 17186204
1663251843 16624298
1663251844 15845622
1663251845 16882408
1663251846 16091542
1663251847 16697544
1663251848 16443462
1663251849 16070236
1663251850 16116134
1663251851 16827712
1663251852 16164682
1663251853 16391734
1663251854 15644752
1663251855 16543314
1663251856 16842128
1663251857 16867038
1663251858 16559956
1663251859 16140726
1663251860 16756904
1663251861 17232526
1663251862 16848064
1663251863 16161714
1663251864 16349970
1663251865 16776938
1663251866 16979716
1663251867 16104792
1663251868 16562712
1663251869 16354316
1663251870 16591756
1663251871 16861844
1663251872 16513528
1663251873 16273968
1663251874 15947700
1663251875 16618680
1663251876 16925126
1663251877 16028048
1663251878 16451306
1663251879 15605426
1663251880 16114862
1663251881 16294002
1663251882 16491374
1663251883 16665638
1663251884 15799618
1663251885 16045856
1663251886 16476958
1663251887 16266760
1663251888 16460634
1663251889 16272060
1663251890 16468478
1663251891 16650692
1663251892 16588258
1663251893 16787432
1663251894 15837884
1663251895 16333646
1663251896 17244504
1663251897 16429470
1663251898 15792198
1663251899 15625566
1663251900 16383678
1663251901 16621754
1663251902 16254464
1663251903 15979076
1663251904 15595038
1663251905 16630234
1663251906 16546918
1663251907 17148256
1663251908 16590908
1663251909 16443250
1663251910 16714822
1663251911 16992224
1663251912 17479612
1663251913 16906682
1663251914 15867246
1663251915 16461588
1663251916 16671680
1663251917 17001234
1663251918 16803120
1663251919 16342868
1663251920 16658748
1663251921 17065152
1663251922 16503246
1663251923 16276830
1663251924 15978016
1663251925 16895976
1663251926 16606278
1663251927 16286794
1663251928 16594618
1663251929 15546914
1663251930 16302800
1663251931 16089528
1663251932 16278950
1663251933 16311810
1663251934 15752024
1663251935 16316262
1663251936 16706660
1663251937 17037698
1663251938 17257330
1663251939 15827390
1663251940 17276304
1663251941 17401066
1663251942 16765914
1663251943 16316792
1663251944 16297606
1663251945 17111686
1663251946 16814780
1663251947 16700512
1663251948 17245564
1663251949 16349652
1663251950 16602674
1663251951 16330466
1663251952 17197440
1663251953 17741008
1663251954 16128112
1663251955 16773016
1663251956 16466358
1663251957 16710052
1663251958 16508228
1663251959 15441444
1663251960 16353256
1663251961 16818596
1663251962 16906894
1663251963 16772380
1663251964 16224890
1663251965 16425018
1663251966 16639668
1663251967 17427884
1663251968 17095362
1663251969 16044054
1663251970 16608716
1663251971 16865236
1663251972 17298034
1663251973 17094726
1663251974 15640936
1663251975 17287964
1663251976 16742488
1663251977 16740050
1663251978 16959046
1663251979 15904876
1663251980 16988408
1663251981 17072678
1663251982 16536212
1663251983 16750968
1663251984 16258174
1663251985 16588894
1663251986 16971766
1663251987 17220442
1663251988 16668182
1663251989 16308630
1663251990 16477594
1663251991 17461062
1663251992 16757964
1663251993 16803756
1663251994 16335554
1663251995 16915904
1663251996 16533562
1663251997 16871490
1663251998 17355486
1663251999 16098220
1663252000 16996676
1663252001 16761250
1663252002 16797184
1663252003 17018406
1663252004 15794424
1663252005 16805876
1663252006 16888768
1663252007 17398310
1663252008 16981942
1663252009 15844456
1663252010 16110092
1663252011 16289868
1663252012 17568228
1663252013 16756904
1663252014 16363962
1663252015 16716200
1663252016 16371700
1663252017 16712066
1663252018 16483318
1663252019 16526566
1663252020 16687156
1663252021 16762416
1663252022 16602038
1663252023 16530912
1663252024 16655780
1663252025 16710052
1663252026 17377216
1663252027 16435618
1663252028 16080730
1663252029 15656836
1663252030 17072042
1663252031 16663200
1663252032 17511094
1663252033 16893008
1663252034 15899576
1663252035 16745138
1663252036 17520422
1663252037 17208676
1663252038 16927140
1663252039 16211216
1663252040 16978232
1663252041 16950142
1663252042 16787644
1663252043 16619846
1663252044 16546070
1663252045 16837888
1663252046 16756268
1663252047 16876048
1663252048 17099178
1663252049 16102036
1663252050 17147620
1663252051 17107128
1663252052 16931698
1663252053 17697018
1663252054 15207078
1663252055 16647830
1663252056 16861420
1663252057 17177830
1663252058 16504306
1663252059 15999640
1663252060 16568118
1663252061 17093454
1663252062 16851562
1663252063 16091118
1663252064 16732100
1663252065 16937634
1663252066 16451094
1663252067 16831846
1663252068 17128752
1663252069 15669132
1663252070 16917388
1663252071 16740368
1663252072 17031762
1663252073 16816370
1663252074 16643166
1663252075 16977702
1663252076 16264640
1663252077 16932546
1663252078 16757858
1663252079 16181642
1663252080 15560694
1663252081 17110520
1663252082 17030596
1663252083 16872974
1663252084 16391310
1663252085 16543208
1663252086 16053594
1663252087 17199772
1663252088 16577870
1663252089 16393642
1663252090 16670408
1663252091 16892690
1663252092 16888874
1663252093 16377000
1663252094 16244076
1663252095 16756798
1663252096 15962222
1663252097 17062926
1663252098 16736976
1663252099 16794958
1663252100 17683768
1663252101 15588890
1663252102 16818702
1663252103 16671786
1663252104 16381664
1663252105 17273018
1663252106 16235596
1663252107 17550102
1663252108 16247998
1663252109 16897036
1663252110 16464980
1663252111 15732096
1663252112 16518616
1663252113 16581474
1663252114 16709946
1663252115 15815200
1663252116 16648042
1663252117 16485862
1663252118 17026144
1663252119 17633736
1663252120 16234960
1663252121 17310224
1663252122 16764430
1663252123 17056884
1663252124 16378484
1663252125 16275452
1663252126 17251606
1663252127 16915056
1663252128 16545434
1663252129 17307786
1663252130 16402546
1663252131 16547872
1663252132 17252984
1663252133 16498900
1663252134 17042680
1663252135 16543314
1663252136 16762840
1663252137 17459472
1663252138 16805028
1663252139 17197652
1663252140 16054124
1663252141 16362796
1663252142 15974200
1663252143 16875518
1663252144 16271954
1663252145 15653868
1663252146 16949294
1663252147 17207192
1663252148 16775242
1663252149 17355062
1663252150 15600126
1663252151 16508440
1663252152 16806300
1663252153 17440180
1663252154 16861420
1663252155 16072568
1663252156 17116562
1663252157 17132674
1663252158 16728814
1663252159 16614016
1663252160 16250012
1663252161 16711536
1663252162 16328028
1663252163 16868416
1663252164 17077978
1663252165 16470598
1663252166 16258280
1663252167 16838524
1663252168 17302062
1663252169 17196168
1663252170 15406358
1663252171 16660550
1663252172 16969752
1663252173 17417602
1663252174 16563666
1663252175 16311704
1663252176 17396508
1663252177 17107446
1663252178 16530700
1663252179 16214820
1663252180 16137864
1663252181 16481622
1663252182 17137550
1663252183 16784464
1663252184 16579990
1663252185 15505468
1663252186 17159598
1663252187 16484590
1663252188 16646028
1663252189 16935726
1663252190 16139772
1663252191 16967632
1663252192 16602144
1663252193 16723514
1663252194 16528368
1663252195 16373184
1663252196 17028582
1663252197 17069710
1663252198 17038334
1663252199 16815840
1663252200 16067798
1663252201 17223410
1663252202 16949930
1663252203 16991588
1663252204 17613702
1663252205 15865126
1663252206 17566744
1663252207 16791354
1663252208 16693092
1663252209 16983214
1663252210 15614330
1663252211 17003036
1663252212 16605324
1663252213 16571722
1663252214 16821246
1663252215 15568008
1663252216 17046072
1663252217 16887496
1663252218 16851244
1663252219 17109884
1663252220 16299620
1663252221 16625676
1663252222 16873186
1663252223 17075328
1663252224 16718320
1663252225 15970808
1663252226 16622072
1663252227 16647724
1663252228 16689806
1663252229 17123134
1663252230 15841594
1663252231 16352726
1663252232 17086776
1663252233 16715670
1663252234 17308634
1663252235 16731676
1663252236 16178568
1663252237 17144864
1663252238 16736658
1663252239 16849760
1663252240 16070554
1663252241 16548720
1663252242 16847534
1663252243 17254786
1663252244 16932122
1663252245 16507274
1663252246 16502716
1663252247 16408588
1663252248 16877002
1663252249 16850502
1663252250 15966356
1663252251 17295914
1663252252 16602886
1663252253 17016498
1663252254 17003884
1663252255 15664468
1663252256 17204542
1663252257 17226060
1663252258 17264750
1663252259 16892690
1663252260 15685350
1663252261 16886860
1663252262 16859830
1663252263 17096528
1663252264 16367884
1663252265 16517344
1663252266 16993496
1663252267 16733796
1663252268 17277682
1663252269 16437632
1663252270 16535894
1663252271 17439968
1663252272 16803544
1663252273 16839902
1663252274 16597162
1663252275 15968900
1663252276 16905198
1663252277 17237614
1663252278 16748000
1663252279 16715140
1663252280 16099386
1663252281 16441342
1663252282 17482368
1663252283 17303228
1663252284 16810858
1663252285 15476424
1663252286 17495406
1663252287 16823366
1663252288 17174226
1663252289 16764006
1663252290 15731566
1663252291 17191186
1663252292 16970176
1663252293 16718532
1663252294 16854000
1663252295 16245560
1663252296 16983956
1663252297 16404136
1663252298 16225632
1663252299 16591862
1663252300 16304920
1663252301 16313612
1663252302 16784358
1663252303 16842552
1663252304 17196380
1663252305 15871486
1663252306 16508546
1663252307 17213658
1663252308 16684612
1663252309 17286904
1663252310 16166166
1663252311 16838948
1663252312 16887814
1663252313 17089320
1663252314 16231992
1663252315 16424064
1663252316 16619316
1663252317 17032504
1663252318 17293476
1663252319 16732842
1663252320 15879966
1663252321 17127480
1663252322 17154086
1663252323 17507490
1663252324 17094302
1663252325 15730506
1663252326 17342130
1663252327 16989786
1663252328 16917494
1663252329 16504200
1663252330 16384314
1663252331 16850290
1663252332 16681008
1663252333 17589746
1663252334 16199768
1663252335 15729658
1663252336 17344462
1663252337 17062184
1663252338 16892372
1663252339 16955760
1663252340 15867564
1663252341 17237402
1663252342 17101828
1663252343 17164580
1663252344 16953640
1663252345 16383042
1663252346 17119212
1663252347 17387710
1663252348 17511412
1663252349 16607232
1663252350 16030380
1663252351 17069604
1663252352 17338844
1663252353 16862374
1663252354 16260400
1663252355 15793576
1663252356 16908484
1663252357 17118470
1663252358 16817218
1663252359 16250754
1663252360 16355588
1663252361 15949502
1663252362 16199238
1663252363 16361842
1663252364 17458412
1663252365 15639770
1663252366 16268244
1663252367 16888874
1663252368 16504094
1663252369 16702102
1663252370 15673266
1663252371 16814356
1663252372 17321142
1663252373 16616772
1663252374 17286586
1663252375 16263156
1663252376 16750120
1663252377 17004414
1663252378 16516178
1663252379 16697332
1663252380 16512892
1663252381 16418446
1663252382 16745032
1663252383 16987772
1663252384 16239412
1663252385 15851876
1663252386 16824320
1663252387 16714610
1663252388 17080734
1663252389 16618786
1663252390 16328028
1663252391 17001022
1663252392 17118576
1663252393 16561122
1663252394 16904668
1663252395 16437632
1663252396 16703692
1663252397 16669984
1663252398 17340646
1663252399 16977702
1663252400 16262308
1663252401 16785418
1663252402 16767610
1663252403 16764642
1663252404 16653236
1663252405 15916006
1663252406 17124512
1663252407 16465510
1663252408 16935514
1663252409 16614758
1663252410 16001018
1663252411 16817536
1663252412 17108294
1663252413 16472506
1663252414 16259658
1663252415 16284992
1663252416 16644968
1663252417 16689488
1663252418 16546282
1663252419 16954064
1663252420 16540028
1663252421 16772592
1663252422 16171784
1663252423 15724676
1663252424 16564090
1663252425 15922366
1663252426 17193200
1663252427 16536106
1663252428 16132246
1663252429 16386964
1663252430 15987768
1663252431 16630340
1663252432 17613596
1663252433 16873080
1663252434 16845838
1663252435 16453108
1663252436 16812130
1663252437 16791566
1663252438 16552748
1663252439 17076918
1663252440 15876044
1663252441 16424912
1663252442 16729238
1663252443 16888132
1663252444 16676556
1663252445 16041828
1663252446 17404140
1663252447 16768988
1663252448 16734962
1663252449 16821140
1663252450 15962540
1663252451 17356970
1663252452 16427138
1663252453 16598646
1663252454 16761038
1663252455 16629174
1663252456 16677510
1663252457 17312662
1663252458 16668712
1663252459 16313824
1663252460 16203160
1663252461 17136172
1663252462 17260086
1663252463 16661080
1663252464 16417704
1663252465 15894170
1663252466 17202634
1663252467 16336190
1663252468 16902018
1663252469 16640304
1663252470 16407104
1663252471 17374036
1663252472 17296656
1663252473 16469750
1663252474 16927458
1663252475 16189062
1663252476 16396928
1663252477 16108714
1663252478 17266340
1663252479 16722984
1663252480 16547024
1663252481 16766020
1663252482 16497204
1663252483 16547766
1663252484 17420252
1663252485 16032606
1663252486 17376580
1663252487 16656734
1663252488 16582110
1663252489 17014696
1663252490 15630018
1663252491 16688640
1663252492 16726800
1663252493 17013636
1663252494 17101192
1663252495 16396928
1663252496 16448550
1663252497 16985652
1663252498 17173166
1663252499 16445158
1663252500 16216834
1663252501 17268884
1663252502 16844248
1663252503 16873504
1663252504 16789128
1663252505 15676552
1663252506 16913466
1663252507 16396080
1663252508 16450246
1663252509 16578188
1663252510 15423848
1663252511 16832270
1663252512 17107976
1663252513 17293688
1663252514 16794852
1663252515 16281388
1663252516 16677510
1663252517 17050948
1663252518 16937740
1663252519 16601296
1663252520 15844032
1663252521 17139034
1663252522 16276088
1663252523 17352942
1663252524 16997312
1663252525 16590272
1663252526 17384954
1663252527 17030808
1663252528 17171364
1663252529 17055718
1663252530 16109244
1663252531 17090486
1663252532 16460422
1663252533 17028370
1663252534 16523704
1663252535 16082214
1663252536 17049782
1663252537 17061336
1663252538 16540028
1663252539 16952580
1663252540 15830464
1663252541 16894704
1663252542 16469114
1663252543 16391416
1663252544 16407846
1663252545 16311810
1663252546 17073420
1663252547 16452260
1663252548 17157690
1663252549 17127586
1663252550 15585286
1663252551 17530068
1663252552 16963498
1663252553 16656310
1663252554 17015226
1663252555 15805660
1663252556 16897248
1663252557 17117728
1663252558 16362796
1663252559 15934980
1663252560 15586558
1663252561 17183448
1663252562 16550734
1663252563 17006534
1663252564 16717472
1663252565 16289762
1663252566 16536742
1663252567 17079674
1663252568 17069498
1663252569 16762416
1663252570 16648890
1663252571 17371810
1663252572 17113806
1663252573 17034836
1663252574 17553812
1663252575 15966674
1663252576 16957456
1663252577 16283614
1663252578 16897884
1663252579 16806618
1663252580 16419930
1663252581 16559532
1663252582 17241642
1663252583 16547766
1663252584 15768030
1663252585 15956392
1663252586 17094620
1663252587 16843506
1663252588 16568648
1663252589 16230932
1663252590 15595568
1663252591 17459048
1663252592 16997842
1663252593 16689806
1663252594 16857710
1663252595 16328452
1663252596 16880182
1663252597 17088684
1663252598 16386540
1663252599 17139034
1663252600 15361732
1663252601 16077338
1663252602 16920356
1663252603 16544480
1663252604 16993390
1663252605 15819440
1663252606 16532184
1663252607 16356860
1663252608 16999644
1663252609 17117410
1663252610 16721076
1663252611 16978868
1663252612 17073526
1663252613 16977384
1663252614 16702950
1663252615 15031648
1663252616 17036320
1663252617 16368308
1663252618 16937210
1663252619 17508868
1663252620 16409860
1663252621 17014696
1663252622 16793050
1663252623 16489148
1663252624 17111580
1663252625 15720118
1663252626 16396292
1663252627 16208672
1663252628 16720016
1663252629 16684082
1663252630 15618464
1663252631 17021480
1663252632 17113488
1663252633 16482258
1663252634 16704010
1663252635 16213018
1663252636 16737824
1663252637 16624192
1663252638 16534940
1663252639 17326230
1663252640 16579142
1663252641 17223834
1663252642 16893220
1663252643 16947174
1663252644 17142108
1663252645 15830464
1663252646 16220756
1663252647 16470598
1663252648 17273760
1663252649 16700406
1663252650 16521690
1663252651 16977808
1663252652 16610306
1663252653 16546494
1663252654 16632460
1663252655 16122388
1663252656 16237398
1663252657 17517348
1663252658 16823472
1663252659 17317326
1663252660 16564938
1663252661 16416962
1663252662 16740050
1663252663 17031444
1663252664 16925232
1663252665 15776192
1663252666 16626100
1663252667 17029430
1663252668 16527520
1663252669 15955756
1663252670 16038860
1663252671 16662140
1663252672 16659596
1663252673 16835344
1663252674 16920250
1663252675 16019250
1663252676 17124088
1663252677 16297288
1663252678 16333646
1663252679 16836934
1663252680 16316792
1663252681 16889934
1663252682 17177724
1663252683 16577234
1663252684 16584548
1663252685 16296334
1663252686 17143062
1663252687 17036108
1663252688 16736446
1663252689 17391844
1663252690 15963918
1663252691 16911452
1663252692 16650904
1663252693 17003990
1663252694 17009608
1663252695 16154400
1663252696 17320294
1663252697 16823684
1663252698 16813296
1663252699 16477912
1663252700 16273862
1663252701 16535152
1663252702 16470174
1663252703 16139772
1663252704 16836934
1663252705 16123024
1663252706 17193306
1663252707 16565468
1663252708 16305662
1663252709 17284360
1663252710 16481834
1663252711 17604904
1663252712 16994026
1663252713 16476428
1663252714 16257432
1663252715 15631714
1663252716 16489890
1663252717 17052962
1663252718 16707084
1663252719 17090486
1663252720 16208566
1663252721 16642424
1663252722 16970706
1663252723 17211114
1663252724 16976642
1663252725 16277890
1663252726 17089002
1663252727 16708674
1663252728 16503352
1663252729 16938694
1663252730 16426184
1663252731 17355592
1663252732 16918342
1663252733 16885482
1663252734 16645922
1663252735 16035150
1663252736 16628114
1663252737 16658854
1663252738 16504412
1663252739 16690548
1663252740 16031122
1663252741 16888556
1663252742 16355694
1663252743 17131190
1663252744 16679736
1663252745 15726796
1663252746 17134052
1663252747 16627796
1663252748 16991694
1663252749 16653978
1663252750 15683866
1663252751 16817006
1663252752 16823472
1663252753 16630340
1663252754 16879970
1663252755 16554974
1663252756 17296974
1663252757 17456928
1663252758 16830892
1663252759 17464348
1663252760 16105852
1663252761 17459366
1663252762 17037168
1663252763 17141790
1663252764 16853788
1663252765 15843184
1663252766 16953216
1663252767 17199136
1663252768 16248316
1663252769 16482894
1663252770 16062392
1663252771 16731146
1663252772 16976748
1663252773 16624934
1663252774 16253404
1663252775 15433812
1663252776 16392900
1663252777 16997630
1663252778 17082748
1663252779 16900322
1663252780 16717896
1663252781 17183978
1663252782 16969328
1663252783 16178144
1663252784 16829726
1663252785 16074052
1663252786 17343508
1663252787 17034942
1663252788 17312980
1663252789 17261358
1663252790 16175176
1663252791 16405408
1663252792 16711112
1663252793 17092606
1663252794 16346472
1663252795 16022218
1663252796 16221286
1663252797 16951414
1663252798 16595572
1663252799 17344356
1663252800 15955862
1663252801 16353574
1663252802 16220226
1663252803 16225420
1663252804 16554974
1663252805 15737608
1663252806 17481308
1663252807 16343292
1663252808 17618896
1663252809 16715670
1663252810 16013208
1663252811 17024236
1663252812 17058792
1663252813 16694576
1663252814 16586138
1663252815 16296440
1663252816 16953852
1663252817 16725104
1663252818 16678570
1663252819 16704858
1663252820 16116346
1663252821 17340646
1663252822 17207086
1663252823 17197970
1663252824 16812024
1663252825 15828874
1663252826 16316156
1663252827 16627478
1663252828 16946008
1663252829 16807784
1663252830 16061014
1663252831 17648576
1663252832 17207404
1663252833 15789760
1663252834 16577764
1663252835 16515754
1663252836 17636598
1663252837 16599176
1663252838 16510984
1663252839 16804498
1663252840 16337462
1663252841 16529216
1663252842 16638820
1663252843 16865872
1663252844 16536212
1663252845 15777464
1663252846 16113484
1663252847 16719486
1663252848 16645074
1663252849 16462012
1663252850 16001018
1663252851 16426714
1663252852 16877532
1663252853 16859512
1663252854 16320290
1663252855 15720754
1663252856 16830362
1663252857 17078932
1663252858 17017770
1663252859 16659808
1663252860 16104368
1663252861 16991800
1663252862 16980352
1663252863 16966042
1663252864 16375304
1663252865 15643162
1663252866 16384738
1663252867 16773016
1663252868 16538120
1663252869 17077236
1663252870 15370212
1663252871 17363012
1663252872 17320188
1663252873 16829514
1663252874 16813720
1663252875 15943460
1663252876 16683976
1663252877 17398204
1663252878 16308418
1663252879 16438056
1663252880 16445370
1663252881 16985864
1663252882 16857286
1663252883 16618256
1663252884 17388982
1663252885 16036210
1663252886 16084334
1663252887 16536954
1663252888 16700300
1663252889 17515970
1663252890 16650162
1663252891 17097376
1663252892 17396084
1663252893 17158432
1663252894 16852728
1663252895 15537268
1663252896 16770366
1663252897 17135960
1663252898 16645710
1663252899 16402864
1663252900 16467842
1663252901 16775772
1663252902 16472400
1663252903 17008972
1663252904 15896396
1663252905 16485014
1663252906 16939436
1663252907 16745880
1663252908 16297500
1663252909 17119636
1663252910 16304814
1663252911 17574058
1663252912 16923324
1663252913 16814886
1663252914 17246836
1663252915 16084122
1663252916 16359086
1663252917 16657900
1663252918 17022646
1663252919 16624828
1663252920 16523386
1663252921 16627478
1663252922 16947386
1663252923 17269626
1663252924 16660656
1663252925 15836506
1663252926 16770896
1663252927 15811066
1663252928 17309588
1663252929 16501974
1663252930 16346472
1663252931 16780012
1663252932 16629916
1663252933 16190440
1663252934 17216626
1663252935 16011194
1663252936 16943146
1663252937 17109036
1663252938 16879758
1663252939 17173908
1663252940 16276618
1663252941 16097372
1663252942 16833648
1663252943 16291776
1663252944 16324848
1663252945 15568750
1663252946 16787220
1663252947 16817854
1663252948 17151224
1663252949 16994662
1663252950 16316686
1663252951 17175604
1663252952 16678358
1663252953 16962438
1663252954 16980564
1663252955 15916218
1663252956 16989680
1663252957 16819974
1663252958 16542678
1663252959 16932758
1663252960 16842340
1663252961 16767080
1663252962 16672528
1663252963 16715034
1663252964 16613698
1663252965 16409860
1663252966 16727436
1663252967 16833118
1663252968 16559426
1663252969 16638608
1663252970 16554656
1663252971 17278000
1663252972 16146132
1663252973 17230406
1663252974 16595466
1663252975 15887598
1663252976 17087412
1663252977 16555080
1663252978 16445688
1663252979 16747152
1663252980 16457454
1663252981 16842870
1663252982 16860572
1663252983 17031974
1663252984 16909332
1663252985 15860674
1663252986 16867674
1663252987 17286798
1663252988 16249588
1663252989 16142528
1663252990 15720754
1663252991 16862056
1663252992 16784782
1663252993 16805346
1663252994 16144118
1663252995 16108502
1663252996 16949082
1663252997 17081476
1663252998 17302592
1663252999 16924490
1663253000 15528046
1663253001 17105538
1663253002 16534410
1663253003 17066000
1663253004 16306192
1663253005 16443356
1663253006 16434558
1663253007 16526354
1663253008 17118364
1663253009 16643908
1663253010 16150902
1663253011 16428198
1663253012 16034514
1663253013 17012788
1663253014 16585078
1663253015 16240684
1663253016 17275032
1663253017 16970600
1663253018 16235384
1663253019 17364708
1663253020 15558998
1663253021 16423110
1663253022 16956608
1663253023 16485756
1663253024 16773334
1663253025 15523912
1663253026 16825274
1663253027 16757646
1663253028 16834814
1663253029 17563140
1663253030 16371806
1663253031 16972826
1663253032 17112746
1663253033 16350606
1663253034 17096846
1663253035 16151962
1663253036 1276346
1663253037 1802


# events submitted
1663251833 237440
1663251834 3710848
1663251835 990252
1663251836 14209406
1663251837 13981400
1663251838 17301320
1663251839 16141574
1663251840 17341812
1663251841 16826016
1663251842 17167548
1663251843 16604900
1663251844 15837142
1663251845 16872338
1663251846 16076808
1663251847 16675390
1663251848 16419400
1663251849 16067904
1663251850 16106382
1663251851 16810222
1663251852 16156096
1663251853 16385162
1663251854 15626732
1663251855 16526672
1663251856 16817536
1663251857 16843082
1663251858 16533456
1663251859 16118254
1663251860 16733266
1663251861 17218004
1663251862 16814568
1663251863 16161608
1663251864 16333116
1663251865 16757964
1663251866 16960530
1663251867 16092920
1663251868 16530170
1663251869 16354740
1663251870 16571828
1663251871 16852834
1663251872 16495720
1663251873 16257114
1663251874 15923108
1663251875 16591756
1663251876 16919508
1663251877 16007060
1663251878 16446854
1663251879 15601186
1663251880 16097054
1663251881 16275452
1663251882 16476216
1663251883 16648254
1663251884 15790820
1663251885 16009392
1663251886 16477382
1663251887 16255100
1663251888 16440176
1663251889 16259658
1663251890 16455864
1663251891 16635110
1663251892 16570768
1663251893 16772062
1663251894 15817532
1663251895 16312552
1663251896 17231042
1663251897 16414630
1663251898 15774708
1663251899 15616556
1663251900 16360464
1663251901 16599282
1663251902 16228918
1663251903 15961056
1663251904 15588678
1663251905 16598646
1663251906 14110932
1663251907 15302584
1663251908 12276602
1663251909 11783702
1663251910 12402848
1663251911 12296848
1663251912 13177072
1663251913 11149186
1663251914 11312956
1663251915 11319634
1663251916 14216932
1663251917 11494534
1663251918 11500788
1663251919 12212260
1663251920 10814120
1663251921 9251574
1663251922 11041172
1663251923 12232082
1663251924 12218196
1663251925 11776070
1663251926 12374864
1663251927 11733246
1663251928 11355780
1663251929 10611024
1663251930 14584328
1663251931 11866488
1663251932 11941960
1663251933 12176008
1663251934 11282004
1663251935 12392354
1663251936 12742472
1663251937 12026336
1663251938 9097980
1663251939 9363828
1663251940 7049000
1663251941 8180550
1663251942 7998018
1663251943 7998760
1663251944 7640798
1663251945 8516464
1663251946 9416086
1663251947 7934100
1663251948 6828944
1663251949 6784954
1663251950 8193270
1663251951 8635714
1663251952 6814740
1663251953 6634434
1663251954 7350570
1663251955 7329794
1663251956 7552500
1663251957 9241822
1663251958 9947040
1663251959 8323756
1663251960 7969292
1663251961 7366046
1663251962 7299478
1663251963 7918836
1663251964 8831072
1663251965 8604550
1663251966 7086948
1663251967 8445020
1663251968 9014982
1663251969 7352902
1663251970 7166660
1663251971 7527272
1663251972 8779450
1663251973 8502154
1663251974 8663910
1663251975 7858522
1663251976 10048270
1663251977 8296514
1663251978 7154046
1663251979 7189874
1663251980 7223476
1663251981 7390320
1663251982 10841468
1663251983 13705058
1663251984 7065642
1663251985 8598932
1663251986 7537978
1663251987 8871564
1663251988 6969288
1663251989 7621718
1663251990 9053036
1663251991 6896042
1663251992 5933668
1663251993 8411842
1663251994 8689774
1663251995 6576558
1663251996 7511372
1663251997 8371668
1663251998 7512962
1663251999 8583244
1663252000 8302450
1663252001 8265668
1663252002 6218914
1663252003 9215958
1663252004 8377922
1663252005 8449260
1663252006 6407488
1663252007 9476188
1663252008 9966332
1663252009 8889584
1663252010 9214580
1663252011 9419902
1663252012 6685314
1663252013 9751788
1663252014 7641964
1663252015 8855240
1663252016 7492080
1663252017 5823110
1663252018 8369124
1663252019 7452118
1663252020 8853756
1663252021 7765454
1663252022 6020058
1663252023 7319088
1663252024 6553450
1663252025 7853858
1663252026 9545300
1663252027 9794718
1663252028 8964102
1663252029 8194754
1663252030 6732060
1663252031 7560344
1663252032 6557054
1663252033 7374526
1663252034 8837538
1663252035 9661688
1663252036 9248818
1663252037 8776482
1663252038 8883436
1663252039 8385554
1663252040 7462506
1663252041 6654256
1663252042 7575714
1663252043 8113558
1663252044 5352788
1663252045 8967282
1663252046 10089186
1663252047 8762914
1663252048 8173766
1663252049 6015606
1663252050 6977450
1663252051 7307004
1663252052 7996958
1663252053 7329794
1663252054 6626802
1663252055 8199948
1663252056 6364664
1663252057 8403892
1663252058 8725496
1663252059 7912794
1663252060 9814752
1663252061 8293228
1663252062 7743618
1663252063 9080702
1663252064 8619708
1663252065 8719454
1663252066 7810186
1663252067 8851848
1663252068 7351206
1663252069 9372202
1663252070 9195288
1663252071 8056636
1663252072 8333402
1663252073 9753378
1663252074 9245426
1663252075 9239066
1663252076 8053668
1663252077 8683308
1663252078 9341674
1663252079 9143454
1663252080 7588964
1663252081 7528014
1663252082 7283472
1663252083 7618538
1663252084 7841562
1663252085 7743830
1663252086 7756762
1663252087 7520064
1663252088 7408658
1663252089 7779658
1663252090 8688078
1663252091 8104548
1663252092 10264404
1663252093 10483718
1663252094 7305838
1663252095 8187970
1663252096 6203862
1663252097 9742566
1663252098 8712352
1663252099 8571690
1663252100 8569782
1663252101 7257820
1663252102 7722418
1663252103 3971290
1663252104 4885434
1663252105 7208954
1663252106 6986354
1663252107 7830114
1663252108 8970674
1663252109 7099032
1663252110 6717432
1663252111 7584512
1663252112 8458694
1663252113 6002992
1663252114 8113346
1663252115 5903352
1663252116 7968126
1663252117 6479992
1663252118 7646734
1663252119 9865950
1663252120 8863508
1663252121 8427318
1663252122 9870614
1663252123 8142072
1663252124 6971196
1663252125 7533738
1663252126 7793438
1663252127 9305316
1663252128 8776164
1663252129 8400288
1663252130 9330120
1663252131 7410142
1663252132 8595858
1663252133 7515824
1663252134 6464516
1663252135 8539678
1663252136 7152350
1663252137 10046044
1663252138 8873366
1663252139 5514438
1663252140 7672174
1663252141 8108576
1663252142 6933248
1663252143 8044234
1663252144 7115992
1663252145 9086426
1663252146 7915338
1663252147 7337214
1663252148 8418096
1663252149 6654998
1663252150 6718174
1663252151 8693484
1663252152 6959218
1663252153 8937178
1663252154 5900278
1663252155 8226766
1663252156 6342404
1663252157 8752526
1663252158 9484244
1663252159 8244044
1663252160 7555362
1663252161 7953180
1663252162 12163712
1663252163 11667420
1663252164 9769066
1663252165 7513704
1663252166 7721676
1663252167 8480106
1663252168 9122360
1663252169 9894358
1663252170 7892760
1663252171 10120668
1663252172 8941736
1663252173 10359698
1663252174 7324706
1663252175 6072422
1663252176 6909186
1663252177 9341356
1663252178 10550816
1663252179 7324918
1663252180 7498228
1663252181 8413432
1663252182 6853218
1663252183 5854062
1663252184 5882576
1663252185 7302128
1663252186 8734506
1663252187 7181606
1663252188 9711402
1663252189 8583456
1663252190 8768426
1663252191 7533950
1663252192 8841778
1663252193 8938980
1663252194 6641642
1663252195 7686696
1663252196 9347716
1663252197 9114516
1663252198 9542650
1663252199 8664122
1663252200 6756334
1663252201 8253160
1663252202 8844216
1663252203 9361178
1663252204 8670694
1663252205 6876962
1663252206 8880256
1663252207 6966956
1663252208 8740018
1663252209 8851318
1663252210 8307008
1663252211 8973536
1663252212 8888736
1663252213 9660734
1663252214 7529604
1663252215 9029292
1663252216 8441310
1663252217 7576668
1663252218 8297574
1663252219 9164654
1663252220 5594574
1663252221 4989208
1663252222 3527680
1663252223 3767346
1663252224 4465462
1663252225 7285804
1663252226 7765348
1663252227 8093312
1663252228 7309124
1663252229 7174928
1663252230 7419788
1663252231 7297782
1663252232 7614510
1663252233 8757720
1663252234 8888100
1663252235 8377710
1663252236 8633276
1663252237 7522396
1663252238 9463892
1663252239 7074864
1663252240 7232804
1663252241 9167940
1663252242 6721884
1663252243 8873260
1663252244 6684996
1663252245 8059074
1663252246 7570414
1663252247 9581340
1663252248 9377396
1663252249 8141860
1663252250 8880786
1663252251 7419576
1663252252 8408768
1663252253 10076254
1663252254 9779878
1663252255 9485940
1663252256 7591084
1663252257 9952446
1663252258 6608040
1663252259 9318990
1663252260 5381832
1663252261 7615358
1663252262 6912790
1663252263 9307436
1663252264 7651928
1663252265 8703130
1663252266 7934312
1663252267 8524838
1663252268 9510956
1663252269 7464838
1663252270 7321102
1663252271 7182030
1663252272 6552814
1663252273 8625856
1663252274 10074346
1663252275 6002568
1663252276 9192108
1663252277 9902944
1663252278 8925730
1663252279 7305308
1663252280 7026740
1663252281 8843686
1663252282 7639844
1663252283 7572322
1663252284 8071900
1663252285 7701218
1663252286 4259716
1663252287 5434832
1663252288 4970552
1663252289 9793552
1663252290 7736516
1663252291 8354284
1663252292 8254962
1663252293 7103166
1663252294 9633068
1663252295 8382268
1663252296 10357896
1663252297 10507144
1663252298 8441098
1663252299 6912260
1663252300 8525898
1663252301 7256760
1663252302 9161792
1663252303 7864246
1663252304 7045396
1663252305 8963254
1663252306 8060770
1663252307 8496854
1663252308 8313474
1663252309 8866052
1663252310 8941206
1663252311 8550914
1663252312 7123730
1663252313 8232702
1663252314 6513382
1663252315 7023984
1663252316 8567556
1663252317 6799264
1663252318 8774574
1663252319 7569566
1663252320 9079854
1663252321 8714366
1663252322 7970458
1663252323 9350048
1663252324 6078146
1663252325 8940146
1663252326 7207470
1663252327 8314428
1663252328 10261118
1663252329 9960290
1663252330 6144820
1663252331 7846226
1663252332 7918730
1663252333 7240754
1663252334 6968864
1663252335 8964738
1663252336 8914070
1663252337 6396464
1663252338 7300008
1663252339 9686704
1663252340 6742660
1663252341 7744678
1663252342 5433030
1663252343 4335188
1663252344 2791616
1663252345 5932396
1663252346 9694442
1663252347 8451592
1663252348 7814744
1663252349 6845162
1663252350 5986456
1663252351 8438130
1663252352 7920532
1663252353 7519428
1663252354 7741604
1663252355 7396998
1663252356 7447560
1663252357 8222208
1663252358 6034050
1663252359 7185634
1663252360 8023564
1663252361 7446394
1663252362 7004480
1663252363 8330858
1663252364 7149700
1663252365 6785696
1663252366 8108470
1663252367 7698038
1663252368 7279550
1663252369 8611440
1663252370 7109738
1663252371 8323438
1663252372 9165820
1663252373 7852586
1663252374 9609960
1663252375 8002576
1663252376 7413110
1663252377 7674082
1663252378 7232698
1663252379 7483812
1663252380 9545194
1663252381 7758882
1663252382 6761846
1663252383 9313372
1663252384 8184366
1663252385 7098396
1663252386 8651508
1663252387 8299164
1663252388 7391698
1663252389 9542438
1663252390 8225388
1663252391 7302976
1663252392 8328208
1663252393 8559818
1663252394 8478728
1663252395 8626704
1663252396 7191252
1663252397 7215632
1663252398 8296196
1663252399 8876864
1663252400 8636350
1663252401 8222738
1663252402 8934740
1663252403 6087792
1663252404 7919790
1663252405 7893926
1663252406 10841574
1663252407 10715328
1663252408 10562370
1663252409 6892226
1663252410 7741498
1663252411 6018150
1663252412 8193164
1663252413 8403998
1663252414 8696346
1663252415 8780298
1663252416 9164124
1663252417 8448518
1663252418 7603062
1663252419 6804670
1663252420 8347818
1663252421 9324608
1663252422 7581756
1663252423 7226974
1663252424 8256234
1663252425 8050912
1663252426 7743512
1663252427 7580590
1663252428 8820366
1663252429 7971624
1663252430 7586844
1663252431 8000350
1663252432 8280402
1663252433 9204510
1663252434 9983080
1663252435 9287296
1663252436 7515506
1663252437 7713620
1663252438 6714146
1663252439 10349522
1663252440 8782842
1663252441 9402730
1663252442 8789626
1663252443 7693692
1663252444 7283684
1663252445 9312312
1663252446 6339754
1663252447 9989652
1663252448 8269908
1663252449 8525156
1663252450 7219872
1663252451 9054308
1663252452 9595862
1663252453 8351104
1663252454 7320042
1663252455 6962398
1663252456 7913430
1663252457 10465168
1663252458 7194750
1663252459 9520284
1663252460 7748706
1663252461 9365630
1663252462 8446080
1663252463 6635812
1663252464 4406738
1663252465 3670992
1663252466 8632958
1663252467 7772980
1663252468 7841350
1663252469 7376752
1663252470 7463990
1663252471 10120880
1663252472 7978938
1663252473 7250400
1663252474 8858632
1663252475 7994838
1663252476 9162428
1663252477 9862134
1663252478 7453284
1663252479 8212774
1663252480 7656910
1663252481 9299380
1663252482 8706416
1663252483 8143132
1663252484 8956258
1663252485 8309446
1663252486 8530668
1663252487 8633806
1663252488 6687116
1663252489 6522710
1663252490 5258130
1663252491 7448514
1663252492 8069250
1663252493 9165820
1663252494 8687336
1663252495 8423396
1663252496 7534162
1663252497 9306270
1663252498 6159024
1663252499 7145142
1663252500 9208962
1663252501 6506810
1663252502 10463366
1663252503 8112498
1663252504 9757088
1663252505 9064272
1663252506 9546042
1663252507 9517846
1663252508 8485724
1663252509 8235564
1663252510 9172180
1663252511 9027914
1663252512 9528870
1663252513 7348026
1663252514 8343472
1663252515 8719666
1663252516 9587170
1663252517 9448416
1663252518 7152032
1663252519 8990496
1663252520 8511588
1663252521 7107406
1663252522 5161882
1663252523 2807304
1663252524 3871544
1663252525 3331156
1663252526 6004370
1663252527 7690618
1663252528 7809020
1663252529 6631254
1663252530 7014444
1663252531 9191790
1663252532 8138256
1663252533 7208742
1663252534 9332240
1663252535 9812950
1663252536 9600102
1663252537 7651822
1663252538 9738220
1663252539 8553352
1663252540 6374522
1663252541 7744572
1663252542 8135182
1663252543 7311774
1663252544 6701532
1663252545 8784220
1663252546 9224544
1663252547 7477558
1663252548 6941304
1663252549 8905166
1663252550 7103802
1663252551 7881948
1663252552 8645784
1663252553 6043696
1663252554 9059078
1663252555 6618534
1663252556 8811568
1663252557 7866260
1663252558 7990068
1663252559 9727832
1663252560 8434526
1663252561 7987630
1663252562 7943958
1663252563 8716168
1663252564 7824284
1663252565 6788452
1663252566 9496858
1663252567 8820048
1663252568 7888308
1663252569 9018374
1663252570 7696130
1663252571 9569044
1663252572 9798428
1663252573 7653942
1663252574 8706522
1663252575 9854396
1663252576 7099668
1663252577 9490604
1663252578 7818666
1663252579 8483286
1663252580 8337430
1663252581 8883966
1663252582 8335840
1663252583 8989330
1663252584 3979770
1663252585 2089472
1663252586 5619272
1663252587 6602846
1663252588 6865514
1663252589 7595642
1663252590 7132210
1663252591 7856932
1663252592 8357994
1663252593 9879942
1663252594 8099460
1663252595 9889694
1663252596 9251998
1663252597 7067232
1663252598 8880574
1663252599 9813056
1663252600 8849304
1663252601 8870716
1663252602 10305002
1663252603 8985938
1663252604 8111544
1663252605 8154686
1663252606 8159456
1663252607 8479894
1663252608 6520378
1663252609 8887040
1663252610 6923602
1663252611 8386084
1663252612 8399546
1663252613 7866896
1663252614 6591610
1663252615 7479148
1663252616 8403680
1663252617 7919578
1663252618 8373152
1663252619 7418940
1663252620 7573912
1663252621 8774574
1663252622 6199728
1663252623 8974808
1663252624 9033426
1663252625 7544974
1663252626 7888732
1663252627 7616312
1663252628 8293440
1663252629 9178328
1663252630 6437486
1663252631 7626806
1663252632 7808384
1663252633 7402828
1663252634 10063216
1663252635 8873472
1663252636 6836152
1663252637 5815796
1663252638 6959112
1663252639 7275416
1663252640 8325346
1663252641 8726874
1663252642 9001520
1663252643 6687964
1663252644 5323214
1663252645 7966324
1663252646 7374844
1663252647 7814214
1663252648 7913960
1663252649 8739488
1663252650 6322370
1663252651 7267466
1663252652 6385864
1663252653 8404952
1663252654 6456566
1663252655 7166978
1663252656 9282950
1663252657 9249878
1663252658 8022822
1663252659 8840294
1663252660 7134436
1663252661 7009144
1663252662 8602642
1663252663 9702498
1663252664 7141750
1663252665 7855236
1663252666 6817072
1663252667 8601476
1663252668 9664020
1663252669 7687756
1663252670 7580166
1663252671 7364774
1663252672 6459640
1663252673 6690508
1663252674 7648854
1663252675 8303616
1663252676 8441628
1663252677 7885552
1663252678 7830432
1663252679 7485614
1663252680 8661790
1663252681 8621404
1663252682 7524092
1663252683 8661790
1663252684 7014126
1663252685 8538194
1663252686 7491338
1663252687 7869546
1663252688 7064794
1663252689 6076556
1663252690 5885120
1663252691 7555680
1663252692 6778276
1663252693 8560348
1663252694 7712984
1663252695 7099774
1663252696 8461874
1663252697 8150870
1663252698 7700052
1663252699 6683406
1663252700 7562358
1663252701 9405592
1663252702 11390442
1663252703 13032170
1663252704 11935282
1663252705 9086214
1663252706 8498444
1663252707 6437062
1663252708 8159032
1663252709 7910144
1663252710 7196764
1663252711 9719458
1663252712 8579640
1663252713 6316752
1663252714 10248716
1663252715 7262378
1663252716 7805204
1663252717 10168156
1663252718 7404842
1663252719 8919052
1663252720 7849300
1663252721 8189454
1663252722 7681502
1663252723 7227504
1663252724 8332766
1663252725 9590668
1663252726 10117806
1663252727 8141648
1663252728 9256026
1663252729 8016356
1663252730 8488692
1663252731 8712564
1663252732 7091930
1663252733 8733870
1663252734 9633386
1663252735 6517834
1663252736 9275424
1663252737 9222318
1663252738 10173350
1663252739 9081550
1663252740 6248912
1663252741 6872086
1663252742 7927952
1663252743 7035962
1663252744 7361700
1663252745 8679068
1663252746 7811034
1663252747 8253372
1663252748 7036916
1663252749 7302764
1663252750 8344850
1663252751 9269700
1663252752 9484774
1663252753 8435374
1663252754 7690088
1663252755 7621294
1663252756 8577520
1663252757 8487738
1663252758 7813048
1663252759 7875800
1663252760 7252838
1663252761 7691996
1663252762 7254110
1663252763 5736720
1663252764 3492594
1663252765 5429108
1663252766 3434612
1663252767 7184256
1663252768 9280194
1663252769 7793544
1663252770 7012642
1663252771 8585470
1663252772 5999812
1663252773 6095530
1663252774 7443532
1663252775 5842614
1663252776 7717754
1663252777 6481052
1663252778 8771606
1663252779 9170590
1663252780 7016776
1663252781 9810194
1663252782 6896678
1663252783 6076556
1663252784 8728464
1663252785 7505012
1663252786 6596380
1663252787 8780404
1663252788 8314640
1663252789 7773828
1663252790 6966956
1663252791 8293864
1663252792 7962932
1663252793 8171434
1663252794 9013816
1663252795 7678428
1663252796 7716058
1663252797 8760794
1663252798 8217120
1663252799 8400712
1663252800 6705560
1663252801 9539788
1663252802 9146846
1663252803 8976080
1663252804 7444168
1663252805 7373996
1663252806 8360962
1663252807 7024090
1663252808 6349082
1663252809 8939828
1663252810 8330964
1663252811 8848562
1663252812 7149382
1663252813 8441204
1663252814 7387034
1663252815 8703872
1663252816 7903042
1663252817 9696138
1663252818 7976818
1663252819 7679594
1663252820 8680128
1663252821 8905166
1663252822 7787078
1663252823 7270328
1663252824 8243408
1663252825 9395204
1663252826 12291548
1663252827 10376552
1663252828 6474162
1663252829 8362446
1663252830 7635392
1663252831 7329158
1663252832 7003420
1663252833 8470566
1663252834 6826824
1663252835 6091820
1663252836 8442264
1663252837 8227190
1663252838 9490710
1663252839 8819094
1663252840 7880782
1663252841 7878556
1663252842 9460288
1663252843 9053990
1663252844 8505334
1663252845 7949576
1663252846 6129238
1663252847 6648002
1663252848 7227610
1663252849 6968228
1663252850 7577304
1663252851 7779128
1663252852 7544338
1663252853 6996212
1663252854 8332554
1663252855 6322476
1663252856 7625110
1663252857 9039574
1663252858 8689244
1663252859 7115886
1663252860 7387352
1663252861 9973752
1663252862 8472156
1663252863 6601998
1663252864 8964420
1663252865 7249128
1663252866 7175988
1663252867 7738742
1663252868 7928270
1663252869 6890424
1663252870 6338482
1663252871 7690406
1663252872 7632848
1663252873 7434310
1663252874 9155538
1663252875 8326406
1663252876 9376548
1663252877 9315492
1663252878 7033842
1663252879 9968240
1663252880 8906756
1663252881 8603808
1663252882 8409722
1663252883 9006502
1663252884 7513492
1663252885 11654912
1663252886 10356412
1663252887 10537248
1663252888 8721362
1663252889 10326520
1663252890 8077730
1663252891 6889576
1663252892 8056318
1663252893 9267898
1663252894 7509464
1663252895 8141542
1663252896 7358732
1663252897 7788668
1663252898 8570842
1663252899 8480742
1663252900 9526538
1663252901 7129030
1663252902 6450948
1663252903 8321000
1663252904 8065434
1663252905 6257816
1663252906 8579640
1663252907 8980638
1663252908 9667624
1663252909 7778280
1663252910 8399758
1663252911 8502578
1663252912 8305206
1663252913 7433886
1663252914 7726764
1663252915 7823542
1663252916 8059922
1663252917 9173982
1663252918 8113770
1663252919 7263544
1663252920 8335204
1663252921 7562146
1663252922 7931662
1663252923 8233232
1663252924 9047418
1663252925 6943212
1663252926 10213630
1663252927 7114720
1663252928 6881732
1663252929 8998128
1663252930 7234500
1663252931 6870496
1663252932 7653836
1663252933 7532996
1663252934 8138044
1663252935 7859794
1663252936 8472580
1663252937 6871450
1663252938 7969292
1663252939 7894244
1663252940 7967278
1663252941 8580170
1663252942 2805714
1663252943 7929224
1663252944 6907384
1663252945 7476074
1663252946 8170374
1663252947 7222628
1663252948 9525796
1663252949 10522726
1663252950 8410146
1663252951 7585890
1663252952 8514238
1663252953 9905382
1663252954 7661044
1663252955 8082712
1663252956 8686276
1663252957 9068194
1663252958 7367636
1663252959 9556218
1663252960 9736418
1663252961 8981592
1663252962 9813904
1663252963 7889474
1663252964 6237252
1663252965 7400284
1663252966 6471300
1663252967 8603702
1663252968 9237264
1663252969 8453076
1663252970 8107940
1663252971 7194008
1663252972 9367962
1663252973 8577732
1663252974 8225812
1663252975 7566704
1663252976 6329472
1663252977 9410998
1663252978 10139960
1663252979 7377176
1663252980 7867638
1663252981 8699420
1663252982 9351532
1663252983 8072112
1663252984 7478406
1663252985 7453602
1663252986 7475756
1663252987 8050276
1663252988 7951802
1663252989 8743092
1663252990 7294814
1663252991 7530664
1663252992 7374632
1663252993 8476820
1663252994 8881952
1663252995 8786128
1663252996 7857568
1663252997 9811996
1663252998 7215844
1663252999 9230056
1663253000 6278168
1663253001 3619476
1663253002 4026834
1663253003 4107606
1663253004 6019952
1663253005 8392338
1663253006 6602422
1663253007 7504270
1663253008 6467060
1663253009 8405164
1663253010 7799692
1663253011 8485088
1663253012 7750932
1663253013 8477244
1663253014 9157764
1663253015 9972374
1663253016 9852488
1663253017 7397422
1663253018 7143976
1663253019 7050378
1663253020 8527170
1663253021 7152774
1663253022 6368268
1663253023 6999816
1663253024 7235984
1663253025 8360326
1663253026 8977670
1663253027 6350142
1663253028 7436112
1663253029 9914604
1663253030 6852370
1663253031 8878030
1663253032 8474064
1663253033 8370184
1663253034 8917250
1663253035 7836474
1663253036 837718
1663253037 1166


# events lost
1663251906 2444890
1663251907 1851714
1663251908 4342184
1663251909 4708732
1663251910 4353102
1663251911 4747422
1663251912 4337626
1663251913 5815478
1663251914 4583970
1663251915 5187110
1663251916 2451780
1663251917 5555778
1663251918 5352788
1663251919 4172266
1663251920 5875262
1663251921 7871772
1663251922 5499174
1663251923 4073368
1663251924 3781232
1663251925 5168560
1663251926 4261200
1663251927 4590118
1663251928 5280284
1663251929 4966524
1663251930 1722394
1663251931 4257702
1663251932 4360310
1663251933 4165376
1663251934 4512208
1663251935 3953800
1663251936 3981678
1663251937 5051854
1663251938 8228144
1663251939 6524194
1663251940 10298112
1663251941 9282844
1663251942 8822804
1663251943 8372834
1663251944 8711716
1663251945 8666136
1663251946 7455298
1663251947 8812734
1663251948 10481068
1663251949 9626072
1663251950 8462616
1663251951 7748812
1663251952 10450010
1663251953 11183000
1663251954 8835948
1663251955 9495798
1663251956 8967494
1663251957 7516354
1663251958 6612068
1663251959 7169098
1663251960 8438236
1663251961 9507564
1663251962 9671334
1663251963 8917038
1663251964 7453284
1663251965 7876648
1663251966 9614200
1663251967 9053036
1663251968 8153414
1663251969 8743304
1663251970 9494844
1663251971 9407076
1663251972 8584622
1663251973 8658398
1663251974 7027906
1663251975 9484774
1663251976 6747218
1663251977 8502154
1663251978 9862028
1663251979 8774680
1663251980 9830758
1663251981 9746170
1663251982 5738522
1663251983 3061704
1663251984 9253376
1663251985 8035330
1663251986 9489862
1663251987 8405058
1663251988 9764826
1663251989 8737580
1663251990 7489854
1663251991 10629468
1663251992 10889804
1663251993 8447670
1663251994 7709804
1663251995 10396798
1663251996 9085684
1663251997 8556002
1663251998 9911212
1663251999 7570414
1663252000 8753586
1663252001 8547522
1663252002 10634026
1663252003 7865094
1663252004 7477240
1663252005 8411100
1663252006 10547742
1663252007 7989326
1663252008 7078468
1663252009 7003314
1663252010 6949042
1663252011 6920634
1663252012 10942486
1663252013 7057586
1663252014 8774892
1663252015 7914490
1663252016 8930182
1663252017 10950648
1663252018 8171434
1663252019 9136352
1663252020 7887990
1663252021 9051340
1663252022 10639962
1663252023 9269912
1663252024 10160948
1663252025 8910996
1663252026 7904738
1663252027 6701214
1663252028 7171324
1663252029 7510100
1663252030 10400190
1663252031 9160308
1663252032 11016050
1663252033 9570316
1663252034 7114720
1663252035 7149064
1663252036 8328526
1663252037 8505652
1663252038 8101156
1663252039 7875482
1663252040 9578372
1663252041 10355352
1663252042 9268216
1663252043 8577308
1663252044 11231654
1663252045 7938022
1663252046 6726866
1663252047 8184896
1663252048 8986786
1663252049 10141868
1663252050 10244900
1663252051 9859378
1663252052 8994312
1663252053 10436124
1663252054 8624478
1663252055 8528336
1663252056 10545410
1663252057 8838492
1663252058 7834566
1663252059 8154050
1663252060 6820782
1663252061 8870822
1663252062 9179812
1663252063 7072638
1663252064 8180974
1663252065 8272982
1663252066 8700586
1663252067 8042008
1663252068 9836164
1663252069 6357668
1663252070 7784746
1663252071 8733022
1663252072 8774786
1663252073 7124154
1663252074 7462612
1663252075 7812836
1663252076 8258884
1663252077 8303934
1663252078 7473318
1663252079 7106240
1663252080 8011162
1663252081 9645470
1663252082 9809664
1663252083 9313478
1663252084 8614196
1663252085 8867112
1663252086 8347076
1663252087 9735040
1663252088 9223484
1663252089 8670164
1663252090 8047626
1663252091 8840294
1663252092 6683830
1663252093 5954762
1663252094 8998552
1663252095 8640484
1663252096 9813056
1663252097 7376646
1663252098 8073384
1663252099 8284960
1663252100 9174406
1663252101 8389476
1663252102 9151828
1663252103 12725618
1663252104 11539266
1663252105 10139960
1663252106 9300652
1663252107 9775002
1663252108 7326508
1663252109 9850050
1663252110 9807014
1663252111 8204294
1663252112 8112710
1663252113 10626818
1663252114 8659776
1663252115 9964106
1663252116 8731114
1663252117 10058234
1663252118 9452550
1663252119 7840502
1663252120 7426148
1663252121 8943114
1663252122 6950632
1663252123 8973536
1663252124 9468980
1663252125 8791004
1663252126 9525584
1663252127 7669736
1663252128 7817818
1663252129 8966752
1663252130 7143976
1663252131 9191366
1663252132 8736308
1663252133 9030564
1663252134 10642188
1663252135 8061724
1663252136 9659992
1663252137 7472364
1663252138 7984132
1663252139 11734624
1663252140 8431346
1663252141 8305842
1663252142 9102326
1663252143 8890856
1663252144 9202708
1663252145 6623516
1663252146 9106990
1663252147 9935910
1663252148 8406012
1663252149 10780306
1663252150 8940994
1663252151 7878026
1663252152 9905170
1663252153 8574022
1663252154 11025166
1663252155 7903042
1663252156 10835744
1663252157 8452758
1663252158 7296616
1663252159 8432936
1663252160 8746484
1663252161 8820790
1663252162 4200992
1663252163 5240640
1663252164 7348450
1663252165 9021766
1663252166 8579746
1663252167 8409192
1663252168 8262064
1663252169 7352478
1663252170 7570626
1663252171 6597970
1663252172 8095008
1663252173 7126168
1663252174 9289416
1663252175 10302776
1663252176 10553042
1663252177 7832022
1663252178 6030976
1663252179 8942478
1663252180 8694968
1663252181 8125218
1663252182 10336272
1663252183 10986476
1663252184 10750838
1663252185 8256658
1663252186 8480106
1663252187 9355030
1663252188 6990064
1663252189 8408132
1663252190 7424876
1663252191 9495798
1663252192 7822164
1663252193 7841880
1663252194 9943648
1663252195 8747332
1663252196 7742346
1663252197 8019430
1663252198 7555362
1663252199 8209488
1663252200 9367008
1663252201 9050280
1663252202 8174826
1663252203 7685424
1663252204 9010636
1663252205 9036606
1663252206 8749770
1663252207 9884288
1663252208 8004272
1663252209 8197510
1663252210 7364774
1663252211 8096174
1663252212 7774570
1663252213 6970030
1663252214 9334254
1663252215 6585780
1663252216 8673768
1663252217 9370188
1663252218 8619708
1663252219 8018794
1663252220 10727412
1663252221 11683638
1663252222 13373278
1663252223 13329182
1663252224 12277556
1663252225 8744788
1663252226 8907604
1663252227 8611652
1663252228 9441632
1663252229 10007460
1663252230 8479258
1663252231 9110700
1663252232 9535230
1663252233 8031938
1663252234 8478092
1663252235 8419474
1663252236 7593522
1663252237 9679178
1663252238 7335306
1663252239 9844008
1663252240 8880892
1663252241 7438126
1663252242 10186494
1663252243 8451168
1663252244 10302564
1663252245 8509362
1663252246 8987528
1663252247 6879612
1663252248 7560980
1663252249 8770864
1663252250 7131044
1663252251 9950326
1663252252 8249874
1663252253 6992184
1663252254 7270116
1663252255 6228878
1663252256 9689354
1663252257 7340500
1663252258 10723914
1663252259 7642706
1663252260 10348250
1663252261 9338282
1663252262 10005764
1663252263 7847074
1663252264 8767260
1663252265 7881418
1663252266 9112608
1663252267 8264608
1663252268 7842304
1663252269 9027596
1663252270 9273516
1663252271 10315920
1663252272 10314648
1663252273 8265032
1663252274 6581328
1663252275 10014032
1663252276 7770754
1663252277 7391062
1663252278 7884068
1663252279 9471312
1663252280 9127130
1663252281 7654154
1663252282 9912590
1663252283 9782528
1663252284 8792170
1663252285 7823118
1663252286 13260070
1663252287 11442806
1663252288 12233142
1663252289 7031510
1663252290 8048898
1663252291 8899336
1663252292 8767684
1663252293 9666564
1663252294 7285274
1663252295 7918942
1663252296 6687540
1663252297 5949992
1663252298 7836580
1663252299 9729528
1663252300 7828842
1663252301 9111336
1663252302 7683622
1663252303 9036182
1663252304 10213736
1663252305 6967062
1663252306 8507878
1663252307 8774150
1663252308 8427954
1663252309 8487526
1663252310 7293648
1663252311 8343260
1663252312 9834150
1663252313 8920642
1663252314 9766098
1663252315 9460394
1663252316 8109530
1663252317 10295462
1663252318 8580276
1663252319 9227936
1663252320 6848024
1663252321 8478516
1663252322 9243836
1663252323 8227826
1663252324 11080286
1663252325 6851628
1663252326 10199956
1663252327 8735884
1663252328 6719446
1663252329 6599772
1663252330 10296840
1663252331 9057276
1663252332 8819942
1663252333 10403052
1663252334 9282208
1663252335 6823326
1663252336 8494416
1663252337 10730274
1663252338 9656600
1663252339 7334776
1663252340 9177692
1663252341 9563426
1663252342 11726674
1663252343 12871368
1663252344 14173260
1663252345 10502798
1663252346 7498228
1663252347 9003004
1663252348 9768536
1663252349 9817932
1663252350 10094592
1663252351 8697300
1663252352 9479050
1663252353 9393508
1663252354 8567450
1663252355 8447882
1663252356 9520602
1663252357 8954244
1663252358 10837970
1663252359 9123314
1663252360 8395942
1663252361 8559500
1663252362 9250090
1663252363 8083984
1663252364 10369556
1663252365 8898806
1663252366 8211290
1663252367 9254118
1663252368 9278498
1663252369 8157760
1663252370 8618012
1663252371 8551020
1663252372 8218286
1663252373 8812628
1663252374 7751992
1663252375 8307326
1663252376 9403260
1663252377 9390540
1663252378 9337858
1663252379 9281254
1663252380 7025468
1663252381 8712670
1663252382 10040532
1663252383 7744254
1663252384 8115148
1663252385 8809236
1663252386 8238532
1663252387 8476714
1663252388 9747972
1663252389 7142280
1663252390 8179066
1663252391 9757194
1663252392 8851636
1663252393 8047626
1663252394 8477986
1663252395 7865518
1663252396 9564698
1663252397 9520602
1663252398 9104234
1663252399 8168572
1663252400 7689876
1663252401 8618754
1663252402 7892972
1663252403 10732182
1663252404 8784856
1663252405 8085362
1663252406 6335196
1663252407 5795020
1663252408 6432080
1663252409 9778288
1663252410 8314852
1663252411 10863092
1663252412 8987528
1663252413 8130624
1663252414 7611436
1663252415 7571262
1663252416 7549214
1663252417 8300436
1663252418 9017738
1663252419 10208860
1663252420 8262912
1663252421 7502680
1663252422 8649812
1663252423 8551126
1663252424 8354072
1663252425 7931662
1663252426 9511804
1663252427 9018586
1663252428 7368484
1663252429 8462828
1663252430 8443854
1663252431 8694862
1663252432 9408454
1663252433 7721040
1663252434 6920634
1663252435 7221568
1663252436 9354818
1663252437 9136988
1663252438 9899870
1663252439 6783364
1663252440 7151926
1663252441 7079104
1663252442 7990916
1663252443 9254966
1663252444 9443964
1663252445 6786862
1663252446 11104348
1663252447 6841770
1663252448 8532046
1663252449 8362128
1663252450 8804678
1663252451 8375378
1663252452 6888092
1663252453 8304358
1663252454 9498236
1663252455 9722108
1663252456 8826620
1663252457 6916712
1663252458 9528552
1663252459 6849084
1663252460 8516464
1663252461 7841456
1663252462 8874956
1663252463 10068728
1663252464 12041812
1663252465 12232188
1663252466 8641968
1663252467 8629566
1663252468 9127872
1663252469 9313796
1663252470 8999718
1663252471 7318876
1663252472 9373368
1663252473 9280194
1663252474 8130518
1663252475 8244892
1663252476 7295026
1663252477 6290146
1663252478 9869130
1663252479 8559394
1663252480 8958166
1663252481 7539674
1663252482 7838700
1663252483 8472262
1663252484 8529608
1663252485 7774888
1663252486 8918734
1663252487 8068614
1663252488 9949796
1663252489 10554208
1663252490 10414288
1663252491 9302030
1663252492 8710126
1663252493 7903466
1663252494 8462510
1663252495 8027062
1663252496 8973854
1663252497 7736940
1663252498 11078060
1663252499 9351850
1663252500 7061508
1663252501 10828112
1663252502 6442680
1663252503 8820896
1663252504 7088750
1663252505 6667294
1663252506 7426784
1663252507 6940244
1663252508 8024518
1663252509 8400076
1663252510 6303714
1663252511 7859264
1663252512 7636452
1663252513 10011700
1663252514 8508620
1663252515 7615782
1663252516 7150336
1663252517 7663482
1663252518 9845704
1663252519 7670478
1663252520 7379402
1663252521 10079116
1663252522 11132332
1663252523 14551998
1663252524 13158098
1663252525 13278726
1663252526 11448106
1663252527 9401352
1663252528 9417782
1663252529 10485838
1663252530 9148860
1663252531 7960282
1663252532 8375908
1663252533 9888634
1663252534 7255276
1663252535 6341980
1663252536 7509358
1663252537 9478944
1663252538 6865514
1663252539 8467598
1663252540 9504066
1663252541 9209598
1663252542 8393928
1663252543 9135716
1663252544 9761646
1663252545 7591190
1663252546 7927422
1663252547 9035440
1663252548 10269704
1663252549 8278176
1663252550 8535756
1663252551 9721366
1663252552 8370926
1663252553 10678228
1663252554 8012858
1663252555 9236946
1663252556 8140906
1663252557 9308284
1663252558 8432512
1663252559 6257074
1663252560 7203654
1663252561 9264506
1663252562 8653098
1663252563 8345592
1663252564 8955940
1663252565 9561518
1663252566 7105180
1663252567 8320576
1663252568 9244896
1663252569 7813684
1663252570 9014134
1663252571 7863186
1663252572 7380886
1663252573 9438452
1663252574 8914176
1663252575 6168246
1663252576 9915664
1663252577 6844102
1663252578 9131476
1663252579 8393292
1663252580 8159032
1663252581 7732064
1663252582 8961982
1663252583 7615252
1663252584 11810944
1663252585 13871796
1663252586 11517642
1663252587 10301186
1663252588 9770868
1663252589 8693908
1663252590 8526428
1663252591 9673666
1663252592 8699950
1663252593 6874312
1663252594 8813794
1663252595 6494938
1663252596 7689240
1663252597 10070106
1663252598 7571368
1663252599 7391698
1663252600 6559598
1663252601 7257714
1663252602 6670898
1663252603 7614086
1663252604 8957530
1663252605 7721252
1663252606 8436010
1663252607 7933994
1663252608 10543078
1663252609 8293652
1663252610 9852912
1663252611 8657868
1663252612 8740972
1663252613 9163276
1663252614 10169216
1663252615 7605818
1663252616 8682354
1663252617 8506288
1663252618 8627764
1663252619 10146638
1663252620 8900926
1663252621 8296726
1663252622 10674942
1663252623 7588540
1663252624 8136454
1663252625 8222208
1663252626 8558652
1663252627 8655960
1663252628 8490282
1663252629 7551758
1663252630 9230586
1663252631 9461560
1663252632 9367220
1663252633 9138260
1663252634 6693158
1663252635 7403782
1663252636 9952234
1663252637 10882914
1663252638 9637838
1663252639 10125544
1663252640 8311354
1663252641 8563104
1663252642 7947668
1663252643 10305426
1663252644 11867442
1663252645 7910780
1663252646 8913010
1663252647 8710974
1663252648 9417252
1663252649 8018370
1663252650 10247550
1663252651 9771398
1663252652 10278926
1663252653 8203658
1663252654 10236314
1663252655 9013816
1663252656 7002678
1663252657 8333402
1663252658 8875274
1663252659 8537982
1663252660 9489650
1663252661 9460712
1663252662 8204506
1663252663 7384914
1663252664 9845174
1663252665 7979362
1663252666 9862240
1663252667 8489752
1663252668 6914698
1663252669 8327678
1663252670 8515192
1663252671 9356090
1663252672 10258786
1663252673 10194656
1663252674 9323230
1663252675 7769482
1663252676 8746272
1663252677 8465584
1663252678 8554836
1663252679 9406122
1663252680 7705670
1663252681 8333402
1663252682 9716808
1663252683 7979680
1663252684 9635506
1663252685 7810610
1663252686 9709282
1663252687 9225074
1663252688 9729846
1663252689 11381538
1663252690 10131586
1663252691 9411210
1663252692 9929126
1663252693 8516146
1663252694 9347822
1663252695 9104552
1663252696 8914600
1663252697 8720832
1663252698 9174512
1663252699 9844644
1663252700 8764716
1663252701 7181712
1663252702 5106974
1663252703 3126788
1663252704 4939812
1663252705 7092036
1663252706 8758250
1663252707 10186918
1663252708 8195920
1663252709 9444706
1663252710 9339660
1663252711 7955724
1663252712 8473110
1663252713 10209496
1663252714 6062140
1663252715 8429650
1663252716 8728252
1663252717 6952010
1663252718 9358528
1663252719 8237578
1663252720 8422336
1663252721 8498232
1663252722 9348246
1663252723 10050708
1663252724 8697936
1663252725 6749550
1663252726 7030980
1663252727 8613242
1663252728 7306262
1663252729 8986786
1663252730 7990492
1663252731 8709490
1663252732 9881320
1663252733 8207898
1663252734 7078998
1663252735 9571588
1663252736 7400178
1663252737 7484130
1663252738 6388726
1663252739 7669524
1663252740 9834998
1663252741 10077950
1663252742 8487420
1663252743 10159040
1663252744 9377290
1663252745 7093838
1663252746 9397430
1663252747 8427848
1663252748 10012972
1663252749 9402094
1663252750 7388836
1663252751 7603062
1663252752 7385974
1663252753 8252312
1663252754 9247334
1663252755 9001732
1663252756 8777860
1663252757 9033532
1663252758 9075720
1663252759 9666670
1663252760 8909936
1663252761 9835846
1663252762 9845492
1663252763 11442382
1663252764 13384832
1663252765 10463366
1663252766 13530900
1663252767 10087914
1663252768 7023666
1663252769 8746378
1663252770 9112714
1663252771 8197192
1663252772 11031102
1663252773 10593534
1663252774 8865522
1663252775 9638686
1663252776 8737262
1663252777 10570850
1663252778 8379088
1663252779 7794816
1663252780 9771928
1663252781 7432826
1663252782 10120562
1663252783 10146532
1663252784 8160834
1663252785 8631050
1663252786 10807866
1663252787 8319092
1663252788 9062576
1663252789 9560034
1663252790 9253694
1663252791 8178430
1663252792 8803830
1663252793 8986574
1663252794 7391274
1663252795 8397744
1663252796 8558970
1663252797 8250828
1663252798 8440992
1663252799 9018162
1663252800 9295352
1663252801 6865938
1663252802 7121610
1663252803 7300856
1663252804 9164866
1663252805 8421382
1663252806 9182674
1663252807 9368280
1663252808 11332142
1663252809 7837322
1663252810 7732170
1663252811 8233762
1663252812 9974388
1663252813 8309870
1663252814 9249666
1663252815 7661150
1663252816 9109428
1663252817 7086630
1663252818 8752314
1663252819 9091302
1663252820 7488476
1663252821 8498656
1663252822 9468874
1663252823 9984988
1663252824 8633912
1663252825 6478296
1663252826 4044536
1663252827 6297142
1663252828 10541912
1663252829 8505228
1663252830 8473852
1663252831 10372100
1663252832 10272778
1663252833 7366894
1663252834 9810194
1663252835 10484354
1663252836 9265672
1663252837 8432618
1663252838 7084934
1663252839 8040630
1663252840 8507454
1663252841 8704296
1663252842 7244358
1663252843 7876860
1663252844 8086740
1663252845 7873574
1663252846 10035126
1663252847 10130844
1663252848 9469510
1663252849 9541484
1663252850 8472368
1663252851 8701540
1663252852 9390010
1663252853 9922872
1663252854 8040206
1663252855 9445978
1663252856 9261326
1663252857 8099672
1663252858 8390854
1663252859 9594590
1663252860 8768214
1663252861 7088644
1663252862 8574340
1663252863 10414606
1663252864 7470986
1663252865 8448094
1663252866 9261750
1663252867 9107732
1663252868 8666030
1663252869 10243946
1663252870 9079430
1663252871 9743838
1663252872 9750198
1663252873 9459440
1663252874 7705882
1663252875 7665602
1663252876 7379508
1663252877 8143238
1663252878 9322912
1663252879 6521014
1663252880 7599564
1663252881 8443112
1663252882 8504168
1663252883 7663270
1663252884 9931882
1663252885 4415112
1663252886 5784844
1663252887 6050586
1663252888 8025154
1663252889 7257078
1663252890 8631050
1663252891 10278820
1663252892 9411210
1663252893 7954452
1663252894 9409090
1663252895 7447348
1663252896 9466860
1663252897 9401246
1663252898 8133592
1663252899 7983178
1663252900 7000664
1663252901 9702392
1663252902 10078374
1663252903 8742880
1663252904 7885340
1663252905 10273838
1663252906 8422654
1663252907 7817076
1663252908 6695914
1663252909 9411104
1663252910 7959540
1663252911 9144090
1663252912 8677266
1663252913 9435272
1663252914 9566818
1663252915 8320258
1663252916 8349408
1663252917 7554196
1663252918 8966540
1663252919 9410044
1663252920 8252736
1663252921 9125752
1663252922 9078158
1663252923 9097980
1663252924 7666980
1663252925 8941206
1663252926 6620548
1663252927 8741502
1663252928 10486792
1663252929 7555680
1663252930 9182780
1663252931 9962940
1663252932 9031624
1663252933 8714896
1663252934 9143030
1663252935 8207368
1663252936 8526322
1663252937 10292600
1663252938 8969296
1663252939 9336692
1663252940 8363400
1663252941 7574230
1663252942 14031538
1663252943 8414068
1663252944 9473326
1663252945 8143662
1663252946 8684368
1663252947 9654692
1663252948 7686802
1663252949 6535324
1663252950 7965900
1663252951 9652254
1663252952 8222632
1663252953 7113872
1663252954 9374110
1663252955 7891276
1663252956 8360750
1663252957 7814956
1663252958 9233130
1663252959 7433462
1663252960 7162208
1663252961 7838488
1663252962 6913850
1663252963 8887358
1663252964 10438350
1663252965 9046146
1663252966 10311680
1663252967 8283052
1663252968 7366046
1663252969 8246482
1663252970 8508832
1663252971 10155648
1663252972 6824598
1663252973 8731432
1663252974 8424774
1663252975 8362552
1663252976 10835002
1663252977 7207152
1663252978 6372614
1663252979 9425308
1663252980 8648328
1663252981 8207898
1663252982 7575290
1663252983 9018374
1663252984 9500886
1663252985 8463994
1663252986 9456684
1663252987 9312312
1663252988 8354496
1663252989 7449574
1663252990 8474594
1663252991 9393190
1663252992 9473644
1663252993 8382692
1663252994 7312834
1663252995 7387246
1663252996 9149284
1663252997 7323434
1663252998 10146850
1663252999 7759518
1663253000 9281360
1663253001 13494860
1663253002 12532804
1663253003 12987650
1663253004 10330124
1663253005 8110272
1663253006 9899976
1663253007 9067876
1663253008 10727518
1663253009 8296938
1663253010 8408344
1663253011 8004802
1663253012 8337642
1663253013 8597024
1663253014 7487840
1663253015 6327670
1663253016 7484872
1663253017 9635930
1663253018 9140910
1663253019 10377824
1663253020 7090340
1663253021 9319944
1663253022 10649714
1663253023 9543922
1663253024 9597770
1663253025 7223476
1663253026 7906858
1663253027 10465910
1663253028 9451278
1663253029 7719238
1663253030 9586216
1663253031 8156276
1663253032 8697088
1663253033 8030772
1663253034 8244786
1663253035 8367640
1663253036 443822
1663253037 636
