# events called
1663324051 584484
1663324052 3363804
1663324053 1675648
1663324054 14966246
1663324055 15375830
1663324056 14652380
1663324057 14279048
1663324058 14733364
1663324059 14716298
1663324060 15981090
1663324061 16519570
1663324062 15729340
1663324063 16702208
1663324064 16551476
1663324065 16897990
1663324066 17225000
1663324067 15174854
1663324068 16524022
1663324069 16651646
1663324070 16500596
1663324071 16448338
1663324072 15771316
1663324073 15979500
1663324074 17130024
1663324075 16346684
1663324076 16289762
1663324077 15431692
1663324078 16944206
1663324079 15958300
1663324080 16058152
1663324081 16155460
1663324082 15783824
1663324083 16418446
1663324084 16386752
1663324085 16494554
1663324086 15854420
1663324087 15521368
1663324088 17086988
1663324089 16558048
1663324090 16614758
1663324091 16513316
1663324092 15095354
1663324093 16386858
1663324094 16472718
1663324095 16258492
1663324096 16618362
1663324097 15572566
1663324098 16441872
1663324099 16258174
1663324100 15883782
1663324101 15969642
1663324102 15379646
1663324103 16437844
1663324104 16013102
1663324105 16520842
1663324106 16573524
1663324107 15625884
1663324108 16414842
1663324109 16222346
1663324110 16018402
1663324111 16420884
1663324112 15504726
1663324113 16287748
1663324114 16821670
1663324115 16474096
1663324116 16116664
1663324117 15772376
1663324118 16233476
1663324119 16480880
1663324120 16393960
1663324121 16296016
1663324122 15028150
1663324123 16448444
1663324124 16552430
1663324125 16233794
1663324126 16209096
1663324127 15575428
1663324128 16118572
1663324129 16479608
1663324130 16094192
1663324131 15981514
1663324132 15305658
1663324133 15841064
1663324134 16282342
1663324135 15861098
1663324136 16371170
1663324137 16141256
1663324138 15616344
1663324139 16429682
1663324140 15678884
1663324141 16359510
1663324142 15926288
1663324143 16501338
1663324144 16545646
1663324145 16374880
1663324146 16594724
1663324147 15357598
1663324148 16557730
1663324149 16488088
1663324150 16424170
1663324151 16262838
1663324152 15431586
1663324153 16382724
1663324154 16316474
1663324155 16081472
1663324156 17132250
1663324157 15185666
1663324158 16754148
1663324159 16295486
1663324160 16636488
1663324161 17052008
1663324162 14922892
1663324163 16665426
1663324164 15970066
1663324165 16371488
1663324166 16377530
1663324167 14988082
1663324168 16141680
1663324169 16461270
1663324170 16220862
1663324171 16511726
1663324172 15216194
1663324173 16181430
1663324174 16616560
1663324175 16736022
1663324176 16617938
1663324177 15740470
1663324178 16104686
1663324179 16498158
1663324180 16494660
1663324181 16413570
1663324182 15166904
1663324183 16751816
1663324184 17100556
1663324185 16765066
1663324186 16785948
1663324187 15906360
1663324188 16132564
1663324189 16624616
1663324190 16631506
1663324191 16403500
1663324192 15945368
1663324193 16138712
1663324194 16577976
1663324195 16499960
1663324196 16520418
1663324197 15721072
1663324198 16676026
1663324199 16575114
1663324200 16814250
1663324201 16549886
1663324202 15918656
1663324203 16692668
1663324204 16464662
1663324205 16951732
1663324206 16820716
1663324207 16145708
1663324208 16623238
1663324209 17006216
1663324210 17331636
1663324211 17068332
1663324212 15753402
1663324213 16767080
1663324214 16264958
1663324215 16224572
1663324216 16481410
1663324217 15975578
1663324218 17178572
1663324219 17086776
1663324220 17232314
1663324221 16891630
1663324222 15957240
1663324223 16613698
1663324224 16170618
1663324225 16557730
1663324226 16535046
1663324227 16010664
1663324228 16488406
1663324229 16908060
1663324230 16051898
1663324231 16783828
1663324232 15656412
1663324233 16803650
1663324234 16077232
1663324235 16745880
1663324236 16914844
1663324237 15879224
1663324238 17247048
1663324239 16758388
1663324240 16576916
1663324241 16607232
1663324242 16383996
1663324243 16755102
1663324244 16643696
1663324245 16641788
1663324246 16547978
1663324247 15856858
1663324248 16844990
1663324249 16691820
1663324250 16281388
1663324251 16625994
1663324252 15182062
1663324253 16785736
1663324254 17399264
1663324255 16440282
1663324256 16369898
1663324257 15659910
1663324258 16615394
1663324259 16764112
1663324260 16559638
1663324261 15949184
1663324262 15944096
1663324263 16410072
1663324264 16535046
1663324265 16941450
1663324266 16343292
1663324267 15800148
1663324268 16646240
1663324269 16367778
1663324270 16224572
1663324271 16239094
1663324272 16238776
1663324273 16653342
1663324274 16099280
1663324275 16498794
1663324276 16395868
1663324277 15668814
1663324278 16423216
1663324279 16265276
1663324280 17001870
1663324281 17140306
1663324282 15916960
1663324283 16397670
1663324284 16987136
1663324285 17124088
1663324286 17001764
1663324287 15473350
1663324288 16608080
1663324289 16803120
1663324290 16326968
1663324291 16880288
1663324292 15738350
1663324293 16694470
1663324294 16732312
1663324295 16344776
1663324296 16091224
1663324297 15958936
1663324298 17018724
1663324299 17068438
1663324300 15651854
1663324301 16572464
1663324302 15783506
1663324303 16716730
1663324304 16646028
1663324305 16554444
1663324306 16490314
1663324307 16174222
1663324308 16921416
1663324309 16091860
1663324310 16404454
1663324311 16752876
1663324312 15876468
1663324313 16555610
1663324314 16346366
1663324315 17078402
1663324316 16448974
1663324317 15617404
1663324318 15638074
1663324319 16246302
1663324320 16369474
1663324321 16776832
1663324322 15486600
1663324323 16689064
1663324324 15379434
1663324325 16832906
1663324326 16288066
1663324327 15976744
1663324328 16783298
1663324329 15603518
1663324330 16894068
1663324331 17077978
1663324332 17180162
1663324333 16640728
1663324334 16295062
1663324335 16318064
1663324336 16783510
1663324337 16038966
1663324338 16413040
1663324339 16165000
1663324340 16536742
1663324341 16103838
1663324342 15729764
1663324343 15696586
1663324344 15851876
1663324345 16728284
1663324346 16799622
1663324347 15499956
1663324348 16081896
1663324349 15906784
1663324350 16713232
1663324351 16720758
1663324352 15567902
1663324353 15698918
1663324354 16606490
1663324355 16693834
1663324356 16605748
1663324357 16036422
1663324358 16612426
1663324359 16243016
1663324360 16323470
1663324361 16742382
1663324362 15909222
1663324363 16999008
1663324364 16414630
1663324365 17155040
1663324366 16750226
1663324367 15308944
1663324368 16825062
1663324369 16300892
1663324370 16667440
1663324371 17438166
1663324372 16527838
1663324373 16702950
1663324374 16677298
1663324375 15761246
1663324376 16607020
1663324377 15992644
1663324378 16750014
1663324379 16367248
1663324380 16531548
1663324381 16379120
1663324382 15728704
1663324383 16407846
1663324384 17012788
1663324385 15981620
1663324386 16201676
1663324387 16075430
1663324388 16799198
1663324389 16971766
1663324390 16169346
1663324391 16446006
1663324392 15981832
1663324393 16318276
1663324394 16407846
1663324395 16672846
1663324396 16683340
1663324397 15977274
1663324398 17162036
1663324399 17061654
1663324400 16147086
1663324401 16620588
1663324402 16769200
1663324403 17385908
1663324404 16888238
1663324405 16468690
1663324406 16101506
1663324407 15629594
1663324408 16788280
1663324409 16294002
1663324410 16233158
1663324411 16648890
1663324412 16582852
1663324413 17055188
1663324414 16923960
1663324415 17030808
1663324416 17033670
1663324417 15446426
1663324418 16957350
1663324419 16909756
1663324420 16502292
1663324421 16281812
1663324422 16110092
1663324423 16247998
1663324424 16528368
1663324425 16858558
1663324426 16548826
1663324427 16053064
1663324428 16999432
1663324429 15958936
1663324430 16282766
1663324431 16299832
1663324432 15818274
1663324433 16500278
1663324434 16649632
1663324435 16286476
1663324436 16956714
1663324437 15433388
1663324438 15991372
1663324439 17091864
1663324440 17027734
1663324441 16306192
1663324442 15730718
1663324443 16157474
1663324444 16888026
1663324445 16824320
1663324446 16840538
1663324447 16288384
1663324448 16564090
1663324449 16923748
1663324450 17273018
1663324451 16227116
1663324452 15952470
1663324453 16471552
1663324454 16817006
1663324455 16728920
1663324456 16257326
1663324457 15706338
1663324458 16767610
1663324459 16523280
1663324460 16888874
1663324461 16701890
1663324462 16357284
1663324463 16725422
1663324464 16785630
1663324465 16628114
1663324466 16477912
1663324467 16276724
1663324468 16451942
1663324469 16016706
1663324470 16490420
1663324471 16444204
1663324472 15780326
1663324473 16856014
1663324474 16357284
1663324475 16621224
1663324476 17211962
1663324477 16647088
1663324478 16644438
1663324479 16828878
1663324480 16723514
1663324481 16331102
1663324482 15680368
1663324483 16444204
1663324484 16357178
1663324485 16509606
1663324486 17136172
1663324487 15861628
1663324488 16270894
1663324489 16178144
1663324490 17047026
1663324491 16524552
1663324492 16473248
1663324493 16830786
1663324494 16936468
1663324495 16451730
1663324496 17181540
1663324497 15197538
1663324498 16628538
1663324499 16647618
1663324500 16200722
1663324501 16484484
1663324502 16049672
1663324503 16635640
1663324504 16774712
1663324505 16239942
1663324506 16818278
1663324507 16340430
1663324508 16765066
1663324509 16978444
1663324510 16121540
1663324511 16525824
1663324512 15449500
1663324513 16726800
1663324514 16924702
1663324515 16566952
1663324516 16879864
1663324517 16403606
1663324518 16311598
1663324519 16437950
1663324520 16541830
1663324521 16904774
1663324522 16116028
1663324523 16651858
1663324524 16737506
1663324525 16973992
1663324526 16425866
1663324527 15960632
1663324528 16495190
1663324529 16270470
1663324530 16678146
1663324531 17062820
1663324532 15203050
1663324533 16653342
1663324534 16093238
1663324535 16618362
1663324536 15746936
1663324537 15774602
1663324538 16584972
1663324539 17196062
1663324540 16831846
1663324541 16307994
1663324542 15643056
1663324543 16389932
1663324544 16548720
1663324545 16512998
1663324546 16570026
1663324547 15391624
1663324548 16236020
1663324549 16824638
1663324550 16663094
1663324551 17246518
1663324552 15696904
1663324553 16970494
1663324554 16443568
1663324555 16170088
1663324556 17147726
1663324557 15914098
1663324558 16226798
1663324559 17159704
1663324560 16296440
1663324561 16641682
1663324562 15697752
1663324563 16765066
1663324564 16827182
1663324565 16751710
1663324566 16613062
1663324567 15082528
1663324568 16777998
1663324569 16726694
1663324570 16705918
1663324571 16761780
1663324572 15799830
1663324573 16151644
1663324574 16719910
1663324575 16847746
1663324576 16074264
1663324577 16078504
1663324578 15922154
1663324579 16653766
1663324580 16819232
1663324581 16144118
1663324582 15276720
1663324583 16441978
1663324584 15920034
1663324585 16646240
1663324586 16724468
1663324587 15616026
1663324588 16608716
1663324589 16065360
1663324590 16293896
1663324591 16674542
1663324592 15515326
1663324593 15664892
1663324594 16789976
1663324595 16911664
1663324596 16552324
1663324597 15770574
1663324598 17007594
1663324599 16787326
1663324600 16889192
1663324601 16866296
1663324602 15888340
1663324603 16843612
1663324604 16955230
1663324605 16380392
1663324606 16802060
1663324607 15347210
1663324608 16791354
1663324609 16660550
1663324610 16616454
1663324611 16815098
1663324612 15328660
1663324613 16710158
1663324614 16182384
1663324615 16879016
1663324616 16689700
1663324617 15890036
1663324618 16309054
1663324619 16672952
1663324620 16582216
1663324621 16807360
1663324622 15671888
1663324623 16324848
1663324624 15882192
1663324625 15991690
1663324626 16451624
1663324627 16100764
1663324628 16682598
1663324629 16887390
1663324630 16426078
1663324631 16668606
1663324632 15855374
1663324633 16551052
1663324634 16683552
1663324635 16272590
1663324636 16485120
1663324637 15231882
1663324638 16428092
1663324639 16054442
1663324640 16101824
1663324641 16861950
1663324642 16444204
1663324643 16593876
1663324644 16797926
1663324645 17076706
1663324646 17115926
1663324647 16467842
1663324648 16428410
1663324649 16725846
1663324650 16732736
1663324651 16303966
1663324652 15924592
1663324653 16893326
1663324654 16569814
1663324655 16513210
1663324656 16519782
1663324657 15786792
1663324658 16959258
1663324659 17331212
1663324660 16768564
1663324661 16332692
1663324662 16119738
1663324663 16019462
1663324664 16524658
1663324665 16432438
1663324666 16606914
1663324667 15335974
1663324668 15714288
1663324669 16701042
1663324670 16604052
1663324671 15988404
1663324672 15064190
1663324673 16880712
1663324674 16048506
1663324675 16584018
1663324676 16581262
1663324677 15045322
1663324678 16501232
1663324679 16303966
1663324680 16475686
1663324681 16425442
1663324682 15703688
1663324683 16026670
1663324684 17093878
1663324685 16300574
1663324686 16663200
1663324687 15920564
1663324688 16371064
1663324689 17260934
1663324690 16288702
1663324691 16517132
1663324692 16154824
1663324693 16568542
1663324694 16448974
1663324695 16716730
1663324696 16426396
1663324697 15768984
1663324698 16617302
1663324699 17016392
1663324700 16954488
1663324701 16960106
1663324702 15605320
1663324703 16512150
1663324704 16387706
1663324705 17050630
1663324706 16035998
1663324707 15618252
1663324708 16137016
1663324709 16728178
1663324710 16248528
1663324711 16218212
1663324712 14823570
1663324713 16660550
1663324714 16417916
1663324715 16508334
1663324716 16918130
1663324717 16069388
1663324718 16259658
1663324719 16805982
1663324720 16730086
1663324721 17047556
1663324722 16523386
1663324723 16461058
1663324724 16696484
1663324725 16674966
1663324726 17202104
1663324727 16406150
1663324728 16831634
1663324729 16772274
1663324730 17239204
1663324731 16808738
1663324732 15834916
1663324733 16439646
1663324734 17294960
1663324735 16266866
1663324736 17020420
1663324737 16272060
1663324738 16684506
1663324739 16795912
1663324740 16396080
1663324741 16766656
1663324742 16104156
1663324743 16722454
1663324744 16431484
1663324745 16841810
1663324746 16227752
1663324747 15461584
1663324748 16335448
1663324749 17218322
1663324750 15983740
1663324751 16857180
1663324752 15636696
1663324753 17125148
1663324754 16281176
1663324755 16454274
1663324756 16937952
1663324757 15393214
1663324758 16886118
1663324759 16907742
1663324760 16872126
1663324761 17114442
1663324762 16102354
1663324763 15900954
1663324764 16782662
1663324765 17145712
1663324766 16854530
1663324767 16093874
1663324768 16266336
1663324769 17351776
1663324770 16281918
1663324771 16492328
1663324772 15680898
1663324773 17128646
1663324774 16894598
1663324775 16764960
1663324776 16157156
1663324777 15741318
1663324778 16385904
1663324779 17115714
1663324780 16231674
1663324781 16178992
1663324782 16392052
1663324783 17188854
1663324784 15811702
1663324785 17013212
1663324786 16076914
1663324787 16088362
1663324788 16339688
1663324789 16146026
1663324790 16477064
1663324791 16511408
1663324792 16059742
1663324793 16199662
1663324794 16558684
1663324795 16659066
1663324796 16282236
1663324797 15223508
1663324798 16743760
1663324799 16202948
1663324800 16521796
1663324801 16369898
1663324802 14880810
1663324803 16465298
1663324804 16494554
1663324805 16776302
1663324806 16628114
1663324807 14795268
1663324808 16227964
1663324809 16663094
1663324810 16178356
1663324811 16813190
1663324812 15975048
1663324813 16598646
1663324814 16502716
1663324815 16432968
1663324816 16244500
1663324817 16211534
1663324818 16059636
1663324819 16769624
1663324820 16659914
1663324821 16030062
1663324822 15944732
1663324823 16662140
1663324824 16403288
1663324825 16172526
1663324826 16369368
1663324827 16034408
1663324828 16604370
1663324829 16296758
1663324830 15744286
1663324831 16281070
1663324832 15574792
1663324833 15756688
1663324834 16011300
1663324835 16003774
1663324836 16907424
1663324837 15515326
1663324838 16643908
1663324839 16308736
1663324840 16544374
1663324841 16520524
1663324842 15696374
1663324843 16380604
1663324844 15844668
1663324845 16258916
1663324846 16905198
1663324847 15727750
1663324848 16620376
1663324849 16794852
1663324850 16686944
1663324851 16215350
1663324852 15261244
1663324853 17090804
1663324854 16452578
1663324855 16513846
1663324856 16490844
1663324857 15554334
1663324858 16201464
1663324859 16883786
1663324860 16754678
1663324861 16489890
1663324862 15884630
1663324863 17116774
1663324864 16960848
1663324865 16854318
1663324866 16547872
1663324867 15852724
1663324868 16467312
1663324869 16242910
1663324870 15863642
1663324871 16090800
1663324872 16039496
1663324873 16687898
1663324874 16644650
1663324875 16657900
1663324876 16195528
1663324877 15846046
1663324878 16480562
1663324879 16653130
1663324880 16307888
1663324881 16419930
1663324882 15719376
1663324883 16357708
1663324884 16955654
1663324885 16519358
1663324886 16529110
1663324887 16017872
1663324888 16500384
1663324889 16596314
1663324890 16246196
1663324891 16339688
1663324892 15532604
1663324893 16335236
1663324894 16794852
1663324895 16290928
1663324896 16695424
1663324897 15769090
1663324898 16657582
1663324899 16251284
1663324900 17185038
1663324901 17034836
1663324902 15429360
1663324903 16448232
1663324904 16233264
1663324905 16333858
1663324906 15934980
1663324907 15844986
1663324908 16737930
1663324909 16086560
1663324910 15997944
1663324911 16711642
1663324912 15802692
1663324913 16563560
1663324914 17303228
1663324915 17079886
1663324916 16376152
1663324917 15962116
1663324918 16557094
1663324919 16739202
1663324920 16119950
1663324921 16751392
1663324922 15100336
1663324923 16543420
1663324924 17033352
1663324925 16640940
1663324926 16542784
1663324927 15680580
1663324928 16347532
1663324929 16978126
1663324930 17064410
1663324931 16843718
1663324932 15810006
1663324933 16699346
1663324934 16554020
1663324935 16698604
1663324936 17117940
1663324937 15328448
1663324938 16257220
1663324939 17325064
1663324940 16884528
1663324941 17061760
1663324942 15935086
1663324943 16614228
1663324944 16353998
1663324945 16595890
1663324946 16176024
1663324947 15528364
1663324948 17289660
1663324949 16955972
1663324950 16375304
1663324951 17325488
1663324952 16026140
1663324953 15958088
1663324954 16572146
1663324955 16048188
1663324956 16867568
1663324957 15748208
1663324958 16227434
1663324959 17104690
1663324960 16799728
1663324961 16617620
1663324962 15803116
1663324963 16669030
1663324964 17159174
1663324965 16732736
1663324966 17346370
1663324967 15316894
1663324968 16499748
1663324969 16488194
1663324970 17199772
1663324971 16693198
1663324972 15538328
1663324973 16655568
1663324974 16773864
1663324975 16973038
1663324976 16793898
1663324977 15811702
1663324978 16938164
1663324979 16378378
1663324980 16673588
1663324981 16528792
1663324982 15824846
1663324983 16830998
1663324984 16892372
1663324985 16439116
1663324986 16162456
1663324987 15687364
1663324988 16710370
1663324989 16789552
1663324990 16063770
1663324991 16484590
1663324992 15991796
1663324993 16048082
1663324994 15937948
1663324995 16744926
1663324996 16604900
1663324997 15674750
1663324998 16691184
1663324999 16896718
1663325000 17084762
1663325001 16032924
1663325002 16013420
1663325003 16589530
1663325004 16930426
1663325005 17185356
1663325006 16530700
1663325007 15979288
1663325008 16679948
1663325009 16453002
1663325010 16180688
1663325011 16326756
1663325012 15896290
1663325013 17273230
1663325014 16894174
1663325015 16583276
1663325016 16901488
1663325017 15381872
1663325018 16895128
1663325019 16564726
1663325020 16647406
1663325021 16829832
1663325022 15138390
1663325023 17001764
1663325024 16061120
1663325025 17000916
1663325026 16508334
1663325027 15442822
1663325028 16436678
1663325029 16551158
1663325030 16909120
1663325031 16755420
1663325032 15347316
1663325033 16801000
1663325034 16710476
1663325035 17082006
1663325036 16568648
1663325037 15879542
1663325038 16314460
1663325039 16584972
1663325040 16633626
1663325041 15816472
1663325042 15386536
1663325043 16379756
1663325044 16401168
1663325045 16392158
1663325046 16040026
1663325047 15099064
1663325048 16132352
1663325049 16217046
1663325050 17321036
1663325051 16963286
1663325052 15370212
1663325053 16533880
1663325054 16162244
1663325055 16620588
1663325056 17166488
1663325057 15664998
1663325058 16545328
1663325059 17067060
1663325060 16920780
1663325061 16489042
1663325062 15898834
1663325063 17420676
1663325064 16744926
1663325065 16353468
1663325066 16482682
1663325067 15952576
1663325068 16464556
1663325069 16693728
1663325070 16363962
1663325071 16550522
1663325072 15274812
1663325073 16116770
1663325074 16505896
1663325075 15988722
1663325076 16434346
1663325077 15748526
1663325078 16380392
1663325079 16362266
1663325080 16391098
1663325081 16628750
1663325082 15628852
1663325083 15957028
1663325084 16233794
1663325085 17393964
1663325086 16532608
1663325087 15584014
1663325088 17162990
1663325089 16630128
1663325090 16702632
1663325091 16720864
1663325092 16405196
1663325093 16902336
1663325094 16717684
1663325095 16324212
1663325096 16431378
1663325097 16035150
1663325098 16916328
1663325099 16462436
1663325100 17074586
1663325101 16886860
1663325102 16345518
1663325103 15998474
1663325104 16425654
1663325105 16233370
1663325106 15950456
1663325107 16451836
1663325108 16435088
1663325109 17264326
1663325110 16514058
1663325111 16570450
1663325112 15796650
1663325113 16525082
1663325114 16759766
1663325115 16374350
1663325116 16568224
1663325117 15615284
1663325118 16333116
1663325119 16644438
1663325120 16491692
1663325121 16347956
1663325122 15796968
1663325123 16406044
1663325124 16645392
1663325125 16697332
1663325126 16504730
1663325127 15595886
1663325128 16559638
1663325129 15957558
1663325130 16755844
1663325131 16429894
1663325132 16055926
1663325133 17141896
1663325134 16801000
1663325135 16205386
1663325136 16713338
1663325137 16220968
1663325138 17004096
1663325139 16929684
1663325140 16097902
1663325141 16492752
1663325142 15681110
1663325143 16469432
1663325144 16673588
1663325145 16693410
1663325146 17198712
1663325147 15854314
1663325148 15921518
1663325149 16489466
1663325150 16771002
1663325151 15898304
1663325152 15819758
1663325153 16301422
1663325154 16409436
1663325155 16292412
1663325156 16442826
1663325157 15847954
1663325158 16499960
1663325159 16896506
1663325160 17167018
1663325161 16352514
1663325162 15628428
1663325163 16814780
1663325164 16368520
1663325165 16981412
1663325166 15884524
1663325167 16101612
1663325168 16622602
1663325169 16900958
1663325170 16890888
1663325171 16908272
1663325172 15621856
1663325173 16410390
1663325174 16940496
1663325175 17066212
1663325176 16924278
1663325177 15469004
1663325178 17031868
1663325179 17024660
1663325180 16208460
1663325181 16840220
1663325182 16433286
1663325183 17232102
1663325184 16629704
1663325185 16071614
1663325186 17384000
1663325187 15764214
1663325188 16797396
1663325189 16758600
1663325190 16784782
1663325191 17037910
1663325192 15883252
1663325193 16048718
1663325194 16808208
1663325195 16732948
1663325196 16510984
1663325197 15702840
1663325198 16882832
1663325199 16270258
1663325200 16361312
1663325201 16811282
1663325202 15373498
1663325203 16093450
1663325204 16374244
1663325205 16477064
1663325206 16422050
1663325207 15543734
1663325208 16981094
1663325209 16685142
1663325210 16656628
1663325211 16490208
1663325212 15360354
1663325213 16845626
1663325214 17445480
1663325215 17150694
1663325216 17129070
1663325217 16323364
1663325218 16175176
1663325219 16856650
1663325220 16723620
1663325221 16562818
1663325222 16145284
1663325223 16894280
1663325224 17234964
1663325225 16803968
1663325226 17218004
1663325227 15774496
1663325228 16007696
1663325229 16586774
1663325230 16540346
1663325231 16299196
1663325232 15532074
1663325233 17129176
1663325234 15937842
1663325235 16285628
1663325236 16589212
1663325237 16059212
1663325238 16737294
1663325239 16422156
1663325240 16387918
1663325241 16637230
1663325242 15791244
1663325243 16698816
1663325244 16056032
1663325245 16927034
1663325246 16431802
1663325247 15537162
1663325248 16284992
1663325249 16673588
1663325250 15914098
1663325251 17287858
1663325252 15616662
1663325253 15968476
1663325254 1802


# events submitted
1663324051 584484
1663324052 3363804
1663324053 1665472
1663324054 14878266
1663324055 15276720
1663324056 14577650
1663324057 14177394
1663324058 14667432
1663324059 14656726
1663324060 15959254
1663324061 16488936
1663324062 15699342
1663324063 16679630
1663324064 16534198
1663324065 16868416
1663324066 17203058
1663324067 15142842
1663324068 16497840
1663324069 16624510
1663324070 16470916
1663324071 16427456
1663324072 15749798
1663324073 15953530
1663324074 17091228
1663324075 16317852
1663324076 16264004
1663324077 15414202
1663324078 16896294
1663324079 15933284
1663324080 16026882
1663324081 16107972
1663324082 15756370
1663324083 16407422
1663324084 16352196
1663324085 16489678
1663324086 15836930
1663324087 15495928
1663324088 17077236
1663324089 16537908
1663324090 16589212
1663324091 16490420
1663324092 15055710
1663324093 16360464
1663324094 16453744
1663324095 16240896
1663324096 16593664
1663324097 15539918
1663324098 16404136
1663324099 16231568
1663324100 15866610
1663324101 15954166
1663324102 15352828
1663324103 16407422
1663324104 16000488
1663324105 16492328
1663324106 16548932
1663324107 15602882
1663324108 16388342
1663324109 16202736
1663324110 15995930
1663324111 16392794
1663324112 15483208
1663324113 16260718
1663324114 16795806
1663324115 16451624
1663324116 16090588
1663324117 15743226
1663324118 16210898
1663324119 16467312
1663324120 16375092
1663324121 16267926
1663324122 15002180
1663324123 16412086
1663324124 16531972
1663324125 16212276
1663324126 16182596
1663324127 15538752
1663324128 16093026
1663324129 16461800
1663324130 16068858
1663324131 15948866
1663324132 15285412
1663324133 15822514
1663324134 16267184
1663324135 15830146
1663324136 16335660
1663324137 16101294
1663324138 15590692
1663324139 16393430
1663324140 15656624
1663324141 16339158
1663324142 15898516
1663324143 16461800
1663324144 16520842
1663324145 16357390
1663324146 16571722
1663324147 15314668
1663324148 16528686
1663324149 16467312
1663324150 16405196
1663324151 16240684
1663324152 15409326
1663324153 16358238
1663324154 14989778
1663324155 15055816
1663324156 14962430
1663324157 11815714
1663324158 12953836
1663324159 10950436
1663324160 11502908
1663324161 11467292
1663324162 12306388
1663324163 11614632
1663324164 10340936
1663324165 10386092
1663324166 11813170
1663324167 11272570
1663324168 10108796
1663324169 13764842
1663324170 15141040
1663324171 11993900
1663324172 11257412
1663324173 13902112
1663324174 11367758
1663324175 10299596
1663324176 8537240
1663324177 10851856
1663324178 15019776
1663324179 13423098
1663324180 12974824
1663324181 12284234
1663324182 12340732
1663324183 11852496
1663324184 13476628
1663324185 11005238
1663324186 12937300
1663324187 11852708
1663324188 10927752
1663324189 14598638
1663324190 11480754
1663324191 10564596
1663324192 11275644
1663324193 11707488
1663324194 13077220
1663324195 11294406
1663324196 13139548
1663324197 11714802
1663324198 8822698
1663324199 8986786
1663324200 8450108
1663324201 9992620
1663324202 7644190
1663324203 7145460
1663324204 10034702
1663324205 8719666
1663324206 7094156
1663324207 7411732
1663324208 7663270
1663324209 9540000
1663324210 6930916
1663324211 8109000
1663324212 7538932
1663324213 7243086
1663324214 7311880
1663324215 9540212
1663324216 8518160
1663324217 5368476
1663324218 10162644
1663324219 13400308
1663324220 13069800
1663324221 12344336
1663324222 10771402
1663324223 12197102
1663324224 12799076
1663324225 11164026
1663324226 12081774
1663324227 10714374
1663324228 13621318
1663324229 11752432
1663324230 10932416
1663324231 12456590
1663324232 11769922
1663324233 12943448
1663324234 10371252
1663324235 12986696
1663324236 13517014
1663324237 10162644
1663324238 11211938
1663324239 8164332
1663324240 7767892
1663324241 7641752
1663324242 5782300
1663324243 8828104
1663324244 10161266
1663324245 6809864
1663324246 7303082
1663324247 9217124
1663324248 7572958
1663324249 9863830
1663324250 7789198
1663324251 6917242
1663324252 9107732
1663324253 6422858
1663324254 8095538
1663324255 10170276
1663324256 9620560
1663324257 7714680
1663324258 7931344
1663324259 13346248
1663324260 15968688
1663324261 11326630
1663324262 13072874
1663324263 10632648
1663324264 11373588
1663324265 13069588
1663324266 11163602
1663324267 12336810
1663324268 12556654
1663324269 11535238
1663324270 10353338
1663324271 12214698
1663324272 11682896
1663324273 10893726
1663324274 11283064
1663324275 10902736
1663324276 10721264
1663324277 8442476
1663324278 8837538
1663324279 9598512
1663324280 6294174
1663324281 5412042
1663324282 7332020
1663324283 8389794
1663324284 10152574
1663324285 8850576
1663324286 10548378
1663324287 6642490
1663324288 9463256
1663324289 7905056
1663324290 10081342
1663324291 7849512
1663324292 9501204
1663324293 8616952
1663324294 7165812
1663324295 8509998
1663324296 8324604
1663324297 12502276
1663324298 14253396
1663324299 13081778
1663324300 9737266
1663324301 12206324
1663324302 10093320
1663324303 11755400
1663324304 11247342
1663324305 13178662
1663324306 11444820
1663324307 11522942
1663324308 13885258
1663324309 11220736
1663324310 12348788
1663324311 11443336
1663324312 12611350
1663324313 10920650
1663324314 12103292
1663324315 8246164
1663324316 7493882
1663324317 7846438
1663324318 10034914
1663324319 7936432
1663324320 9898068
1663324321 9233130
1663324322 7331914
1663324323 9752636
1663324324 8579852
1663324325 6722626
1663324326 7290998
1663324327 8118540
1663324328 9530460
1663324329 8001834
1663324330 8605504
1663324331 6101678
1663324332 8113664
1663324333 10467288
1663324334 8235352
1663324335 6947664
1663324336 9920010
1663324337 13030898
1663324338 12916312
1663324339 12493478
1663324340 10914926
1663324341 12054850
1663324342 11590040
1663324343 9886620
1663324344 10301080
1663324345 11322814
1663324346 13180570
1663324347 10331290
1663324348 11448000
1663324349 12380270
1663324350 11162436
1663324351 10944182
1663324352 10351006
1663324353 10634980
1663324354 9879942
1663324355 6074012
1663324356 7371240
1663324357 8158396
1663324358 5650542
1663324359 8724330
1663324360 9484774
1663324361 10398176
1663324362 5536486
1663324363 6645776
1663324364 7583240
1663324365 7057692
1663324366 10203560
1663324367 8549960
1663324368 8879514
1663324369 8808176
1663324370 6905794
1663324371 8468340
1663324372 7568824
1663324373 7376222
1663324374 7563418
1663324375 7116840
1663324376 8118858
1663324377 12084318
1663324378 12975460
1663324379 10930932
1663324380 12040328
1663324381 11909630
1663324382 10445876
1663324383 13140714
1663324384 13177284
1663324385 12516374
1663324386 11977152
1663324387 11701552
1663324388 12187456
1663324389 12427122
1663324390 13468996
1663324391 12730918
1663324392 12831936
1663324393 10743842
1663324394 10662646
1663324395 13190428
1663324396 11983300
1663324397 10764406
1663324398 11536722
1663324399 11283170
1663324400 12724558
1663324401 10883338
1663324402 10058976
1663324403 8333614
1663324404 5469388
1663324405 9698364
1663324406 9047418
1663324407 9179918
1663324408 8539042
1663324409 6199092
1663324410 8928274
1663324411 7663694
1663324412 7213936
1663324413 8838492
1663324414 7918518
1663324415 9093634
1663324416 8562786
1663324417 8359266
1663324418 10177696
1663324419 11969202
1663324420 11728264
1663324421 11450756
1663324422 12797168
1663324423 11291544
1663324424 10990398
1663324425 14324840
1663324426 16346154
1663324427 13211310
1663324428 13391404
1663324429 14345934
1663324430 10860654
1663324431 10944288
1663324432 10877508
1663324433 13561640
1663324434 13261978
1663324435 14749158
1663324436 9904004
1663324437 8238108
1663324438 7181394
1663324439 8579428
1663324440 7860854
1663324441 7925832
1663324442 8699950
1663324443 7354280
1663324444 8006074
1663324445 10274368
1663324446 8025896
1663324447 8076882
1663324448 9890224
1663324449 6062776
1663324450 8171646
1663324451 8266092
1663324452 7442260
1663324453 8952018
1663324454 7502892
1663324455 8494946
1663324456 6869860
1663324457 7385338
1663324458 8605186
1663324459 9159354
1663324460 10248928
1663324461 12132124
1663324462 11869456
1663324463 13691596
1663324464 11526652
1663324465 14068744
1663324466 12423094
1663324467 11231124
1663324468 11923834
1663324469 13889286
1663324470 13588670
1663324471 12647708
1663324472 12078276
1663324473 11239286
1663324474 7676626
1663324475 7471410
1663324476 7569990
1663324477 6463456
1663324478 5770322
1663324479 6949784
1663324480 7459008
1663324481 7696978
1663324482 5239898
1663324483 7663906
1663324484 8726662
1663324485 8849516
1663324486 8518690
1663324487 9345596
1663324488 7473530
1663324489 8918734
1663324490 6290782
1663324491 7397528
1663324492 6727078
1663324493 9148330
1663324494 6998544
1663324495 8549748
1663324496 6787180
1663324497 6439182
1663324498 10717978
1663324499 7182454
1663324500 7204926
1663324501 12406982
1663324502 10808290
1663324503 12399774
1663324504 11534178
1663324505 11464854
1663324506 12716078
1663324507 10757940
1663324508 11321012
1663324509 13854730
1663324510 14075528
1663324511 11366592
1663324512 10908566
1663324513 12058984
1663324514 11022834
1663324515 11844228
1663324516 12117390
1663324517 12086650
1663324518 11598732
1663324519 12653008
1663324520 12488496
1663324521 11508632
1663324522 8593420
1663324523 10155118
1663324524 7588434
1663324525 7611648
1663324526 7621824
1663324527 8771606
1663324528 7281776
1663324529 7450846
1663324530 8361704
1663324531 8549748
1663324532 8932302
1663324533 8389900
1663324534 7392546
1663324535 8680128
1663324536 7488476
1663324537 7349828
1663324538 7055678
1663324539 8235670
1663324540 8383222
1663324541 6431762
1663324542 10281364
1663324543 12968994
1663324544 12189152
1663324545 12467402
1663324546 12498566
1663324547 10660844
1663324548 12954472
1663324549 10798114
1663324550 13345082
1663324551 13242792
1663324552 10722536
1663324553 11621310
1663324554 11619296
1663324555 10633390
1663324556 13623120
1663324557 12916206
1663324558 12422352
1663324559 11841154
1663324560 13636052
1663324561 13004398
1663324562 10640280
1663324563 8207050
1663324564 8560560
1663324565 10849736
1663324566 6750610
1663324567 7592250
1663324568 7531724
1663324569 7181924
1663324570 8155216
1663324571 9474598
1663324572 8564376
1663324573 7822482
1663324574 6939926
1663324575 10044772
1663324576 7854706
1663324577 9025688
1663324578 7223794
1663324579 9822278
1663324580 10991246
1663324581 11202610
1663324582 14536204
1663324583 12720636
1663324584 11515522
1663324585 11205790
1663324586 12047748
1663324587 11411006
1663324588 11147172
1663324589 11573610
1663324590 10998242
1663324591 12008210
1663324592 14026662
1663324593 14302050
1663324594 13323988
1663324595 8768108
1663324596 7986252
1663324597 6892120
1663324598 6256120
1663324599 8537240
1663324600 8362234
1663324601 9231328
1663324602 7366470
1663324603 8280614
1663324604 8296620
1663324605 8113134
1663324606 7799056
1663324607 7928588
1663324608 7911204
1663324609 6777958
1663324610 6689872
1663324611 9539046
1663324612 7163374
1663324613 8879726
1663324614 7364986
1663324615 6360530
1663324616 8337430
1663324617 7609422
1663324618 6676092
1663324619 8686488
1663324620 12528670
1663324621 11672402
1663324622 10719144
1663324623 13274062
1663324624 11674946
1663324625 11398922
1663324626 11820802
1663324627 13453838
1663324628 14099166
1663324629 12150568
1663324630 11809248
1663324631 11307020
1663324632 12532910
1663324633 15354842
1663324634 11331082
1663324635 10927752
1663324636 14448542
1663324637 11188512
1663324638 12211094
1663324639 12520720
1663324640 10338604
1663324641 13941650
1663324642 10139748
1663324643 7290362
1663324644 9340508
1663324645 8629672
1663324646 6363074
1663324647 8465478
1663324648 7572852
1663324649 7042534
1663324650 8198570
1663324651 5998646
1663324652 6077722
1663324653 8102322
1663324654 8003848
1663324655 7326720
1663324656 7016564
1663324657 6424766
1663324658 6263010
1663324659 6416180
1663324660 9358210
1663324661 10362878
1663324662 11874438
1663324663 12380588
1663324664 13004716
1663324665 12508000
1663324666 11893200
1663324667 10797584
1663324668 11617706
1663324669 12205476
1663324670 13923100
1663324671 12437934
1663324672 11382068
1663324673 12014252
1663324674 10668688
1663324675 10698368
1663324676 13010758
1663324677 10759742
1663324678 11017004
1663324679 11696252
1663324680 10653530
1663324681 10989020
1663324682 7865412
1663324683 6334666
1663324684 9390540
1663324685 8943326
1663324686 7129560
1663324687 7102954
1663324688 10469832
1663324689 7294496
1663324690 9627238
1663324691 8609002
1663324692 6046134
1663324693 8507348
1663324694 7136026
1663324695 6251562
1663324696 6754850
1663324697 6887456
1663324698 7705458
1663324699 8626704
1663324700 7082708
1663324701 11759640
1663324702 11125972
1663324703 14409322
1663324704 13564396
1663324705 10974922
1663324706 10362878
1663324707 12239290
1663324708 10486474
1663324709 12902426
1663324710 14528254
1663324711 12959348
1663324712 12169648
1663324713 12539906
1663324714 12542874
1663324715 15347104
1663324716 11947790
1663324717 10696990
1663324718 11911644
1663324719 11862990
1663324720 11586330
1663324721 14574046
1663324722 12950868
1663324723 14227956
1663324724 9344642
1663324725 9886408
1663324726 10838606
1663324727 9428170
1663324728 6903356
1663324729 5858514
1663324730 8833722
1663324731 7965476
1663324732 7453602
1663324733 9010530
1663324734 8718182
1663324735 9244472
1663324736 8325240
1663324737 8471414
1663324738 10942168
1663324739 6801702
1663324740 6752624
1663324741 7065642
1663324742 9021978
1663324743 7617584
1663324744 10211510
1663324745 14332366
1663324746 10833094
1663324747 13154176
1663324748 10573500
1663324749 12233142
1663324750 11366274
1663324751 12995494
1663324752 12747454
1663324753 11387792
1663324754 13004292
1663324755 10891818
1663324756 11310518
1663324757 8737050
1663324758 7975546
1663324759 8210336
1663324760 9411846
1663324761 10114096
1663324762 6968016
1663324763 6365618
1663324764 9780408
1663324765 9738750
1663324766 9789948
1663324767 9636672
1663324768 9713098
1663324769 7361806
1663324770 7870818
1663324771 9101054
1663324772 8436116
1663324773 7966430
1663324774 9090560
1663324775 8822168
1663324776 6143972
1663324777 9613458
1663324778 7627230
1663324779 9280194
1663324780 8697300
1663324781 7777856
1663324782 6508506
1663324783 9171862
1663324784 6796402
1663324785 8857572
1663324786 12726254
1663324787 11438460
1663324788 11321860
1663324789 13739190
1663324790 11846560
1663324791 10820904
1663324792 10627772
1663324793 13030792
1663324794 11357264
1663324795 10765996
1663324796 11500894
1663324797 9674726
1663324798 12865220
1663324799 11393728
1663324800 11273312
1663324801 12436344
1663324802 11428708
1663324803 8349514
1663324804 7157014
1663324805 8582184
1663324806 6241386
1663324807 7348768
1663324808 10589506
1663324809 7914914
1663324810 6984658
1663324811 8916720
1663324812 5774880
1663324813 8616846
1663324814 9693488
1663324815 5990272
1663324816 7886612
1663324817 7127228
1663324818 6372614
1663324819 6448934
1663324820 10387682
1663324821 9568726
1663324822 7564266
1663324823 7536812
1663324824 9882910
1663324825 11600746
1663324826 10661480
1663324827 10897542
1663324828 12475034
1663324829 11380054
1663324830 12464222
1663324831 13389496
1663324832 10326414
1663324833 10921816
1663324834 12087180
1663324835 11479482
1663324836 11183106
1663324837 12933378
1663324838 12130746
1663324839 13124178
1663324840 11561420
1663324841 12538210
1663324842 10686072
1663324843 10990928
1663324844 10422344
1663324845 11425210
1663324846 11564706
1663324847 8658398
1663324848 9520920
1663324849 7451800
1663324850 7248704
1663324851 8707264
1663324852 7182984
1663324853 7813896
1663324854 7807218
1663324855 7868168
1663324856 8566072
1663324857 9568408
1663324858 8988270
1663324859 5774244
1663324860 10109008
1663324861 9247016
1663324862 8408768
1663324863 8218604
1663324864 11413020
1663324865 10824296
1663324866 11129258
1663324867 11607954
1663324868 13562488
1663324869 14594292
1663324870 11434220
1663324871 12159684
1663324872 12924050
1663324873 12118132
1663324874 11017216
1663324875 11758050
1663324876 12615060
1663324877 11663498
1663324878 12775544
1663324879 11996762
1663324880 13567894
1663324881 10957326
1663324882 11022622
1663324883 11238014
1663324884 10541594
1663324885 9783376
1663324886 6116306
1663324887 5727922
1663324888 6591716
1663324889 8807116
1663324890 8598614
1663324891 8951488
1663324892 8022822
1663324893 6199728
1663324894 9064590
1663324895 7757504
1663324896 7677262
1663324897 9050280
1663324898 8957954
1663324899 9244154
1663324900 7254640
1663324901 7421696
1663324902 8294712
1663324903 13557718
1663324904 10816558
1663324905 10712360
1663324906 12022202
1663324907 10793556
1663324908 11613996
1663324909 14056342
1663324910 12915570
1663324911 10860124
1663324912 11009478
1663324913 10868922
1663324914 11914718
1663324915 11485736
1663324916 12773318
1663324917 11181198
1663324918 11875286
1663324919 12244272
1663324920 10501526
1663324921 11650566
1663324922 11337760
1663324923 8397532
1663324924 9844220
1663324925 7388306
1663324926 8531728
1663324927 9080702
1663324928 9106248
1663324929 8234080
1663324930 10877720
1663324931 6811772
1663324932 8799272
1663324933 8803936
1663324934 8656278
1663324935 8288882
1663324936 6930810
1663324937 6295234
1663324938 8323862
1663324939 8351528
1663324940 8020066
1663324941 9124056
1663324942 7949258
1663324943 7765454
1663324944 6855656
1663324945 10134448
1663324946 12248830
1663324947 11042550
1663324948 13739084
1663324949 11637422
1663324950 10846026
1663324951 11504074
1663324952 11606894
1663324953 11388428
1663324954 11132756
1663324955 11930406
1663324956 11242996
1663324957 10767162
1663324958 12341262
1663324959 13932534
1663324960 13688628
1663324961 12876350
1663324962 8050912
1663324963 6673548
1663324964 7863186
1663324965 7620234
1663324966 7470986
1663324967 6613234
1663324968 8860752
1663324969 9876338
1663324970 7374526
1663324971 8410040
1663324972 5998858
1663324973 8628718
1663324974 7642282
1663324975 8975868
1663324976 8901774
1663324977 8967494
1663324978 9344006
1663324979 7140796
1663324980 6693476
1663324981 8466220
1663324982 8589498
1663324983 7975334
1663324984 5843250
1663324985 10220732
1663324986 11602548
1663324987 11100002
1663324988 11198582
1663324989 11898076
1663324990 13106370
1663324991 10984038
1663324992 11917792
1663324993 14664888
1663324994 13047858
1663324995 12778194
1663324996 10878568
1663324997 11146536
1663324998 11305218
1663324999 12650570
1663325000 12338188
1663325001 13918436
1663325002 10738648
1663325003 12538210
1663325004 11490506
1663325005 8494098
1663325006 7813048
1663325007 9128932
1663325008 8694226
1663325009 7588752
1663325010 6954448
1663325011 5400488
1663325012 7377600
1663325013 10918000
1663325014 6320780
1663325015 9577312
1663325016 8824182
1663325017 7240224
1663325018 6055992
1663325019 7463990
1663325020 7041368
1663325021 7238210
1663325022 7726234
1663325023 9777440
1663325024 8446398
1663325025 8308916
1663325026 11016686
1663325027 11909100
1663325028 14309894
1663325029 11843910
1663325030 11877724
1663325031 11842002
1663325032 10122894
1663325033 12170602
1663325034 13547648
1663325035 11583998
1663325036 13906458
1663325037 12061422
1663325038 11375814
1663325039 11088448
1663325040 12215970
1663325041 12648344
1663325042 10571486
1663325043 11636786
1663325044 12340626
1663325045 12072976
1663325046 14109660
1663325047 9103598
1663325048 7544338
1663325049 8897958
1663325050 6239372
1663325051 9917572
1663325052 7535646
1663325053 9778394
1663325054 7838276
1663325055 7592356
1663325056 7239376
1663325057 9235144
1663325058 8107516
1663325059 9369340
1663325060 7760578
1663325061 6724216
1663325062 6876962
1663325063 6148318
1663325064 10249988
1663325065 12496340
1663325066 10849630
1663325067 11849740
1663325068 11084420
1663325069 12888646
1663325070 10413016
1663325071 14939428
1663325072 10207906
1663325073 11598096
1663325074 12169860
1663325075 13855684
1663325076 12655870
1663325077 12882392
1663325078 11975774
1663325079 11397014
1663325080 11683108
1663325081 11562268
1663325082 12647072
1663325083 12422352
1663325084 10351536
1663325085 8991874
1663325086 9593106
1663325087 7788668
1663325088 7729626
1663325089 7682668
1663325090 9868600
1663325091 9217442
1663325092 8039358
1663325093 7144082
1663325094 8284536
1663325095 10511066
1663325096 7125320
1663325097 6057688
1663325098 7765878
1663325099 7679064
1663325100 7440352
1663325101 8306796
1663325102 7129984
1663325103 8272452
1663325104 8479046
1663325105 7539780
1663325106 9596074
1663325107 12001850
1663325108 11151412
1663325109 12017432
1663325110 10715010
1663325111 13760920
1663325112 10548272
1663325113 10602544
1663325114 13090258
1663325115 13350382
1663325116 13658842
1663325117 15145280
1663325118 11648022
1663325119 13176118
1663325120 14149198
1663325121 11514144
1663325122 6783364
1663325123 8701010
1663325124 7898166
1663325125 7901876
1663325126 8016886
1663325127 8258036
1663325128 7774994
1663325129 8035436
1663325130 6630936
1663325131 6876432
1663325132 6691886
1663325133 9197620
1663325134 9664126
1663325135 7569248
1663325136 9182992
1663325137 6850780
1663325138 8609638
1663325139 8142814
1663325140 9715218
1663325141 7633802
1663325142 8412372
1663325143 9241080
1663325144 8985196
1663325145 8110060
1663325146 8923398
1663325147 10791224
1663325148 11202186
1663325149 13233676
1663325150 10955630
1663325151 10257514
1663325152 10891394
1663325153 10910262
1663325154 12647284
1663325155 11177064
1663325156 11095868
1663325157 11848150
1663325158 12172086
1663325159 12830876
1663325160 11231018
1663325161 12558774
1663325162 10712996
1663325163 11099260
1663325164 9417888
1663325165 8066706
1663325166 8651720
1663325167 8562574
1663325168 8754116
1663325169 8890856
1663325170 9124162
1663325171 5673544
1663325172 7532466
1663325173 7162208
1663325174 5481684
1663325175 8077412
1663325176 7337108
1663325177 5923174
1663325178 8200160
1663325179 6608464
1663325180 7914702
1663325181 7008826
1663325182 9658826
1663325183 7459114
1663325184 10761332
1663325185 14529314
1663325186 12497612
1663325187 10369556
1663325188 13378578
1663325189 13767704
1663325190 13083580
1663325191 15657154
1663325192 13028566
1663325193 11503968
1663325194 11125654
1663325195 11862036
1663325196 13381546
1663325197 10721158
1663325198 12073612
1663325199 10834684
1663325200 10911004
1663325201 10853976
1663325202 10346448
1663325203 11993794
1663325204 12744274
1663325205 11959132
1663325206 6506598
1663325207 5721456
1663325208 8735566
1663325209 9513182
1663325210 6454658
1663325211 10408140
1663325212 10110280
1663325213 8275950
1663325214 8087164
1663325215 6925510
1663325216 7407174
1663325217 9882804
1663325218 8563104
1663325219 5566484
1663325220 7665708
1663325221 6392012
1663325222 7706624
1663325223 9042648
1663325224 9648226
1663325225 10098514
1663325226 5858302
1663325227 11530362
1663325228 11521988
1663325229 11536510
1663325230 10849948
1663325231 13259858
1663325232 10980328
1663325233 11224234
1663325234 10643672
1663325235 12849108
1663325236 12619300
1663325237 10572334
1663325238 11312744
1663325239 11678338
1663325240 11906556
1663325241 13821658
1663325242 11058768
1663325243 15680792
1663325244 12752542
1663325245 6446072
1663325246 7562146
1663325247 5635384
1663325248 8161788
1663325249 7448620
1663325250 8893400
1663325251 8754858
1663325252 8251358
1663325253 9993150
1663325254 636


# events lost
1663324154 1301998
1663324155 1019402
1663324156 2168866
1663324157 3369210
1663324158 3820028
1663324159 5383422
1663324160 5169090
1663324161 5630084
1663324162 2624772
1663324163 5083654
1663324164 5670046
1663324165 6028538
1663324166 4592238
1663324167 3740316
1663324168 6068500
1663324169 2699926
1663324170 1057350
1663324171 4543902
1663324172 3982102
1663324173 2282180
1663324174 5267352
1663324175 6476282
1663324176 8119176
1663324177 4922322
1663324178 1077702
1663324179 3075378
1663324180 3533510
1663324181 4151278
1663324182 2838574
1663324183 4924548
1663324184 3625730
1663324185 5805938
1663324186 3874088
1663324187 4070294
1663324188 5233644
1663324189 2023858
1663324190 5197074
1663324191 5864874
1663324192 4689864
1663324193 4440234
1663324194 3518034
1663324195 5242124
1663324196 3396558
1663324197 4030438
1663324198 7895092
1663324199 7639420
1663324200 8421806
1663324201 6604224
1663324202 8314640
1663324203 9597876
1663324204 6473102
1663324205 8281674
1663324206 9770550
1663324207 8777330
1663324208 9009258
1663324209 7525258
1663324210 10458278
1663324211 9012544
1663324212 8252948
1663324213 9572224
1663324214 8996432
1663324215 6729516
1663324216 8008088
1663324217 10655862
1663324218 7036492
1663324219 3698976
1663324220 4179156
1663324221 4576020
1663324222 5224528
1663324223 4444368
1663324224 3383308
1663324225 5437800
1663324226 4483588
1663324227 5346110
1663324228 2871964
1663324229 5204918
1663324230 5150328
1663324231 4356070
1663324232 3916700
1663324233 3887338
1663324234 5742232
1663324235 3784306
1663324236 3412988
1663324237 5759722
1663324238 6077828
1663324239 8645890
1663324240 8855982
1663324241 9011590
1663324242 10658618
1663324243 7975652
1663324244 6526208
1663324245 9875384
1663324246 9291854
1663324247 6678318
1663324248 9322276
1663324249 6875372
1663324250 8535544
1663324251 9755180
1663324252 6114716
1663324253 10412168
1663324254 9358634
1663324255 6316222
1663324256 6790996
1663324257 7987418
1663324258 8740018
1663324259 3429736
1663324260 574202
1663324261 4647676
1663324262 2892528
1663324263 5814842
1663324264 5191562
1663324265 3903026
1663324266 5209900
1663324267 3482100
1663324268 4113648
1663324269 4867520
1663324270 5911620
1663324271 4046550
1663324272 4590754
1663324273 5802016
1663324274 4844094
1663324275 5628918
1663324276 5713506
1663324277 7287606
1663324278 7626700
1663324279 6714888
1663324280 10762816
1663324281 11769498
1663324282 8633488
1663324283 8040206
1663324284 6881520
1663324285 8321424
1663324286 6510944
1663324287 8866476
1663324288 7190404
1663324289 8944916
1663324290 6288662
1663324291 9077734
1663324292 6277108
1663324293 8127338
1663324294 9620454
1663324295 7882478
1663324296 7792166
1663324297 3440972
1663324298 2766706
1663324299 3997790
1663324300 5953278
1663324301 4394760
1663324302 5724636
1663324303 4997052
1663324304 5426140
1663324305 3379598
1663324306 5082700
1663324307 4682444
1663324308 3050680
1663324309 4897624
1663324310 4067538
1663324311 5349820
1663324312 3279534
1663324313 5684462
1663324314 4252402
1663324315 8876440
1663324316 9005866
1663324317 7825980
1663324318 5643016
1663324319 8347606
1663324320 6517940
1663324321 7587904
1663324322 8194118
1663324323 6994728
1663324324 6830746
1663324325 10157238
1663324326 9031942
1663324327 7893502
1663324328 7308700
1663324329 7645038
1663324330 8340292
1663324331 11021668
1663324332 9118226
1663324333 6229408
1663324334 8098718
1663324335 9416404
1663324336 6918090
1663324337 3021106
1663324338 3516444
1663324339 3697810
1663324340 5655842
1663324341 4073262
1663324342 4160606
1663324343 5840282
1663324344 5576766
1663324345 5440450
1663324346 3644280
1663324347 5183400
1663324348 4645026
1663324349 3549622
1663324350 5582914
1663324351 5816114
1663324352 5238626
1663324353 5092558
1663324354 6764072
1663324355 10661692
1663324356 9291324
1663324357 7919896
1663324358 11004814
1663324359 7560132
1663324360 6886078
1663324361 6395298
1663324362 10397328
1663324363 10404218
1663324364 8877712
1663324365 10153528
1663324366 6582918
1663324367 6800218
1663324368 7991870
1663324369 7537554
1663324370 9814540
1663324371 9016996
1663324372 9008516
1663324373 9380046
1663324374 9151828
1663324375 8690304
1663324376 8531622
1663324377 3935356
1663324378 3779112
1663324379 5470236
1663324380 4521536
1663324381 4490160
1663324382 5311024
1663324383 3264482
1663324384 3862216
1663324385 3468850
1663324386 4256218
1663324387 4393064
1663324388 4632094
1663324389 4589482
1663324390 2698124
1663324391 3735864
1663324392 3173110
1663324393 5621392
1663324394 5785374
1663324395 3506056
1663324396 4721664
1663324397 5249650
1663324398 5675452
1663324399 5815690
1663324400 3440124
1663324401 5773714
1663324402 6764920
1663324403 9104870
1663324404 11472910
1663324405 6814210
1663324406 7100092
1663324407 6496528
1663324408 8305100
1663324409 10144730
1663324410 7347708
1663324411 9030246
1663324412 9432622
1663324413 8266092
1663324414 9058760
1663324415 7992612
1663324416 8526852
1663324417 7122670
1663324418 6828202
1663324419 4973096
1663324420 4803178
1663324421 4868050
1663324422 3321086
1663324423 4983484
1663324424 5580476
1663324425 2553434
1663324426 184016
1663324427 2851930
1663324428 3627532
1663324429 1619892
1663324430 5465254
1663324431 5393598
1663324432 4975216
1663324433 2958672
1663324434 3423482
1663324435 1530110
1663324436 7101046
1663324437 7243192
1663324438 8857996
1663324439 8562256
1663324440 9223166
1663324441 8439190
1663324442 7075182
1663324443 8845912
1663324444 8943538
1663324445 6596380
1663324446 8868702
1663324447 8251888
1663324448 6727184
1663324449 10916198
1663324450 9162004
1663324451 8014024
1663324452 8556956
1663324453 7575290
1663324454 9369022
1663324455 8276056
1663324456 9432834
1663324457 8368064
1663324458 8209064
1663324459 7403888
1663324460 6671004
1663324461 4598704
1663324462 4509982
1663324463 3055874
1663324464 5296078
1663324465 2556932
1663324466 4076018
1663324467 5074220
1663324468 4558212
1663324469 2123498
1663324470 2907156
1663324471 3809958
1663324472 3725582
1663324473 5647468
1663324474 8715638
1663324475 9205358
1663324476 9692322
1663324477 10241084
1663324478 10918000
1663324479 9925310
1663324480 9319096
1663324481 8678962
1663324482 10489018
1663324483 8830648
1663324484 7676626
1663324485 7709274
1663324486 8678326
1663324487 6568820
1663324488 8843368
1663324489 7304672
1663324490 10812424
1663324491 9178964
1663324492 9794612
1663324493 7732276
1663324494 9985624
1663324495 7947774
1663324496 10453084
1663324497 8794396
1663324498 5961016
1663324499 9509366
1663324500 9032896
1663324501 4085134
1663324502 5288870
1663324503 4256112
1663324504 5268412
1663324505 4808054
1663324506 4124354
1663324507 5627222
1663324508 5490694
1663324509 3143112
1663324510 2056612
1663324511 5174814
1663324512 4565844
1663324513 4685306
1663324514 5946282
1663324515 4741168
1663324516 4789186
1663324517 4351088
1663324518 4733112
1663324519 3792998
1663324520 4074534
1663324521 5437376
1663324522 7573382
1663324523 6544546
1663324524 9209068
1663324525 9419054
1663324526 8854604
1663324527 7234818
1663324528 9261432
1663324529 8861282
1663324530 8364884
1663324531 8581336
1663324532 6310286
1663324533 8314534
1663324534 8750936
1663324535 7993884
1663324536 8299482
1663324537 8469400
1663324538 9579114
1663324539 9016996
1663324540 8500882
1663324541 9914498
1663324542 5401442
1663324543 3441820
1663324544 4397410
1663324545 4067432
1663324546 4086512
1663324547 4763852
1663324548 3305080
1663324549 6075814
1663324550 3322252
1663324551 4031604
1663324552 5001610
1663324553 5392008
1663324554 4861160
1663324555 5560760
1663324556 3551848
1663324557 3017184
1663324558 3824480
1663324559 5355014
1663324560 2675758
1663324561 3644916
1663324562 5088954
1663324563 8606246
1663324564 8323014
1663324565 5945328
1663324566 9910894
1663324567 7532360
1663324568 9295564
1663324569 9604448
1663324570 8604550
1663324571 7355234
1663324572 7282518
1663324573 8374636
1663324574 9834256
1663324575 6843890
1663324576 8262488
1663324577 7097654
1663324578 8735566
1663324579 6891378
1663324580 5863390
1663324581 4971294
1663324582 734792
1663324583 3744238
1663324584 4422214
1663324585 5479988
1663324586 4705552
1663324587 4235654
1663324588 5489316
1663324589 4523868
1663324590 5332860
1663324591 4688910
1663324592 1481986
1663324593 1360404
1663324594 3484644
1663324595 8172388
1663324596 8616740
1663324597 8921808
1663324598 10785076
1663324599 8293440
1663324600 8581654
1663324601 7691784
1663324602 8568192
1663324603 8607518
1663324604 8710974
1663324605 8313580
1663324606 9049856
1663324607 7451800
1663324608 8935588
1663324609 9917996
1663324610 9975766
1663324611 7316544
1663324612 8210230
1663324613 7878344
1663324614 8868066
1663324615 10559296
1663324616 8401348
1663324617 8330328
1663324618 9673454
1663324619 8040948
1663324620 4083014
1663324621 5174920
1663324622 4980940
1663324623 3055980
1663324624 4229612
1663324625 4613862
1663324626 4666968
1663324627 2657738
1663324628 2591488
1663324629 4765760
1663324630 4646828
1663324631 5414904
1663324632 3331262
1663324633 1191334
1663324634 5385012
1663324635 5392962
1663324636 2042938
1663324637 4066266
1663324638 4235442
1663324639 3544216
1663324640 5799472
1663324641 2921572
1663324642 6348658
1663324643 9355030
1663324644 7514764
1663324645 8497702
1663324646 10811046
1663324647 8046142
1663324648 8906862
1663324649 9741718
1663324650 8596812
1663324651 10349734
1663324652 9883546
1663324653 8851742
1663324654 8614408
1663324655 9228996
1663324656 9557066
1663324657 9401988
1663324658 10753700
1663324659 10962096
1663324660 7456146
1663324661 6020482
1663324662 4275086
1663324663 3639934
1663324664 3545276
1663324665 3942034
1663324666 4723572
1663324667 4578458
1663324668 4107288
1663324669 4534256
1663324670 2683390
1663324671 3555240
1663324672 3695902
1663324673 4910662
1663324674 5420310
1663324675 5919888
1663324676 3592234
1663324677 4318440
1663324678 5522282
1663324679 4640786
1663324680 5847914
1663324681 5470978
1663324682 7878450
1663324683 9738644
1663324684 7755278
1663324685 7403464
1663324686 9580598
1663324687 8859904
1663324688 5952854
1663324689 10018802
1663324690 6715100
1663324691 7961236
1663324692 10153316
1663324693 8108258
1663324694 9358952
1663324695 10507780
1663324696 9719352
1663324697 8922444
1663324698 8967282
1663324699 8451910
1663324700 9919056
1663324701 5234492
1663324702 4514646
1663324703 2099860
1663324704 2841012
1663324705 6116200
1663324706 5716686
1663324707 3393166
1663324708 5682130
1663324709 3841546
1663324710 1722076
1663324711 3268934
1663324712 2653286
1663324713 4146402
1663324714 3903026
1663324715 1159216
1663324716 5006910
1663324717 5391160
1663324718 4376422
1663324719 4978714
1663324720 5182340
1663324721 2462804
1663324722 3575592
1663324723 2239038
1663324724 7408870
1663324725 6839862
1663324726 6416710
1663324727 7024196
1663324728 9977250
1663324729 10960824
1663324730 8467704
1663324731 8883542
1663324732 8424138
1663324733 7478406
1663324734 8627234
1663324735 7075288
1663324736 8751042
1663324737 7847710
1663324738 5786540
1663324739 10045938
1663324740 9681086
1663324741 9745322
1663324742 7129772
1663324743 9153948
1663324744 6252622
1663324745 2530114
1663324746 5438966
1663324747 2316312
1663324748 5801062
1663324749 5012846
1663324750 4629338
1663324751 3887020
1663324752 2905354
1663324753 5785798
1663324754 3290240
1663324755 5607612
1663324756 5665276
1663324757 6694006
1663324758 8960922
1663324759 8748604
1663324760 7508616
1663324761 7057374
1663324762 9184900
1663324763 9571694
1663324764 7049424
1663324765 7460386
1663324766 7123094
1663324767 6506068
1663324768 6595426
1663324769 10048270
1663324770 8459436
1663324771 7434310
1663324772 7286652
1663324773 9220516
1663324774 7850254
1663324775 7995262
1663324776 10057174
1663324777 6176196
1663324778 8803724
1663324779 7899226
1663324780 7576456
1663324781 8450956
1663324782 9935168
1663324783 8078578
1663324784 9055686
1663324785 8206626
1663324786 3365394
1663324787 4680960
1663324788 5054822
1663324789 2403762
1663324790 4646510
1663324791 5724106
1663324792 5469918
1663324793 3172156
1663324794 5229616
1663324795 5936636
1663324796 4817488
1663324797 5594468
1663324798 3908432
1663324799 4834660
1663324800 5291096
1663324801 3951256
1663324802 3461218
1663324803 8163060
1663324804 9387996
1663324805 8240970
1663324806 10436230
1663324807 7485932
1663324808 5686582
1663324809 8797470
1663324810 9244048
1663324811 7950848
1663324812 10246172
1663324813 8030242
1663324814 6864030
1663324815 10494636
1663324816 8403362
1663324817 9133278
1663324818 9731860
1663324819 10368178
1663324820 6330532
1663324821 6507658
1663324822 8432406
1663324823 9174724
1663324824 6562566
1663324825 4594040
1663324826 5751560
1663324827 5174602
1663324828 4148098
1663324829 4936738
1663324830 3299038
1663324831 2882882
1663324832 5275196
1663324833 4864128
1663324834 3954966
1663324835 4535634
1663324836 5777106
1663324837 2588944
1663324838 4541464
1663324839 3202896
1663324840 5022386
1663324841 4001606
1663324842 5040300
1663324843 5429532
1663324844 5460590
1663324845 4863174
1663324846 5377592
1663324847 7111434
1663324848 7149064
1663324849 9390434
1663324850 9483926
1663324851 7544126
1663324852 8117268
1663324853 9337328
1663324854 8696664
1663324855 8698148
1663324856 7966218
1663324857 6036170
1663324858 7255912
1663324859 11152154
1663324860 6694536
1663324861 7280398
1663324862 7520276
1663324863 8946718
1663324864 5589380
1663324865 6074224
1663324866 5448400
1663324867 4277948
1663324868 2911396
1663324869 1642258
1663324870 4464190
1663324871 3953482
1663324872 3138024
1663324873 4592450
1663324874 5670682
1663324875 4920202
1663324876 3601880
1663324877 4206186
1663324878 3724204
1663324879 4695694
1663324880 2740842
1663324881 5499916
1663324882 4726116
1663324883 5158914
1663324884 6453598
1663324885 6783894
1663324886 10452978
1663324887 10330972
1663324888 9948842
1663324889 7838170
1663324890 7691254
1663324891 7431448
1663324892 7549214
1663324893 10183208
1663324894 7783792
1663324895 8578898
1663324896 9077946
1663324897 6767782
1663324898 7752840
1663324899 7052498
1663324900 9988168
1663324901 9662006
1663324902 7175564
1663324903 2891468
1663324904 5464088
1663324905 5668350
1663324906 3948818
1663324907 5089802
1663324908 5148420
1663324909 2013682
1663324910 3075908
1663324911 5897522
1663324912 4822682
1663324913 5743610
1663324914 5431970
1663324915 5628282
1663324916 3616508
1663324917 4804980
1663324918 4692620
1663324919 4513374
1663324920 5641108
1663324921 5137820
1663324922 3777946
1663324923 8196132
1663324924 7245312
1663324925 9285176
1663324926 8060134
1663324927 6647578
1663324928 7288984
1663324929 8794184
1663324930 6241174
1663324931 10084416
1663324932 7045926
1663324933 7955194
1663324934 7950848
1663324935 8462828
1663324936 10240660
1663324937 9077946
1663324938 7985722
1663324939 9012968
1663324940 8899442
1663324941 7989008
1663324942 8039464
1663324943 8895414
1663324944 9540212
1663324945 6505750
1663324946 3941610
1663324947 4501184
1663324948 3569656
1663324949 5346110
1663324950 5572102
1663324951 5859468
1663324952 4429104
1663324953 4594252
1663324954 5463558
1663324955 4140572
1663324956 5670046
1663324957 5011044
1663324958 3904722
1663324959 3191236
1663324960 3133678
1663324961 3766286
1663324962 7797572
1663324963 10038942
1663324964 9338812
1663324965 9158612
1663324966 9931670
1663324967 8741608
1663324968 7672704
1663324969 6653620
1663324970 9872628
1663324971 8328950
1663324972 9585580
1663324973 8082606
1663324974 9190518
1663324975 8049004
1663324976 7940354
1663324977 6892120
1663324978 7649172
1663324979 9282526
1663324980 10026964
1663324981 8111968
1663324982 7279338
1663324983 8903576
1663324984 11098518
1663324985 6256226
1663324986 4588316
1663324987 4612484
1663324988 5547298
1663324989 4932180
1663324990 2965350
1663324991 5533836
1663324992 4106334
1663324993 1383088
1663324994 2900160
1663324995 3978604
1663324996 5764598
1663324997 4559908
1663324998 5421264
1663324999 4286958
1663325000 4781554
1663325001 2113640
1663325002 5317914
1663325003 4074428
1663325004 5482320
1663325005 8754116
1663325006 8763338
1663325007 6895512
1663325008 8031832
1663325009 8910042
1663325010 9275318
1663325011 10969410
1663325012 8568510
1663325013 6404732
1663325014 10626182
1663325015 7053876
1663325016 8137196
1663325017 8192528
1663325018 10898390
1663325019 9153842
1663325020 9658720
1663325021 9650982
1663325022 7457736
1663325023 7275204
1663325024 7653412
1663325025 8737474
1663325026 5527476
1663325027 3551424
1663325028 2129328
1663325029 4737776
1663325030 5063938
1663325031 4934406
1663325032 5259402
1663325033 4667604
1663325034 3175760
1663325035 5538500
1663325036 2672578
1663325037 3841758
1663325038 4964086
1663325039 5528324
1663325040 4446700
1663325041 3186996
1663325042 4846320
1663325043 4775936
1663325044 4073686
1663325045 4349392
1663325046 1935772
1663325047 6019634
1663325048 8633382
1663325049 7368696
1663325050 11134240
1663325051 7102954
1663325052 7876860
1663325053 6802762
1663325054 8370714
1663325055 9074554
1663325056 9979688
1663325057 6482324
1663325058 8496430
1663325059 7744996
1663325060 9216064
1663325061 9814540
1663325062 9063106
1663325063 11328856
1663325064 6533734
1663325065 3876738
1663325066 5678420
1663325067 4116722
1663325068 5409604
1663325069 3826812
1663325070 5985820
1663325071 1612048
1663325072 5102098
1663325073 4539450
1663325074 4367518
1663325075 2139398
1663325076 3807944
1663325077 2883412
1663325078 4433132
1663325079 4996840
1663325080 4742228
1663325081 5103582
1663325082 2994394
1663325083 3548456
1663325084 5923386
1663325085 8461662
1663325086 6986142
1663325087 7838276
1663325088 9482866
1663325089 8994312
1663325090 6887880
1663325091 7558754
1663325092 8416930
1663325093 9810618
1663325094 8490812
1663325095 5855546
1663325096 9355772
1663325097 10019332
1663325098 9209280
1663325099 8813582
1663325100 9690414
1663325101 8630414
1663325102 9262068
1663325103 7755808
1663325104 7991764
1663325105 8740124
1663325106 6387984
1663325107 4490478
1663325108 5310918
1663325109 5294064
1663325110 5848656
1663325111 2817268
1663325112 5289824
1663325113 5960486
1663325114 3688482
1663325115 3033614
1663325116 2919664
1663325117 464492
1663325118 4724102
1663325119 3482842
1663325120 2350126
1663325121 4868474
1663325122 9055474
1663325123 7760154
1663325124 8800332
1663325125 8837008
1663325126 8535862
1663325127 7374844
1663325128 8829058
1663325129 7974380
1663325130 10192006
1663325131 9601374
1663325132 9417146
1663325133 7993354
1663325134 7191570
1663325135 8679068
1663325136 7584406
1663325137 9416298
1663325138 8451698
1663325139 8843050
1663325140 6421056
1663325141 8906544
1663325142 7314636
1663325143 7259622
1663325144 7738954
1663325145 8637622
1663325146 8327572
1663325147 5096904
1663325148 4750602
1663325149 3265330
1663325150 5860634
1663325151 5678738
1663325152 4956560
1663325153 5412042
1663325154 3769042
1663325155 5153720
1663325156 5369112
1663325157 4034572
1663325158 4347060
1663325159 4092236
1663325160 5978400
1663325161 3814410
1663325162 4943946
1663325163 5756436
1663325164 6986566
1663325165 8946612
1663325166 7265982
1663325167 7588540
1663325168 7916928
1663325169 8067342
1663325170 7824390
1663325171 11276598
1663325172 8127868
1663325173 9300228
1663325174 11506618
1663325175 9033214
1663325176 9636248
1663325177 9589608
1663325178 8879620
1663325179 10470892
1663325180 8346440
1663325181 9885242
1663325182 6823114
1663325183 9822596
1663325184 5902292
1663325185 1535516
1663325186 4920626
1663325187 5434620
1663325188 3425072
1663325189 3006902
1663325190 3715406
1663325191 1369732
1663325192 2855004
1663325193 4570084
1663325194 5722410
1663325195 4903772
1663325196 3139190
1663325197 5013058
1663325198 4837628
1663325199 5468222
1663325200 5496100
1663325201 5994830
1663325202 5058426
1663325203 4115768
1663325204 3655728
1663325205 4545916
1663325206 9961774
1663325207 9868176
1663325208 8299164
1663325209 7227928
1663325210 10245854
1663325211 6126906
1663325212 5292792
1663325213 8620238
1663325214 9410892
1663325215 10261966
1663325216 9762282
1663325217 6493242
1663325218 7649490
1663325219 11338820
1663325220 9102962
1663325221 10221792
1663325222 8482014
1663325223 7896258
1663325224 7645462
1663325225 6750398
1663325226 11406024
1663325227 4274026
1663325228 4507968
1663325229 5087364
1663325230 5734282
1663325231 3037642
1663325232 4586408
1663325233 5957518
1663325234 5340598
1663325235 3446802
1663325236 4002348
1663325237 5534366
1663325238 5457728
1663325239 4784840
1663325240 4502668
1663325241 2820448
1663325242 4754948
1663325243 1011452
1663325244 3320556
1663325245 10539792
1663325246 8912056
1663325247 9940680
1663325248 8173024
1663325249 9273940
1663325250 7061296
1663325251 8588014
1663325252 7402828
1663325253 6018044
1663325254 1166
