#dio - stats; calls; calls-DEV; calls\\\_event\\\_path; calls\\\_event\\\_path-DEV; calls\\\_process; calls\\\_process-DEV; discarded; discarded-DEV; errors; errors-DEV; handled; handled-DEV; incomplete; incomplete-DEV; incomplete\\\_event\\\_path; incomplete\\\_event\\\_path-DEV; incomplete\\\_process; incomplete\\\_process-DEV; lost; lost-DEV; lost\\\_event\\\_path; lost\\\_event\\\_path-DEV; lost\\\_process; lost\\\_process-DEV; returned; returned-DEV; returned\\\_event\\\_path; returned\\\_event\\\_path-DEV; returned\\\_process; returned\\\_process-DEV; saved; saved-DEV; saved\\\_event\\\_path; saved\\\_event\\\_path-DEV; saved\\\_process; saved\\\_process-DEV; truncated; truncated-DEV;
passive\\\_filter; 0.0; 0.0; 0.0; 0.0; 27.0; 0.0; 0.0; 0.0; 0.0; 0.0; 14.0; 0.0; 0.0; 0.0; 0.0; 0.0; 0.0; 0.0; 0.0; 0.0; 0.0; 0.0; 0.0; 0.0; 0.0; 0.0; 0.0; 0.0; 14.0; 0.0; 0.0; 0.0; 0.0; 0.0; 0.0; 0.0; 0.0; 0.0;
detailedP_{all}; 210247015.667; 3934917.585; 14022098.333; 262332.07; 27.0; 0.0; 6.0; 0.0; 6534.0; 0.0; 55143039.0; 3429259.715; 10138053.333; 504713.412; 3381135.0; 169587.778; 0.0; 0.0; 158555905.667; 7150085.013; 10570171.0; 476418.44; 6.333; 0.577; 51691104.0; 3215173.411; 3451927.333; 214086.896; 7.667; 0.577; 51691104.0; 3215173.411; 70792.333; 44678.966; 0.0; 0.0; 0.0; 0.0;
orwc\\\_filter; 145011778.333; 3993272.779; 14506856.667; 399324.801; 27.0; 0.0; 4.0; 0.0; 1.0; 0.0; 55864655.667; 4047081.639; 0.0; 0.0; 4056273.333; 133549.816; 0.0; 0.0; 94230827.333; 7666178.12; 9423156.333; 766671.564; 5.667; 1.528; 50780947.0; 3679113.485; 5083700.333; 367966.891; 8.333; 1.528; 50780947.0; 3679113.485; 1027427.0; 480066.847; 0.0; 0.0; 0.0; 0.0;
read\\\_filter; 27250540.0; 23876.639; 6714217.333; 3228.836; 27.0; 0.0; 0.0; 0.0; 0.0; 0.0; 33964771.333; 26780.361; 0.0; 0.0; 0.0; 0.0; 0.0; 0.0; 0.0; 0.0; 0.0; 0.0; 0.0; 0.0; 27250540.0; 23876.639; 6714217.333; 3228.836; 14.0; 0.0; 27250540.0; 23876.639; 6714217.333; 3228.836; 0.0; 0.0; 0.0; 0.0;
tid\\\_filter; 35439730.0; 1041797.012; 5146571.25; 120034.066; 1.0; 0.0; 0.0; 0.0; 0.0; 0.0; 40393602.75; 1160742.756; 189784.5; 379569.0; 130623.0; 261246.0; 0.0; 0.0; 168472.25; 10168.816; 24227.25; 1355.158; 0.0; 0.0; 35271257.75; 1040939.836; 5122344.0; 119861.223; 1.0; 0.0; 35271257.75; 1040939.836; 4991721.0; 142053.117; 0.0; 0.0; 0.0; 0.0;


#dio - operations\\\_per\\\_sec; AVG; DEV;
passive\\\_filter; 164838.174; 217.252;
detailedP_{all};128446.524; 2404.652;
orwc\\\_filter; 138033.521; 4681.393;
read\\\_filter; 127014.688; 671.317;
tid\\\_filter; 118105.539; 1148.253;