#dio; calls; calls-DEV; calls\\\_event\\\_path; calls\\\_event\\\_path-DEV; calls\\\_process; calls\\\_process-DEV; discarded; discarded-DEV; errors; errors-DEV; handled; handled-DEV; incomplete; incomplete-DEV; incomplete\\\_event\\\_path; incomplete\\\_event\\\_path-DEV; incomplete\\\_process; incomplete\\\_process-DEV; lost; lost-DEV; lost\\\_event\\\_path; lost\\\_event\\\_path-DEV; lost\\\_process; lost\\\_process-DEV; returned; returned-DEV; returned\\\_event\\\_path; returned\\\_event\\\_path-DEV; returned\\\_process; returned\\\_process-DEV; saved; saved-DEV; saved\\\_event\\\_path; saved\\\_event\\\_path-DEV; saved\\\_process; saved\\\_process-DEV; truncated; truncated-DEV;
0; 1; 1; 222380310.333; 2890491.544; 14830995.0; 192702.577; 27.0; 0.0; 6.0; 0.0; 6534.0; 0.0; 39453195.0; 1907546.381; 7323805.667; 351081.277; 2445825.333; 116500.675; 0.0; 0.0; 185401869.0; 4678726.819; 12356242.333; 311415.061; 7.0; 0.0; 36978435.333; 1788790.1; 2474752.667; 118756.8; 7.0; 0.0; 36978435.333; 1788790.1; 28927.333; 2275.984; 0.0; 0.0; 0.0; 0.0;
1; 1; 4; 206820991.0; 5136350.717; 13793697.333; 342422.975; 27.0; 0.0; 6.0; 0.0; 6534.0; 0.0; 52829213.0; 3528355.316; 9768084.667; 643909.176; 3256940.0; 214225.541; 0.0; 0.0; 157299284.0; 8444243.418; 10486193.333; 562605.622; 6.0; 0.0; 49521701.0; 3308154.667; 3307504.0; 220200.656; 8.0; 0.0; 49521701.0; 3308154.667; 50564.0; 7955.851; 0.0; 0.0; 0.0; 0.0;
2; 2; {/:Bold 7}; 210247015.667; 3934917.585; 14022098.333; 262332.07; 27.0; 0.0; 6.0; 0.0; 6534.0; 0.0; 55143039.0; 3429259.715; 10138053.333; 504713.412; 3381135.0; 169587.778; 0.0; 0.0; 158555905.667; 7150085.013; 10570171.0; 476418.44; 6.333; 0.577; 51691104.0; 3215173.411; 3451927.333; 214086.896; 7.667; 0.577; 51691104.0; 3215173.411; 70792.333; 44678.966; 0.0; 0.0; 0.0; 0.0;
3; 1; 10; 204614553.0; 6386887.8; 13646602.333; 425796.349; 27.0; 0.0; 6.0; 0.0; 6534.0; 0.0; 57298372.667; 4829462.457; 10455086.0; 783225.733; 3486865.667; 261376.125; 0.0; 0.0; 150902617.333; 10911817.618; 10060167.667; 727271.174; 5.667; 0.577; 53711929.667; 4527794.97; 3586434.667; 301668.038; 8.333; 0.577; 53711929.667; 4527794.97; 99569.0; 42860.866; 0.0; 0.0; 0.0; 0.0;
4; 1; 15; 207813603.0; 4524531.125; 13859870.333; 301637.945; 27.0; 0.0; 6.0; 0.0; 6534.0; 0.0; 55628338.333; 3700982.137; 10108251.333; 393984.2; 3373753.333; 135929.708; 0.0; 0.0; 155667330.0; 7990033.693; 10377807.0; 532504.017; 6.0; 1.0; 52146267.0; 3469824.053; 3482063.333; 231157.689; 8.0; 1.0; 52146267.0; 3469824.053; 108310.0; 112488.112; 0.0; 0.0; 0.0; 0.0;


#dio-operations\\\_per\\\_sec; AVG; DEV;
1; 135854.597; 1765.113;
4; 126351.96; 3142.263;
7;128446.524; 2404.652;
10; 125003.656; 3906.475;
15; 126960.792; 2764.285;


