#strace - events; complete; incomplete;
raw; 72568068; 0;
detailedP_{args}; 67150556; 0;
detailedP_{all}; 57486611; 0;
detailedP_{all}C_{plain}; 48326868; 0;


#strace - throughput
raw; 44251.084; 145.029;
detailedP_{args}; 41009.788; 112.008;
detailedP_{all}; 35104.221; 84.054;
detailedP_{all}C_{plain}; 29506.706; 121.176;


#sysdig-file - events; complete; incomplete;
detailedP_{all}; 234890682; 41;
detailedP_{all}C_{plain}; 208150806; 41;


#sysdig-file - throughput
detailedP_{all}; 143485.224; 213.507;
detailedP_{all}C_{plain}; 127140.22; 355.966;


#sysdig-elk - events; complete; incomplete;
detailedP_{all}; 1963025; 136;
detailedP_{all}C_{plain}; 1850075; 313;


#sysdig-elk - throughput
detailedP_{all}; 143353.937; 1221.413;
detailedP_{all}C_{plain}; 142224.725; 1264.775;


#dio-file - events; calls; calls-DEV; calls\\\_event\\\_path; calls\\\_event\\\_path-DEV; calls\\\_process; calls\\\_process-DEV; discarded; discarded-DEV; errors; errors-DEV; handled; handled-DEV; incomplete; incomplete-DEV; incomplete\\\_event\\\_path; incomplete\\\_event\\\_path-DEV; incomplete\\\_process; incomplete\\\_process-DEV; lost; lost-DEV; lost\\\_event\\\_path; lost\\\_event\\\_path-DEV; lost\\\_process; lost\\\_process-DEV; returned; returned-DEV; returned\\\_event\\\_path; returned\\\_event\\\_path-DEV; returned\\\_process; returned\\\_process-DEV; saved; saved-DEV; saved\\\_event\\\_path; saved\\\_event\\\_path-DEV; saved\\\_process; saved\\\_process-DEV; truncated; truncated-DEV;
raw; 133233410.333; 177996.317; 0.0; 0.0; 27.0; 0.0; 0.0; 0.0; 6534.0; 0.0; 133233424.333; 177996.317; 0.0; 0.0; 0.0; 0.0; 0.0; 0.0; 0.0; 0.0; 0.0; 0.0; 0.0; 0.0; 133233410.333; 177996.317; 0.0; 0.0; 14.0; 0.0; 133233410.333; 177996.317; 0.0; 0.0; 0.0; 0.0; 0.0; 0.0;
detailed_{fds}; 136379360.333; 12465256.058; 9097552.667; 831018.073; 27.0; 0.0; 6.0; 0.0; 6534.0; 0.0; 141988342.0; 7254751.533; 0.0; 0.0; 1710548.667; 2962757.199; 0.0; 0.0; 3270547.667; 5664754.727; 218030.667; 377640.192; 0.667; 1.155; 133108806.667; 6801320.216; 8879522.0; 453432.471; 13.333; 1.155; 133108806.667; 6801320.216; 7168973.333; 2509466.566; 0.0; 0.0; 0.0; 0.0;
detailedP_{all}; 158778667.333; 244251.187; 10590842.667; 16285.065; 27.0; 0.0; 6.0; 0.0; 6534.0; 0.0; 116420131.0; 78575.508; 19656218.667; 36585.637; 6557215.667; 12326.861; 0.0; 0.0; 49639933.0; 312483.067; 3309451.333; 20834.962; 2.667; 3.055; 109138728.333; 73663.879; 7281391.333; 4913.752; 11.333; 3.055; 109138728.333; 73663.879; 724175.667; 8708.092; 0.0; 0.0; 0.0; 0.0;
detailedP_{all}C_{uhash}; 160144737.0; 622477.233; 10681916.0; 41498.951; 27.0; 0.0; 6.0; 0.0; 6534.0; 0.0; 81265465.667; 283813.983; 27725519.333; 127248.255; 4625294.0; 20997.339; 0.0; 0.0; 83963391.333; 480794.685; 5597800.667; 32013.932; 3.333; 1.155; 76181339.667; 266082.386; 5084115.333; 17730.932; 10.667; 1.155; 76181339.667; 266082.386; 458821.333; 6670.497; 0.0; 0.0; 13966543.667; 48133.06;
detailedP_{all}C_{khash}; 91379304.667; 104780.789; 6097519.333; 6989.796; 27.0; 0.0; 6.0; 0.0; 6534.0; 0.0; 97476832.0; 111770.585; 0.0; 0.0; 0.0; 0.0; 0.0; 0.0; 0.0; 0.0; 0.0; 0.0; 0.0; 0.0; 91379298.667; 104780.789; 6097519.333; 6989.796; 14.0; 0.0; 91379298.667; 104780.789; 6097519.333; 6989.796; 0.0; 0.0; 16753525.0; 19935.794;


#dio-file - throughput
raw; 81382.547; 109.848;
detailedP_{fds}; 83302.467; 7610.943;
detailedP_{all}; 96988.909; 148.19;
detailedP_{all}C_{uhash}; 97822.357; 379.039;
detailedP_{all}C_{khash}; 55809.267; 63.814;


#dio-elk; calls; calls-DEV; calls\\\_event\\\_path; calls\\\_event\\\_path-DEV; calls\\\_process; calls\\\_process-DEV; discarded; discarded-DEV; errors; errors-DEV; handled; handled-DEV; incomplete; incomplete-DEV; incomplete\\\_event\\\_path; incomplete\\\_event\\\_path-DEV; incomplete\\\_process; incomplete\\\_process-DEV; lost; lost-DEV; lost\\\_event\\\_path; lost\\\_event\\\_path-DEV; lost\\\_process; lost\\\_process-DEV; returned; returned-DEV; returned\\\_event\\\_path; returned\\\_event\\\_path-DEV; returned\\\_process; returned\\\_process-DEV; saved; saved-DEV; saved\\\_event\\\_path; saved\\\_event\\\_path-DEV; saved\\\_process; saved\\\_process-DEV; truncated; truncated-DEV;
raw; 225098402.333; 155925.471; 0.0; 0.0; 27.0; 0.0; 0.0; 0.0; 6534.0; 0.0; 49520052.0; 363224.334; 0.0; 0.0; 0.0; 0.0; 0.0; 0.0; 175578358.667; 507160.841; 0.0; 0.0; 5.667; 1.528; 49520043.667; 363224.002; 0.0; 0.0; 8.333; 1.528; 49520043.667; 363224.002; 0.0; 0.0; 0.0; 0.0; 0.0; 0.0;
detailedP_{fds}; 217671780.667; 3845257.875; 14517087.333; 256356.154; 27.0; 0.0; 6.0; 0.0; 6534.0; 0.0; 53653263.667; 3182523.963; 0.0; 0.0; 3063933.667; 52377.874; 0.0; 0.0; 167377340.0; 6828319.411; 11158266.0; 455030.622; 6.333; 1.155; 50294434.667; 2983799.652; 3358821.333; 198724.868; 7.667; 1.155; 50294434.667; 2983799.652; 294887.667; 146360.212; 0.0; 0.0; 0.0; 0.0;
detailedP_{all}; 206610145.333; 5078881.629; 13779644.0; 338595.616; 27.0; 0.0; 6.0; 0.0; 6534.0; 0.0; 55332382.333; 3782492.236; 10211111.333; 650965.711; 3405021.667; 217338.454; 0.0; 0.0; 154741433.0; 8618899.298; 10315976.333; 574294.056; 5.667; 0.577; 51868706.333; 3546368.094; 3463667.667; 236124.442; 8.333; 0.577; 51868706.333; 3546368.094; 58646.0; 19022.524; 0.0; 0.0; 0.0; 0.0;
detailedP_{all}C_{uhash}; 189198899.667; 6528843.778; 12618880.333; 435258.047; 27.0; 0.0; 6.0; 0.0; 6534.0; 0.0; 54597290.333; 3586923.595; 19154200.667; 664323.046; 3197681.667; 111558.617; 0.0; 0.0; 138019274.667; 9889627.047; 9201217.0; 658860.756; 6.0; 1.0; 51179619.0; 3363161.971; 3417663.333; 223761.606; 8.0; 1.0; 51179619.0; 3363161.971; 219981.667; 173645.253; 0.0; 0.0; 9383742.333; 616849.789;
detailedP_{all}C_{khash}; 129405256.0; 3755135.586; 8632604.0; 250343.225; 27.0; 0.0; 6.0; 0.0; 6534.0; 0.0; 52335032.333; 4886209.85; 8920054.0; 1045463.357; 2973980.0; 347969.638; 0.0; 0.0; 80346344.0; 8313874.456; 5356485.667; 554237.337; 6.0; 1.0; 49058906.0; 4580841.367; 3276118.333; 305369.26; 8.0; 1.0; 49058906.0; 4580841.367; 302138.333; 42802.824; 0.0; 0.0; 8995625.0; 839491.712;


#dio-elk - throughput
raw; 137521.892; 93.813;
detailedP_{fds}; 132982.383; 2348.096;
detailedP_{all}; 126224.974; 3104.591;
detailedP_{all}C_{uhash}; 115582.963; 3989.717;
detailedP_{all}C_{khash}; 79047.866; 2293.059;