# events called
1659565791 3133784
1659565792 814504
1659565793 7504376
1659565794 16472294
1659565795 23905756
1659565796 23744318
1659565797 21881156
1659565798 21449842
1659565799 18973470
1659565800 20742504
1659565801 23405118
1659565802 19879770
1659565803 19191088
1659565804 21502100
1659565805 22926740
1659565806 20044918
1659565807 16872232
1659565808 21349460
1659565809 23241242
1659565810 20221938
1659565811 19210168
1659565812 17792630
1659565813 23223858
1659565814 21028174
1659565815 20167560
1659565816 20727240
1659565817 20776636
1659565818 21409880
1659565819 20031350
1659565820 20150706
1659565821 22390910
1659565822 19245466
1659565823 22473696
1659565824 21150498
1659565825 21452810
1659565826 20817764
1659565827 18413896
1659565828 21242612
1659565829 22782368
1659565830 22120716
1659565831 19636712
1659565832 18385382
1659565833 21141382
1659565834 22557436
1659565835 19951108
1659565836 19653142
1659565837 20464360
1659565838 21519908
1659565839 20619014
1659565840 22084040
1659565841 21023510
1659565842 20943056
1659565843 21410304
1659565844 22924832
1659565845 19773876
1659565846 23548748
1659565847 18028904
1659565848 23797636
1659565849 19189392
1659565850 24181250
1659565851 21907974
1659565852 21171168
1659565853 20657916
1659565854 23825408
1659565855 22093368
1659565856 19390156
1659565857 21329320
1659565858 23626234
1659565859 21916878
1659565860 21998074
1659565861 19700100
1659565862 20771972
1659565863 22050014
1659565864 22221310
1659565865 19308642
1659565866 21907338
1659565867 22175094
1659565868 20793914
1659565869 20082548
1659565870 22284486
1659565871 22899074
1659565872 21501464
1659565873 21277910
1659565874 22091566
1659565875 22211876
1659565876 22900770
1659565877 20161200
1659565878 21801868
1659565879 21089972
1659565880 22360064
1659565881 21855398
1659565882 20829000
1659565883 20652086
1659565884 24030836
1659565885 21988852
1659565886 19356660
1659565887 21286178
1659565888 21817874
1659565889 23719726
1659565890 21806426
1659565891 19161302
1659565892 21111066
1659565893 22160784
1659565894 21671276
1659565895 21709966
1659565896 20066754
1659565897 20773880
1659565898 19588588
1659565899 23429074
1659565900 19540782
1659565901 23620722
1659565902 19013962
1659565903 23597296
1659565904 19937116
1659565905 23484724
1659565906 20156006
1659565907 22945502
1659565908 18779914
1659565909 24173512
1659565910 19545764
1659565911 23642770
1659565912 20573328
1659565913 21829640
1659565914 20951430
1659565915 20258826
1659565916 22103014
1659565917 22930026
1659565918 21941046
1659565919 22966808
1659565920 19896518
1659565921 22130998
1659565922 24130370
1659565923 20398852
1659565924 20540574
1659565925 22177850
1659565926 22496168
1659565927 21940940
1659565928 20328256
1659565929 20389842
1659565930 20628024
1659565931 23656020
1659565932 20453972
1659565933 21843632
1659565934 19617950
1659565935 23890810
1659565936 19195328
1659565937 23922610
1659565938 19630140
1659565939 23926532
1659565940 19105864
1659565941 23875864
1659565942 21929174
1659565943 21789466
1659565944 19644026
1659565945 21099936
1659565946 22819256
1659565947 22247810
1659565948 21861758
1659565949 20798366
1659565950 20335676
1659565951 23800816
1659565952 22894304
1659565953 18337576
1659565954 21541638
1659565955 23464266
1659565956 21272398
1659565957 23328268
1659565958 19184940
1659565959 19936586
1659565960 23822652
1659565961 20442418
1659565962 24306012
1659565963 18136070
1659565964 24069738
1659565965 20070358
1659565966 24153372
1659565967 19724586
1659565968 21819888
1659565969 20273772
1659565970 22727036
1659565971 21436698
1659565972 24116166
1659565973 20516406
1659565974 20250770
1659565975 22096972
1659565976 22190358
1659565977 23697042
1659565978 21635978
1659565979 19364610
1659565980 23093266
1659565981 24078536
1659565982 19138194
1659565983 19236138
1659565984 23729266
1659565985 20672544
1659565986 24076734
1659565987 20062302
1659565988 19296452
1659565989 22445394
1659565990 22150396
1659565991 22120186
1659565992 20877336
1659565993 20674876
1659565994 21965002
1659565995 20947614
1659565996 21850416
1659565997 22002632
1659565998 19839278
1659565999 20696712
1659566000 21987686
1659566001 23548112
1659566002 22214102
1659566003 18994140
1659566004 22141492
1659566005 22904480
1659566006 22757670
1659566007 22708910
1659566008 19110104
1659566009 22049802
1659566010 24135882
1659566011 19950366
1659566012 21080220
1659566013 21426204
1659566014 21023828
1659566015 23641710
1659566016 22358262
1659566017 20386556
1659566018 20153250
1659566019 23626128
1659566020 19048412
1659566021 23926744
1659566022 19987678
1659566023 21153890
1659566024 18960008
1659566025 24004230
1659566026 21693324
1659566027 22307594
1659566028 19635122
1659566029 22941050
1659566030 21050646
1659566031 22714316
1659566032 20262960
1659566033 20312780
1659566034 21976344
1659566035 23520234
1659566036 21400870
1659566037 20338962
1659566038 20912952
1659566039 23865900
1659566040 20905638
1659566041 24168424
1659566042 19928954
1659566043 18474846
1659566044 24222060
1659566045 21949844
1659566046 20570678
1659566047 20939982
1659566048 21285648
1659566049 23793926
1659566050 21897374
1659566051 19200204
1659566052 22155166
1659566053 20309494
1659566054 22803674
1659566055 21014394
1659566056 20387616
1659566057 21071634
1659566058 22434370
1659566059 21823598
1659566060 20071418
1659566061 21864408
1659566062 23486632
1659566063 21328048
1659566064 21572696
1659566065 23823394
1659566066 20171058
1659566067 22868652
1659566068 21163854
1659566069 20000292
1659566070 21136824
1659566071 23636304
1659566072 23741562
1659566073 18353476
1659566074 20156642
1659566075 23041114
1659566076 19736882
1659566077 22762228
1659566078 20716428
1659566079 22786184
1659566080 20063044
1659566081 24070692
1659566082 23867596
1659566083 21646154
1659566084 23833994
1659566085 22180076
1659566086 21426734
1659566087 23874168
1659566088 17160870
1659566089 24265308
1659566090 20087424
1659566091 23223964
1659566092 20294972
1659566093 10370616
1659566094 1908


# events submitted
1659565791 3133784
1659565792 814504
1659565793 7478936
1659565794 16400108
1659565795 23854876
1659565796 23661532
1659565797 21826884
1659565798 21417830
1659565799 18926512
1659565800 20690034
1659565801 23330282
1659565802 19833660
1659565803 19171372
1659565804 21447298
1659565805 22893668
1659565806 20019372
1659565807 16803862
1659565808 21342888
1659565809 23164074
1659565810 20181764
1659565811 19188226
1659565812 17758180
1659565813 23143616
1659565814 21006762
1659565815 20134276
1659565816 20713460
1659565817 20734342
1659565818 21343418
1659565819 19996370
1659565820 20161412
1659565821 22321904
1659565822 19263910
1659565823 22436702
1659565824 21133008
1659565825 21423660
1659565826 20815432
1659565827 18363334
1659565828 21216324
1659565829 22729156
1659565830 22086584
1659565831 19598340
1659565832 18338000
1659565833 21068878
1659565834 22517474
1659565835 19893232
1659565836 19665862
1659565837 20398534
1659565838 20206992
1659565839 11169644
1659565840 11291650
1659565841 4948610
1659565842 4873986
1659565843 5228874
1659565844 6002992
1659565845 5903988
1659565846 5835088
1659565847 3885006
1659565848 5966634
1659565849 5894130
1659565850 5944268
1659565851 4361476
1659565852 4292470
1659565853 3643220
1659565854 4490160
1659565855 1389448
1659565856 2028840
1659565857 2139398
1659565858 954
1659565859 1389448
1659565860 1389660
1659565861 1873762
1659565862 906300
1659565863 1389130
1659565864 1389342
1659565865 2778684
1659565866 1389554
1659565868 1389554
1659565869 2020890
1659565870 1185186
1659565871 962798
1659565872 641724
1659565873 2136960
1659565874 1389766
1659565875 346408
1659565876 1043040
1659565877 1242956
1659565878 1536152
1659565879 1389448
1659565880 1389448
1659565881 1389660
1659565882 1389660
1659565883 1389342
1659565884 954
1659565885 1389554
1659565886 2779108
1659565887 1389660
1659565888 1159428
1659565889 230974
1659565890 1205750
1659565891 2288222
1659565892 678824
1659565893 370364
1659565894 1266064
1659565895 2533082
1659565896 2779108
1659565897 88722
1659565898 2689750
1659565899 85860
1659565900 2693036
1659565902 2779108
1659565903 33814
1659565904 2299776
1659565905 445412
1659565906 2779002
1659565908 2524072
1659565909 255248
1659565910 1682644
1659565911 1096676
1659565912 1390614
1659565914 1389554
1659565915 2779426
1659565916 1389448
1659565917 139920
1659565918 1250694
1659565919 43884
1659565920 2705226
1659565921 1438632
1659565923 1389342
1659565924 2778684
1659565925 1389448
1659565926 362626
1659565927 1027670
1659565928 574732
1659565929 2520468
1659565930 2463546
1659565931 73882
1659565932 2704802
1659565933 106
1659565934 2779108
1659565936 2699926
1659565937 79288
1659565938 2752820
1659565939 26606
1659565940 2744658
1659565941 34768
1659565942 1403864
1659565944 1804014
1659565945 2394328
1659565946 1360086
1659565947 1389342
1659565948 742
1659565949 1389342
1659565950 2779108
1659565951 848
1659565952 328918
1659565953 2989094
1659565954 2079932
1659565955 341214
1659565956 1209354
1659565957 73352
1659565958 3151380
1659565959 2326806
1659565960 6678
1659565961 2779320
1659565963 2779214
1659565965 2729394
1659565966 50032
1659565967 1747092
1659565968 1031592
1659565969 1971176
1659565970 807932
1659565971 1390296
1659565973 1395278
1659565974 2773384
1659565975 1389554
1659565976 1389130
1659565977 38478
1659565978 204792
1659565979 2816526
1659565980 1147768
1659565982 2517288
1659565983 2527570
1659565984 513676
1659565985 1390614
1659565987 2324156
1659565988 1934500
1659565989 1299878
1659565990 1389766
1659565991 1389766
1659565992 840474
1659565993 1938422
1659565994 1389342
1659565995 1389448
1659565996 1249846
1659565997 1529050
1659565998 926652
1659565999 1852350
1659566000 1020144
1659566001 404602
1659566002 1104838
1659566003 2890196
1659566004 1562334
1659566005 542402
1659566006 932482
1659566008 2158796
1659566009 2011032
1659566011 1389448
1659566012 2779426
1659566013 1389660
1659566014 643950
1659566015 746770
1659566016 901212
1659566017 2276032
1659566018 2380866
1659566019 57028
1659566020 2721550
1659566022 2779108
1659566024 2555554
1659566025 222812
1659566026 1389660
1659566027 1389660
1659566028 1513362
1659566029 1265640
1659566030 1520464
1659566031 1258326
1659566032 1429304
1659566033 1349910
1659566034 1390084
1659566035 32118
1659566036 953046
1659566037 2638552
1659566038 1967254
1659566040 1390190
1659566042 2562656
1659566043 1607914
1659566045 1389978
1659566046 2779532
1659566047 1389448
1659566048 1389978
1659566049 848
1659566050 1389660
1659566051 2230452
1659566052 1939270
1659566053 123384
1659566054 1266594
1659566055 1389766
1659566056 1961424
1659566057 2100496
1659566058 107802
1659566059 1389766
1659566060 1612260
1659566061 1279314
1659566062 1277512
1659566063 1390190
1659566064 1391674
1659566066 1393052
1659566067 1386904
1659566068 1389978
1659566069 1451776
1659566070 2717522
1659566071 212
1659566073 2416482
1659566074 3142052
1659566075 497670
1659566076 2281862
1659566077 712002
1659566078 2067848
1659566079 536784
1659566080 2242960
1659566085 666316
1659566086 2112580
1659566088 2635902
1659566089 142994
1659566090 2402702
1659566091 376936
1659566092 2229922
1659566093 549610
1659566094 318


# events lost
1659565838 1259810
1659565839 9562790
1659565840 10955312
1659565841 16097902
1659565842 16087938
1659565843 16155354
1659565844 16957668
1659565845 13924160
1659565846 17771112
1659565847 14178878
1659565848 17892376
1659565849 13361406
1659565850 18325704
1659565851 17549042
1659565852 16924596
1659565853 17021162
1659565854 19317228
1659565855 20612866
1659565856 17347748
1659565857 19142328
1659565858 23505394
1659565859 20429062
1659565860 20540468
1659565861 17794008
1659565862 19773558
1659565863 20572162
1659565864 20729042
1659565865 16471552
1659565866 20427154
1659565867 22019274
1659565868 19344788
1659565869 18020212
1659565870 21031778
1659565871 21832926
1659565872 20761478
1659565873 19090070
1659565874 20618378
1659565875 21777276
1659565876 21734558
1659565877 18830900
1659565878 20229358
1659565879 19640846
1659565880 20832710
1659565881 20412738
1659565882 19386446
1659565883 19191936
1659565884 23914236
1659565885 20546616
1659565886 16549992
1659565887 19828254
1659565888 20577886
1659565889 23414022
1659565890 20534638
1659565891 16859936
1659565892 20335994
1659565893 21720672
1659565894 20308646
1659565895 19157698
1659565896 17268354
1659565897 20536758
1659565898 16857180
1659565899 23229476
1659565900 16841174
1659565901 23516630
1659565902 16220862
1659565903 23424092
1659565904 17596000
1659565905 22904904
1659565906 17362694
1659565907 22798268
1659565908 16252344
1659565909 23780358
1659565910 17814466
1659565911 22474968
1659565912 19115510
1659565913 21704136
1659565914 19484072
1659565915 17456610
1659565916 20629508
1659565917 22685378
1659565918 20618696
1659565919 22730216
1659565920 17163838
1659565921 20612760
1659565922 24023204
1659565923 18945804
1659565924 17726486
1659565925 20714414
1659565926 22039096
1659565927 20836314
1659565928 19644132
1659565929 17826550
1659565930 18119534
1659565931 23455680
1659565932 17742386
1659565933 21729788
1659565934 16804922
1659565935 23767850
1659565936 16453638
1659565937 23675842
1659565938 16870006
1659565939 23765306
1659565940 16321138
1659565941 23704992
1659565942 20411466
1659565943 21663008
1659565944 17767826
1659565945 18663314
1659565946 21404792
1659565947 20793596
1659565948 21744946
1659565949 19317122
1659565950 17547240
1659565951 23666196
1659565952 22456524
1659565953 15353570
1659565954 19402240
1659565955 22998502
1659565956 20003260
1659565957 23140966
1659565958 15992432
1659565959 17581266
1659565960 23669588
1659565961 17655678
1659565962 24164396
1659565963 15343182
1659565964 23943386
1659565965 17333650
1659565966 23976246
1659565967 17937744
1659565968 20693214
1659565969 18219492
1659565970 21814482
1659565971 19976230
1659565972 24001050
1659565973 19055408
1659565974 17457352
1659565975 20625268
1659565976 20736886
1659565977 23525322
1659565978 21289040
1659565979 16531018
1659565980 21846388
1659565981 23942750
1659565982 16619528
1659565983 16661080
1659565984 23072702
1659565985 19216740
1659565986 23911056
1659565987 17703696
1659565988 17309482
1659565989 21064002
1659565990 20700316
1659565991 20667138
1659565992 19958846
1659565993 18681334
1659565994 20460120
1659565995 19480468
1659565996 20520010
1659565997 20402880
1659565998 18820300
1659565999 18786804
1659566000 20861966
1659566001 23030302
1659566002 21016620
1659566003 16077656
1659566004 20489588
1659566005 22251626
1659566006 21716326
1659566007 22562630
1659566008 16909332
1659566009 19950684
1659566010 23995326
1659566011 18497742
1659566012 18274824
1659566013 19971778
1659566014 20292958
1659566015 22777492
1659566016 21357622
1659566017 18037914
1659566018 17749276
1659566019 23458754
1659566020 16302906
1659566021 23739230
1659566022 17205920
1659566023 21012592
1659566024 16374138
1659566025 23662380
1659566026 20234234
1659566027 20820096
1659566028 18070244
1659566029 21582766
1659566030 19457466
1659566031 21338966
1659566032 18776098
1659566033 18866728
1659566034 20483122
1659566035 23320954
1659566036 20379348
1659566037 17658010
1659566038 18889306
1659566039 23753222
1659566040 19420896
1659566041 24056700
1659566042 17317750
1659566043 16803120
1659566044 24070056
1659566045 20505276
1659566046 17763904
1659566047 19475592
1659566048 19834932
1659566049 23645102
1659566050 20427472
1659566051 16948128
1659566052 20138728
1659566053 20099402
1659566054 21452598
1659566055 19546930
1659566056 18411034
1659566057 18908068
1659566058 22156756
1659566059 20335040
1659566060 18387714
1659566061 20514286
1659566062 22057964
1659566063 19916446
1659566064 20118482
1659566065 23670966
1659566066 18732744
1659566067 21416770
1659566068 19678264
1659566069 18471666
1659566070 18382414
1659566071 23505818
1659566072 23547158
1659566073 15917808
1659566074 16999750
1659566075 22435430
1659566076 17415058
1659566077 21922708
1659566078 18597064
1659566079 22104498
1659566080 17773444
1659566081 23883496
1659566082 23745484
1659566083 21506340
1659566084 23667574
1659566085 21417300
1659566086 19237940
1659566087 23760006
1659566088 14515746
1659566089 23969356
1659566090 17644336
1659566091 22699794
1659566092 18046606
1659566093 9763660
1659566094 1590
