# events called
1659571031 939950
1659571032 2551096
1659571033 173018
1659571034 6381926
1659571035 9993302
1659571036 12042822
1659571037 10994642
1659571038 9805382
1659571039 12260150
1659571040 11913674
1659571041 11453818
1659571042 11866832
1659571043 11385660
1659571044 11750800
1659571045 11037008
1659571046 12156662
1659571047 11803480
1659571048 11743838
1659571049 11400910
1659571050 11050686
1659571051 12377886
1659571052 11054786
1659571053 11804334
1659571054 10791420
1659571055 11854082
1659571056 11320044
1659571057 11051870
1659571058 10803110
1659571059 10917484
1659571060 12303654
1659571061 11685724
1659571062 12099218
1659571063 9737452
1659571064 12615834
1659571065 12001594
1659571066 10525314
1659571067 12577504
1659571068 9504670
1659571069 12091762
1659571070 11281800
1659571071 12121720
1659571072 12222526
1659571073 10109716
1659571074 12156862
1659571075 10925944
1659571076 11435178
1659571077 11341400
1659571078 11283390
1659571079 11522062
1659571080 11109954
1659571081 12152414
1659571082 11497466
1659571083 10551304
1659571084 11511802
1659571085 11708562
1659571086 11414994
1659571087 11620794
1659571088 10206168
1659571089 11943032
1659571090 10969040
1659571091 11774216
1659571092 12741788
1659571093 11363764
1659571094 10108562
1659571095 13288362
1659571096 11377094
1659571097 10138862
1659571098 11750392
1659571099 10961060
1659571100 11153666
1659571101 11875344
1659571102 10541338
1659571103 11581258
1659571104 11112828
1659571105 11067522
1659571106 12092816
1659571107 10180120
1659571108 10931842
1659571109 11077148
1659571110 11256590
1659571111 11089028
1659571112 12113800
1659571113 10433600
1659571114 11460026
1659571115 11509014
1659571116 10840254
1659571117 11645710
1659571118 10844982
1659571119 12308094
1659571120 11268588
1659571121 10757286
1659571122 12324788
1659571123 11279102
1659571124 11638554
1659571125 11863284
1659571126 12381754
1659571127 10357740
1659571128 11714658
1659571129 13502192
1659571130 10615340
1659571131 10651960
1659571132 12352126
1659571133 11871914
1659571134 10592460
1659571135 12131216
1659571136 11270834
1659571137 10747370
1659571138 10909024
1659571139 10608768
1659571140 11992362
1659571141 11950710
1659571142 11311998
1659571143 11126552
1659571144 11613620
1659571145 11493560
1659571146 11059958
1659571147 12338072
1659571148 11634068
1659571149 11446870
1659571150 11960836
1659571151 11443066
1659571152 12326568
1659571153 11381774
1659571154 10555136
1659571155 13526388
1659571156 10441792
1659571157 12158822
1659571158 11330454
1659571159 11015722
1659571160 11027218
1659571161 12192502
1659571162 10567336
1659571163 12059332
1659571164 11246946
1659571165 11415574
1659571166 11987288
1659571167 10700730
1659571168 11714722
1659571169 11036804
1659571170 11831236
1659571171 11349248
1659571172 11930882
1659571173 10626232
1659571174 12128786
1659571175 11501304
1659571176 10992652
1659571177 11767416
1659571178 10374820
1659571179 11443832
1659571180 11754020
1659571181 12312590
1659571182 10810840
1659571183 12025550
1659571184 12882334
1659571185 9750120
1659571186 11666512
1659571187 13139182
1659571188 10468842
1659571189 11422614
1659571190 12338358
1659571191 9997840
1659571192 12352932
1659571193 9857208
1659571194 10705734
1659571195 12209146
1659571196 11406512
1659571197 11711230
1659571198 11265612
1659571199 11512798
1659571200 11620290
1659571201 11126856
1659571202 12241112
1659571203 11065876
1659571204 11729058
1659571205 10808378
1659571206 11653734
1659571207 12290674
1659571208 10414600
1659571209 11945322
1659571210 10862920
1659571211 12338092
1659571212 11013810
1659571213 12390472
1659571214 11959502
1659571215 9558782
1659571216 13491080
1659571217 11484504
1659571218 10435962
1659571219 11537626
1659571220 11469470
1659571221 10852436
1659571222 12520216
1659571223 11295084
1659571224 10000186
1659571225 10880628
1659571226 12063656
1659571227 10264318
1659571228 11968970
1659571229 10848706
1659571230 11603692
1659571231 11824240
1659571232 10527242
1659571233 11699090
1659571234 10343258
1659571235 12270152
1659571236 10508148
1659571237 12010280
1659571238 10552858
1659571239 12015190
1659571240 10570496
1659571241 10553264
1659571242 13027142
1659571243 10105374
1659571244 11273410
1659571245 11026934
1659571246 10372930
1659571247 11906718
1659571248 11275650
1659571249 12423564
1659571250 12445426
1659571251 9164464
1659571252 10878340
1659571253 12212428
1659571254 12131588
1659571255 11096628
1659571256 11472804
1659571257 11574698
1659571258 11124650
1659571259 11645330
1659571260 11153412
1659571261 10616768
1659571262 12036618
1659571263 10525368
1659571264 11941616
1659571265 10363540
1659571266 11756294
1659571267 11293772
1659571268 11667282
1659571269 11131074
1659571270 11219748
1659571271 10288164
1659571272 13117276
1659571273 10776526
1659571274 11675128
1659571275 12049778
1659571276 10534472
1659571277 12216836
1659571278 10185652
1659571279 12186920
1659571280 10411434
1659571281 11758746
1659571282 10281280
1659571283 12245878
1659571284 10175742
1659571285 12185080
1659571286 10319934
1659571287 12039796
1659571288 11238286
1659571289 11764362
1659571290 10704016
1659571291 12048098
1659571292 10538406
1659571293 11987200
1659571294 10663314
1659571295 11800200
1659571296 10114098
1659571297 12020974
1659571298 10804390
1659571299 11923308
1659571300 11144088
1659571301 11128540
1659571302 11282784
1659571303 12584828
1659571304 10983060
1659571305 12773114
1659571306 11987248
1659571307 10443030
1659571308 12035314
1659571309 10011310
1659571310 11645516
1659571311 12522452
1659571312 10112832
1659571313 11028498
1659571314 11898512
1659571315 10646890
1659571316 11396308
1659571317 10975542
1659571318 11801142
1659571319 10759232
1659571320 11521008
1659571321 10198496
1659571322 11075662
1659571323 12111034
1659571324 10479400
1659571325 12335292
1659571326 10535328
1659571327 11713048
1659571328 10648454
1659571329 11816374
1659571330 11278304
1659571331 11982796
1659571332 12159152
1659571333 10623516
1659571334 3098446
1659571335 1234


# events submitted
1659571031 939950
1659571032 2551096
1659571033 173018
1659571034 6368502
1659571035 9964060
1659571036 12012572
1659571037 10978132
1659571038 9791142
1659571039 12233956
1659571040 11892130
1659571041 11436974
1659571042 11849840
1659571043 11366302
1659571044 11733336
1659571045 11020068
1659571046 12136416
1659571047 11782298
1659571048 11711808
1659571049 11387000
1659571050 11031064
1659571051 12354144
1659571052 11035976
1659571053 11786744
1659571054 10774406
1659571055 11837762
1659571056 11306010
1659571057 11039444
1659571058 10782536
1659571059 10900592
1659571060 12288494
1659571061 11675720
1659571062 12072268
1659571063 9728488
1659571064 12605152
1659571065 11992706
1659571066 10511548
1659571067 12556032
1659571068 9490716
1659571069 12072958
1659571070 11250578
1659571071 12107488
1659571072 12205674
1659571073 10101820
1659571074 12130494
1659571075 10907756
1659571076 11421248
1659571077 11331644
1659571078 11262902
1659571079 11504344
1659571080 11095920
1659571081 12124330
1659571082 11474862
1659571083 10536112
1659571084 11492262
1659571085 11690908
1659571086 11398654
1659571087 11589374
1659571088 10193356
1659571089 11918398
1659571090 10958768
1659571091 11756228
1659571092 12725266
1659571093 11344092
1659571094 10100162
1659571095 13253604
1659571096 11357572
1659571097 10124182
1659571098 11718366
1659571099 10948014
1659571100 11144134
1659571101 11856804
1659571102 10529524
1659571103 11555800
1659571104 11092970
1659571105 11043148
1659571106 12067514
1659571107 10170820
1659571108 10909694
1659571109 11063724
1659571110 11231814
1659571111 11070246
1659571112 12090082
1659571113 10421852
1659571114 11437242
1659571115 11494198
1659571116 7890586
1659571117 7949984
1659571118 4505584
1659571119 3492138
1659571120 3286496
1659571121 2381318
1659571122 3038454
1659571123 2631308
1659571124 3196156
1659571125 2677060
1659571126 2682948
1659571127 1688070
1659571128 2825698
1659571129 3408756
1659571130 3234414
1659571131 2154138
1659571132 2912382
1659571133 3103934
1659571134 2340960
1659571135 2674090
1659571136 1979888
1659571137 2980352
1659571138 1747056
1659571139 1004280
1659571140 2327736
1659571141 2120668
1659571142 1867154
1659571143 2659150
1659571144 2826118
1659571145 2957684
1659571146 3336704
1659571147 2616028
1659571148 3155764
1659571149 3282930
1659571150 2794292
1659571151 3183584
1659571152 3163424
1659571153 2644678
1659571154 3067682
1659571155 3410880
1659571156 2470362
1659571157 2657114
1659571158 3082760
1659571159 2444164
1659571160 2481786
1659571161 2706252
1659571162 3268322
1659571163 2651778
1659571164 2567432
1659571165 1488424
1659571166 2923162
1659571167 2962020
1659571168 3230398
1659571169 3365534
1659571170 2898746
1659571171 2727536
1659571172 2238348
1659571173 2843348
1659571174 3052922
1659571175 2020984
1659571176 1934178
1659571177 3370504
1659571178 3064690
1659571179 3217658
1659571180 2859182
1659571181 3072402
1659571182 2164538
1659571183 2138378
1659571184 2851862
1659571185 2210232
1659571186 2899036
1659571187 3113936
1659571188 2694450
1659571189 3136630
1659571190 2181790
1659571191 1072774
1659571192 3054688
1659571193 2303536
1659571194 1553806
1659571195 3128060
1659571196 2304080
1659571197 1848512
1659571198 2878636
1659571199 2986560
1659571200 3360774
1659571201 3240160
1659571202 2479048
1659571203 2508356
1659571204 3411502
1659571205 2228520
1659571206 3364280
1659571207 3386468
1659571208 2434438
1659571209 2834520
1659571210 1692790
1659571211 3282386
1659571212 3056726
1659571213 3121918
1659571214 3303472
1659571215 3122782
1659571216 3396716
1659571217 3192424
1659571218 2770860
1659571219 2598438
1659571220 1605432
1659571221 3353160
1659571222 3413260
1659571223 2908124
1659571224 3304598
1659571225 3013686
1659571226 2730386
1659571227 2593746
1659571228 2911426
1659571229 3049754
1659571230 3353414
1659571231 3225202
1659571232 2982972
1659571233 3203762
1659571234 3371668
1659571235 3403636
1659571236 3293736
1659571237 3379276
1659571238 1987204
1659571239 3242738
1659571240 2513112
1659571241 2828502
1659571242 3407680
1659571243 3142282
1659571244 2948084
1659571245 2152468
1659571246 2355488
1659571247 2713902
1659571248 1691914
1659571249 2093066
1659571250 2386422
1659571251 2358162
1659571252 2905070
1659571253 3338770
1659571254 3075956
1659571255 2062038
1659571256 2842102
1659571257 1945568
1659571258 2407764
1659571259 3276920
1659571260 2807438
1659571261 2565168
1659571262 3050712
1659571263 2959460
1659571264 3259870
1659571265 2486212
1659571266 2533206
1659571267 2602530
1659571268 2924708
1659571269 3405954
1659571270 2705068
1659571271 2289368
1659571272 3375122
1659571273 1754728
1659571274 2780616
1659571275 3281928
1659571276 2903572
1659571277 2784750
1659571278 2879682
1659571279 3371556
1659571280 2373112
1659571281 2967408
1659571282 3412820
1659571283 3308600
1659571284 2999098
1659571285 3273244
1659571286 2641308
1659571287 3392762
1659571288 2218622
1659571289 1818118
1659571290 1524686
1659571291 2512472
1659571292 2554652
1659571293 1835152
1659571294 1371366
1659571295 2283856
1659571296 3105164
1659571297 2022486
1659571298 1989366
1659571299 2401108
1659571300 1587586
1659571301 2421970
1659571302 1838968
1659571303 83632
1659571304 2906126
1659571305 1408604
1659571306 182206
1659571307 2958950
1659571308 1421582
1659571309 2552340
1659571310 3131284
1659571311 63054
1659571312 2494980
1659571313 3308242
1659571314 1495776
1659571315 2576368
1659571316 1782432
1659571317 2155252
1659571318 2234708
1659571319 1912716
1659571320 2461482
1659571321 1548692
1659571322 2741252
1659571323 1581272
1659571324 2580284
1659571325 1538286
1659571326 1759996
1659571327 1977850
1659571328 2875638
1659571329 1819852
1659571330 1917886
1659571331 1631520
1659571332 1464030
1659571333 2252572
1659571334 815820
1659571335 62


# events lost
1659571116 2954266
1659571117 3710640
1659571118 6354564
1659571119 8823722
1659571120 7989474
1659571121 8381834
1659571122 9293614
1659571123 8644856
1659571124 8445440
1659571125 9186476
1659571126 9696862
1659571127 8667594
1659571128 8890728
1659571129 10100474
1659571130 7385026
1659571131 8492442
1659571132 9443860
1659571133 8770668
1659571134 8250278
1659571135 9461006
1659571136 9288914
1659571137 7775810
1659571138 9160240
1659571139 9597674
1659571140 9664764
1659571141 9830034
1659571142 9443008
1659571143 8463878
1659571144 8789108
1659571145 8540678
1659571146 7729976
1659571147 9729024
1659571148 8483576
1659571149 8169792
1659571150 9165546
1659571151 8265330
1659571152 9169218
1659571153 8741976
1659571154 7489970
1659571155 10121284
1659571156 7977106
1659571157 9498496
1659571158 8253966
1659571159 8576084
1659571160 8546390
1659571161 9493070
1659571162 7303524
1659571163 9405718
1659571164 8680148
1659571165 9927642
1659571166 9071134
1659571167 7744788
1659571168 8494730
1659571169 7681688
1659571170 8933338
1659571171 8626622
1659571172 9687506
1659571173 7791232
1659571174 9080592
1659571175 9479028
1659571176 9060508
1659571177 8400218
1659571178 7317072
1659571179 8231516
1659571180 8900622
1659571181 9242694
1659571182 8647362
1659571183 9890282
1659571184 10034700
1659571185 7539104
1659571186 8769540
1659571187 10030220
1659571188 7780684
1659571189 8291166
1659571190 10155780
1659571191 8919094
1659571192 9300428
1659571193 7554572
1659571194 9153950
1659571195 9085872
1659571196 9102280
1659571197 9867462
1659571198 8395320
1659571199 8528052
1659571200 8269182
1659571201 7895684
1659571202 9767886
1659571203 8555558
1659571204 8319936
1659571205 8579252
1659571206 8290642
1659571207 8908920
1659571208 7984866
1659571209 9106412
1659571210 9171336
1659571211 9060622
1659571212 7960170
1659571213 9270382
1659571214 8659886
1659571215 6435574
1659571216 10107612
1659571217 8297926
1659571218 7674638
1659571219 8943148
1659571220 9861618
1659571221 7507484
1659571222 9114968
1659571223 8397078
1659571224 6703200
1659571225 7869456
1659571226 9332628
1659571227 7673704
1659571228 9062248
1659571229 7804556
1659571230 8264080
1659571231 8607470
1659571232 7549580
1659571233 8504202
1659571234 6978386
1659571235 8879750
1659571236 7222006
1659571237 8644690
1659571238 8565588
1659571239 8773602
1659571240 8063258
1659571241 7735338
1659571242 9627298
1659571243 6971978
1659571244 8325976
1659571245 8872972
1659571246 8018844
1659571247 9197570
1659571248 9582476
1659571249 10329158
1659571250 10058948
1659571251 6809732
1659571252 7978328
1659571253 8878640
1659571254 9060470
1659571255 9036534
1659571256 8636650
1659571257 9628118
1659571258 8720990
1659571259 8375032
1659571260 8350604
1659571261 8054310
1659571262 8988242
1659571263 7568898
1659571264 8686434
1659571265 7876330
1659571266 9224394
1659571267 8692220
1659571268 8744184
1659571269 7731830
1659571270 8510504
1659571271 8006340
1659571272 9742978
1659571273 9019336
1659571274 8900390
1659571275 8776642
1659571276 7638722
1659571277 9438244
1659571278 7310140
1659571279 8818876
1659571280 8038424
1659571281 8790932
1659571282 6876290
1659571283 8940616
1659571284 7184984
1659571285 8914056
1659571286 7678146
1659571287 8654138
1659571288 9015070
1659571289 9934356
1659571290 9175670
1659571291 9535676
1659571292 7982792
1659571293 10148962
1659571294 9287008
1659571295 9516934
1659571296 7010900
1659571297 9992242
1659571298 8816292
1659571299 9524012
1659571300 9554830
1659571301 8704204
1659571302 9440736
1659571303 12476930
1659571304 8077348
1659571305 11353736
1659571306 11783014
1659571307 7487202
1659571308 10601428
1659571309 7462242
1659571310 8517190
1659571311 12429176
1659571312 7615710
1659571313 7726102
1659571314 10388472
1659571315 8070486
1659571316 9608154
1659571317 8817772
1659571318 9561856
1659571319 8843912
1659571320 9056220
1659571321 8645980
1659571322 8334754
1659571323 10519684
1659571324 7901842
1659571325 10786838
1659571326 8768668
1659571327 9733214
1659571328 7784062
1659571329 9990626
1659571330 9362590
1659571331 10338082
1659571332 10685144
1659571333 8366822
1659571334 2284992
1659571335 1172
