# events called
1659567999 914218
1659568000 2344536
1659568001 1694232
1659568002 11127512
1659568003 16916660
1659568004 17998074
1659568005 15598386
1659568006 18004794
1659568007 17984584
1659568008 17304748
1659568009 18135198
1659568010 16291710
1659568011 17228310
1659568012 17743306
1659568013 17349244
1659568014 17090556
1659568015 16173118
1659568016 17479436
1659568017 17035430
1659568018 17845286
1659568019 17466214
1659568020 15866758
1659568021 17531670
1659568022 17854304
1659568023 16706134
1659568024 17772292
1659568025 16580050
1659568026 17491570
1659568027 17823902
1659568028 17007980
1659568029 17827450
1659568030 16130004
1659568031 17698088
1659568032 16689284
1659568033 18564518
1659568034 16107864
1659568035 16377648
1659568036 14650700
1659568037 16077078
1659568038 14745744
1659568039 16157856
1659568040 14661638
1659568041 15300382
1659568042 16830238
1659568043 15479512
1659568044 15928582
1659568045 14742462
1659568046 15923054
1659568047 15823714
1659568048 15002232
1659568049 16222532
1659568050 14361406
1659568051 15106700
1659568052 14956290
1659568053 16658332
1659568054 15119680
1659568055 15367602
1659568056 15414506
1659568057 15452072
1659568058 16967622
1659568059 14541916
1659568060 16933032
1659568061 15896578
1659568062 18261392
1659568063 15751198
1659568064 15039692
1659568065 15856770
1659568066 14779934
1659568067 15536548
1659568068 18382700
1659568069 17247652
1659568070 13665130
1659568071 15021486
1659568072 17258396
1659568073 15503406
1659568074 16886586
1659568075 14862796
1659568076 16647376
1659568077 16184006
1659568078 15986008
1659568079 16310064
1659568080 15696920
1659568081 16194082
1659568082 15374968
1659568083 16451384
1659568084 17080376
1659568085 14414494
1659568086 17008500
1659568087 16163788
1659568088 15615584
1659568089 16535586
1659568090 14634542
1659568091 16985050
1659568092 16632126
1659568093 16327996
1659568094 15706294
1659568095 13685036
1659568096 17028200
1659568097 17677154
1659568098 14392208
1659568099 15989946
1659568100 16565828
1659568101 15099198
1659568102 15696666
1659568103 16529950
1659568104 15356630
1659568105 14567994
1659568106 15078708
1659568107 17097742
1659568108 16384348
1659568109 16500802
1659568110 15360982
1659568111 16339424
1659568112 16011300
1659568113 15756906
1659568114 16514400
1659568115 14921682
1659568116 16051974
1659568117 16501838
1659568118 16859334
1659568119 15314114
1659568120 16343150
1659568121 16484266
1659568122 16578850
1659568123 14575716
1659568124 15389454
1659568125 15362428
1659568126 17265118
1659568127 16167812
1659568128 14796496
1659568129 15911674
1659568130 16356196
1659568131 15047372
1659568132 16299368
1659568133 15647786
1659568134 15782632
1659568135 17660268
1659568136 16360306
1659568137 15551384
1659568138 17239448
1659568139 14955298
1659568140 15774118
1659568141 17245406
1659568142 16302906
1659568143 15719500
1659568144 16136870
1659568145 15127432
1659568146 15768538
1659568147 15908500
1659568148 16463700
1659568149 16720046
1659568150 16649048
1659568151 16180428
1659568152 15195378
1659568153 14159226
1659568154 18725262
1659568155 14580294
1659568156 14580914
1659568157 17300398
1659568158 16437904
1659568159 14459610
1659568160 15230530
1659568161 16331480
1659568162 16316280
1659568163 16727696
1659568164 14999396
1659568165 15724524
1659568166 16093212
1659568167 15502044
1659568168 16601180
1659568169 17341358
1659568170 15156432
1659568171 15553560
1659568172 17153548
1659568173 15575390
1659568174 16249372
1659568175 16173020
1659568176 16722424
1659568177 16702470
1659568178 15202568
1659568179 16643056
1659568180 15062214
1659568181 17800304
1659568182 16595642
1659568183 13888474
1659568184 17132798
1659568185 15076436
1659568186 15663388
1659568187 15978740
1659568188 15143318
1659568189 18674310
1659568190 14689812
1659568191 14799204
1659568192 17110502
1659568193 15591494
1659568194 15192132
1659568195 15230002
1659568196 15581730
1659568197 15650306
1659568198 17094838
1659568199 15256630
1659568200 15581342
1659568201 16545358
1659568202 15510320
1659568203 15872140
1659568204 16321768
1659568205 14817284
1659568206 16554240
1659568207 15540636
1659568208 16176990
1659568209 16153400
1659568210 16642766
1659568211 17183174
1659568212 13955748
1659568213 17153832
1659568214 16294364
1659568215 13761006
1659568216 17488476
1659568217 15996730
1659568218 15483742
1659568219 15458444
1659568220 15454646
1659568221 16779568
1659568222 14934280
1659568223 16472246
1659568224 15418840
1659568225 16029188
1659568226 16012822
1659568227 16168110
1659568228 15414924
1659568229 15861146
1659568230 15503694
1659568231 16026952
1659568232 15115234
1659568233 16097546
1659568234 14742256
1659568235 15270370
1659568236 16703866
1659568237 14854518
1659568238 16221302
1659568239 15996172
1659568240 15746784
1659568241 18205936
1659568242 15896100
1659568243 16134730
1659568244 16094982
1659568245 15871440
1659568246 15609488
1659568247 15063228
1659568248 14903548
1659568249 16516790
1659568250 16527540
1659568251 14828378
1659568252 15771956
1659568253 15901760
1659568254 15298514
1659568255 15949564
1659568256 16216880
1659568257 14803416
1659568258 16941978
1659568259 14121330
1659568260 16335792
1659568261 15089914
1659568262 16481634
1659568263 15165170
1659568264 15030604
1659568265 15025100
1659568266 16076748
1659568267 14770924
1659568268 17201124
1659568269 14888066
1659568270 17991614
1659568271 15586646
1659568272 14580856
1659568273 15798522
1659568274 16679068
1659568275 15146274
1659568276 14993262
1659568277 15603708
1659568278 18551704
1659568279 14648148
1659568280 14274786
1659568281 17076492
1659568282 15325290
1659568283 15166694
1659568284 15307880
1659568285 15059764
1659568286 16315454
1659568287 15534840
1659568288 16197130
1659568289 15179750
1659568290 16373388
1659568291 15574604
1659568292 15359700
1659568293 16890054
1659568294 15910428
1659568295 16080692
1659568296 17506954
1659568297 16037506
1659568298 16161058
1659568299 15194310
1659568300 17567466
1659568301 12644750
1659568302 1180


# events submitted
1659567999 914218
1659568000 2344536
1659568001 1684386
1659568002 11080992
1659568003 16771956
1659568004 17895078
1659568005 15471456
1659568006 17868900
1659568007 17828526
1659568008 17187664
1659568009 18001952
1659568010 16176390
1659568011 17103786
1659568012 17608128
1659568013 17225494
1659568014 17001502
1659568015 16086514
1659568016 17386312
1659568017 16928676
1659568018 17727640
1659568019 17323032
1659568020 15779036
1659568021 17421238
1659568022 17728620
1659568023 16575616
1659568024 17610804
1659568025 16468886
1659568026 17366818
1659568027 17680726
1659568028 16884326
1659568029 17688960
1659568030 16007598
1659568031 17551604
1659568032 16551026
1659568033 18469292
1659568034 16041692
1659568035 16336864
1659568036 14604010
1659568037 16020816
1659568038 14705572
1659568039 16055500
1659568040 14608818
1659568041 15240434
1659568042 16737088
1659568043 15436274
1659568044 15885620
1659568045 14691828
1659568046 15865824
1659568047 15760536
1659568048 14950462
1659568049 16169828
1659568050 14307792
1659568051 15061444
1659568052 14898464
1659568053 16601870
1659568054 15067574
1659568055 14950170
1659568056 7688868
1659568057 6386314
1659568058 5336016
1659568059 3341616
1659568060 3747874
1659568061 2399362
1659568062 4601156
1659568063 4395938
1659568064 4602540
1659568065 4292738
1659568066 4072844
1659568067 3838926
1659568068 4510396
1659568069 4651154
1659568070 3409256
1659568071 4256056
1659568072 4672194
1659568073 4465082
1659568074 4737652
1659568075 2126368
1659568076 1148772
1659568077 1128164
1659568078 1811202
1659568079 1262528
1659568080 1259008
1659568081 1367780
1659568082 1898680
1659568083 1089188
1659568084 1090328
1659568085 1088774
1659568086 1089424
1659568087 1090624
1659568088 1991488
1659568089 1282266
1659568090 1093558
1659568091 1091620
1659568092 978776
1659568093 1630000
1659568094 1224928
1659568095 2050616
1659568096 1091582
1659568097 621996
1659568098 1423720
1659568099 2318470
1659568100 847864
1659568101 1849412
1659568102 1665006
1659568103 1090982
1659568104 2183812
1659568105 1092016
1659568106 1401354
1659568107 1872750
1659568108 1092962
1659568109 1483804
1659568110 1604476
1659568111 1277934
1659568112 1503574
1659568113 1769558
1659568114 1089216
1659568115 1564230
1659568116 1709678
1659568117 1090972
1659568118 1085652
1659568119 1692180
1659568120 491612
1659568121 1093074
1659568122 1277628
1659568123 2194242
1659568124 1984040
1659568125 1091570
1659568126 143780
1659568127 2040944
1659568128 1676112
1659568129 1597856
1659568130 1097644
1659568131 2175342
1659568132 1090982
1659568133 1268364
1659568134 2006770
1659568135 320724
1659568136 804796
1659568137 2150180
1659568138 1092208
1659568139 1421978
1659568140 1772000
1659568141 1172648
1659568142 1091734
1659568143 1871286
1659568144 1402076
1659568145 1091654
1659568146 1541918
1659568147 1732758
1659568148 1090818
1659568149 1088826
1659568150 677694
1659568151 1664278
1659568152 1568216
1659568153 2444960
1659568154 354128
1659568155 1091966
1659568156 2184502
1659568157 1091922
1659568158 994572
1659568159 2281710
1659568160 1391544
1659568161 1882146
1659568162 1091494
1659568163 1091860
1659568164 2183752
1659568165 1091248
1659568166 1477892
1659568167 1795290
1659568168 1092076
1659568169 1091562
1659568170 1251336
1659568171 2023356
1659568172 1090996
1659568173 1382520
1659568174 801048
1659568175 1753140
1659568176 1521280
1659568177 1103630
1659568178 1659672
1659568179 1603546
1659568180 1356990
1659568181 826892
1659568182 1289580
1659568183 2400158
1659568184 675732
1659568185 572464
1659568186 2209302
1659568187 1425094
1659568188 2575424
1659568189 44458
1659568190 1091696
1659568191 1871424
1659568192 1403082
1659568193 1091606
1659568194 1894970
1659568195 1380524
1659568196 1421006
1659568197 1085796
1659568198 1859590
1659568199 1269092
1659568200 1623936
1659568201 1473280
1659568202 1470548
1659568203 1803644
1659568204 1380168
1659568205 1629390
1659568206 1356990
1659568207 1289416
1659568208 1985742
1659568209 1096688
1659568210 1084974
1659568211 164744
1659568212 1789976
1659568213 1723354
1659568214 1241768
1659568215 2177456
1659568216 550970
1659568217 2003878
1659568218 1949880
1659568219 1352266
1659568220 1922988
1659568221 1095836
1659568222 2006698
1659568223 1264886
1659568224 1494396
1659568225 1035618
1659568226 1836988
1659568227 1505966
1659568228 907428
1659568229 1952346
1659568230 1884524
1659568231 1389934
1659568232 1352510
1659568233 1922494
1659568234 1366024
1659568235 1909524
1659568236 1091474
1659568237 1852502
1659568238 930362
1659568239 1776166
1659568240 1521218
1659568241 472866
1659568242 1265504
1659568243 2012424
1659568244 224
1659568245 1413194
1659568246 1867444
1659568247 1513126
1659568248 1899674
1659568249 955782
1659568250 1091654
1659568251 1685688
1659568252 1883524
1659568253 1894520
1659568254 1428836
1659568255 1849206
1659568256 1110550
1659568257 2164284
1659568258 1091614
1659568259 1407682
1659568260 1856056
1659568261 1600194
1659568262 867014
1659568263 1928920
1659568264 1257988
1659568265 2004786
1659568266 1090228
1659568267 1912846
1659568268 1364578
1659568269 1436448
1659568270 749292
1659568271 1144492
1659568272 1623248
1659568273 2691862
1659568274 61432
1659568275 1680820
1659568276 2062286
1659568277 1721814
1659568278 78892
1659568279 1616182
1659568280 1903564
1659568281 1258160
1659568282 2008284
1659568283 1953900
1659568284 1271160
1659568285 2003866
1659568286 1091822
1659568287 1791860
1659568288 1234444
1659568289 1010268
1659568290 1422724
1659568291 1265032
1659568292 1444776
1659568293 1656992
1659568294 1133332
1659568295 1582600
1659568296 574422
1659568297 1726618
1659568298 1536428
1659568299 1092564
1659568300 1298640
1659568301 1621346
1659568302 808


# events lost
1659568055 348376
1659568056 7737794
1659568057 9064426
1659568058 11635716
1659568059 11198112
1659568060 13200056
1659568061 13495736
1659568062 13682080
1659568063 11353984
1659568064 10457068
1659568065 11582804
1659568066 10724228
1659568067 11713394
1659568068 13874366
1659568069 12624702
1659568070 10265928
1659568071 10782194
1659568072 12610002
1659568073 11065250
1659568074 12166304
1659568075 12721536
1659568076 15447168
1659568077 15024376
1659568078 14148320
1659568079 15017962
1659568080 14413050
1659568081 14793392
1659568082 13470974
1659568083 15313108
1659568084 15952586
1659568085 13288880
1659568086 15854162
1659568087 15035156
1659568088 13579248
1659568089 15190822
1659568090 13490086
1659568091 15820434
1659568092 15580540
1659568093 14637270
1659568094 14426132
1659568095 11598924
1659568096 15875612
1659568097 16954028
1659568098 12941148
1659568099 13647124
1659568100 15630434
1659568101 13213378
1659568102 13991350
1659568103 15368366
1659568104 13143114
1659568105 13428252
1659568106 13650236
1659568107 15177576
1659568108 15239196
1659568109 14966858
1659568110 13722880
1659568111 15003554
1659568112 14428352
1659568113 13970560
1659568114 15378048
1659568115 13288906
1659568116 14313082
1659568117 15355862
1659568118 15717940
1659568119 13584720
1659568120 15783366
1659568121 15344148
1659568122 15234362
1659568123 12368506
1659568124 13360470
1659568125 14216692
1659568126 17022336
1659568127 14099540
1659568128 13077864
1659568129 14277388
1659568130 15200242
1659568131 12851930
1659568132 15132996
1659568133 14353292
1659568134 13741178
1659568135 17244740
1659568136 15482364
1659568137 13386314
1659568138 16076854
1659568139 13510602
1659568140 13979798
1659568141 16007350
1659568142 15159446
1659568143 13821804
1659568144 14672258
1659568145 13995146
1659568146 14197336
1659568147 14123268
1659568148 15312396
1659568149 15580222
1659568150 15918618
1659568151 14473210
1659568152 13576230
1659568153 11704532
1659568154 18299076
1659568155 13441752
1659568156 12367612
1659568157 16128088
1659568158 15381872
1659568159 12168172
1659568160 13810740
1659568161 14402170
1659568162 15160072
1659568163 15588202
1659568164 12794160
1659568165 14574638
1659568166 14568174
1659568167 13654806
1659568168 15443226
1659568169 16159150
1659568170 13873630
1659568171 13500188
1659568172 15993922
1659568173 14147764
1659568174 15384044
1659568175 14366768
1659568176 15158006
1659568177 15546410
1659568178 13512984
1659568179 14991824
1659568180 13633540
1659568181 16876802
1659568182 15233844
1659568183 11477946
1659568184 16371332
1659568185 14443170
1659568186 13416838
1659568187 14502790
1659568188 12552756
1659568189 18523504
1659568190 13549034
1659568191 12896648
1659568192 15629892
1659568193 14460962
1659568194 13261814
1659568195 13784348
1659568196 14135344
1659568197 14521528
1659568198 15196328
1659568199 13950474
1659568200 13911106
1659568201 15006532
1659568202 14009444
1659568203 14029388
1659568204 14890220
1659568205 13166810
1659568206 15151300
1659568207 14207526
1659568208 14143636
1659568209 14995484
1659568210 15511914
1659568211 16938092
1659568212 12142512
1659568213 15384012
1659568214 14984772
1659568215 11570062
1659568216 16863244
1659568217 13963172
1659568218 13491362
1659568219 14057534
1659568220 13505516
1659568221 15633004
1659568222 12908650
1659568223 15148486
1659568224 13890072
1659568225 14925986
1659568226 14134238
1659568227 14613384
1659568228 14455436
1659568229 13862106
1659568230 13573276
1659568231 14590548
1659568232 13714966
1659568233 14122236
1659568234 13330972
1659568235 13305458
1659568236 15551748
1659568237 12990666
1659568238 15238220
1659568239 14192990
1659568240 14168834
1659568241 17641074
1659568242 14580434
1659568243 14062890
1659568244 16013906
1659568245 14420234
1659568246 13708362
1659568247 13506176
1659568248 12978664
1659568249 15499142
1659568250 15402162
1659568251 13127322
1659568252 13856294
1659568253 13961764
1659568254 13832188
1659568255 14062182
1659568256 15045662
1659568257 12621704
1659568258 15796768
1659568259 12691064
1659568260 14457256
1659568261 13470518
1659568262 15560858
1659568263 13213500
1659568264 13738414
1659568265 13005088
1659568266 14934890
1659568267 12836910
1659568268 15756406
1659568269 13424484
1659568270 17178426
1659568271 14405396
1659568272 12919510
1659568273 13087100
1659568274 16516320
1659568275 13440402
1659568276 12902872
1659568277 13843816
1659568278 18357988
1659568279 12982970
1659568280 12345842
1659568281 15759672
1659568282 13297124
1659568283 13180020
1659568284 13989986
1659568285 13009538
1659568286 15154132
1659568287 13716064
1659568288 14903286
1659568289 14106060
1659568290 14905772
1659568291 14275722
1659568292 13886644
1659568293 15184826
1659568294 14714678
1659568295 14454046
1659568296 16828954
1659568297 14261408
1659568298 14582848
1659568299 14056476
1659568300 16191836
1659568301 11010264
1659568302 434
