# events called


# events submitted


# events lost
# events called
1659570099 2706364
1659570100 650660
1659570101 3862488
1659570102 8049714
1659570103 11711508
1659570104 9401520
1659570105 9753468
1659570106 11404746
1659570107 10176852
1659570108 10723158
1659570109 11133390
1659570110 10700982
1659570111 10539414
1659570112 10235886
1659570113 10291164
1659570114 10995522
1659570115 9883602
1659570116 10316424
1659570117 10114998
1659570118 11062776
1659570119 10146354
1659570120 9633678
1659570121 10509768
1659570122 10319754
1659570123 10182840
1659570124 10690926
1659570125 9775050
1659570126 10207980
1659570127 10379502
1659570128 10506684
1659570129 10474260
1659570130 10042350
1659570131 10808256
1659570132 9662346
1659570133 11197644
1659570134 10532448
1659570135 8985276
1659570136 10508310
1659570137 10435740
1659570138 9759432
1659570139 11668806
1659570140 9401214
1659570141 9943668
1659570142 9466482
1659570143 10424052
1659570144 10350990
1659570145 9499044
1659570146 10679100
1659570147 10161960
1659570148 10505928
1659570149 10387050
1659570150 9277428
1659570151 10890102
1659570152 9833544
1659570153 11053266
1659570154 9852384
1659570155 10360986
1659570156 10186890
1659570157 9794526
1659570158 10861500
1659570159 12060474
1659570160 9938142
1659570161 10636470
1659570162 10174944
1659570163 10889718
1659570164 9357894
1659570165 10646010
1659570166 11884752
1659570167 10615314
1659570168 8907072
1659570169 10011318
1659570170 10522710
1659570171 10292844
1659570172 9911922
1659570173 10236264
1659570174 10798068
1659570175 9555162
1659570176 9534186
1659570177 10608522
1659570178 10136838
1659570179 9810768
1659570180 10116084
1659570181 10826556
1659570182 10781484
1659570183 9684024
1659570184 10556904
1659570185 9569520
1659570186 9529272
1659570187 10917312
1659570188 10686486
1659570189 10165182
1659570190 9894576
1659570191 11357214
1659570192 10589136
1659570193 10575636
1659570194 10512696
1659570195 8936838
1659570196 10385538
1659570197 12095388
1659570198 10052568
1659570199 10249572
1659570200 9272268
1659570201 10373040
1659570202 11030628
1659570203 9439656
1659570204 11088072
1659570205 10041216
1659570206 10832586
1659570207 9604590
1659570208 10879734
1659570209 9943254
1659570210 10097964
1659570211 10575996
1659570212 10281480
1659570213 10428294
1659570214 10516212
1659570215 9902112
1659570216 10114080
1659570217 11940942
1659570218 10921344
1659570219 9947616
1659570220 10417500
1659570221 12121398
1659570222 9569574
1659570223 11269974
1659570224 9766830
1659570225 8853888
1659570226 12102450
1659570227 10260534
1659570228 9292734
1659570229 12155250
1659570230 9762042
1659570231 9250248
1659570232 10293264
1659570233 10438878
1659570234 9938178
1659570235 10821180
1659570236 10015950
1659570237 11008440
1659570238 9944466
1659570239 10964688
1659570240 9069312
1659570241 10973676
1659570242 9601398
1659570243 10708518
1659570244 10417500
1659570245 8833788
1659570246 10343238
1659570247 10558866
1659570248 10094574
1659570249 11909400
1659570250 9923268
1659570251 9885684
1659570252 11238834
1659570253 10513704
1659570254 11112786
1659570255 10416072
1659570256 9150906
1659570257 9882126
1659570258 10660692
1659570259 10176528
1659570260 9544992
1659570261 10427772
1659570262 9966864
1659570263 10330080
1659570264 10529298
1659570265 8902680
1659570266 10455756
1659570267 9771888
1659570268 10466676
1659570269 10548606
1659570270 9691104
1659570271 11144394
1659570272 11076972
1659570273 9999882
1659570274 10421376
1659570275 9739944
1659570276 10415460
1659570277 10326138
1659570278 11012124
1659570279 10741488
1659570280 9600708
1659570281 12134412
1659570282 9236178
1659570283 9510834
1659570284 10836960
1659570285 8902152
1659570286 11177418
1659570287 9249744
1659570288 10881660
1659570289 10472004
1659570290 9112512
1659570291 10666536
1659570292 10141008
1659570293 10177872
1659570294 10195188
1659570295 9881034
1659570296 10478430
1659570297 10811034
1659570298 9574764
1659570299 10876506
1659570300 9155418
1659570301 11091234
1659570302 10074324
1659570303 10119558
1659570304 10635660
1659570305 8920572
1659570306 10559736
1659570307 10794912
1659570308 9328140
1659570309 10803864
1659570310 11228574
1659570311 10357410
1659570312 9634638
1659570313 10594974
1659570314 10407204
1659570315 9203280
1659570316 10201620
1659570317 12007908
1659570318 9586128
1659570319 8589084
1659570320 11453694
1659570321 10491588
1659570322 11144910
1659570323 8440932
1659570324 9810156
1659570325 10861860
1659570326 10057650
1659570327 10485672
1659570328 10009428
1659570329 9962634
1659570330 10248780
1659570331 10145406
1659570332 10165638
1659570333 10053222
1659570334 10155504
1659570335 10193316
1659570336 10442886
1659570337 9828210
1659570338 9978858
1659570339 11115492
1659570340 10372818
1659570341 10953714
1659570342 8699460
1659570343 11290614
1659570344 10314078
1659570345 9290298
1659570346 11230914
1659570347 10663404
1659570348 8869770
1659570349 10312416
1659570350 9857958
1659570351 10347360
1659570352 10500042
1659570353 9983574
1659570354 10212558
1659570355 11049072
1659570356 9540030
1659570357 10849056
1659570358 9521364
1659570359 10593612
1659570360 10487370
1659570361 10763616
1659570362 9996798
1659570363 10168392
1659570364 9998772
1659570365 10013454
1659570366 10577568
1659570367 10199700
1659570368 9621840
1659570369 9505170
1659570370 10913322
1659570371 10780278
1659570372 9658674
1659570373 11830380
1659570374 10351140
1659570375 9461820
1659570376 10923096
1659570377 9225432
1659570378 11053914
1659570379 11040102
1659570380 8947290
1659570381 9604638
1659570382 10536816
1659570383 9457140
1659570384 10958388
1659570385 9822744
1659570386 10549416
1659570387 9540696
1659570388 10395270
1659570389 10188732
1659570390 10081296
1659570391 10986654
1659570392 9309636
1659570393 10412052
1659570394 9352464
1659570395 11173506
1659570396 9713802
1659570397 11488188
1659570398 9411378
1659570399 11764464
1659570400 10273620
1659570401 4448106
1659570402 1134


# events submitted
1659570099 2706364
1659570100 650660
1659570101 3850986
1659570102 8027496
1659570103 11672400
1659570104 9391266
1659570105 9738078
1659570106 11380806
1659570107 10159278
1659570108 10707768
1659570109 11109030
1659570110 10676940
1659570111 10511604
1659570112 10220436
1659570113 10275474
1659570114 10967520
1659570115 9863070
1659570116 10299552
1659570117 10103700
1659570118 11044182
1659570119 10132110
1659570120 9617904
1659570121 10491858
1659570122 10304154
1659570123 10161012
1659570124 10667502
1659570125 9755838
1659570126 10191930
1659570127 10357122
1659570128 10488168
1659570129 10460328
1659570130 10016796
1659570131 10793550
1659570132 9645192
1659570133 11176698
1659570134 10507614
1659570135 8969610
1659570136 10493724
1659570137 10419342
1659570138 9744420
1659570139 11639058
1659570140 9385260
1659570141 9920034
1659570142 9456210
1659570143 10404714
1659570144 10329114
1659570145 9484296
1659570146 10653558
1659570147 10143708
1659570148 10489956
1659570149 10370148
1659570150 9266292
1659570151 10865352
1659570152 9810330
1659570153 11025672
1659570154 9835632
1659570155 10338606
1659570156 10170624
1659570157 9779298
1659570158 10837386
1659570159 12031134
1659570160 9916782
1659570161 10618104
1659570162 10145232
1659570163 10866024
1659570164 9344976
1659570165 10629438
1659570166 11858250
1659570167 10592418
1659570168 8889846
1659570169 9994134
1659570170 10500978
1659570171 10274856
1659570172 9896532
1659570173 10217832
1659570174 10777284
1659570175 9537510
1659570176 9520986
1659570177 10589202
1659570178 10119792
1659570179 9796320
1659570180 10097148
1659570181 10803906
1659570182 10754040
1659570183 9668742
1659570184 10538496
1659570185 9553194
1659570186 9512946
1659570187 10899564
1659570188 10669002
1659570189 9779346
1659570190 5541930
1659570191 6117654
1659570192 5843136
1659570193 6123666
1659570194 5363676
1659570195 5186856
1659570196 2865294
1659570197 3068244
1659570198 3005154
1659570199 2180382
1659570200 1421532
1659570201 2485614
1659570202 3041778
1659570203 2962824
1659570204 3050808
1659570205 2458680
1659570206 3000186
1659570207 2328366
1659570208 2886348
1659570209 2812956
1659570210 2638488
1659570211 2719968
1659570212 2340564
1659570213 2807832
1659570214 2903442
1659570215 2392818
1659570216 2313948
1659570217 2908224
1659570218 3048594
1659570219 2467356
1659570220 2984232
1659570221 3077400
1659570222 2482398
1659570223 2847750
1659570224 2627940
1659570225 1962438
1659570226 3080994
1659570227 2443530
1659570228 2064792
1659570229 3068382
1659570230 2412378
1659570231 2942934
1659570232 2393472
1659570233 2419080
1659570234 2784126
1659570235 2608410
1659570236 1648242
1659570237 1852752
1659570238 2199684
1659570239 2664798
1659570240 2293236
1659570241 3017166
1659570242 2087904
1659570243 2746134
1659570244 2995464
1659570245 2233044
1659570246 2704194
1659570247 2930742
1659570248 1644150
1659570249 2630370
1659570250 2824650
1659570251 2133552
1659570252 2443578
1659570253 2389218
1659570254 2456550
1659570255 2837220
1659570256 1746336
1659570257 2725524
1659570258 3004422
1659570259 2555502
1659570260 2521128
1659570261 1563696
1659570262 2571564
1659570263 2488110
1659570264 2054976
1659570265 1443570
1659570266 1856640
1659570267 1804302
1659570268 2195754
1659570269 2684556
1659570270 2491812
1659570271 2579274
1659570272 2472138
1659570273 2197542
1659570274 2376942
1659570275 2490144
1659570276 2889414
1659570277 1978278
1659570278 2200314
1659570279 2312508
1659570280 1753584
1659570281 2958462
1659570282 1530180
1659570283 2229846
1659570284 2309322
1659570285 2677032
1659570286 2788260
1659570287 1914408
1659570288 2912052
1659570289 2787312
1659570290 1665396
1659570291 2065542
1659570292 2147604
1659570293 2439630
1659570294 2741340
1659570295 2889942
1659570296 1956024
1659570297 1902762
1659570298 2256138
1659570299 2028186
1659570300 1427568
1659570301 2689374
1659570302 2401074
1659570303 1770558
1659570304 1921662
1659570305 2516400
1659570306 2465184
1659570307 2503422
1659570308 2813058
1659570309 2842320
1659570310 3030510
1659570311 2733906
1659570312 1783806
1659570313 2777136
1659570314 3076422
1659570315 1886634
1659570316 2673966
1659570317 2866554
1659570318 2638476
1659570319 1771818
1659570320 2960166
1659570321 2668668
1659570322 2832792
1659570323 1828518
1659570324 2714484
1659570325 2813670
1659570326 2436972
1659570327 2952354
1659570328 2188350
1659570329 2239038
1659570330 1424088
1659570331 3002766
1659570332 2914020
1659570333 2647812
1659570334 2917860
1659570335 2942412
1659570336 2380848
1659570337 1861650
1659570338 2806590
1659570339 2626026
1659570340 2174736
1659570341 3019122
1659570342 2037492
1659570343 2911068
1659570344 1893270
1659570345 1294110
1659570346 2691456
1659570347 2434650
1659570348 2604198
1659570349 2640432
1659570350 2168778
1659570351 2255202
1659570352 2466240
1659570353 2520456
1659570354 2916888
1659570355 3021750
1659570356 2594706
1659570357 2873952
1659570358 2630880
1659570359 2480736
1659570360 2306424
1659570361 2371596
1659570362 2811474
1659570363 2167314
1659570364 2106894
1659570365 2957958
1659570366 2969952
1659570367 3044064
1659570368 2636490
1659570369 2640804
1659570370 2859990
1659570371 3027492
1659570372 1465614
1659570373 2959278
1659570374 2035590
1659570375 1886976
1659570376 2975322
1659570377 2456580
1659570378 2777634
1659570379 2981856
1659570380 1717632
1659570381 1553406
1659570382 1866264
1659570383 2095218
1659570384 2955234
1659570385 2956260
1659570386 2721402
1659570387 2054700
1659570388 1889250
1659570389 1018746
1659570390 2926260
1659570391 1063872
1659570392 2635176
1659570393 1468590
1659570394 2386722
1659570395 1020228
1659570396 2180328
1659570397 1272204
1659570398 1920774
1659570399 667350
1659570400 2224728
1659570401 956136
1659570402 742


# events lost
1659570189 371052
1659570190 4356108
1659570191 5245656
1659570192 4751658
1659570193 4457322
1659570194 5152218
1659570195 3752868
1659570196 7525590
1659570197 9036714
1659570198 7054392
1659570199 8071110
1659570200 7853424
1659570201 7894290
1659570202 8001636
1659570203 6484536
1659570204 8042544
1659570205 7587702
1659570206 7839936
1659570207 7280268
1659570208 7999950
1659570209 7135992
1659570210 7466676
1659570211 7863582
1659570212 7946892
1659570213 7624158
1659570214 7616868
1659570215 7507032
1659570216 7805094
1659570217 9040128
1659570218 7878510
1659570219 7488624
1659570220 7441554
1659570221 9048816
1659570222 7093110
1659570223 8426022
1659570224 7148070
1659570225 6895758
1659570226 9018738
1659570227 7824780
1659570228 7230090
1659570229 9089454
1659570230 7355172
1659570231 6312834
1659570232 7900644
1659570233 8021406
1659570234 7156854
1659570235 8216832
1659570236 8368056
1659570237 9156654
1659570238 7744194
1659570239 8300706
1659570240 6778422
1659570241 7961730
1659570242 7515534
1659570243 7968240
1659570244 7427970
1659570245 6601782
1659570246 7643388
1659570247 7632936
1659570248 8448588
1659570249 9281448
1659570250 7105800
1659570251 7752774
1659570252 8797926
1659570253 8125458
1659570254 8656440
1659570255 7584006
1659570256 7405896
1659570257 7164222
1659570258 7662024
1659570259 7625784
1659570260 7028700
1659570261 8865468
1659570262 7402968
1659570263 7838856
1659570264 8476392
1659570265 7454358
1659570266 8602446
1659570267 7966206
1659570268 8273766
1659570269 7867182
1659570270 7200660
1659570271 8569548
1659570272 8608962
1659570273 7807062
1659570274 8048184
1659570275 7255464
1659570276 7531752
1659570277 8347998
1659570278 8816466
1659570279 8428974
1659570280 7851360
1659570281 9179976
1659570282 7706178
1659570283 7283460
1659570284 8530188
1659570285 6229974
1659570286 8394696
1659570287 7337736
1659570288 7977852
1659570289 7691094
1659570290 7448334
1659570291 8603082
1659570292 7996254
1659570293 7738584
1659570294 7459998
1659570295 6996420
1659570296 8525172
1659570297 8907732
1659570298 7319304
1659570299 8850186
1659570300 7726212
1659570301 8405658
1659570302 7677288
1659570303 8347092
1659570304 8713176
1659570305 6404130
1659570306 8097498
1659570307 8291508
1659570308 6521430
1659570309 7969266
1659570310 8207166
1659570311 7629774
1659570312 7852770
1659570313 7824972
1659570314 7340994
1659570315 7316790
1659570316 7532418
1659570317 9148782
1659570318 6950442
1659570319 6823230
1659570320 8497278
1659570321 7821528
1659570322 8317422
1659570323 6617778
1659570324 7098906
1659570325 8051850
1659570326 7623678
1659570327 7540200
1659570328 7823226
1659570329 7726500
1659570330 8822502
1659570331 7149582
1659570332 7252608
1659570333 7409148
1659570334 7243806
1659570335 7254426
1659570336 8063646
1659570337 7969998
1659570338 7181448
1659570339 8491974
1659570340 8200062
1659570341 7942032
1659570342 6658062
1659570343 8380128
1659570344 8420028
1659570345 7989102
1659570346 8543016
1659570347 8230386
1659570348 6267828
1659570349 7678932
1659570350 7687962
1659570351 8093976
1659570352 8038608
1659570353 7463130
1659570354 7302828
1659570355 8032626
1659570356 6948438
1659570357 7984974
1659570358 6894414
1659570359 8116032
1659570360 8182722
1659570361 8394912
1659570362 7189050
1659570363 8008608
1659570364 7894674
1659570365 7059744
1659570366 7613424
1659570367 7163196
1659570368 6988926
1659570369 6868710
1659570370 8057640
1659570371 7760076
1659570372 8188074
1659570373 8877636
1659570374 8312058
1659570375 7576410
1659570376 7948554
1659570377 6774936
1659570378 8285016
1659570379 8062986
1659570380 7229850
1659570381 8050704
1659570382 8667510
1659570383 7363596
1659570384 8010396
1659570385 6871650
1659570386 7833708
1659570387 7486680
1659570388 8504148
1659570389 9168708
1659570390 7159560
1659570391 9915684
1659570392 6678348
1659570393 8940306
1659570394 6967566
1659570395 10146126
1659570396 7535154
1659570397 10198452
1659570398 7491462
1659570399 11085540
1659570400 8044818
1659570401 3491004
1659570402 454
