# events called
1659566951 1937306
1659566952 1192168
1659566953 4048256
1659566954 12439158
1659566955 18248804
1659566956 15669964
1659566957 14523404
1659566958 15862276
1659566959 15296130
1659566960 15869276
1659566961 15820088
1659566962 14968372
1659566963 16515822
1659566964 14876092
1659566965 15536762
1659566966 15898830
1659566967 14902484
1659566968 16449952
1659566969 14512354
1659566970 16386974
1659566971 16110936
1659566972 12928012
1659566973 16124638
1659566974 15442814
1659566975 15633020
1659566976 15467744
1659566977 15153008
1659566978 15930920
1659566979 14420250
1659566980 17030150
1659566981 15269332
1659566982 15788616
1659566983 15661256
1659566984 15270676
1659566985 15362616
1659566986 15570732
1659566987 14911272
1659566988 15462944
1659566989 14908604
1659566990 17372440
1659566991 15400150
1659566992 12765096
1659566993 15395024
1659566994 15529014
1659566995 15936120
1659566996 14348182
1659566997 15189890
1659566998 16321988
1659566999 15432404
1659567000 15898772
1659567001 16374320
1659567002 13883520
1659567003 15082590
1659567004 16188950
1659567005 15287822
1659567006 14853286
1659567007 14947488
1659567008 15035098
1659567009 16103644
1659567010 16053322
1659567011 14155706
1659567012 16545078
1659567013 17266310
1659567014 16188948
1659567015 14976194
1659567016 18259794
1659567017 14848966
1659567018 15466120
1659567019 17375344
1659567020 15483544
1659567021 17067852
1659567022 14589058
1659567023 15229546
1659567024 16908494
1659567025 16757756
1659567026 14564390
1659567027 16179916
1659567028 16202290
1659567029 16789726
1659567030 16052434
1659567031 15137866
1659567032 16400582
1659567033 15430518
1659567034 15933344
1659567035 16729562
1659567036 17005266
1659567037 14375516
1659567038 15535020
1659567039 15891166
1659567040 16858230
1659567041 16329818
1659567042 13609882
1659567043 16857246
1659567044 17855558
1659567045 16929432
1659567046 14995786
1659567047 16170598
1659567048 16125822
1659567049 14298058
1659567050 16220768
1659567051 17901316
1659567052 15814710
1659567053 15715100
1659567054 16737862
1659567055 14973248
1659567056 16438524
1659567057 15372692
1659567058 15334296
1659567059 16008818
1659567060 16113230
1659567061 16256268
1659567062 15584688
1659567063 15398170
1659567064 16845146
1659567065 16165872
1659567066 15357666
1659567067 16197646
1659567068 15343752
1659567069 16339482
1659567070 16473774
1659567071 17359580
1659567072 16366454
1659567073 16872780
1659567074 16549142
1659567075 15009226
1659567076 18083806
1659567077 16310104
1659567078 14501152
1659567079 17727178
1659567080 14492590
1659567081 16680510
1659567082 15876568
1659567083 15130930
1659567084 16409010
1659567085 16821038
1659567086 16172828
1659567087 14899188
1659567088 15414452
1659567089 16295714
1659567090 16920476
1659567091 16493340
1659567092 13753544
1659567093 16191644
1659567094 16078356
1659567095 16708174
1659567096 16091990
1659567097 14356222
1659567098 16141740
1659567099 16631412
1659567100 15376562
1659567101 17244064
1659567102 15591024
1659567103 14691882
1659567104 16404258
1659567105 18376792
1659567106 15062788
1659567107 14763624
1659567108 18138574
1659567109 16858398
1659567110 14740436
1659567111 16658630
1659567112 15166082
1659567113 15767664
1659567114 17017724
1659567115 16181160
1659567116 16781162
1659567117 15298696
1659567118 14975586
1659567119 16896960
1659567120 16079824
1659567121 15346838
1659567122 16269206
1659567123 15694160
1659567124 16651166
1659567125 16143958
1659567126 16125068
1659567127 13820010
1659567128 15844690
1659567129 16433590
1659567130 16721356
1659567131 18199050
1659567132 15065294
1659567133 14751470
1659567134 17807876
1659567135 15324430
1659567136 16051056
1659567137 15105794
1659567138 14673770
1659567139 16980384
1659567140 17878956
1659567141 14884012
1659567142 14812288
1659567143 15880084
1659567144 16298608
1659567145 16101606
1659567146 16894604
1659567147 13001304
1659567148 16560716
1659567149 15832328
1659567150 15581112
1659567151 17213968
1659567152 15278640
1659567153 16803102
1659567154 15008720
1659567155 16761832
1659567156 16341814
1659567157 14318140
1659567158 16770062
1659567159 15206672
1659567160 15932688
1659567161 16853662
1659567162 16113682
1659567163 14010064
1659567164 16807642
1659567165 15553986
1659567166 14619016
1659567167 17827512
1659567168 14424628
1659567169 15450356
1659567170 16900078
1659567171 15724976
1659567172 16716292
1659567173 14615884
1659567174 15854894
1659567175 15049414
1659567176 16263680
1659567177 15585248
1659567178 15679738
1659567179 16091760
1659567180 15245270
1659567181 15962850
1659567182 16215182
1659567183 15592112
1659567184 16251752
1659567185 16933846
1659567186 15481498
1659567187 15934464
1659567188 16276380
1659567189 13914816
1659567190 17366252
1659567191 15041532
1659567192 16333676
1659567193 16882262
1659567194 14469840
1659567195 15542378
1659567196 16825154
1659567197 15011092
1659567198 15452774
1659567199 15259682
1659567200 15973806
1659567201 15434804
1659567202 16872672
1659567203 15996870
1659567204 14560882
1659567205 16718694
1659567206 15432944
1659567207 16032346
1659567208 16320100
1659567209 14651922
1659567210 16644034
1659567211 15261924
1659567212 16225556
1659567213 15755190
1659567214 15166276
1659567215 16282862
1659567216 14977488
1659567217 16881640
1659567218 16630550
1659567219 13706670
1659567220 16221156
1659567221 16694436
1659567222 15795272
1659567223 15384890
1659567224 14847030
1659567225 16890776
1659567226 14927236
1659567227 16141220
1659567228 16781324
1659567229 14414816
1659567230 16714900
1659567231 15561528
1659567232 15818828
1659567233 15408328
1659567234 15502530
1659567235 15745236
1659567236 16573174
1659567237 16220638
1659567238 15949930
1659567239 14959974
1659567240 16444470
1659567241 16628866
1659567242 15281666
1659567243 16615812
1659567244 14684896
1659567245 16117808
1659567246 15377576
1659567247 15894530
1659567248 16182938
1659567249 14832522
1659567250 16409444
1659567251 15452004
1659567252 15788826
1659567253 10751886
1659567254 1102


# events submitted
1659566951 1937306
1659566952 1192168
1659566953 4028006
1659566954 12373622
1659566955 18149738
1659566956 15620644
1659566957 14485588
1659566958 15807200
1659566959 15248490
1659566960 15815810
1659566961 15786674
1659566962 14911538
1659566963 16465884
1659566964 14823648
1659566965 15484250
1659566966 15859908
1659566967 14853590
1659566968 16387344
1659566969 14480804
1659566970 16336646
1659566971 16037750
1659566972 12906104
1659566973 16071714
1659566974 15396444
1659566975 15573482
1659566976 15432154
1659566977 15106026
1659566978 15873660
1659566979 14391528
1659566980 16977426
1659566981 15254468
1659566982 15718442
1659566983 15625810
1659566984 15219588
1659566985 15353142
1659566986 15507368
1659566987 14881626
1659566988 15416946
1659566989 14812070
1659566990 17301920
1659566991 15367282
1659566992 12731868
1659566993 15348038
1659566994 15511996
1659566995 15886382
1659566996 14347374
1659566997 15118758
1659566998 16271364
1659566999 15429240
1659567000 15860880
1659567001 16311798
1659567002 13850488
1659567003 15029998
1659567004 16111884
1659567005 15274036
1659567006 14819270
1659567007 14930094
1659567008 14985814
1659567009 16025148
1659567010 16011744
1659567011 14101854
1659567012 9378614
1659567013 6593764
1659567014 4635006
1659567015 3713270
1659567016 4548654
1659567017 2857918
1659567018 3705484
1659567019 4309408
1659567020 4030546
1659567021 4482736
1659567022 4171970
1659567023 4498888
1659567024 3920074
1659567025 4482790
1659567026 3863458
1659567027 4071230
1659567028 3545022
1659567029 4364606
1659567030 4574514
1659567031 3759196
1659567032 3767416
1659567033 3910092
1659567034 3832052
1659567035 3958968
1659567036 2258822
1659567037 1047674
1659567038 1726986
1659567039 1411270
1659567040 1047506
1659567041 1046068
1659567042 1738848
1659567043 618490
1659567044 844462
1659567045 1046054
1659567046 2089524
1659567047 948
1659567048 1192972
1659567049 2026274
1659567050 2015018
1659567051 47870
1659567052 1048332
1659567053 1073388
1659567054 1446062
1659567055 2033820
1659567056 1726936
1659567057 1046672
1659567058 1100554
1659567059 2038260
1659567060 1046538
1659567061 1119950
1659567062 1318944
1659567063 1412554
1659567064 1382256
1659567065 1170874
1659567066 1686190
1659567067 1330236
1659567068 1239012
1659567069 975960
1659567070 1448046
1659567071 558890
1659567072 1046930
1659567073 1047044
1659567074 825246
1659567075 2313392
1659567076 390
1659567077 1046614
1659567078 2093824
1659567079 332510
1659567080 1111324
1659567081 2743866
1659567082 1046562
1659567083 1100330
1659567084 2040788
1659567085 1047266
1659567086 1047070
1659567087 1047500
1659567088 1791398
1659567089 1200196
1659567090 1195782
1659567091 1047158
1659567092 1351756
1659567093 1787966
1659567094 1046160
1659567095 1046278
1659567096 1426032
1659567097 1152050
1659567098 1608048
1659567099 1047112
1659567100 1251630
1659567101 843112
1659567102 881422
1659567103 2175466
1659567104 1132362
1659567106 1126072
1659567107 2625628
1659567108 437340
1659567109 902512
1659567110 1991572
1659567111 1294098
1659567112 1078590
1659567113 1637492
1659567114 1471856
1659567115 1047188
1659567116 1046532
1659567117 1049332
1659567118 2079638
1659567119 1059482
1659567120 1046972
1659567121 2093860
1659567122 1046954
1659567123 1085652
1659567124 1189296
1659567125 1912990
1659567126 1046890
1659567127 1667842
1659567128 1472936
1659567129 926588
1659567130 1167186
1659567131 566
1659567132 724654
1659567133 1763860
1659567134 653808
1659567135 1454718
1659567136 1837282
1659567137 730016
1659567138 2411538
1659567139 1046756
1659567140 74172
1659567141 1842932
1659567142 2344102
1659567143 1047520
1659567144 1308176
1659567145 1832360
1659567146 1046642
1659567147 1046868
1659567148 2094404
1659567149 1046842
1659567150 1908080
1659567151 533396
1659567152 1746590
1659567153 1046758
1659567154 1914242
1659567155 1226782
1659567156 1061060
1659567157 2079970
1659567158 1047072
1659567159 1320428
1659567160 1702564
1659567161 1164240
1659567162 4096
1659567163 2392168
1659567164 745242
1659567165 1096942
1659567166 2754632
1659567167 356788
1659567168 2111402
1659567169 1379194
1659567170 699376
1659567171 2092326
1659567172 1047192
1659567173 1521736
1659567174 1619002
1659567175 1575964
1659567176 1565218
1659567177 1047136
1659567178 2093930
1659567179 1046534
1659567180 1105374
1659567181 2035636
1659567182 1047004
1659567183 1570690
1659567184 1571036
1659567185 1047110
1659567186 1255876
1659567187 1885220
1659567188 1047254
1659567189 1305122
1659567190 788460
1659567191 1947902
1659567192 1238710
1659567193 1002148
1659567194 1107598
1659567195 2033798
1659567196 1017956
1659567197 1288992
1659567198 2371554
1659567199 1603164
1659567200 1311206
1659567201 1829716
1659567202 1046962
1659567203 1113614
1659567204 1908490
1659567205 1165780
1659567206 1389878
1659567207 1750622
1659567208 1121708
1659567209 2019514
1659567210 1047646
1659567211 1620722
1659567212 1521618
1659567213 1433076
1659567214 1709218
1659567215 1174470
1659567216 1371664
1659567217 1642598
1659567218 1047962
1659567219 1310728
1659567220 1831528
1659567221 1047028
1659567222 788670
1659567223 2354598
1659567224 1048872
1659567225 869592
1659567226 2276476
1659567227 1042134
1659567228 1047056
1659567229 2096588
1659567230 769678
1659567231 2372354
1659567232 1047918
1659567233 2094048
1659567234 1047826
1659567235 1518792
1659567236 1624052
1659567237 1047490
1659567238 1519922
1659567239 1378094
1659567240 1291510
1659567241 1110904
1659567242 2030634
1659567243 1046882
1659567244 1558456
1659567245 1583872
1659567246 1364358
1659567247 1778148
1659567248 1110962
1659567249 2031540
1659567250 1047666
1659567251 2094188
1659567252 1046296
1659567253 270
1659567254 124


# events lost
1659567012 7220100
1659567013 10722012
1659567014 11574842
1659567015 11280980
1659567016 13743338
1659567017 12001752
1659567018 11771872
1659567019 13091898
1659567020 11471600
1659567021 12606272
1659567022 10460812
1659567023 10766550
1659567024 12995152
1659567025 12291230
1659567026 10721948
1659567027 12128042
1659567028 12677016
1659567029 12431068
1659567030 11522914
1659567031 11392342
1659567032 12629282
1659567033 11545486
1659567034 12106392
1659567035 12774528
1659567036 14739072
1659567037 13294940
1659567038 13766968
1659567039 14439236
1659567040 15752460
1659567041 15227504
1659567042 11850016
1659567043 16169376
1659567044 16943768
1659567045 15833398
1659567046 12892734
1659567047 16072246
1659567048 14887206
1659567049 12252058
1659567050 14165970
1659567051 17747556
1659567052 14705104
1659567053 14620282
1659567054 15266372
1659567055 12928904
1659567056 14675908
1659567057 14265176
1659567058 14202002
1659567059 13933836
1659567060 15017750
1659567061 15094146
1659567062 14226844
1659567063 13939894
1659567064 15398688
1659567065 14924430
1659567066 13663176
1659567067 14825188
1659567068 14068472
1659567069 15318788
1659567070 15006280
1659567071 16731668
1659567072 15262410
1659567073 15762232
1659567074 15647196
1659567075 12673882
1659567076 17991290
1659567077 15217630
1659567078 12385972
1659567079 17294134
1659567080 13330348
1659567081 13931714
1659567082 14766906
1659567083 14000660
1659567084 14325806
1659567085 15717150
1659567086 15074154
1659567087 13788798
1659567088 13607496
1659567089 15053646
1659567090 15663902
1659567091 15386352
1659567092 12370636
1659567093 14376184
1659567094 14953292
1659567095 15599258
1659567096 14592330
1659567097 13162144
1659567098 14497868
1659567099 15545150
1659567100 14087744
1659567101 16319856
1659567102 14670818
1659567103 12499022
1659567104 15221606
1659567105 18283950
1659567106 13897394
1659567107 12131776
1659567108 17620134
1659567109 15896030
1659567110 12706526
1659567111 15311810
1659567112 14039112
1659567113 14104104
1659567114 15508838
1659567115 15103454
1659567116 15684008
1659567117 14198484
1659567118 12867516
1659567119 15785246
1659567120 14976090
1659567121 13242636
1659567122 15150276
1659567123 14569122
1659567124 15406610
1659567125 14195394
1659567126 15024890
1659567127 12137274
1659567128 14337434
1659567129 15457140
1659567130 15497310
1659567131 18116848
1659567132 14254456
1659567133 12948190
1659567134 17063030
1659567135 13839562
1659567136 14172538
1659567137 14318212
1659567138 12236830
1659567139 15860834
1659567140 17677210
1659567141 13011716
1659567142 12458132
1659567143 14798952
1659567144 14955026
1659567145 14222804
1659567146 15790424
1659567147 11922454
1659567148 14419750
1659567149 14726662
1659567150 13642942
1659567151 16611002
1659567152 13511678
1659567153 15696154
1659567154 13068018
1659567155 15492444
1659567156 15209318
1659567157 12232884
1659567158 15641046
1659567159 13852060
1659567160 14193204
1659567161 15636954
1659567162 16012450
1659567163 11606032
1659567164 15973426
1659567165 14416658
1659567166 11860700
1659567167 17379268
1659567168 12310336
1659567169 14039410
1659567170 16140768
1659567171 13607146
1659567172 15607574
1659567173 13076060
1659567174 14205864
1659567175 13441398
1659567176 14650572
1659567177 14496758
1659567178 13570706
1659567179 14984978
1659567180 14104482
1659567181 13902258
1659567182 15125602
1659567183 13993696
1659567184 14631498
1659567185 15826688
1659567186 14177108
1659567187 13993132
1659567188 15173404
1659567189 12578790
1659567190 16511812
1659567191 13066426
1659567192 15036128
1659567193 15830788
1659567194 13312950
1659567195 13474126
1659567196 15764670
1659567197 13686018
1659567198 13069860
1659567199 13607472
1659567200 14618792
1659567201 13574706
1659567202 15763770
1659567203 14852692
1659567204 12609694
1659567205 15477402
1659567206 14010842
1659567207 14239888
1659567208 15135702
1659567209 12611170
1659567210 15535432
1659567211 13596656
1659567212 14666744
1659567213 14283304
1659567214 13419762
1659567215 15064860
1659567216 13571466
1659567217 15196854
1659567218 15544832
1659567219 12379358
1659567220 14346990
1659567221 15597416
1659567222 14953092
1659567223 13007526
1659567224 13761174
1659567225 15955674
1659567226 12639166
1659567227 15019200
1659567228 15667176
1659567229 12301654
1659567230 15900830
1659567231 13165818
1659567232 14721128
1659567233 13280250
1659567234 14408696
1659567235 14210034
1659567236 14912208
1659567237 15113028
1659567238 14389818
1659567239 13522974
1659567240 15113876
1659567241 15471842
1659567242 13243716
1659567243 15518058
1659567244 13093936
1659567245 14494142
1659567246 13965110
1659567247 14076226
1659567248 15039926
1659567249 12789730
1659567250 15292604
1659567251 13357134
1659567252 14677422
1659567253 10692822
1659567254 1040
