# events called
1659607124 1686930
1659607125 1880174
1659607126 3306452
1659607127 12635270
1659607128 19451160
1659607129 20606320
1659607130 17119500
1659607131 16519062
1659607132 17241082
1659607133 16283460
1659607134 17494488
1659607135 17720030
1659607136 16947306
1659607137 17630682
1659607138 15815846
1659607139 18349076
1659607140 14950610
1659607141 16069312
1659607142 17547822
1659607143 15923932
1659607144 17702930
1659607145 15725532
1659607146 17990012
1659607147 15633236
1659607148 18004808
1659607149 15144302
1659607150 17464522
1659607151 18035692
1659607152 16766730
1659607153 18080324
1659607154 16789126
1659607155 16418806
1659607156 16603352
1659607157 18079828
1659607158 16417988
1659607159 18245036
1659607160 16588110
1659607161 15296890
1659607162 15703264
1659607163 19427076
1659607164 16517394
1659607165 14205248
1659607166 16474780
1659607167 17311558
1659607168 15931696
1659607169 17770094
1659607170 14744118
1659607171 17532402
1659607172 17512336
1659607173 17315188
1659607174 18190750
1659607175 14893874
1659607176 17467010
1659607177 18031240
1659607178 16696512
1659607179 18015780
1659607180 16688870
1659607181 17399242
1659607182 17178484
1659607183 17879034
1659607184 17510168
1659607185 16254600
1659607186 20252228
1659607187 17786852
1659607188 18153218
1659607189 16046620
1659607190 16973326
1659607191 18856194
1659607192 17735234
1659607193 16166652
1659607194 19198428
1659607195 14395928
1659607196 19678190
1659607197 17263694
1659607198 16284564
1659607199 16617040
1659607200 16450248
1659607201 16736440
1659607202 17654834
1659607203 17788088
1659607204 16396424
1659607205 17959070
1659607206 16467596
1659607207 17580838
1659607208 15816416
1659607209 18171756
1659607210 14902388
1659607211 18378580
1659607212 16929700
1659607213 17466370
1659607214 16318812
1659607215 15848862
1659607216 17593638
1659607217 18924482
1659607218 17156482
1659607219 16608520
1659607220 16804028
1659607221 15328924
1659607222 16675812
1659607223 16742540
1659607224 16615128
1659607225 14815188
1659607226 16476066
1659607227 17300616
1659607228 18204854
1659607229 15969602
1659607230 17643526
1659607231 16307390
1659607232 17684976
1659607233 15996894
1659607234 18140034
1659607235 15599408
1659607236 17767704
1659607237 17061056
1659607238 17614158
1659607239 17910426
1659607240 15622312
1659607241 16416794
1659607242 18764494
1659607243 18636274
1659607244 20465876
1659607245 14884478
1659607246 16160242
1659607247 20137708
1659607248 15488076
1659607249 18440252
1659607250 14911648
1659607251 15853832
1659607252 16089018
1659607253 17937846
1659607254 16183700
1659607255 15776260
1659607256 17233222
1659607257 16536968
1659607258 18659230
1659607259 15595790
1659607260 17986632
1659607261 15054984
1659607262 18348544
1659607263 15458866
1659607264 17240144
1659607265 15810122
1659607266 17627690
1659607267 16382256
1659607268 17475386
1659607269 16378374
1659607270 16851348
1659607271 16506034
1659607272 17502230
1659607273 16167560
1659607274 17753280
1659607275 17912714
1659607276 16682758
1659607277 17015712
1659607278 17581002
1659607279 16546706
1659607280 16719080
1659607281 16898400
1659607282 16773190
1659607283 16060646
1659607284 17572254
1659607285 15450424
1659607286 18709340
1659607287 15446252
1659607288 17914728
1659607289 17200852
1659607290 15674012
1659607291 18601394
1659607292 16693412
1659607293 18155686
1659607294 16190216
1659607295 16196738
1659607296 16535960
1659607297 17775766
1659607298 16955320
1659607299 18487088
1659607300 15403040
1659607301 16279542
1659607302 17599542
1659607303 16837886
1659607304 16999482
1659607305 16629382
1659607306 18689844
1659607307 14930878
1659607308 18736608
1659607309 15878136
1659607310 16176234
1659607311 18467920
1659607312 18474446
1659607313 17428522
1659607314 17198398
1659607315 15472198
1659607316 16414922
1659607317 18013766
1659607318 16818346
1659607319 18747380
1659607320 15707992
1659607321 17588934
1659607322 18766370
1659607323 15535988
1659607324 18189966
1659607325 14904926
1659607326 18006192
1659607327 16890152
1659607328 16969498
1659607329 17463974
1659607330 16064958
1659607331 18334866
1659607332 16864532
1659607333 16519548
1659607334 16289568
1659607335 16247930
1659607336 19684994
1659607337 16368418
1659607338 17167032
1659607339 18434050
1659607340 15652310
1659607341 19090192
1659607342 15500696
1659607343 17751048
1659607344 17437722
1659607345 15991482
1659607346 18343068
1659607347 16015220
1659607348 18059402
1659607349 15872986
1659607350 17617226
1659607351 17062310
1659607352 17823342
1659607353 16124420
1659607354 17905522
1659607355 14222482
1659607356 18169488
1659607357 15856122
1659607358 17476754
1659607359 15745640
1659607360 17229346
1659607361 16548130
1659607362 19210646
1659607363 16192850
1659607364 18476670
1659607365 17059726
1659607366 17657194
1659607367 16438952
1659607368 16478606
1659607369 16325214
1659607370 16233370
1659607371 16767092
1659607372 19577086
1659607373 15482184
1659607374 16024644
1659607375 15959492
1659607376 18143960
1659607377 16528118
1659607378 17886726
1659607379 16452650
1659607380 16942078
1659607381 17028126
1659607382 16982118
1659607383 17381864
1659607384 17216264
1659607385 15871268
1659607386 16212222
1659607387 17540920
1659607388 18160372
1659607389 16719880
1659607390 19524798
1659607391 15627726
1659607392 15925730
1659607393 15834814
1659607394 17642346
1659607395 16252848
1659607396 18393132
1659607397 17331674
1659607398 17523004
1659607399 16656680
1659607400 15962368
1659607401 16575558
1659607402 15356420
1659607403 16628972
1659607404 18815048
1659607405 15810718
1659607406 16353306
1659607407 16754946
1659607408 16906702
1659607409 16431742
1659607410 16190042
1659607411 17847004
1659607412 16469908
1659607413 16725342
1659607414 16989114
1659607415 16989036
1659607416 16696960
1659607417 16289138
1659607418 17399816
1659607419 16664206
1659607420 16252120
1659607421 17199914
1659607422 18205486
1659607423 17269276
1659607424 16573832
1659607425 19417072
1659607426 12956818
1659607427 1368


# events submitted
1659607124 1686930
1659607125 1880174
1659607126 3296962
1659607127 12576574
1659607128 19348578
1659607129 20500962
1659607130 17047194
1659607131 16463074
1659607132 17167882
1659607133 16231708
1659607134 17402754
1659607135 17650486
1659607136 16885188
1659607137 17581512
1659607138 15772330
1659607139 18295076
1659607140 14910128
1659607141 16036334
1659607142 17476206
1659607143 15873012
1659607144 17613154
1659607145 15706720
1659607146 17906030
1659607147 15597758
1659607148 17957766
1659607149 15101478
1659607150 17409312
1659607151 17995048
1659607152 16701194
1659607153 18004434
1659607154 16732972
1659607155 16349032
1659607156 16547144
1659607157 18011586
1659607158 16365336
1659607159 18184934
1659607160 16542848
1659607161 15268522
1659607162 15660666
1659607163 19350564
1659607164 16472362
1659607165 14178094
1659607166 16415518
1659607167 17255894
1659607168 15899994
1659607169 17664526
1659607170 14707528
1659607171 17489366
1659607172 17455304
1659607173 17245234
1659607174 18140162
1659607175 14849272
1659607176 17397318
1659607177 17941102
1659607178 16651132
1659607179 17947624
1659607180 11954304
1659607181 5803144
1659607182 3223578
1659607183 3792232
1659607184 4641148
1659607185 3499414
1659607186 4556460
1659607187 3314610
1659607188 4450408
1659607189 2892622
1659607190 3791852
1659607191 3509452
1659607192 4391072
1659607193 1450670
1659607194 4953294
1659607195 4620638
1659607196 4801846
1659607197 4500016
1659607198 2574568
1659607199 4152678
1659607200 4000850
1659607201 3980788
1659607202 4184446
1659607203 4947548
1659607204 4572490
1659607205 4905922
1659607206 5141640
1659607207 3861154
1659607208 1639946
1659607209 4966470
1659607210 3542268
1659607211 3182294
1659607212 2984840
1659607213 4536388
1659607214 3813188
1659607215 2335258
1659607216 2643718
1659607217 3647630
1659607218 4589426
1659607219 4696156
1659607220 4365728
1659607221 4906230
1659607222 3671252
1659607223 4845310
1659607224 4659338
1659607225 3503726
1659607226 4934934
1659607227 3631350
1659607228 5168078
1659607229 4105412
1659607230 4944292
1659607231 3204478
1659607232 1640548
1659607233 1719694
1659607234 2563824
1659607235 1972244
1659607236 1664578
1659607237 1801442
1659607238 2321170
1659607239 929606
1659607240 2376436
1659607241 2088304
1659607242 1156140
1659607243 2131832
1659607244 1268
1659607245 2507726
1659607246 3280668
1659607247 784
1659607248 2380952
1659607249 1961364
1659607250 2091974
1659607251 2585422
1659607252 2586974
1659607253 2063334
1659607254 2091894
1659607255 2250552
1659607256 1452844
1659607257 2888294
1659607258 1447650
1659607259 2664238
1659607260 1676906
1659607261 2867180
1659607262 1474356
1659607263 2525414
1659607264 1816070
1659607265 2895012
1659607266 1446844
1659607267 1387498
1659607268 2953914
1659607269 2879094
1659607270 1461812
1659607271 2371232
1659607272 1969616
1659607273 2113752
1659607274 2228388
1659607275 932972
1659607276 1780190
1659607277 3076576
1659607278 1448546
1659607279 2894274
1659607280 1141068
1659607281 2408542
1659607282 2240202
1659607283 2343456
1659607284 1997364
1659607285 2480928
1659607286 1860186
1659607287 1474152
1659607288 2867796
1659607289 1640114
1659607290 2229708
1659607291 1918946
1659607292 1736550
1659607293 1167662
1659607294 2684154
1659607295 1738380
1659607296 2830492
1659607297 2250758
1659607298 2063700
1659607299 1447364
1659607300 1446232
1659607301 2660056
1659607302 1680224
1659607303 1818446
1659607304 2430948
1659607305 1539882
1659607306 491568
1659607307 2426014
1659607308 1426234
1659607309 1725078
1659607310 4065976
1659607311 878110
1659607312 1795130
1659607313 1964006
1659607314 2186118
1659607315 1469610
1659607316 1854924
1659607317 3491070
1659607318 2283236
1659607319 1447614
1659607320 1984432
1659607321 2101242
1659607322 1702762
1659607323 2134234
1659607324 1972384
1659607325 1886026
1659607326 2372938
1659607327 2329122
1659607328 2331820
1659607329 1841678
1659607330 2085606
1659607331 1861850
1659607332 1766186
1659607333 1962476
1659607334 2636470
1659607335 2318762
1659607336 348194
1659607337 2456192
1659607338 2143862
1659607339 847476
1659607340 2888422
1659607341 407316
1659607342 2354056
1659607343 3027890
1659607344 1477028
1659607345 2424838
1659607346 1887752
1659607347 2306572
1659607348 2035046
1659607349 2098916
1659607350 1352568
1659607351 2492890
1659607352 2129498
1659607353 2485686
1659607354 1231250
1659607355 2292106
1659607356 2674178
1659607357 2275444
1659607358 1717570
1659607359 3231156
1659607360 1850428
1659607361 2293792
1659607362 844786
1659607363 2784558
1659607364 1544750
1659607365 204006
1659607366 2952040
1659607367 1873526
1659607368 3233610
1659607369 2131978
1659607370 1337714
1659607371 2397626
1659607372 208880
1659607373 2376558
1659607374 3763570
1659607375 2336790
1659607376 1449666
1659607377 2253114
1659607378 2086930
1659607379 2009556
1659607380 2331478
1659607381 1581218
1659607382 2479402
1659607383 1730278
1659607384 2099322
1659607385 2242342
1659607386 1917758
1659607387 1633278
1659607388 2239414
1659607389 1861312
1659607390 1063486
1659607391 2866934
1659607392 1606732
1659607393 2734412
1659607394 1447750
1659607395 2894456
1659607396 1445872
1659607397 305638
1659607398 3074810
1659607399 1598964
1659607400 3217310
1659607401 2344202
1659607402 1796196
1659607403 2600984
1659607404 10270
1659607405 2205178
1659607406 4267268
1659607407 1705892
1659607408 2361892
1659607409 2331878
1659607410 2404194
1659607411 1650456
1659607412 2359272
1659607413 2429950
1659607414 1488128
1659607415 2853746
1659607416 1888660
1659607417 2278508
1659607418 1962116
1659607419 2555566
1659607420 2039378
1659607421 2300646
1659607422 1446800
1659607423 1446258
1659607424 2894850
1659607425 81330
1659607426 1447282


# events lost
1659607180 4720280
1659607181 11636416
1659607182 13967262
1659607183 14090952
1659607184 12880244
1659607185 12767676
1659607186 15708330
1659607187 14485330
1659607188 13719822
1659607189 13156360
1659607190 13201660
1659607191 15350978
1659607192 13360002
1659607193 14697908
1659607194 14270802
1659607195 9798006
1659607196 14907252
1659607197 12772934
1659607198 13706312
1659607199 12462210
1659607200 12478800
1659607201 12769092
1659607202 13481962
1659607203 12865712
1659607204 11839258
1659607205 13086350
1659607206 11369072
1659607207 13733722
1659607208 14162028
1659607209 13240394
1659607210 11377254
1659607211 15209790
1659607212 13952792
1659607213 12953704
1659607214 12536366
1659607215 13505608
1659607216 14952528
1659607217 15282798
1659607218 12593280
1659607219 11943396
1659607220 12453604
1659607221 10456686
1659607222 13026984
1659607223 11940210
1659607224 11992052
1659607225 11324000
1659607226 11580128
1659607227 13678252
1659607228 13086010
1659607229 11886610
1659607230 12735664
1659607231 13112144
1659607232 15997176
1659607233 14260380
1659607234 15551334
1659607235 13600050
1659607236 16053506
1659607237 15235664
1659607238 15254008
1659607239 16929126
1659607240 13231944
1659607241 14291012
1659607242 17539178
1659607243 16450408
1659607244 20340982
1659607245 12373780
1659607246 12890560
1659607247 20033162
1659607248 13095218
1659607249 16415148
1659607250 12803128
1659607251 13268318
1659607252 13490650
1659607253 15833854
1659607254 14065070
1659607255 13502276
1659607256 15752746
1659607257 13635548
1659607258 17152884
1659607259 12932674
1659607260 16225758
1659607261 12192708
1659607262 16822326
1659607263 12924936
1659607264 15382310
1659607265 12912946
1659607266 16120198
1659607267 14986414
1659607268 14501280
1659607269 13494330
1659607270 15328798
1659607271 14129966
1659607272 15487152
1659607273 14036200
1659607274 15491956
1659607275 16898978
1659607276 14850972
1659607277 13934622
1659607278 16081198
1659607279 13635848
1659607280 15540158
1659607281 14472308
1659607282 14509066
1659607283 13689050
1659607284 15537368
1659607285 12967376
1659607286 16796200
1659607287 13962580
1659607288 14998608
1659607289 15535116
1659607290 13448508
1659607291 16664176
1659607292 14919628
1659607293 16933606
1659607294 13495250
1659607295 14420524
1659607296 13714586
1659607297 15472736
1659607298 14851418
1659607299 16978578
1659607300 13926152
1659607301 13601422
1659607302 15868094
1659607303 14987642
1659607304 14545866
1659607305 15056774
1659607306 18109282
1659607307 12508622
1659607308 17270220
1659607309 14135588
1659607310 12117926
1659607311 17532870
1659607312 16643934
1659607313 15412754
1659607314 14986626
1659607315 13973546
1659607316 14537122
1659607317 14524226
1659607318 14513712
1659607319 17244992
1659607320 13683402
1659607321 15486700
1659607322 17003936
1659607323 13389854
1659607324 16161902
1659607325 13000248
1659607326 15610054
1659607327 14538046
1659607328 14593638
1659607329 15581188
1659607330 13946438
1659607331 16409032
1659607332 15058988
1659607333 14531240
1659607334 13658656
1659607335 13916610
1659607336 19235080
1659607337 13877326
1659607338 14979770
1659607339 17527476
1659607340 12766758
1659607341 18575816
1659607342 13143368
1659607343 14711748
1659607344 15904906
1659607345 13564248
1659607346 16398496
1659607347 13689794
1659607348 15967640
1659607349 13753032
1659607350 16199740
1659607351 14558416
1659607352 15654412
1659607353 13628322
1659607354 16618392
1659607355 11922198
1659607356 15465794
1659607357 13567816
1659607358 15728526
1659607359 12528680
1659607360 15323786
1659607361 14242164
1659607362 18320214
1659607363 13405210
1659607364 16880826
1659607365 16761846
1659607366 14659986
1659607367 14536022
1659607368 13241910
1659607369 14163834
1659607370 14844452
1659607371 14346446
1659607372 19274312
1659607373 13077498
1659607374 12270052
1659607375 13605244
1659607376 16650016
1659607377 14245042
1659607378 15753496
1659607379 14398356
1659607380 14583936
1659607381 15386232
1659607382 14463036
1659607383 15594026
1659607384 15104046
1659607385 13601352
1659607386 14261066
1659607387 15866874
1659607388 15894700
1659607389 14828658
1659607390 18396362
1659607391 12763848
1659607392 14303056
1659607393 13106750
1659607394 16151448
1659607395 13343870
1659607396 16879978
1659607397 16929624
1659607398 14424384
1659607399 15012302
1659607400 12749066
1659607401 14205580
1659607402 13515676
1659607403 14009732
1659607404 18726418
1659607405 13597270
1659607406 12102238
1659607407 15022666
1659607408 14524912
1659607409 14074322
1659607410 13785768
1659607411 16167514
1659607412 14050982
1659607413 14260582
1659607414 15481874
1659607415 14116184
1659607416 14772808
1659607417 13986230
1659607418 15407416
1659607419 14087522
1659607420 14177648
1659607421 14861986
1659607422 16681960
1659607423 15780376
1659607424 13669600
1659607425 19278904
1659607426 11480810
1659607427 1368
