# events called
1659569048 1379606
1659569049 1846828
1659569050 470230
1659569051 7311246
1659569052 10370052
1659569053 11005766
1659569054 9215350
1659569055 11013306
1659569056 10592626
1659569057 10509080
1659569058 11113318
1659569059 9717754
1659569060 10982784
1659569061 10952022
1659569062 9646034
1659569063 11089284
1659569064 9665020
1659569065 11091014
1659569066 10466110
1659569067 10476414
1659569068 10737952
1659569069 9099036
1659569070 10972014
1659569071 10572630
1659569072 10548416
1659569073 10245038
1659569074 10207006
1659569075 9975800
1659569076 10314730
1659569077 10960602
1659569078 9942814
1659569079 10351680
1659569080 10730934
1659569081 9668452
1659569082 10662358
1659569083 11478732
1659569084 8838852
1659569085 10817258
1659569086 10950124
1659569087 9774244
1659569088 11386162
1659569089 10093132
1659569090 9830940
1659569091 9688986
1659569092 10872712
1659569093 10686140
1659569094 8859980
1659569095 10877236
1659569096 10723004
1659569097 10435858
1659569098 10090086
1659569099 9452380
1659569100 10521500
1659569101 10627736
1659569102 11245416
1659569103 9494680
1659569104 10478708
1659569105 10429154
1659569106 10260612
1659569107 11371274
1659569108 9665696
1659569109 10452572
1659569110 11380104
1659569111 9249098
1659569112 10587470
1659569113 11685764
1659569114 9949190
1659569115 10167660
1659569116 10808980
1659569117 9737048
1659569118 10744512
1659569119 11178764
1659569120 9673252
1659569121 10149388
1659569122 10396044
1659569123 10227108
1659569124 10110388
1659569125 10409678
1659569126 10438426
1659569127 10443964
1659569128 10328006
1659569129 10355032
1659569130 9592554
1659569131 10919778
1659569132 10895700
1659569133 9956418
1659569134 10033746
1659569135 10286768
1659569136 10325736
1659569137 10490410
1659569138 10410662
1659569139 9933238
1659569140 11440480
1659569141 10620986
1659569142 10180750
1659569143 11399960
1659569144 9676938
1659569145 10334998
1659569146 11678724
1659569147 9725160
1659569148 11287440
1659569149 10904166
1659569150 10416042
1659569151 10335542
1659569152 10382892
1659569153 10561580
1659569154 10361364
1659569155 10636220
1659569156 10101628
1659569157 11141312
1659569158 9869264
1659569159 10701288
1659569160 10959946
1659569161 10546668
1659569162 11189868
1659569163 9800388
1659569164 10397278
1659569165 10526176
1659569166 11027362
1659569167 11159758
1659569168 10499126
1659569169 9356648
1659569170 10861362
1659569171 11213868
1659569172 10360412
1659569173 11077920
1659569174 10296462
1659569175 8961256
1659569176 11426714
1659569177 9871216
1659569178 10981708
1659569179 10568732
1659569180 9651510
1659569181 11126518
1659569182 10894346
1659569183 9826284
1659569184 10068388
1659569185 9881684
1659569186 11070026
1659569187 10282340
1659569188 10584632
1659569189 10122204
1659569190 10220740
1659569191 11147916
1659569192 10209730
1659569193 10861432
1659569194 10023736
1659569195 11090512
1659569196 10018230
1659569197 10587714
1659569198 11813844
1659569199 9685876
1659569200 11215018
1659569201 10621492
1659569202 10895834
1659569203 11643488
1659569204 9553684
1659569205 11178298
1659569206 11061946
1659569207 9234482
1659569208 11411458
1659569209 9408282
1659569210 9952424
1659569211 11172612
1659569212 10634850
1659569213 10650990
1659569214 10379090
1659569215 9852754
1659569216 11097050
1659569217 10753338
1659569218 10963246
1659569219 9631898
1659569220 11082092
1659569221 9983612
1659569222 10733570
1659569223 11117900
1659569224 9795474
1659569225 11025526
1659569226 9987250
1659569227 10743390
1659569228 11135896
1659569229 9327664
1659569230 12028734
1659569231 11139136
1659569232 9623908
1659569233 11881836
1659569234 10433006
1659569235 10055766
1659569236 10616720
1659569237 12066550
1659569238 9629898
1659569239 10150412
1659569240 10839386
1659569241 9507702
1659569242 10943092
1659569243 11019624
1659569244 9231662
1659569245 10736606
1659569246 9779696
1659569247 10910022
1659569248 10480068
1659569249 9972782
1659569250 11169752
1659569251 10324534
1659569252 10834068
1659569253 10382440
1659569254 10630566
1659569255 11152112
1659569256 11205424
1659569257 10508482
1659569258 10572384
1659569259 9312922
1659569260 11843514
1659569261 10081796
1659569262 10756060
1659569263 10313136
1659569264 10660736
1659569265 10071070
1659569266 10747842
1659569267 10691244
1659569268 11292810
1659569269 9511600
1659569270 10315772
1659569271 11154102
1659569272 10208010
1659569273 10520662
1659569274 10307158
1659569275 10308258
1659569276 10497460
1659569277 11070338
1659569278 11777642
1659569279 10226800
1659569280 10596532
1659569281 11180840
1659569282 10106796
1659569283 10547834
1659569284 10195954
1659569285 10522404
1659569286 11142046
1659569287 9785626
1659569288 10931780
1659569289 10641574
1659569290 10903328
1659569291 10972678
1659569292 10303008
1659569293 10399694
1659569294 10542082
1659569295 10940562
1659569296 10598350
1659569297 10004908
1659569298 10618078
1659569299 9405764
1659569300 11166384
1659569301 9546482
1659569302 11217256
1659569303 11028704
1659569304 10071686
1659569305 10776988
1659569306 10518440
1659569307 10897054
1659569308 10328584
1659569309 9177530
1659569310 11073576
1659569311 10893808
1659569312 10243680
1659569313 10995396
1659569314 10486724
1659569315 10555350
1659569316 10710094
1659569317 10570854
1659569318 10823804
1659569319 9562610
1659569320 10234244
1659569321 12018724
1659569322 10109472
1659569323 10678298
1659569324 10875610
1659569325 9764252
1659569326 11078162
1659569327 10604102
1659569328 10400494
1659569329 10064994
1659569330 11153218
1659569331 10535910
1659569332 10493492
1659569333 10837458
1659569334 10392690
1659569335 11318232
1659569336 10147328
1659569337 10944796
1659569338 10674724
1659569339 9575848
1659569340 10172584
1659569341 10802410
1659569342 10952748
1659569343 9735898
1659569344 10055218
1659569345 10290650
1659569346 10481850
1659569347 11201634
1659569348 11772710
1659569349 10090128
1659569350 9802312
1659569351 1114


# events submitted
1659569048 1379606
1659569049 1846828
1659569050 468834
1659569051 7295068
1659569052 10316202
1659569053 10986350
1659569054 9205106
1659569055 10990016
1659569056 10573104
1659569057 10492988
1659569058 11093584
1659569059 9703358
1659569060 10962164
1659569061 10934306
1659569062 9630822
1659569063 11080272
1659569064 9654074
1659569065 11070998
1659569066 10452082
1659569067 10460726
1659569068 10716044
1659569069 9080414
1659569070 10948140
1659569071 10553118
1659569072 10529662
1659569073 10234022
1659569074 10195548
1659569075 9961486
1659569076 10296148
1659569077 10944676
1659569078 9926966
1659569079 10336670
1659569080 10708912
1659569081 9656396
1659569082 10632980
1659569083 11458004
1659569084 8829852
1659569085 10799678
1659569086 10927472
1659569087 9765818
1659569088 11369488
1659569089 10075088
1659569090 9814374
1659569091 9681706
1659569092 10848994
1659569093 10669890
1659569094 8849492
1659569095 10853946
1659569096 10703090
1659569097 10418202
1659569098 10077084
1659569099 9435720
1659569100 10508970
1659569101 10608016
1659569102 11229080
1659569103 9480358
1659569104 10458672
1659569105 10416480
1659569106 10243096
1659569107 11346750
1659569108 9653862
1659569109 10431782
1659569110 11357462
1659569111 9233202
1659569112 10568060
1659569113 11660038
1659569114 9929880
1659569115 10153150
1659569116 10783680
1659569117 9719476
1659569118 10720710
1659569119 11160744
1659569120 9653658
1659569121 10133298
1659569122 10374924
1659569123 10205930
1659569124 10087220
1659569125 10391322
1659569126 10418836
1659569127 10419540
1659569128 10312718
1659569129 10331898
1659569130 9580978
1659569131 10903720
1659569132 10879270
1659569133 9940002
1659569134 10019764
1659569135 10271148
1659569136 10308474
1659569137 10474554
1659569138 10396348
1659569139 9207010
1659569140 7178156
1659569141 3498636
1659569142 2864768
1659569143 2593116
1659569144 2404770
1659569145 2935616
1659569146 2755414
1659569147 2731608
1659569148 3025556
1659569149 2715054
1659569150 2183506
1659569151 2154284
1659569152 2134044
1659569153 2932972
1659569154 2616150
1659569155 2280000
1659569156 1885596
1659569157 3015746
1659569158 2443470
1659569159 2746054
1659569160 2841438
1659569161 2628952
1659569162 2356908
1659569163 2422778
1659569164 2427600
1659569165 2941692
1659569166 2875060
1659569167 3021556
1659569168 2880688
1659569169 2695668
1659569170 2956656
1659569171 2509254
1659569172 1915610
1659569173 2824518
1659569174 2399052
1659569175 1696418
1659569176 3014944
1659569177 3019478
1659569178 3029220
1659569179 2737480
1659569180 2567234
1659569181 2769232
1659569182 2401622
1659569183 1470734
1659569184 2249050
1659569185 2191252
1659569186 2571216
1659569187 2106876
1659569188 1933104
1659569189 2751220
1659569190 2965416
1659569191 3004632
1659569192 2406878
1659569193 2210024
1659569194 2402254
1659569195 2971550
1659569196 2966094
1659569197 2709048
1659569198 3009118
1659569199 2778192
1659569200 2981764
1659569201 2661980
1659569202 2734698
1659569203 3022794
1659569204 2807564
1659569205 3023046
1659569206 2923164
1659569207 2874802
1659569208 2856966
1659569209 2813088
1659569210 1697344
1659569211 2966652
1659569212 2436714
1659569213 2186964
1659569214 2858822
1659569215 2458554
1659569216 2866934
1659569217 2599638
1659569218 3020862
1659569219 2795750
1659569220 2580992
1659569221 2229996
1659569222 2656024
1659569223 2908834
1659569224 2602522
1659569225 2998080
1659569226 2761634
1659569227 2454706
1659569228 2195422
1659569229 1713000
1659569230 750508
1659569231 1065506
1659569232 1830744
1659569233 341402
1659569234 1270072
1659569235 1778788
1659569236 2247590
1659569237 6176
1659569238 1473682
1659569239 1727280
1659569240 1065820
1659569241 1879238
1659569242 1490376
1659569243 894864
1659569244 1755700
1659569245 1441676
1659569246 1472148
1659569247 1728152
1659569248 1067844
1659569249 1551802
1659569250 1351092
1659569251 1368460
1659569252 1238584
1659569253 1055946
1659569254 1438314
1659569255 1574090
1659569256 1094190
1659569257 1066618
1659569258 1431634
1659569259 1699456
1659569260 68574
1659569261 1553242
1659569262 973338
1659569263 2428750
1659569264 1560928
1659569265 1343878
1659569266 1426576
1659569267 1500240
1659569268 346750
1659569269 1706544
1659569270 2215842
1659569271 1066786
1659569272 1595844
1659569273 1551472
1659569274 1121348
1659569275 1283894
1659569276 1742838
1659569277 1239726
1659569278 125292
1659569279 1095900
1659569280 1535032
1659569281 1511264
1659569282 1207976
1659569283 1798290
1659569284 625090
1659569285 1707800
1659569286 1067738
1659569287 1210670
1659569288 1991142
1659569289 1074074
1659569290 510444
1659569291 1319814
1659569292 2221854
1659569293 1284500
1659569294 498896
1659569295 1635712
1659569296 1068290
1659569297 1605766
1659569298 1596148
1659569299 1895596
1659569300 1309052
1659569301 1672230
1659569302 923896
1659569303 1673260
1659569304 1290398
1659569305 864906
1659569306 2065754
1659569307 1156648
1659569308 1151926
1659569309 1717888
1659569310 1355028
1659569311 1174384
1659569312 1229188
1659569313 1493472
1659569314 1440716
1659569315 1331868
1659569316 1358938
1659569317 1581488
1659569318 1071390
1659569319 1374304
1659569320 1751628
1659569321 72084
1659569322 1193750
1659569323 2008116
1659569324 1067280
1659569325 1704384
1659569326 1498962
1659569327 1340842
1659569328 1459800
1659569329 1635580
1659569330 1564948
1659569331 1067632
1659569332 1556128
1659569333 1646624
1659569335 1067502
1659569336 1599222
1659569337 861686
1659569338 1808958
1659569339 1077032
1659569340 1149354
1659569341 2043466
1659569342 1067390
1659569343 1514528
1659569344 1687864
1659569345 982674
1659569346 1622114
1659569347 1176936
1659569348 643236
1659569349 1067924
1659569350 1901380
1659569351 124


# events lost
1659569139 715642
1659569140 4271780
1659569141 7132078
1659569142 7320708
1659569143 8811668
1659569144 7278328
1659569145 7406456
1659569146 8927038
1659569147 6997474
1659569148 8272162
1659569149 8193502
1659569150 8240242
1659569151 8183952
1659569152 8250590
1659569153 7635252
1659569154 7751736
1659569155 8358084
1659569156 8215634
1659569157 8133850
1659569158 7432716
1659569159 7960986
1659569160 8126322
1659569161 7923182
1659569162 8839624
1659569163 7379630
1659569164 7973150
1659569165 7591552
1659569166 8156492
1659569167 8140096
1659569168 7623114
1659569169 6667160
1659569170 7914526
1659569171 8705348
1659569172 8448162
1659569173 8257608
1659569174 7904152
1659569175 7266940
1659569176 8422776
1659569177 6855936
1659569178 7959688
1659569179 7839256
1659569180 7088368
1659569181 8360938
1659569182 8496346
1659569183 8359204
1659569184 7829016
1659569185 7696792
1659569186 8503540
1659569187 8178254
1659569188 8654466
1659569189 7376302
1659569190 7263640
1659569191 8149918
1659569192 7803082
1659569193 8655254
1659569194 7624560
1659569195 8125286
1659569196 7058604
1659569197 7885498
1659569198 8811352
1659569199 6913324
1659569200 8240472
1659569201 7964704
1659569202 8167010
1659569203 8630570
1659569204 6753046
1659569205 8165650
1659569206 8141832
1659569207 6368180
1659569208 8566456
1659569209 6602438
1659569210 8255730
1659569211 8212272
1659569212 8204758
1659569213 8465214
1659569214 7528558
1659569215 7396566
1659569216 8232662
1659569217 8162004
1659569218 7949950
1659569219 6840790
1659569220 8504716
1659569221 7756424
1659569222 8084376
1659569223 8214724
1659569224 7195382
1659569225 8034292
1659569226 7236644
1659569227 8296452
1659569228 8937702
1659569229 7614754
1659569230 11257994
1659569231 10063102
1659569232 7788426
1659569233 11526096
1659569234 9163152
1659569235 8280210
1659569236 8370286
1659569237 12045152
1659569238 8151904
1659569239 8423332
1659569240 9766314
1659569241 7631334
1659569242 9448168
1659569243 10110644
1659569244 7472370
1659569245 9293088
1659569246 8308658
1659569247 9175556
1659569248 9401770
1659569249 8421064
1659569250 9813498
1659569251 8955282
1659569252 9589226
1659569253 9325578
1659569254 9184484
1659569255 9576372
1659569256 10104478
1659569257 9436442
1659569258 9131280
1659569259 7617300
1659569260 11756508
1659569261 8526728
1659569262 9778382
1659569263 7890010
1659569264 9092220
1659569265 8723314
1659569266 9316722
1659569267 9188604
1659569268 10928804
1659569269 7809082
1659569270 8099230
1659569271 10080718
1659569272 8614946
1659569273 8963302
1659569274 9178132
1659569275 9017076
1659569276 8750086
1659569277 9824710
1659569278 11632216
1659569279 9127834
1659569280 9061174
1659569281 9668678
1659569282 8896214
1659569283 8748546
1659569284 9557598
1659569285 8812568
1659569286 10067210
1659569287 8573210
1659569288 8939836
1659569289 9558372
1659569290 10377334
1659569291 9650204
1659569292 8086592
1659569293 9110520
1659569294 10028928
1659569295 9299956
1659569296 9523360
1659569297 8398290
1659569298 9023302
1659569299 7507440
1659569300 9845478
1659569301 7876150
1659569302 10287648
1659569303 9351952
1659569304 8775794
1659569305 9906524
1659569306 8453616
1659569307 9738012
1659569308 9173106
1659569309 7455238
1659569310 9715886
1659569311 9713074
1659569312 9009430
1659569313 9499422
1659569314 9044724
1659569315 9218536
1659569316 9343856
1659569317 8981822
1659569318 9744016
1659569319 8180292
1659569320 8474848
1659569321 11925102
1659569322 8915110
1659569323 8667460
1659569324 9802066
1659569325 8059032
1659569326 9574452
1659569327 9259352
1659569328 8932464
1659569329 8428006
1659569330 9585304
1659569331 9452350
1659569332 8938678
1659569333 9188628
1659569334 10384326
1659569335 10236816
1659569336 8545306
1659569337 10072790
1659569338 8864644
1659569339 8494448
1659569340 9020646
1659569341 8759484
1659569342 9873704
1659569343 8221532
1659569344 8361244
1659569345 9300930
1659569346 8859688
1659569347 10020086
1659569348 11115606
1659569349 9014274
1659569350 7903462
1659569351 1052
